35 1 11392261320473717 72320183  5  7 39 22  6  3  9  7 120.73 34  0.03
35 1 213922737301340172317 3180 22 15  5 27  6  9  6  2 120.73 27  0.03
35 1 31393 12313273333132330197  9  5 12 18 18  5  9 15 110.73 27  0.03
35 1 41393 24010332017232720190 27  4 18  7  6  9 12  7 110.63 22  0.03
35 1 51393 313101713 3 31713 90  5  4  6  5  2  2  6  5  40.21 17  0.03
35 1 61393 4 0 0 7 7 0 0 0 7 20  0  0  3  3  0  0  0  3  10.00 21  0.03
35 1 71393 5 7 313 7 3 31710 63  3  2  5  3  2  2  6  4  30.10 19  0.03
35 1 81393 6 0 7 0 317 31017 57  0  3  0  2  6  2  4  6  30.10 12  0.03
35 1 91393 713 0 7 3 0 0 310 37  5  0  3  2  0  0  2  4  20.00 11  0.03
35 1101393 8 71710 0 7101017 77  3  6  4  0  3  4  4  6  40.10  9  0.03
35 1111393 9371713101713 313123 22  6  5  4  6  5  2  5  70.31 11  0.03
35 11213931017 3 0 310 71333 87  6  2  0  2  4  3  5 18  50.21 24  0.03
35 113139311302020 310 71310113 15  7  7  2  4  3  5  4  60.31 24  0.03
35 114139312 010 7 7 3 0 027 53  0  4  3  3  2  0  0 12  30.10 28  0.03
35 115139313271720202327 713153 12  6  7  7  9 12  3  5  80.42 16  0.03
35 116139314 3 3 0 3 7 71330 67  2  2  0  2  3  3  5 15  40.10 16  0.03
35 1171393155333434743331037300 56 18 32 39 32 18  4 22 281.26 14  0.03
35 1181393164030201730303330230 27 15  7  6 15 15 18 15 150.84 13  0.03
35 11913931727 7202013131710127 12  3  7  7  5  5  6  4  60.31 10  0.03
35 120139318302030 3 0 01017110 15  7 15  2  0  0  4  6  60.31  9  0.03
35 1211393191313272010 33037153  5  5 12  7  4  2 15 22  90.52  7  0.03
35 12213932037302317 7231027173 22 15  9  6  3  9  4 12 100.63 14  0.03
35 1231393214037273033233337260 27 22 12 15 18  9 18 22 181.05 16  0.03
35 1241393222323233320333737230  9  9  9 18  7 18 22 22 140.84 31  0.03
35 1251393233720172013102023160 22  7  6  7  5  4  7  9  80.52 32  0.03
35 126139324402017131327 317150 27  7  6  5  5 12  2  6  90.52 31  0.03
35 127139325 3 7 0 733234743163  2  3  0  3 18  9 39 32 130.84 26  0.03
35 1281393265340372727 71020220 56 27 22 12 12  3  4  7 181.05 26  0.03
35 12913932730 013 0 0 0 0 3 47 15  0  5  0  0  0  0  2  30.00 11  0.03
35 1301394 1 0 0272333 31317117  0  0 12  9 18  2  5  6  60.31  9  0.03
35 1311394 22720474017 0 7 3160 12  7 39 27  6  0  3  2 120.73 11  0.03
35 2 11394 31320203017373037203  5  7  7 15  6 22 15 22 120.73 10  0.03
35 2 21394 43753403033334023290 22 56 27 15 18 18 27  9 241.26 10  0.03
35 2 31394 5 3 3304047172017177  2  2 15 27 39  6  7  6 130.73  9  0.03
35 2 41394 620101317 7 713 3 90  7  4  5  6  3  3  5  2  40.21  9  0.03
35 2 51394 71310 710 3 7 023 73  5  4  3  4  2  3  0  9  40.10 10  0.03
35 2 61394 8171713 7 3 3 0 7 67  6  6  5  3  2  2  0  3  30.10 29  0.03
35 2 71394 9 7 710 720171730113  3  3  4  3  7  6  6 15  60.31 48  0.03
35 2 81394103320131320272017163 18  7  5  5  7 12  7  6  80.52 30  0.03
35 2 91394112017201313 71310113  7  6  7  5  5  3  5  4  50.21 24  0.03
35 21013941220 717171330 3 7113  7  3  6  6  5 15  2  3  60.31 28  0.03
35 211139413 020 7 0 0 0 3 7 37  0  7  3  0  0  0  2  3  20.00 22  0.03
35 2121394142713171310 7 3 7 97 12  5  6  5  4  3  2  3  50.21 26  0.03
35 2131394152330333737404760307  9 15 18 22 22 27 39 80 291.36 18  0.03
35 2141394165047404340302723300 48 39 27 32 27 15 12  9 261.26 27  0.03
35 2151394173333231713302723200 18 18  9  6  5 15 12  9 120.73 22  0.03
35 21613941813 3232323333317170  5  2  9  9  9 18 18  6 100.52 20  0.03
35 21713941933302010 3 72020143 18 15  7  4  2  3  7  7  80.42 10  0.03
35 21813942037232020 3103330177 22  9  7  7  2  4 18 15 100.63  7  0.03
35 2191394211323 3 7 3 717 3 77  5  9  2  3  2  3  6  2  40.10 19  0.03
35 220139422 723172017202323150  3  9  6  7  6  7  9  9  70.42 28  0.03
35 2211394234027274327333030257 27 12 12 32 12 18 15 15 181.05 21  0.03
35 22213942433301320 7 313 3123 18 15  5  7  3  2  5  2  70.42 29  0.03
35 2231394251727201317132333163  6 12  7  5  6  5  9 18  80.52 17  0.03
35 22413942623 0103033272730180  9  0  4 15 18 12 12 15 110.63 17  0.03
35 225139427372330333013 7 7180 22  9 15 18 15  5  3  3 110.63 25  0.03
35 2261395 12343232337402023233  9 32  9  9 22 27  7  9 160.94 18  0.03
35 2271395 210 3 71010 3 0 0 43  4  2  3  4  4  2  0  0  20.00 20  0.03
35 2281395 3 0 3 3 31010 3 3 37  0  2  2  2  4  4  2  2  20.00 20  0.03
35 3 11395 4 0 7304043233310187  0  3 15 27 32  9 18  4 140.84 19  0.03
35 3 21395 51313333037301010177  5  5 18 15 22 15  4  4 110.63 16  0.03
35 3 31395 6302017 717273723177 15  7  6  3  6 12 22  9 100.63 19  0.03
35 3 41395 73310131017 7 0 3 93 18  4  5  4  6  3  0  2  50.21 12  0.03
35 3 51395 8 010 7 3 7101333 83  0  4  3  2  3  4  5 18  50.21 18  0.03
35 3 61395 9201010 7 0 71710 80  7  4  4  3  0  3  6  4  40.10 15  0.03
35 3 713951010 7 3 7 7101027 80  4  3  2  3  3  4  4 12  40.21  8  0.03
35 3 813951120201310 7 71323113  7  7  5  4  3  3  5  9  50.21  8  0.03
35 3 91395122320 3 72017 310103  9  7  2  3  7  6  2  4  50.21 17  0.03
35 3101395131013 71317 71310 90  4  5  3  5  6  3  5  4  40.21 27  0.03
35 31113951417201320272320 3143  6  7  5  7 12  9  7  2  70.31 34  0.03
35 312139515101013 0 0 3 723 67  4  4  5  0  0  2  3  9  30.10 44  0.03
35 31313951637402337374350 7273 22 27  9 22 22 32 48  3 231.15 56  0.03
35 3141395172727535053604743360 12 12 56 48 56 80 39 32 421.57 72  0.03
35 3151395184747473747433330330 39 39 39 22 39 32 18 15 301.36 68  0.03
35 3161395193727272330373337250 22 12 12  9 15 22 18 22 160.94 50  0.03
35 3171395202333272027172037203  9 18 12  7 12  6  7 22 120.73 43  0.03
35 3181395213710 7 713232323143 22  4  3  3  5  9  9  9  80.42 33  0.03
35 31913952233131317 3 72717130 18  5  5  6  2  3 12  6  70.42 40  0.03
35 320139523272010 727272723167 12  7  4  3 12 12 12  9  90.52 34  0.03
35 3211395242027302030403333233  7 12 15  7 15 27 18 18 150.84 24  0.03
35 322139525432020 3 0 0 310100 32  7  7  2  0  0  2  4  70.31 17  0.03
35 3231395262317 0 3 7101027 97  9  6  0  2  3  4  4 12  50.21 12  0.03
35 3241395274343131720203323213 32 32  5  6  7  7 18  9 140.84  8  0.03
35 3251396 1202323172313 313137  7  9  9  6  9  5  2  5  60.31  7  0.03
35 3261396 217201010 7101313100  6  7  4  4  3  4  5  5  50.21  8  0.03
35 3271396 3203010 7 7 710 7 97  7 15  4  3  3  3  4  3  50.21  7  0.03
35 3281396 4 7 0 013 7 3 010 40  3  0  0  5  3  2  0  4  20.00  0  0.03
35 3291396 513 3 7 0 0 0 010 33  5  2  3  0  0  0  0  4  20.00  0  0.03
35 3301396 6 0 3 31047403330167  0  2  2  4 39 27 18 15 130.84  0  0.03
35 3311396 7102720271720 7 0127  4 12  7 12  6  7  3  0  60.31  0  0.03
35 4 11396 8 0 0 0 3 0 010 0 13  0  0  0  2  0  0  4  0  10.00  0  0.03
35 4 21396 9 0 3 3 3 0 0 3 0 13  0  2  2  2  0  0  2  0  10.00  0  0.03
35 4 3139610 0 0 3 710 7 3 0 30  0  0  2  3  4  3  2  0  20.00  0  0.03
35 4 41396111310 7 7 710 720 80  5  4  3  3  3  4  3  7  40.10  7  0.03
35 4 5139612 0 7 310 7 3 310 43  0  3  2  4  3  2  2  4  20.00  0  0.03
35 4 6139613 7 0 7 0 0 0 0 0 13  3  0  3  0  0  0  0  0  10.00  0  0.03
35 4 7139614 0 0 3 3 7 0 3 3 20  0  0  2  2  3  0  2  2  10.00  0  0.03
35 4 8139615 72320172027 717137  3  9  7  6  7 12  3  6  70.31 11  0.03
35 4 9139616375040272020 0 3197 22 48 27 12  7  7  0  2 160.94 21  0.03
35 4101396171310104043504747260  5  4  4 27 32 48 39 39 251.26 22  0.03
35 4111396185743475753534750407 67 32 39 67 56 56 39 48 501.67 16  0.03
35 4121396194043403740473047323 27 32 27 22 27 39 15 39 281.26 22  0.03
35 4131396205047303037403330297 48 39 15 15 22 27 18 15 251.26 34  0.03
35 4141396212723171717131317143 12  9  6  6  6  5  5  6  70.31 30  0.03
35 41513962227301310 713 710117 12 15  5  4  3  5  3  4  60.31 37  0.03
35 41613962310103020 7232037157  4  4 15  7  3  9  7 22  90.52 22  0.03
35 41713962430301313 7171010130 15 15  5  5  3  6  4  4  70.42 18  0.03
35 4181396251043272020132027180  4 32 12  7  7  5  7 12 110.63 20  0.03
35 41913962620 0 72020101313103  7  0  3  7  7  4  5  5  50.21 11  0.03
35 42013962727 0 313 0 3 310 60 12  0  2  5  0  2  2  4  30.10 16  0.03
35 4211397 11717 3 0 3 313 3 60  6  6  2  0  2  2  5  2  30.10 15  0.03
35 4221397 2 0 3 3 3 7 71010 43  0  2  2  2  3  3  4  4  20.00 16  0.03
35 4231397 3 7 7102020 31727110  3  3  4  7  7  2  6 12  60.21  9  0.03
35 4241397 43017 0 313101713103 15  6  0  2  5  4  6  5  50.21  7  0.03
35 4251397 5132710 3 7 7 3 3 73  5 12  4  2  3  3  2  2  40.10  7  0.03
35 4261397 6 0 317 7 3 3 010 43  0  2  6  3  2  2  0  4  20.00  0  0.03
35 4271397 717 3 3 3 7 0 0 3 37  6  2  2  2  3  0  0  2  20.00  0  0.03
35 4281397 8 7 3 0 0 3 0 0 0 13  3  2  0  0  2  0  0  0  10.00  0  0.03
35 4291397 9 0 3 3 3 0 0 0 3 13  0  2  2  2  0  0  0  2  10.00  8  0.03
35 430139710 3 01717 720 3 3 70  2  0  6  6  3  7  2  2  40.10 16  0.03
35 5 1139711 0 3 31057503763223  0  2  2  4 67 48 22 94 301.36 17  0.03
35 5 213971247401323 710 7 7153 39 27  5  9  3  4  3  3 120.73 26  0.03
35 5 3139713 713 7103010 3 3 83  3  5  3  4 15  4  2  2  50.21 46  0.03
35 5 4139714 3 3 3 7 3 7 713 47  2  2  2  3  2  3  3  5  30.00 56  0.03
35 5 513971513 0 0 0 3 3 3 3 27  5  0  0  0  2  2  2  2  20.00 56  0.03
35 5 613971610 3 0 7 3 0 0 3 27  4  2  0  3  2  0  0  2  20.00 56  0.03
35 5 713971710 3 0 3 7 3 3 3 33  4  2  0  2  3  2  2  2  20.00 56  0.03
35 5 8139718 7 7 0 3 3 0 0 0 20  3  3  0  2  2  0  0  0  10.00 62  0.03
35 5 9139719 0 0 3 3 0 7 0 3 17  0  0  2  2  0  3  0  2  10.00 54  0.03
35 510139720 3 7 7 323403733153  2  3  3  2  9 27 22 18 110.63 41  0.03
35 5111397214027173023172033207 27 12  6 15  9  6  7 18 120.73 46  0.03
35 512139722333727101710 740180 18 22 12  4  6  4  3 27 120.73 41  0.03
35 5131397232323201710101717137  9  9  7  6  4  4  6  6  60.31 41  0.03
35 51413972427171310 3 3 0 0 73 12  6  5  4  2  2  0  0  40.10 49  0.03
35 515139725 0 0 3 3 7 72727 73  0  0  2  2  3  3 12 12  40.10 32  0.03
35 516139726272740372717 717197 12 12 27 22 12  6  3  6 120.73 27  0.03
35 51713972717 3 0 0 7 3 0 3 33  6  2  0  0  3  2  0  2  20.00  8  0.03
35 5181398 1 3 7 0 310 33027 83  2  3  0  2  4  2 15 12  50.21  0  0.03
35 5191398 22710 313 710 720 97 12  4  2  5  3  4  3  7  50.21  0  0.03
35 5201398 32350472323171320217  9 48 39  9  9  6  5  7 160.94  0  0.03
35 5211398 413 7 3 313132030103  5  3  2  2  5  5  7 15  60.21  0  0.03
35 5221398 5302717 713 71310123 15 12  6  3  5  3  5  4  70.31  0  0.03
35 5231398 6 7 3 0 3 310 710 43  3  2  0  2  2  4  3  4  20.00  0  0.03
35 5241398 7 7 0 3 0 7 0 0 3 20  3  0  2  0  3  0  0  2  10.00 17  0.03
35 5251398 810 0 0 313 3 7 3 40  4  0  0  2  5  2  3  2  20.00  7  0.03
35 5261398 91013 71013 71313 87  4  5  3  4  5  3  5  5  40.10  8  0.03
35 527139810 0 3 71713101017 77  0  2  3  6  5  4  4  6  40.10  8  0.03
35 528139811 3 7 7 310 7 0 3 40  2  3  3  2  4  3  0  2  20.00  8  0.03
35 529139812 71313 7101310 3 77  3  5  5  3  4  5  4  2  40.10 17  0.03
35 530139813 713202327131327143  3  5  7  9 12  5  5 12  70.42 30  0.03
35 531139814102310 3 71010 7 80  4  9  4  2  3  4  4  3  40.10 38  0.03
35 6 11398151017 3 7 3 7 3 0 50  4  6  2  3  2  3  2  0  30.00 34  0.03
35 6 2139816 0 7 7 3 7 3 7 3 37  0  3  3  2  3  2  3  2  20.00 39  0.03
35 6 3139817 3 310 3 7 7 3 7 43  2  2  4  2  3  3  2  3  30.00 34  0.03
35 6 41398181723131720273027173  6  9  5  6  7 12 15 12  90.52 34  0.03
35 6 5139819 710171017301713120  3  4  6  4  6 15  6  5  60.31 31  0.03
35 6 61398201317131310 31323107  5  6  5  5  4  2  5  9  50.21 41  0.03
35 6 7139821 713272040534363267  3  5 12  7 27 56 32 94 301.36 25  0.03
35 6 81398225347474733303323313 56 39 39 39 18 15 18  9 291.36 46  0.03
35 6 91398232717334750404043297 12  6 18 39 48 27 27 32 261.26 59  0.03
35 6101398243027304040434730287 15 12 15 27 27 32 39 15 231.15 73  0.03
35 6111398251727 3 747474323213  6 12  2  3 39 39 32  9 181.05 74  0.03
35 61213982610 3 71010202330113  4  2  3  4  4  7  9 15  60.31 66  0.03
35 6131398272320 72313101720133  9  7  3  9  5  4  6  7  60.31 55  0.03
35 6141399 12713 713 3 3 3 7 77 12  5  3  5  2  2  2  3  40.10 41  0.03
35 6151399 2 3 0 0 3 0 3 3 7 20  2  0  0  2  0  2  2  3  10.00 49  0.03
35 6161399 3 3 3 3 7 3 31313 50  2  2  2  3  2  2  5  5  30.10 42  0.03
35 6171399 41710 7 7 7202730123  6  4  3  3  3  7 12 15  70.31 38  0.03
35 6181399 52737303047406343317 12 22 15 15 39 27 94 32 321.36 43  0.03
35 6191399 63730133733232730230 22 15  5 22 18  9 12 15 150.84 38  0.03
35 6201399 720302310 3102730153  7 15  9  4  2  4 12 15  80.52 67  0.03
35 6211399 82717 3 7202013 7113 12  6  2  3  7  7  5  3  60.31 50  0.03
35 6221399 9 313 7 7 7 3 3 3 47  2  5  3  3  3  2  2  2  30.00 35  0.03
35 623139910 713 7 710 7 310 63  3  5  3  3  4  3  2  4  30.10 29  0.03
35 624139911 710 3 7 3 7 310 50  3  4  2  3  2  3  2  4  30.10 38  0.03
35 625139912 3 3 0 3 3 31013 40  2  2  0  2  2  2  4  5  20.00 44  0.03
35 62613991313 31010 3 3 3 3 50  5  2  4  4  2  2  2  2  30.10 51  0.03
35 627139914271010 7 31010 3 80 12  4  4  3  2  4  4  2  40.21 56  0.03
35 6281399151317171323132727150  5  6  6  5  9  5 12 12  80.42 52  0.03
35 6291399163017 32010172327147 15  6  2  7  4  6  9 12  80.42 45  0.03
35 6301399172723131720172710153 12  9  5  6  7  6 12  4  80.42 42  0.03
35 7 11399181313 7101713 7 7 87  5  5  3  4  6  5  3  3  40.10 41  0.03
35 7 21399191723 71317101310110  6  9  3  5  6  4  5  4  50.21 29  0.03
35 7 313992013 0 7 7 3 3 7 7 47  5  0  3  3  2  2  3  3  30.00 29  0.03
35 7 4139921 3 3 710 7 71010 57  2  2  3  4  3  3  4  4  30.10 24  0.03
35 7 5139922 3 3 3 310 3 3 3 33  2  2  2  2  4  2  2  2  20.00 28  0.03
35 7 6139923 0 3 3 0 7 31013 40  0  2  2  0  3  2  4  5  20.00 29  0.03
35 7 7139924 0 3 3 3 7 7 740 70  0  2  2  2  3  3  3 27  50.21 22  0.03
35 7 81399252723503347201720237 12  9 48 18 39  7  6  7 181.05 50  0.03
35 7 9139926233017172320 727163  9 15  6  6  9  7  3 12  80.52 43  0.03
35 71013992713 0 7 3 3 31017 57  5  0  3  2  2  2  4  6  30.10 38  0.03
35 7111400 1 3 323332320 7 3117  2  2  9 18  9  7  3  2  60.31 43  0.03
35 7121400 2102017 7 7 71010 87  4  7  6  3  3  3  4  4  40.10 58  0.03
35 7131400 3 31013 310 71013 70  2  4  5  2  4  3  4  5  40.10 62  0.03
35 7141400 420 7201320432327173  7  3  7  5  7 32  9 12 100.63 51  0.03
35 7151400 5131320 7202010 7110  5  5  7  3  7  7  4  3  50.21 48  0.03
35 7161400 6131020 31017 710 90  5  4  7  2  4  6  3  4  40.21 49  0.03
35 7171400 7 7 3 3 3 3 3 3 3 30  3  2  2  2  2  2  2  2  20.00 47  0.03
35 7181400 813 3 3 0 7 31013 53  5  2  2  0  3  2  4  5  30.10 46  0.03
35 7191400 92733231313131320157 12 18  9  5  5  5  5  7  80.42 51  0.03
35 72014001017 3 3131010 7 7 70  6  2  2  5  4  4  3  3  40.10 60  0.03
35 721140011 71013 7 7 72010 80  3  4  5  3  3  3  7  4  40.10 36  0.03
35 7221400122023332320201337190  7  9 18  9  7  7  5 22 100.63 32  0.03
35 723140013302310172317 310133 15  9  4  6  9  6  2  4  70.31 30  0.03
35 7241400142020333330174750250  7  7 18 18 15  6 39 48 201.05 29  0.03
35 7251400154753434740373730333 39 56 32 39 27 22 22 15 321.36 23  0.03
35 7261400162717 0 7 3101710 90 12  6  0  3  2  4  6  4  50.21 19  0.03
35 727140017272313 710101023123 12  9  5  3  4  4  4  9  60.31 11  0.03
35 728140018 310101710 31317 83  2  4  4  6  4  2  5  6  40.10  8  0.03
35 7291400191323201017102313130  5  9  7  4  6  4  9  5  60.31  0  0.03
35 7301400201313 3 3 3 3 3 3 47  5  5  2  2  2  2  2  2  30.00  8  0.03
35 731140021 710 3 710101323 83  3  4  2  3  4  4  5  9  40.10  8  0.03
35 8 11400222710171720171013130 12  4  6  6  7  6  4  5  60.31 10  0.03
35 8 2140023 7 0 31323 3 3 7 60  3  0  2  5  9  2  2  3  30.10 11  0.03
35 8 3140024 7 7 0 7 3 3 3 3 33  3  3  0  3  2  2  2  2  20.00 22  0.03
35 8 4140025 0 3 3 7 7 713 7 47  0  2  2  3  3  3  5  3  30.00 24  0.03
35 8 514002613 3 310 7 72720 90  5  2  2  4  3  3 12  7  50.21 18  0.03
35 8 614002720 7131323232023143  7  3  5  5  9  9  7  9  70.31 28  0.03
35 8 71401 133101313 3 7 3 7 90 18  4  5  5  2  3  2  3  50.21 43  0.03
35 8 81401 2 7 3 7 313 7 320 63  3  2  3  2  5  3  2  7  30.10 49  0.03
35 8 91401 313101310 3 31017 80  5  4  5  4  2  2  4  6  40.10 26  0.03
35 8101401 41717 710 3 71020 90  6  6  3  4  2  3  4  7  40.21 33  0.03
35 8111401 5 3 0 710 710 7 3 47  2  0  3  4  3  4  3  2  30.00 29  0.03
35 8121401 6 3 310 7 3 3 3 3 37  2  2  4  3  2  2  2  2  20.00 38  0.03
35 8131401 7 3 3 7 717 31017 67  2  2  3  3  6  2  4  6  40.10 37  0.03
35 8141401 8 7 3 3 3 0 3 0 0 20  3  2  2  2  0  2  0  0  10.00 34  0.03
35 8151401 9 3 3 3 31713 717 67  2  2  2  2  6  5  3  6  40.10 29  0.03
35 81614011010 7102010103010107  4  3  4  7  4  4 15  4  60.31 26  0.03
35 817140111 7 3 0 3 0 3 310 30  3  2  0  2  0  2  2  4  20.00 20  0.03
35 818140112 3 0 7 3 7 3 3 3 30  2  0  3  2  3  2  2  2  20.00 29  0.03
35 819140113 310202327132027143  2  4  7  9 12  5  7 12  70.42 23  0.03
35 8201401142030301723171730183  7 15 15  6  9  6  6 15 100.63 52  0.03
35 8211401153333272717201327197 18 18 12 12  6  7  5 12 110.63 55  0.03
35 82214011630 7133023132327167 15  3  5 15  9  5  9 12  90.52 40  0.03
35 8231401173323372720101720187 18  9 22 12  7  4  6  7 110.63 34  0.03
35 82414011823 3 71017101727113  9  2  3  4  6  4  6 12  60.31 35  0.03
35 82514011937233017 7 3 7 3127 22  9 15  6  3  2  3  2  80.42 32  0.03
35 826140120 717 310 7 710 3 63  3  6  2  4  3  3  4  2  30.10 29  0.03
35 827140121 7 7 3 317275037150  3  3  2  2  6 12 48 22 120.73 13  0.03
35 8281401222317201317272710153  9  6  7  5  6 12 12  4  80.42 26  0.03
35 829140123 723 3 313 7 713 77  3  9  2  2  5  3  3  5  40.10 28  0.03
35 83014012420202713 713 313117  7  7 12  5  3  5  2  5  60.31 24  0.03
35 831140125232720101013 730140  9 12  7  4  4  5  3 15  70.42 37  0.03
35 9 1140126434010 7 7 3 3 3117 32 27  4  3  3  2  2  2  90.52 30  0.03
35 9 2140127 0 3 3 3 7 3 3 0 23  0  2  2  2  3  2  2  0  20.00 36  0.03
35 9 31402 1 317101310 3 310 70  2  6  4  5  4  2  2  4  40.10 37  0.03
35 9 41402 210 7 310 7134037127  4  3  2  4  3  5 27 22  90.52 46  0.03
35 9 51402 323301010 7 71713117  9 15  4  4  3  3  6  5  60.31 47  0.03
35 9 61402 410 710131710 710 83  4  3  4  5  6  4  3  4  40.10 46  0.03
35 9 71402 52730 7103020 713143 12 15  3  4 15  7  3  5  80.42 47  0.03
35 9 81402 6231313 7 7 3 7 0 73  9  5  5  3  3  2  3  0  40.10 47  0.03
35 9 91402 7 72013 3 3 33027107  3  7  5  2  2  2 15 12  60.31 53  0.03
35 9101402 82327133320204333213  9 12  5 18  7  7 32 18 140.84 32  0.03
35 9111402 94043473063575357390 27 32 39 15 94 67 56 67 501.67 23  0.03
35 912140210605743 3 31013 7197 80 67 32  2  2  4  5  3 241.26 22  0.03
35 9131402111017 3 7 3 7 310 60  4  6  2  3  2  3  2  4  30.10 33  0.03
35 91414021210 310 3 7 32320 80  4  2  4  2  3  2  9  7  40.10 29  0.03
35 91514021320 7271727272030173  7  3 12  6 12 12  7 15  90.52 26  0.03
35 9161402142337301730272330217  9 22 15  6 15 12  9 15 130.73 33  0.03
35 9171402155037402340373027283 48 22 27  9 27 22 15 12 231.15 34  0.03
35 918140216433747374317 730260 32 22 39 22 32  6  3 15 211.15 33  0.03
35 9191402172740372313103333217 12 27 22  9  5  4 18 18 140.84 31  0.03
35 92014021830231320 3 3 0 0 93 15  9  5  7  2  2  0  0  50.21 20  0.03
35 921140219 7 3 3 3 7 7 3 7 40  3  2  2  2  3  3  2  3  20.00 18  0.03
35 922140220 3 3 3 0 0 3 7 7 27  2  2  2  0  0  2  3  3  20.00 21  0.03
35 9231402211317373757474043290  5  6 22 22 67 39 27 32 281.26 45  0.03
35 9241402225040132720272727230 48 27  5 12  7 12 12 12 170.94 56  0.03
35 9251402234060606043433333373 27 80 80 80 32 32 18 18 461.57 59  0.03
35 9261402243047432333271013227 15 39 32  9 18 12  4  5 170.94 69  0.03
35 9271402252730332327101023183 12 15 18  9 12  4  4  9 100.63 80  0.03
35 92814022630272723272313 7177 15 12 12  9 12  9  5  3 100.52 71  0.03
35 9291402273017131717 71327140 15  6  5  6  6  3  5 12  70.42 78  0.03
35 9301403 1 727233037433047243  3 12  9 15 22 32 15 39 181.05 61  0.03
3510 11403 223374323 3 32723183  9 22 32  9  2  2 12  9 120.73 71  0.03
3510 21403 3 0 310 0 0202737 97  0  2  4  0  0  7 12 22  60.31 73  0.03
3510 31403 420 0 3 3 0 0 0 7 33  7  0  2  2  0  0  0  3  20.00 68  0.03
3510 41403 5 7 3 3 7 71020 7 63  3  2  2  3  3  4  7  3  30.10 52  0.03
3510 51403 617 7 3 3 3 0 0 0 33  6  3  2  2  2  0  0  0  20.00 61  0.03
3510 61403 7 0 0 0 0 0 0 010 10  0  0  0  0  0  0  0  4  00.00 57  0.03
3510 71403 833 7103727102323170 18  3  4 22 12  4  9  9 100.63 53  0.03
3510 81403 9 7 3 3 723201723103  3  2  2  3  9  7  6  9  50.21 40  0.03
3510 914031023 3 3171010 7 7 80  9  2  2  6  4  4  3  3  40.10 12  0.03
3510101403112020 7 317332730157  7  7  3  2  6 18 12 15  90.52  7  0.03
351011140312 317 3 733433720163  2  6  2  3 18 32 22  7 120.73 25  0.03
3510121403133710 3 7 310 0 0 70 22  4  2  3  2  4  0  0  50.21 37  0.03
3510131403141717 310 3 7 7 3 67  6  6  2  4  2  3  3  2  40.10 65  0.03
3510141403152037372723 71317180  7 22 22 12  9  3  5  6 110.63 58  0.03
3510151403164037132740333730257 27 22  5 12 27 18 22 15 181.05 69  0.03
35101614031723473023303330 7223  9 39 15  9 15 18 15  3 150.94 68  0.03
3510171403181327203033302330207  5 12  7 15 18 15  9 15 120.73 95  0.03
3510181403194733331710132317193 39 18 18  6  4  5  9  6 130.84 84  0.03
3510191403202320171717 32723147  9  7  6  6  6  2 12  9  70.42 79  0.03
3510201403212020176053504747313  7  7  6 80 56 48 39 39 351.46 64  0.03
3510211403222040474037535050337  7 27 39 27 22 56 48 48 341.46 76  0.03
3510221403234747273340203017260 39 39 12 18 27  7 15  6 201.05 67  0.03
35102314032430272013 3 310 7113 15 12  7  5  2  2  4  3  60.31 63  0.03
3510241403251013536060602713297  4  5 56 80 80 80 12  5 401.57 63  0.03
35102514032630232010 7103347180 15  9  7  4  3  4 18 39 120.73 65  0.03
3510261403273723 7 3 3 3 0 3 80 22  9  3  2  2  2  0  2  50.21 59  0.03
3510271404 12733333337403753293 12 18 18 18 22 27 22 56 241.26 40  0.03
3510281404 23723233027374020237 22  9  9 15 12 22 27  7 150.94 28  0.03
3510291404 323201323133313 3143  9  7  5  9  5 18  5  2  80.42 24  0.03
3510301404 42333372330331710207  9 18 22  9 15 18  6  4 130.73 13  0.03
3510311404 52037334040403720267  7 22 18 27 27 27 22  7 201.05 13  0.03
3511 11404 6173323271313 710143  6 18  9 12  5  5  3  4  80.42 22  0.03
3511 21404 72330232023303037217  9 15  9  7  9 15 15 22 130.73 17  0.03
3511 31404 84327231010302323190 32 12  9  4  4 15  9  9 120.73 42  0.03
3511 41404 917 7 3 7 7 0 0 3 43  6  3  2  3  3  0  0  2  20.00 46  0.03
3511 51404102713202027434747243 12  5  7  7 12 32 39 39 191.05 46  0.03
3511 61404113740432710 0 0 3160 22 27 32 12  4  0  0  2 120.73 41  0.03
3511 7140412 7 710 7 7 017 7 60  3  3  4  3  3  0  6  3  30.10 59  0.03
3511 814041317201313172013 7120  6  7  5  5  6  7  5  3  60.21 59  0.03
3511 9140414 0 0 323 7 01317 63  0  0  2  9  3  0  5  6  30.10 67  0.03
351110140415 7 3 3 3 0 3 3 0 23  3  2  2  2  0  2  2  0  20.00 61  0.03
351111140416 3 3131313172723113  2  2  5  5  5  6 12  9  60.31 68  0.03
3511121404172740404043433043307 12 27 27 27 32 32 15 32 261.26 68  0.03
3511131404184730202733372733253 39 15  7 12 18 22 12 18 181.05 97  0.03
3511141404192733472323334343273 12 18 39  9  9 18 32 32 211.15 98  0.03
351115140420202017 3 3 0 0 0 63  7  7  6  2  2  0  0  0  30.10111  0.03
351116140421 0 0 710 3102323 77  0  0  3  4  2  4  9  9  40.10104  0.03
3511171404222010 713 3 310 0 67  7  4  3  5  2  2  4  0  30.10102  0.03
351118140423 310 0 310231737103  2  4  0  2  4  9  6 22  60.31 94  0.03
3511191404243027303017231027193 15 12 15 15  6  9  4 12 110.63 91  0.03
3511201404251013232333402023187  4  5  9  9 18 27  7  9 110.63 70  0.03
351121140426 72323231720 0 0113  3  9  9  9  6  7  0  0  50.21 71  0.03
351122140427 0 0 3 7 7172020 73  0  0  2  3  3  6  7  7  40.10 52  0.03
3511231405 117101710 310 0 0 67  6  4  6  4  2  4  0  0  30.10 62  0.03
3511241405 2 0 317 3 7 31310 57  0  2  6  2  3  2  5  4  30.10 45  0.03
3511251405 313 0 7 0 0 3 0 3 27  5  0  3  0  0  2  0  2  20.00 44  0.03
3511261405 413 0 0 0 0 0 7 3 23  5  0  0  0  0  0  3  2  10.00 56  0.03
3511271405 5 3 010 310334310113  2  0  4  2  4 18 32  4  80.42 58  0.03
3511281405 6 3 71713171310 3 83  2  3  6  5  6  5  4  2  40.10 58  0.03
3511291405 7 717 717 3133737137  3  6  3  6  2  5 22 22  90.52 64  0.03
3511301405 82343433327333337273  9 32 32 18 12 18 18 22 201.05 53  0.03
3512 11405 92030433030402740260  7 15 32 15 15 27 12 27 191.05 50  0.03
3512 2140510373027304313 333217 22 15 12 15 32  5  2 18 150.94 57  0.03
3512 3140511473310 317372710183 39 18  4  2  6 22 12  4 130.84 64  0.03
3512 414051217 7 3 3 710 3 7 57  6  3  2  2  3  4  2  3  30.10 65  0.03
3512 514051310 0 0 3 0101317 53  4  0  0  2  0  4  5  6  30.00 53  0.03
3512 6140514 0 0 31010 3 710 43  0  0  2  4  4  2  3  4  20.00 67  0.03
3512 7140515 310 32023172723127  2  4  2  7  9  6 12  9  60.31 77  0.03
3512 814051627171713 3131713120 12  6  6  5  2  5  6  5  60.31 79  0.03
3512 91405171710 310 7 31733100  6  4  2  4  3  2  6 18  60.31 85  0.03
3512101405183313 710 320 7 7100 18  5  3  4  2  7  3  3  60.31 65  0.03
351211140519 310 71313 7 333 90  2  4  3  5  5  3  2 18  50.21 77  0.03
3512121405201310201013232717133  5  4  7  4  5  9 12  6  60.31 85  0.03
35121314052130303323332310 3187 15 15 18  9 18  9  4  2 110.63 63  0.03
351214140522 0 7 32737374747203  0  3  2 12 22 22 39 39 170.94 59  0.03
3512151405234347373337303017273 32 39 22 18 22 15 15  6 211.15 67  0.03
3512161405242327404037372733263  9 12 27 27 22 22 12 18 191.05 59  0.03
351217140525232717272710 323157  9 12  6 12 12  4  2  9  80.42 58  0.03
351218140526 720201713202727150  3  7  7  6  5  7 12 12  70.42 48  0.03
351219140527271310102310 717117 12  5  4  4  9  4  3  6  60.31 27  0.03
3512201406 120 3 7 717171310 93  7  2  3  3  6  6  5  4  40.21 27  0.03
3512211406 2 3 01317 3101013 70  2  0  5  6  2  4  4  5  40.10 44  0.03
3512221406 313 0 3 7 0 3 0 0 27  5  0  2  3  0  2  0  0  20.00 41  0.03
3512231406 4 0 0 0 0 0 0 0 0  0  0  0  0  0  0  0  0  0  00.00 47  0.03
3512241406 5 0 3 3 3 7 31033 63  0  2  2  2  3  2  4 18  40.10 53  0.03
3512251406 63310172323203020177 18  4  6  9  9  7 15  7  90.52 79  0.03
3512261406 73333372027332743253 18 18 22  7 12 18 12 32 170.94 62  0.03
3512271406 83743373723232733260 22 32 22 22  9  9 12 18 181.05 79  0.03
3512281406 94740375030133337287 39 27 22 48 15  5 18 22 241.26 63  0.03
3512291406104023131327232733200 27  9  5  5 12  9 12 18 120.73 61  0.03
35123014061133132023 7133020160 18  5  7  9  3  5 15  7  90.52 70  0.03
35123114061213 3101713271323120  5  2  4  6  5 12  5  9  60.31 75  0.03
