36 1 11406133013 3 7 7 710 7 83 15  5  2  3  3  3  4  3  50.21 56  0.03
36 1 214061413 3 3 3 710 710 57  5  2  2  2  3  4  3  4  30.10 70  0.03
36 1 3140615 7 3 0 3 3 713 3 40  3  2  0  2  2  3  5  2  20.00 61  0.03
36 1 414061610 0 0 0 0 310 3 27  4  0  0  0  0  2  4  2  20.00 69  0.03
36 1 5140617 7 32320 0 3 0 0 57  3  2  9  7  0  2  0  0  30.10 63  0.03
36 1 6140618 0 3 0 3 3 310 0 23  0  2  0  2  2  2  4  0  20.00 55  0.03
36 1 7140619 0 7 0 3 0 7 7 3 27  0  3  0  2  0  3  3  2  20.00 37  0.03
36 1 8140620 023302330231730177  0  9 15  9 15  9  6 15 100.52 37  0.03
36 1 91406213030272310203030200 15 15 12  9  4  7 15 15 120.73 41  0.03
36 1101406222320203037303717213  9  7  7 15 22 15 22  6 130.73 29  0.03
36 11114062317101723272017 3133  6  4  6  9 12  7  6  2  60.31 34  0.03
36 1121406243337233037233023237 18 22  9 15 22  9 15  9 150.84 38  0.03
36 1131406254027272730333323240 27 12 12 12 15 18 18  9 150.94 44  0.03
36 1141406262727232013201320163 12 12  9  7  5  7  5  7  80.42 62  0.03
36 1151406272027231710131017137  7 12  9  6  4  5  4  6  70.31 70  0.03
36 1161407 110 3 017 3 3 010 47  4  2  0  6  2  2  0  4  20.00 56  0.03
36 1171407 220271310 0 0 310 83  7 12  5  4  0  0  2  4  40.10 58  0.03
36 1181407 31343233737403727257  5 32  9 22 22 27 22 12 191.05 79  0.03
36 1191407 42320231323203013167  9  7  9  5  9  7 15  5  80.42 83  0.03
36 1201407 513 310 7 3 73030103  5  2  4  3  2  3 15 15  60.31 87  0.03
36 1211407 62023 3 313173337150  7  9  2  2  5  6 18 22  90.52 99  0.03
36 1221407 73323202327202330200 18  9  7  9 12  7  9 15 110.63 98  0.03
36 1231407 827332720 3 3 713133 12 18 12  7  2  2  3  5  80.42104  0.03
36 1241407 93720102313334350230 22  7  4  9  5 18 32 48 181.05107  0.03
36 1251407104343333737371717263 32 32 18 22 22 22  6  6 201.05 85  0.03
36 1261407114027403733372347283 27 12 27 22 18 22  9 39 221.15 72  0.03
36 1271407122330201723201333180  9 15  7  6  9  7  5 18 100.52 75  0.03
36 12814071340403713271020 7193 27 27 22  5 12  4  7  3 130.84 50  0.03
36 129140714 7 3 7 7 3233027107  3  2  3  3  2  9 15 12  60.31 49  0.03
36 1301407152327232723232023190  9 12  9 12  9  9  7  9 100.52 37  0.03
36 1311407163310171710172323150 18  4  6  6  4  6  9  9  80.42 42  0.03
36 2 11407172317 3 3 7 31010 77  9  6  2  2  3  2  4  4  40.10 45  0.03
36 2 2140718 7 3 7 7 3303330120  3  2  3  3  2 15 18 15  80.42 45  0.03
36 2 314071923303023 7 72017157  9 15 15  9  3  3  7  6  80.52 46  0.03
36 2 414072020273727201313 7163  7 12 22 12  7  5  5  3  90.52 43  0.03
36 2 5140721 71017132010 3 7 87  3  4  6  5  7  4  2  3  40.10 67  0.03
36 2 614072217 31310 710 0 3 63  6  2  5  4  3  4  0  2  30.10 56  0.03
36 2 7140723 0 317 7101013 7 67  0  2  6  3  4  4  5  3  30.10 61  0.03
36 2 814072413 01013 7101020 83  5  0  4  5  3  4  4  7  40.10 93  0.03
36 2 91407251747232733303040247  6 39  9 12 18 15 15 27 181.05 84  0.03
36 2101407263730273323373337257 22 15 12 18  9 22 18 22 170.94 73  0.03
36 2111407273033202720 7 713157 15 18  7 12  7  3  3  5  90.52 60  0.03
36 2121408 1 3 713 727 3 3 0 63  2  3  5  3 12  2  2  0  40.10 93  0.03
36 2131408 2 0 313 3 3 0 0 3 27  0  2  5  2  2  0  0  2  20.00 69  0.03
36 2141408 310 7 72720402720157  4  3  3 12  7 27 12  7  90.52 77  0.03
36 2151408 43723101327331717177 22  9  4  5 12 18  6  6 100.63 77  0.03
36 2161408 53013135053404040280 15  5  5 48 56 27 27 27 261.26 91  0.03
36 2171408 64037303337435030300 27 22 15 18 22 32 48 15 251.26 58  0.03
36 2181408 72320131017231310130  9  7  5  4  6  9  5  4  60.31 55  0.03
36 2191408 82323303330405053283  9  9 15 18 15 27 48 56 251.26 56  0.03
36 2201408 94017 7 713132327147 27  6  3  3  5  5  9 12  90.52 74  0.03
36 2211408103733332740374033280 22 18 18 12 27 22 27 18 201.05111  0.03
36 2221408114340373340332740293 32 27 22 18 27 18 12 27 231.15 97  0.03
36 2231408122323202337233740227  9  9  7  9 22  9 22 27 140.84 87  0.03
36 2241408133020 72323131323153 15  7  3  9  9  5  5  9  80.42109  0.03
36 2251408142713101027272727167 12  5  4  4 12 12 12 12  90.52 90  0.03
36 2261408152723203027334033233 12  9  7 15 12 18 27 18 150.84 97  0.03
36 2271408164033303333232017230 27 18 15 18 18  9  7  6 150.84 91  0.03
36 2281408171017 3 7 7 0 3 7 53  4  6  2  3  3  0  2  3  30.10 85  0.03
36 229140818 3 0 72313271327113  2  0  3  9  5 12  5 12  60.31 64  0.03
36 3 1140819 7172017 7 3 3 0 73  3  6  7  6  3  2  2  0  40.10 74  0.03
36 3 2140820 0 010 3 3 0 320 40  0  0  4  2  2  0  2  7  20.00 68  0.03
36 3 3140821 3 3 3 0 0 3 0 3 17  2  2  2  0  0  2  0  2  10.00 60  0.03
36 3 4140822 0 0 3 310 3 0 3 23  0  0  2  2  4  2  0  2  20.00 55  0.03
36 3 51408233010101017201010117 15  4  4  4  6  7  4  4  60.31 69  0.03
36 3 6140824 7 7102010172327120  3  3  4  7  4  6  9 12  60.31 60  0.03
36 3 7140825131010 713 3 0 3 60  5  4  4  3  5  2  0  2  30.10 83  0.03
36 3 8140826 717172727371323167  3  6  6 12 12 22  5  9  90.52 89  0.03
36 3 91408271717 71727233313153  6  6  3  6 12  9 18  5  80.42 88  0.03
36 3101409 1102017201713 7 7110  4  7  6  7  6  5  3  3  50.21 92  0.03
36 3111409 2 0 3 3 3 3 0 3 0 17  0  2  2  2  2  0  2  0  10.00 79  0.03
36 3121409 3 0 0 313 7 7 0 3 33  0  0  2  5  3  3  0  2  20.00 67  0.03
36 3131409 4 0 317 7131010 0 60  0  2  6  3  5  4  4  0  30.10 59  0.03
36 3141409 5 01320 7 310 710 70  0  5  7  3  2  4  3  4  40.10 69  0.03
36 3151409 623232713 717 720137  9  9 12  5  3  6  3  7  70.31 56  0.03
36 3161409 7132310 0 3 71010 77  5  9  4  0  2  3  4  4  40.10 61  0.03
36 3171409 82717 7 710232733150 12  6  3  3  4  9 12 18  80.52 60  0.03
36 3181409 93323232020102737193 18  9  9  7  7  4 12 22 110.63 66  0.03
36 3191409103323201313 33323163 18  9  7  5  5  2 18  9  90.52 87  0.03
36 3201409112743333033272340257 12 32 18 15 18 12  9 27 181.05112  0.03
36 3211409124343404327273733293 32 32 27 32 12 12 22 18 231.15104  0.03
36 3221409134730101723233723210 39 15  4  6  9  9 22  9 140.84 96  0.03
36 3231409141747433730374320273  6 39 32 22 15 22 32  7 221.15 82  0.03
36 3241409153343433040334747317 18 32 32 15 27 18 39 39 281.26 53  0.03
36 3251409165037233327201743250 48 22  9 18 12  7  6 32 191.05 49  0.03
36 3261409175033272013133037223 48 18 12  7  5  5 15 22 160.94 65  0.03
36 3271409182727232027273730217 12 12  9  7 12 12 22 15 130.73 78  0.03
36 3281409194330131013 71313143 32 15  5  4  5  3  5  5  90.52 98  0.03
36 3291409203037231717 7 710147 15 22  9  6  6  3  3  4  80.52 98  0.03
36 33014092113201710 3 0 010 73  5  7  6  4  2  0  0  4  40.10103  0.03
36 3311409222710272317171310143 12  4 12  9  6  6  5  4  70.42109  0.03
36 4 114092310 7132727374023183  4  3  5 12 12 22 27  9 120.73 93  0.03
36 4 2140924272013 7 7172347160 12  7  5  3  3  6  9 39 100.63100  0.03
36 4 3140925 723201320334740203  3  9  7  5  7 18 39 27 140.84 91  0.03
36 4 414092633303313 7 3 3 3127 18 15 18  5  3  2  2  2  80.42 74  0.03
36 4 5140927 010 710 7 7 3 0 43  0  4  3  4  3  3  2  0  20.00 85  0.03
36 4 61410 1 3 713101310 7 3 67  2  3  5  4  5  4  3  2  40.10 91  0.03
36 4 71410 2 7 7 717232310 0 93  3  3  3  6  9  9  4  0  50.21 86  0.03
36 4 81410 3 023402337232017183  0  9 27  9 22  9  7  6 110.63 76  0.03
36 4 91410 4 7 3171313 717 7 83  3  2  6  5  5  3  6  3  40.10 89  0.03
36 4101410 5 0 713171310 7 3 70  0  3  5  6  5  4  3  2  40.10 99  0.03
36 4111410 62310232010102720143  9  4  9  7  4  4 12  7  70.42 91  0.03
36 4121410 73023102727302740213 15  9  4 12 12 15 12 27 130.84 92  0.03
36 4131410 82733272730403323240 12 18 12 12 15 27 18  9 150.94 83  0.03
36 4141410 917102727 3103733163  6  4 12 12  2  4 22 18 100.63 86  0.03
36 415141010 723473733433730257  3  9 39 22 18 32 22 15 201.05 73  0.03
36 416141011403013 310 71710130 27 15  5  2  4  3  6  4  80.42 88  0.03
36 4171410122713201710232753190 12  5  7  6  4  9 12 56 140.84 88  0.03
36 4181410135763432030375340343 67 94 32  7 15 22 56 27 401.46 73  0.03
36 4191410143743373737473763337 22 32 22 22 22 39 22 94 341.46 83  0.03
36 4201410155043302340405053330 48 32 15  9 27 27 48 56 331.36 75  0.03
36 4211410164740434040405070370 39 27 32 27 27 27 48132 451.57 67  0.03
36 4221410176053434357474753403 80 56 32 32 67 39 39 56 501.67 49  0.03
36 4231410184047373347504340337 27 39 22 18 39 48 32 27 321.36 56  0.03
36 4241410192730301720202030193 12 15 15  6  7  7  7 15 100.63 53  0.03
36 425141020372010202713 723157 22  7  4  7 12  5  3  9  90.52 72  0.03
36 426141021101710131010 7 3 80  4  6  4  5  4  4  3  2  40.10 77  0.03
36 427141022 0 3 3 7 71323 7 63  0  2  2  3  3  5  9  3  30.10 55  0.03
36 428141023 330171317172023140  2 15  6  5  6  6  7  9  70.42 48  0.03
36 429141024 720 3 710 0 0 0 47  3  7  2  3  4  0  0  0  20.00 32  0.03
36 430141025 72330231313 720137  3  9 15  9  5  5  3  7  70.42 21  0.03
36 5 11410263727171713 7 0 0117 22 12  6  6  5  3  0  0  70.31 29  0.03
36 5 21410271720101017 7 3 7 90  6  7  4  4  6  3  2  3  40.21 44  0.03
36 5 31411 11020 7 3 3 3 310 60  4  7  3  2  2  2  2  4  30.10 47  0.03
36 5 41411 21720202047404740250  6  7  7  7 39 27 39 27 201.05 57  0.03
36 5 51411 320131310 72013 7103  7  5  5  4  3  7  5  3  50.21 47  0.03
36 5 61411 410 3 3 3 710 7 3 47  4  2  2  2  3  4  3  2  30.00 36  0.03
36 5 71411 5 0 3 7171010 3 7 57  0  2  3  6  4  4  2  3  30.10 46  0.03
36 5 81411 6 3 31017 3 3 3 0 43  2  2  4  6  2  2  2  0  20.00 46  0.03
36 5 91411 7 0 3 0 3 3 3 0 0 13  0  2  0  2  2  2  0  0  10.00 46  0.03
36 5101411 8 0 0132333405330193  0  0  5  9 18 27 56 15 160.94 40  0.03
36 5111411 93320274040271717220 18  7 12 27 27 12  6  6 140.84 54  0.03
36 5121411102333403333305347293  9 18 27 18 18 15 56 39 251.26 49  0.03
36 51314111133271313 310 720127 18 12  5  5  2  4  3  7  70.42 71  0.03
36 5141411121017202333303327193  4  6  7  9 18 15 18 12 110.63 73  0.03
36 51514111333273027 7202727197 18 12 15 12  3  7 12 12 110.73 68  0.03
36 5161411144040333743333340300 27 27 18 22 32 18 18 27 241.15 67  0.03
36 5171411153027302017102727187 15 12 15  7  6  4 12 12 100.63 64  0.03
36 5181411164723473730274747303 39  9 39 22 15 12 39 39 271.26 47  0.03
36 5191411173343403040334340303 18 32 27 15 27 18 32 27 241.26 36  0.03
36 5201411182727333333373327250 12 12 18 18 18 22 18 12 160.94 26  0.03
36 5211411191727331013202327170  6 12 18  4  5  7  9 12  90.52 45  0.03
36 522141120231710131717 717120  9  6  4  5  6  6  3  6  60.31 49  0.03
36 5231411211710 0 7 7 7 3 7 57  6  4  0  3  3  3  2  3  30.10 44  0.03
36 524141122 0 3 3 0 0 0 0 0  7  0  2  2  0  0  0  0  0  00.00 85  0.03
36 525141123 0 3 0 310102317 67  0  2  0  2  4  4  9  6  30.10 71  0.03
36 5261411242013132033232720170  7  5  5  7 18  9 12  7  90.52 78  0.03
36 527141125 7132323 7171030130  3  5  9  9  3  6  4 15  70.31 65  0.03
36 528141126271310 317271710123 12  5  4  2  6 12  6  4  60.31 68  0.03
36 52914112710 7174750302337220  4  3  6 39 48 15  9 22 181.05 68  0.03
36 5301412 1171717 713302743170  6  6  6  3  5 15 12 32 110.63 48  0.03
36 5311412 2473710 7 7 713 7133 39 22  4  3  3  3  5  3 100.63 78  0.03
36 6 11412 3 713203330404733223  3  5  7 18 15 27 39 18 160.94 77  0.03
36 6 21412 42337273733435040290  9 22 12 22 18 32 48 27 241.15 97  0.03
36 6 31412 52733271713271730190 12 18 12  6  5 12  6 15 110.63 65  0.03
36 6 41412 61710102023171017123  6  4  4  7  9  6  4  6  60.31 62  0.03
36 6 51412 7 710171310 3 7 3 70  3  4  6  5  4  2  3  2  40.10 62  0.03
36 6 61412 8 7 3 3 0 3 3 3 3 27  3  2  2  0  2  2  2  2  20.00 66  0.03
36 6 71412 9 0 3 71713132313 90  0  2  3  6  5  5  9  5  40.21 69  0.03
36 6 81412102713171320373747210 12  5  6  5  7 22 22 39 150.84 73  0.03
36 6 91412113047504753604037363 15 39 48 39 56 80 27 22 411.57 64  0.03
36 6101412122337302737373333257  9 22 15 12 22 22 18 18 170.94 40  0.03
36 6111412133320 72027201320160 18  7  3  7 12  7  5  7  80.42 35  0.03
36 6121412142323271310131723150  9  9 12  5  4  5  6  9  70.42 40  0.03
36 6131412152327171323273330193  9 12  6  5  9 12 18 15 110.63 43  0.03
36 6141412163027372313332737227 15 12 22  9  5 18 12 22 140.84 32  0.03
36 6151412174043403027333030273 27 32 27 15 12 18 15 15 201.05 19  0.03
36 6161412182733302730203323223 12 18 15 12 15  7 18  9 130.84 55  0.03
36 617141219271720 717131017127 12  6  7  3  6  5  4  6  60.31 67  0.03
36 61814122017 7 71720234050180  6  3  3  6  7  9 27 48 140.84 60  0.03
36 6191412215773675753503330420 67154111 67 56 48 18 15 671.77101  0.03
36 62014122233373720171713 7180 18 22 22  7  6  6  5  3 110.63 88  0.03
36 621141223 313131017131010 90  2  5  5  4  6  5  4  4  40.21119  0.03
36 622141224 7131013172313 7103  3  5  4  5  6  9  5  3  50.21100  0.03
36 623141225 7 3 3 7 7 3 310 43  3  2  2  3  3  2  2  4  30.00 76  0.03
36 624141226 7 7 3 320273023120  3  3  2  2  7 12 15  9  70.31 71  0.03
36 6251412272720 3 3 0 3 7 3 67 12  7  2  2  0  2  3  2  40.10 89  0.03
36 6261413 1 010101720333030150  0  4  4  6  7 18 15 15  90.52112  0.03
36 6271413 2301713 7 3 0 0 7 77 15  6  5  3  2  0  0  3  40.10103  0.03
36 6281413 323 7 7 3 3 3 3 7 57  9  3  3  2  2  2  2  3  30.10 68  0.03
36 6291413 410 3 3 3 3 713 7 50  4  2  2  2  2  3  5  3  30.10 68  0.03
36 6301413 510 3 0 010 31010 47  4  2  0  0  4  2  4  4  20.00 79  0.03
36 7 11413 6 7 7 3 7 7 71013 60  3  3  2  3  3  3  4  5  30.10 79  0.03
36 7 21413 73037434753534323330 15 22 32 39 56 56 32  9 331.36 74  0.03
36 7 31413 843132013131010 3127 32  5  7  5  5  4  4  2  80.42 44  0.03
36 7 41413 9 0 3 713 7101720 77  0  2  3  5  3  4  6  7  40.10 50  0.03
36 7 51413103033334323302323240 15 18 18 32  9 15  9  9 160.94 52  0.03
36 7 61413114020305057433047317 27  7 15 48 67 32 15 39 311.36 37  0.03
36 7 71413123733203723231713203 22 18  7 22  9  9  6  5 120.73 30  0.03
36 7 81413133027172020132723177 15 12  6  7  7  5 12  9  90.52 47  0.03
36 7 9141314 3 310 7 7132720 90  2  2  4  3  3  5 12  7  50.21 43  0.03
36 7101413152333332333475347293  9 18 18  9 18 39 56 39 261.26 47  0.03
36 7111413165040404737504327333 48 27 27 39 22 48 32 12 321.36 49  0.03
36 7121413172717171713203040180 12  6  6  6  5  7 15 27 100.63 67  0.03
36 71314131830332323203030 7197 15 18  9  9  7 15 15  3 110.73 67  0.03
36 714141319 710 7 3 71313 7 67  3  4  3  2  3  5  5  3  40.10 76  0.03
36 715141320101717 7 7 71017 90  4  6  6  3  3  3  4  6  40.21 67  0.03
36 716141321373727 710132717173 22 22 12  3  4  5 12  6 110.63 69  0.03
36 7171413223323102320233740210 18  9  4  9  7  9 22 27 130.84 67  0.03
36 7181413233730131320132020167 22 15  5  5  7  5  7  7  90.52 53  0.03
36 7191413242713131320101017123 12  5  5  5  7  4  4  6  60.31 49  0.03
36 72014132523132013202710 3130  9  5  7  5  7 12  4  2  60.31 43  0.03
36 721141326 3 310 3 3 710 7 47  2  2  4  2  2  3  4  3  30.00 28  0.03
36 722141327 3101010 3 7 313 60  2  4  4  4  2  3  2  5  30.10 27  0.03
36 7231414 1 0 3 0 3 3 3 0 0 13  0  2  0  2  2  2  0  0  10.00 30  0.03
36 7241414 2 3 310 710 3 7 3 47  2  2  4  3  4  2  3  2  30.00 36  0.03
36 7251414 31317 3172010 723110  5  6  2  6  7  4  3  9  50.21 42  0.03
36 7261414 420 31310 3 3 0 3 57  7  2  5  4  2  2  0  2  30.10 49  0.03
36 7271414 5 3 310 720201713 93  2  2  4  3  7  7  6  5  40.21 38  0.03
36 7281414 633301013131017 7133 18 15  4  5  5  4  6  3  80.42 47  0.03
36 7291414 7 0 7273757603733257  0  3 12 22 67 80 22 18 281.26 59  0.03
36 7301414 837332717 7 0 3 3127 22 18 12  6  3  0  2  2  80.42 61  0.03
36 7311414 9 0 0133313272027133  0  0  5 18  5 12  7 12  70.42 93  0.03
36 8 114141040272710 7 710 7133 27 12 12  4  3  3  4  3  80.52 66  0.03
36 8 2141411201317 7 3101023103  7  5  6  3  2  4  4  9  50.21 64  0.03
36 8 314141213 7 0 017 71727 87  5  3  0  0  6  3  6 12  40.21 74  0.03
36 8 41414132723 713 7 3 710 97 12  9  3  5  3  2  3  4  50.21 65  0.03
36 8 51414141313132023272017147  5  5  5  7  9 12  7  6  70.42 87  0.03
36 8 614141530303310101317 3147 15 15 18  4  4  5  6  2  90.52 86  0.03
36 8 7141416 0 3 0 3 0 0 710 23  0  2  0  2  0  0  3  4  10.00 89  0.03
36 8 814141710 710 310234033137  4  3  4  2  4  9 27 18  90.52 89  0.03
36 8 91414182727101713202023157 12 12  4  6  5  7  7  9  80.42107  0.03
36 81014141917233020332013 3160  6  9 15  7 18  7  5  2  90.52 89  0.03
36 811141420 3 3 710 3 3 7 3 40  2  2  3  4  2  2  3  2  20.00 83  0.03
36 812141421 3 3 0 723131023 83  2  2  0  3  9  5  4  9  40.10 70  0.03
36 813141422 717231710 3 7 7 90  3  6  9  6  4  2  3  3  40.21 88  0.03
36 814141423 7 0 0 32013 710 60  3  0  0  2  7  5  3  4  30.10103  0.03
36 81514142413132310 7 3 717 93  5  5  9  4  3  2  3  6  50.21122  0.03
36 81614142520 3 7 3 3 7 7 7 57  7  2  3  2  2  3  3  3  30.10 93  0.03
36 81714142617 7 0 3 3 3 313 50  6  3  0  2  2  2  2  5  30.00105  0.03
36 81814142710 7 0 3 3 0 0 0 23  4  3  0  2  2  0  0  0  10.00115  0.03
36 8191415 1 0 3 0 71013 3 0 37  0  2  0  3  4  5  2  0  20.00 89  0.03
36 8201415 2 3 7 01313171720 90  2  3  0  5  5  6  6  7  40.10 64  0.03
36 8211415 320 3131010 3 3 3 67  7  2  5  4  4  2  2  2  40.10 71  0.03
36 8221415 4 7 020 7 7 710 0 57  3  0  7  3  3  3  4  0  30.10 63  0.03
36 8231415 5 0 3 0 3 3 3 7 7 27  0  2  0  2  2  2  3  3  20.00 64  0.03
36 8241415 6 3 3 0 310 7 7 7 40  2  2  0  2  4  3  3  3  20.00 63  0.03
36 8251415 7 7 7 3 310172020 87  3  3  2  2  4  6  7  7  40.10 90  0.03
36 8261415 823 0 31010 3 3 3 57  9  0  2  4  4  2  2  2  30.10 75  0.03
36 8271415 910 7102727131717127  4  3  4 12 12  5  6  6  60.31 87  0.03
36 82814151017232013 7 71313113  6  9  7  5  3  3  5  5  50.21 89  0.03
36 82914151110 7 3 3 0 31030 67  4  3  2  2  0  2  4 15  40.10106  0.03
36 830141512404320 713374323227 27 32  7  3  5 22 32  9 170.94123  0.03
36 83114151323332013 7 717 3123  9 18  7  5  3  3  6  2  70.31118  0.03
36 9 114151410 3 7 3 3 31010 50  4  2  3  2  2  2  4  4  30.10110  0.03
36 9 21415152020 32020 7 3 0 93  7  7  2  7  7  3  2  0  40.21 68  0.03
36 9 3141516 0 3 310 7 7 3 7 40  0  2  2  4  3  3  2  3  20.00 77  0.03
36 9 414151717231320 3101723127  6  9  5  7  2  4  6  9  60.31 57  0.03
36 9 5141518172013 7 3101313 97  6  7  5  3  2  4  5  5  50.21 68  0.03
36 9 61415192023 3 3 0 3 0 7 60  7  9  2  2  0  2  0  3  30.10 65  0.03
36 9 7141520 0 0 3 3 3 0 0 0 10  0  0  2  2  2  0  0  0  10.00 46  0.03
36 9 8141521 3 72017131310 7 90  2  3  7  6  5  5  4  3  40.21 53  0.03
36 9 914152223 72327272313 7150  9  3  9 12 12  9  5  3  80.42 42  0.03
36 9101415231327 32720131313130  5 12  2 12  7  5  5  5  70.31 40  0.03
36 9111415241720233730372317203  6  7  9 22 15 22  9  6 120.73 49  0.03
36 9121415251330 3 3 3101320 97  5 15  2  2  2  4  5  7  50.21 70  0.03
36 913141526 3 7 3 0 0 0 0 0 13  2  3  2  0  0  0  0  0  10.00 94  0.03
36 914141527 7 7 313 7 7 3 3 50  3  3  2  5  3  3  2  2  30.10 77  0.03
36 9151416 11013 7131310 7 7 80  4  5  3  5  5  4  3  3  40.10 64  0.03
36 9161416 2 0 0 0 3 3 0 0 0  7  0  0  0  2  2  0  0  0  00.00 71  0.03
36 9171416 3 3 7 3 3 3 0 020 40  2  3  2  2  2  0  0  7  20.00 63  0.03
36 9181416 4 0 7172313131717107  0  3  6  9  5  5  6  6  50.21 66  0.03
36 9191416 5 0 7 0 3 3 3 0 7 23  0  3  0  2  2  2  0  3  20.00 58  0.03
36 9201416 6 7 3 3 3 313 3 0 37  3  2  2  2  2  5  2  0  20.00 74  0.03
36 9211416 7 0 3132017 0 320 77  0  2  5  7  6  0  2  7  40.10 80  0.03
36 9221416 813131317 3 71030107  5  5  5  6  2  3  4 15  60.31116  0.03
36 9231416 9203037272020 3 3160  7 15 22 12  7  7  2  2  90.52128  0.03
36 9241416101017171010 7 3 7 80  4  6  6  4  4  3  2  3  40.10 90  0.03
36 925141611 3 3 0 0 0 0 010 17  2  2  0  0  0  0  0  4  10.00 89  0.03
36 9261416123030433040303030263 15 15 32 15 27 15 15 15 191.05 85  0.03
36 927141613 7 01727201710 3100  3  0  6 12  7  6  4  2  50.21 95  0.03
36 928141614 3 3 32727 31323103  2  2  2 12 12  2  5  9  60.31 94  0.03
36 9291416152727202730232017190 12 12  7 12 15  9  7  6 100.63 86  0.03
36 93014161610 0 3 0 3 0 713 37  4  0  2  0  2  0  3  5  20.00106  0.03
3610 11416172720201310 71723137 12  7  7  5  4  3  6  9  70.31113  0.03
3610 2141618 7 0 3 3 310 3 7 37  3  0  2  2  2  4  2  3  20.00 98  0.03
3610 3141619 7 7 710 7 3 0 3 43  3  3  3  4  3  2  0  2  20.00103  0.03
3610 4141620 7 0 3 3 3 0 313 33  3  0  2  2  2  0  2  5  20.00112  0.03
3610 5141621 710131020173027133  3  4  5  4  7  6 15 12  70.42122  0.03
3610 61416222737272710131740197 12 22 12 12  4  5  6 27 120.73137  0.03
3610 714162320 7302327173733193  7  3 15  9 12  6 22 18 120.73138  0.03
3610 814162433432717172330 3193 18 32 12  6  6  9 15  2 120.73122  0.03
3610 9141625 720303730273723210  3  7 15 22 15 12 22  9 130.84107  0.03
36101014162643574747202020 3257 32 67 39 39  7  7  7  2 251.26 81  0.03
361011141627 3 3 3 72010 7 7 60  2  2  2  3  7  4  3  3  30.10 81  0.03
3610121417 1 3 01310 0 0 3 0 30  2  0  5  4  0  0  2  0  20.00 82  0.03
3610131417 2 010 3 7 713 0 7 47  0  4  2  3  3  5  0  3  20.00 76  0.03
3610141417 3 0 0 713232710 7 87  0  0  3  5  9 12  4  3  40.21 92  0.03
3610151417 43337231310 72027170 18 22  9  5  4  3  7 12 100.63123  0.03
3610161417 520202313 7435757240  7  7  9  5  3 32 67 67 251.26104  0.03
3610171417 65763504033132713297 67 94 48 27 18  5 12  5 341.46105  0.03
3610181417 7172033371310 0 0130  6  7 18 22  5  4  0  0  80.42 82  0.03
3610191417 8 0 3 71313172320 97  0  2  3  5  5  6  9  7  50.21 80  0.03
3610201417 94327 713202713 3153 32 12  3  5  7 12  5  2 100.52 85  0.03
36102114171020 71010 7 3 0 0 57  7  3  4  4  3  2  0  0  30.10 65  0.03
361022141711 0 0 0 0 7 3 3 3 17  0  0  0  0  3  2  2  2  10.00 55  0.03
361023141712 0 7 3 313103330100  0  3  2  2  5  4 18 15  60.31 63  0.03
3610241417132320102737534027237  9  7  4 12 22 56 27 12 191.05 52  0.03
36102514171417 717131717 0 0 87  6  3  6  5  6  6  0  0  40.10 35  0.03
361026141715 7 3 71717 3 3 0 57  3  2  3  6  6  2  2  0  30.10 40  0.03
361027141716 0 0 3 0 0 0 3 0  7  0  0  2  0  0  0  2  0  00.00 52  0.03
361028141717 3 7 713 7 7 0 0 43  2  3  3  5  3  3  0  0  20.00 77  0.03
361029141718 31013 71013 717 80  2  4  5  3  4  5  3  6  40.10 86  0.03
3610301417191017 0 7 3 3 3 0 43  4  6  0  3  2  2  2  0  20.00 95  0.03
3610311417203720435353371010263 22  7 32 56 56 22  4  4 251.26 95  0.03
3611 1141721 3 0 3 710 71010 50  2  0  2  3  4  3  4  4  30.00118  0.03
3611 2141722 0 3 7 330 71313 77  0  2  3  2 15  3  5  5  40.21137  0.03
3611 31417231740333327305330263  6 27 18 18 12 15 56 15 211.15149  0.03
3611 4141724435030131313 010173 32 48 15  5  5  5  0  4 140.84144  0.03
3611 51417254330272713 3 717167 32 15 12 12  5  2  3  6 110.63159  0.03
3611 61417261717172720201030157  6  6  6 12  7  7  4 15  80.42151  0.03
3611 71417272010202023202733173  7  4  7  7  9  7 12 18  90.52127  0.03
3611 81418 12313171010272033153  9  5  6  4  4 12  7 18  80.42140  0.03
3611 91418 2474723 7 310 0 3140 39 39  9  3  2  4  0  2 120.73127  0.03
3611101418 31320201013302017143  5  7  7  4  5 15  7  6  70.42150  0.03
3611111418 41327332733473747263  5 12 18 12 18 39 22 39 211.15148  0.03
3611121418 52337 7 3131313 0110  9 22  3  2  5  5  5  0  60.31133  0.03
3611131418 6 0 0 3 0 0 0 0 3  7  0  0  2  0  0  0  0  2  00.00139  0.03
3611141418 720 7 313 31310 3 73  7  3  2  5  2  5  4  2  40.10117  0.03
3611151418 81317372737372737230  5  6 22 12 22 22 12 22 150.94119  0.03
3611161418 92033303037302730237  7 18 15 15 22 15 12 15 150.84 95  0.03
3611171418101713231020232327157  6  5  9  4  7  9  9 12  80.42 95  0.03
3611181418113330373030332333250 18 15 22 15 15 18  9 18 160.94 61  0.03
3611191418122330232030202320190  9 15  9  7 15  7  9  7 100.52 60  0.03
361120141813172330232013 710143  6  9 15  9  7  5  3  4  70.42 40  0.03
36112114181413 3 3 723 0 713 70  5  2  2  3  9  0  3  5  40.10 29  0.03
36112214181513 710 3 3 0 0 0 37  5  3  4  2  2  0  0  0  20.00 40  0.03
361123141816 010 3 3 0 3 3 0 23  0  4  2  2  0  2  2  0  20.00 48  0.03
361124141817 0 7 010 3 7 3 0 30  0  3  0  4  2  3  2  0  20.00 44  0.03
361125141818 7 3 7 3 0 0 0 0 20  3  2  3  2  0  0  0  0  10.00 70  0.03
361126141819 3 3 7 7 72030 7 83  2  2  3  3  3  7 15  3  50.21 99  0.03
36112714182013 0 3 3 0 3 0 0 23  5  0  2  2  0  2  0  0  10.00145  0.03
361128141821 0 0 0 3 710 047 67  0  0  0  2  3  4  0 39  60.31218  0.03
3611291418225370706340273323380 56132132 94 27 12 18  9 601.77197  0.03
3611301418231313 71720231710120  5  5  3  6  7  9  6  4  60.31162  0.03
3612 11418242023231720172017157  7  9  9  6  7  6  7  6  70.42193  0.03
3612 214182513202313 0 31327113  5  7  9  5  0  2  5 12  60.31179  0.03
3612 31418261727131313202017140  6 12  5  5  5  7  7  6  70.31176  0.03
3612 41418272033202727271710180  7 18  7 12 12 12  6  4 100.52161  0.03
3612 51419 12713131713172030150 12  5  5  6  5  6  7 15  80.42158  0.03
3612 61419 22313 72017272017143  9  5  3  7  6 12  7  6  70.31146  0.03
3612 71419 320 7 3 3 72327 7 97  7  3  2  2  3  9 12  3  50.21116  0.03
3612 81419 41713 3 3 0 713 0 57  6  5  2  2  0  3  5  0  30.10134  0.03
3612 91419 5 0 0 3 313 7 3 3 33  0  0  2  2  5  3  2  2  20.00104  0.03
3612101419 6 310 3 3 3 3 0 0 27  2  4  2  2  2  2  0  0  20.00107  0.03
3612111419 7 7 31313 3 3 7 3 53  3  2  5  5  2  2  3  2  30.10 82  0.03
3612121419 8 7 7101027231313110  3  3  4  4 12  9  5  5  60.31 76  0.03
3612131419 92727 717 7132027143 12 12  3  6  3  5  7 12  80.42 74  0.03
361214141910133020172320 3 0127  5 15  7  6  9  7  2  0  60.31 71  0.03
361215141911 0 0 7 717 3 3 3 40  0  0  3  3  6  2  2  2  20.00 40  0.03
361216141912 0 0 0 0 3101310 37  0  0  0  0  2  4  5  4  20.00 43  0.03
361217141913 0 7 3 3 7 710 3 40  0  3  2  2  3  3  4  2  20.00 71  0.03
36121814191417 0 7 320 3 7 3 60  6  0  3  2  7  2  3  2  30.10 88  0.03
361219141915 0 0 3 7 3 0 0 0 13  0  0  2  3  2  0  0  0  10.00 85  0.03
361220141916 0 3 31313 31317 67  0  2  2  5  5  2  5  6  30.10 74  0.03
3612211419172017101723231320143  7  6  4  6  9  9  5  7  70.31 86  0.03
361222141918 7 0 0 0 3 7 0 7 23  3  0  0  0  2  3  0  3  10.00117  0.03
36122314191913 7 717 710 7 3 70  5  3  3  6  3  4  3  2  40.10130  0.03
36122414192010 7 0 0 0 0 0 0 17  4  3  0  0  0  0  0  0  10.00149  0.03
361225141921 0 0 0 3 3 7 7 0 20  0  0  0  2  2  3  3  0  10.00153  0.03
361226141922 0 3 7 0 3 3 3 0 20  0  2  3  0  2  2  2  0  10.00152  0.03
361227141923 030202027272737187  0 15  7  7 12 12 12 22 110.63164  0.03
3612281419245057535047471720340 48 67 56 48 39 39  6  7 391.46135  0.03
361229141925 7171723171310 7110  3  6  6  9  6  5  4  3  50.21170  0.03
361230141926 0 0 3 7 3 71713 50  0  0  2  3  2  3  6  5  30.00205  0.03
361231141927 010 310 7 7 710 53  0  4  2  4  3  3  3  4  30.10187  0.03
