50 1 11595243020231010232017153 15  7  9  4  4  9  7  6  80.42101149.60
50 1 215952530332313 3 7 7 7123 15 18  9  5  2  3  3  3  70.42100  0.03
50 1 31595261713101723 7 727120  6  5  4  6  9  3  3 12  60.31 92152.60
50 1 41595272010272020273027180  7  4 12  7  7 12 15 12 100.52 84147.50
50 1 51596 11717202320201313143  6  6  7  9  7  7  5  5  60.31 76150.90
50 1 61596 22037132027302723197  7 22  5  7 12 15 12  9 110.63 85143.20
50 1 71596 330272027302027 7187 15 12  7 12 15  7 12  3 100.63 84133.30
50 1 81596 41310 3 3 3 3 710 53  5  4  2  2  2  2  3  4  30.10 86128.60
50 1 91596 53340301720 31720180 18 27 15  6  7  2  6  7 110.63 64119.50
50 1101596 63327201710131733170 18 12  7  6  4  5  6 18 100.52 83114.00
50 1111596 72720131713201737163 12  7  5  6  5  7  6 22  90.52 75  0.03
50 1121596 82320 71010202717133  9  7  3  4  4  7 12  6  60.31 85129.40
50 1131596 93020171723272717177 15  7  6  6  9 12 12  6  90.52 83127.30
50 1141596102743333733304330277 12 32 18 22 18 15 32 15 201.05 80  0.03
50 115159611 3 3174037272720173  2  2  6 27 22 12 12  7 110.63 75  0.03
50 1161596121033372313172030183  4 18 22  9  5  6  7 15 110.63 70130.30
50 11715961317 3 31713132320110  6  2  2  6  5  5  9  7  50.21 82125.10
50 1181596141733131010 0 723113  6 18  5  4  4  0  3  9  60.31 91  0.03
50 1191596151017303327203033200  4  6 15 18 12  7 15 18 120.73110138.50
50 1201596164040433740402313277 27 27 32 22 27 27  9  5 221.15130169.80
50 1211596173333304333373323267 18 18 15 32 18 22 18  9 191.05155170.70
50 1221596183340202313201010170 18 27  7  9  5  7  4  4 100.63163  0.03
50 12315961917102717 7101720123  6  4 12  6  3  4  6  7  60.31150182.70
50 1241596202730273040676057337 12 15 12 15 27111 80 67 421.57157196.90
50 1251596214040474337332337300 27 27 39 32 22 18  9 22 241.26140182.30
50 1261596222033202030302727207  7 18  7  7 15 15 12 12 120.73130162.50
50 1271596233033132730303037230 15 18  5 12 15 15 15 22 150.84110164.70
50 1281596243727232723332010200 22 12  9 12  9 18  7  4 120.73111163.80
50 129159625232013 7 7131717117  9  7  5  3  3  5  6  6  60.21 98  0.03
50 1301596263033432710304027240 15 18 32 12  4 15 27 12 170.94118148.80
50 131159627101017 7 7131727107  4  4  6  3  3  5  6 12  50.21 82134.60
50 2 11597 11730232017132010150  6 15  9  7  6  5  7  4  70.42 60127.00
50 2 21597 21317574747433320277  5  6 67 39 39 32 18  7 271.26 38125.30
50 2 31597 31317404737304040263  5  6 27 39 22 15 27 27 211.15 33121.80
50 2 41597 42317272733434337250  9  6 12 12 18 32 32 22 181.05 36111.90
50 2 51597 5204017 710272310153  7 27  6  3  4 12  9  4  90.52 53111.50
50 2 61597 6 023272330302017170  0  9 12  9 15 15  7  6  90.52 43 99.10
50 2 71597 71340172330233040217  5 27  6  9 15  9 15 27 140.84 32102.10
50 2 81597 82033232327332730217  7 18  9  9 12 18 12 15 120.73 20102.90
50 2 91597 93723232013273330207 22  9  9  7  5 12 18 15 120.73 29105.50
50 21015971017 7 0 71010 710 67  6  3  0  3  4  4  3  4  30.10 43113.20
50 211159711 717132020 3 320103  3  6  5  7  7  2  2  7  50.21 66  0.03
50 21215971227 71313132320 7123 12  3  5  5  5  9  7  3  60.31 72  0.03
50 213159713 7101710 71317 3 83  3  4  6  4  3  5  6  2  40.10 85151.50
50 2141597141727 7 7 7132313113  6 12  3  3  3  5  9  5  60.31125161.40
50 2151597152317202717132317157  9  6  7 12  6  5  9  6  80.42144188.00
50 21615971617 7102013 7 713 93  6  3  4  7  5  3  3  5  40.21156  0.03
50 217159717 713131013 3 3 3 67  3  5  5  4  5  2  2  2  40.10154185.90
50 218159718 3 0 317 7171720 83  2  0  2  6  3  6  6  7  40.10166194.50
50 2191597191320171010101027117  5  7  6  4  4  4  4 12  60.31197  0.03
50 2201597202327172330508783340  9 12  6  9 15 48300236 791.87190206.90
50 2211597217377634753474347450154179 94 39 56 39 32 39 791.87170184.60
50 2221597224340403330404740313 32 27 27 18 15 27 39 27 261.26162176.80
50 2231597233020205760476063357 15  7  7 67 80 39 80 94 491.67137162.70
50 2241597246370533717134040333 94132 56 22  6  5 27 27 461.57113149.80
50 2251597254737373733131313230 39 22 22 22 18  5  5  5 170.94 96136.90
50 22615972610 7 7 7 3 3 7 3 47  4  3  3  3  2  2  3  2  30.00 80  0.03
50 227159727 0 3 71327 71320 90  0  2  3  5 12  3  5  7  50.21 73127.80
50 2281598 11317403727232020197  5  6 27 22 12  9  7  7 120.73 82120.50
50 3 11598 23727273320101010173 22 12 12 18  7  4  4  4 100.63 95117.10
50 3 21598 3173030271723 7 7157  6 15 15 12  6  9  3  3  90.52 75115.80
50 3 31598 42313201723271010143  9  5  7  6  9 12  4  4  70.42 90125.30
50 3 41598 5 310132027171713120  2  4  5  7 12  6  6  5  60.31128125.30
50 3 51598 6 713232720101017127  3  5  9 12  7  4  4  6  60.31134  0.03
50 3 61598 73337232320303037233 18 22  9  9  7 15 15 22 150.84148136.00
50 3 71598 84043504037231717267 27 32 48 27 22  9  6  6 221.15184157.10
50 3 81598 923 7171013131020113  9  3  6  4  5  5  4  7  50.21187153.20
50 3 9159810272720172320 7 3143 12 12  7  6  9  7  3  2  70.42163162.20
50 31015981120131323 710 3 3 93  7  5  5  9  3  4  2  2  50.21150173.00
50 311159812 3 0 3 713 71320 67  2  0  2  3  5  3  5  7  30.10156161.40
50 3121598131313 717202310 7110  5  5  3  6  7  9  4  3  50.21128  0.03
50 313159814 0 7 710132027 3 87  0  3  3  4  5  7 12  2  40.21124158.40
50 3141598151017273023274010183  4  6 12 15  9 12 27  4 110.63133159.20
50 31515981650573320271717 7227 48 67 18  7 12  6  6  3 211.15130157.10
50 31615981713333017132010 7143  5 18 15  6  5  7  4  3  80.42110148.50
50 3171598181313232717 3 723127  5  5  9 12  6  2  3  9  60.31100145.50
50 31815981917132713 3 713 7100  6  5 12  5  2  3  5  3  50.21108134.70
50 3191598202740677373735027430 12 27111154154154 48 12 841.87101  0.03
50 320159821231717 310303720157  9  6  6  2  4 15 22  7  90.52 90117.10
50 3211598222337275043504330303  9 22 12 48 32 48 32 15 271.26 80122.70
50 3221598234050403727233337287 27 48 27 22 12  9 18 22 231.15 70112.50
50 323159824231713172013 320127  9  6  5  6  7  5  2  7  60.31 76  0.03
50 3241598255347502730232020270 56 39 48 12 15  9  7  7 241.26 72116.70
50 32515982627473710 7102013170 12 39 22  4  3  4  7  5 120.73 73113.20
50 3261598272010 72720131737150  7  4  3 12  7  5  6 22  80.42 80  0.03
50 3271599 15050374733475050363 48 48 22 39 18 39 48 48 391.46 73116.70
50 3281599 2232727402710 320177  9 12 12 27 12  4  2  7 110.63 69125.30
50 3291599 31727433730272013213  6 12 32 22 15 12  7  5 140.84 97133.40
50 3301599 4232323232027 7 3150  9  9  9  9  7 12  3  2  80.42100142.50
50 3311599 5 010373343472743240  0  4 22 18 32 39 12 32 201.05 78137.70
50 4 11599 64757473347335350367 39 67 39 18 39 18 56 48 401.57 72135.50
50 4 21599 74343534030434353350 32 32 56 27 15 32 32 56 351.46 80  0.03
50 4 31599 84333304333375353327 32 18 15 32 18 22 56 56 311.36122156.60
50 4 41599 93350504337474030330 18 48 48 32 22 39 27 15 311.36133159.10
50 4 51599104350434747536757407 32 48 32 39 39 56111 67 531.67136165.20
50 4 61599114343473733304747327 32 32 39 22 18 15 39 39 301.36139166.00
50 4 71599124040303337273020257 27 27 15 18 22 12 15  7 181.05151  0.03
50 4 815991330172717232013 7153 15  6 12  6  9  7  5  3  80.42114181.10
50 4 9159914 713232733331310160  3  5  9 12 18 18  5  4  90.52120  0.03
50 4101599152740131020171720163 12 27  5  4  7  6  6  7  90.52109  0.03
50 4111599161327131313132723143  5 12  5  5  5  5 12  9  70.42 88164.30
50 4121599172740504333201323250 12 27 48 32 18  7  5  9 201.05 91171.20
50 413159918433320232313 7 7170 32 18  7  9  9  5  3  3 110.63 95160.90
50 414159919 713201317 71323113  3  5  7  5  6  3  5  9  50.21 97180.60
50 4151599201737503343231327243  6 22 48 18 32  9  5 12 191.05103  0.03
50 41615992113 7231723272737173  5  3  9  6  9 12 12 22 100.52120  0.03
50 4171599223323171723233030197 18  9  6  6  9  9 15 15 110.63120162.20
50 4181599232733302727303730240 12 18 15 12 12 15 22 15 150.94 85161.30
50 4191599243340472037434333297 18 27 39  7 22 32 32 18 241.26 90153.10
50 42015992540574017 7134340257 27 67 27  6  3  5 32 27 241.26 93131.20
50 42115992617101013 713 3 3 77  6  4  4  5  3  5  2  2  40.10 85134.60
50 422159927 3 3 7302013 710 93  2  2  3 15  7  5  3  4  50.21 70  0.03
50 4231600 12037274037302737253  7 22 12 27 22 15 12 22 170.94 96  0.03
50 4241600 24757533730432737330 39 67 56 22 15 32 12 22 331.36128170.30
50 4251600 320373323131310 7157  7 22 18  9  5  5  4  3  90.52138175.00
50 4261600 41720171310 7 3 3 90  6  7  6  5  4  3  2  2  40.21142187.90
50 4271600 5 3 3 3 710 33023 83  2  2  2  3  4  2 15  9  50.21119187.50
50 4281600 61013272327303043203  4  5 12  9 12 15 15 32 130.73160177.20
50 4291600 74020103337403327240 27  7  4 18 22 27 18 12 170.94153  0.03
50 4301600 84053433743504333343 27 56 32 22 32 48 32 18 331.36154  0.03
50 5 11600 92010131713172720137  7  4  5  6  5  6 12  7  60.31144156.10
50 5 21600102317132027374757240  9  6  5  7 12 22 39 67 211.15146161.20
50 5 31600116053434033335750370 80 56 32 27 18 18 67 48 431.57132157.40
50 5 41600123730272717404353273 22 15 12 12  6 27 32 56 231.15130157.40
50 5 51600135330304030303037280 56 15 15 27 15 15 15 22 221.15129175.40
50 5 61600142020202027272733193  7  7  7  7 12 12 12 18 100.63139  0.03
50 5 71600154310301323231023177 32  4 15  5  9  9  4  9 110.63130176.70
50 5 81600162017201013 7 717110  7  6  7  4  5  3  3  6  50.21121182.30
50 5 9160017 7 7 0 3 3 7 710 43  3  3  0  2  2  3  3  4  20.00108178.90
50 5101600181313172017101040140  5  5  6  7  6  4  4 27  80.42105166.40
50 5111600193320302737332723230 18  7 15 12 22 18 12  9 140.84101159.10
50 51216002020131310 3172017113  7  5  5  4  2  6  7  6  50.21 71153.90
50 5131600212740333027273333250 12 27 18 15 12 12 18 18 160.94 69  0.03
50 5141600223327233040273040250 18 12  9 15 27 12 15 27 170.94 60  0.03
50 5151600234033372723335337283 27 18 22 12  9 18 56 22 231.15 47136.30
50 5161600242730332320272323207 12 15 18  9  7 12  9  9 110.73 57128.60
50 51716002523 7171323171317130  9  3  6  5  9  6  5  6  60.31 61146.60
50 5181600262713 010 71013 7 87 12  5  0  4  3  4  5  3  40.21 79152.20
50 519160027 0 3 3 3 73023 7 77  0  2  2  2  3 15  9  3  40.21 86169.40
50 5201601 11710171020232733157  6  4  6  4  7  9 12 18  80.42 89  0.03
50 5211601 23327 7 313271310133 18 12  3  2  5 12  5  4  80.42 92  0.03
50 5221601 3 0 3203750403740227  0  2  7 22 48 27 22 27 191.05112158.70
50 5231601 44333404343534343343 32 18 27 32 32 56 32 32 331.36128165.10
50 5241601 53733301710132727193 22 18 15  6  4  5 12 12 120.73162  0.03
50 5251601 62710132323372327183 12  4  5  9  9 22  9 12 100.63142171.10
50 5261601 72727333727333317233 12 12 18 22 12 18 18  6 150.84134161.70
50 5271601 82327272050535070320  9 12 12  7 48 56 48132 401.57131  0.03
50 5281601 97067606037404037410132111 80 80 22 27 27 22 631.77121  0.03
50 5291601104040234047333330287 27 27  9 27 39 18 18 15 221.15109135.00
50 5301601114043272327402017237 27 32 12  9 12 27  7  6 160.94 86130.70
50 5311601122017 7 317 7 733110  7  6  3  2  6  3  3 18  60.31 72130.70
50 6 11601132330233727471737240  9 15  9 22 12 39  6 22 170.94 88121.10
50 6 216011443432317 7273047237 32 32  9  6  3 12 15 39 181.05 84127.20
50 6 31601153027173740373027243 15 12  6 22 27 22 15 12 160.94 84  0.03
50 6 4160116233020 720231010143  9 15  7  3  7  9  4  4  70.42 66128.00
50 6 51601172723272013201717163 12  9 12  7  5  7  6  6  80.42 58  0.03
50 6 61601183753434053603327347 22 56 32 27 56 80 18 12 381.46 54123.70
50 6 716011920 7 7132017 7 7 97  7  3  3  5  7  6  3  3  50.21 50121.60
50 6 8160120 7 3101317202040130  3  2  4  5  6  7  7 27  80.42 70128.00
50 6 91601214753274040303033300 39 56 12 27 27 15 15 18 261.26 65135.30
50 6101601224037334033273330273 27 22 18 27 18 12 18 15 201.05108  0.03
50 6111601233017201320171023150 15  6  7  5  7  6  4  9  70.42102  0.03
50 6121601242313272020132317157  9  5 12  7  7  5  9  6  80.42 72142.60
50 61316012510 7131010 3 7 7 67  4  3  5  4  4  2  3  3  40.10 95134.50
50 6141601261020201317131010113  4  7  7  5  6  5  4  4  50.21101139.20
50 6151601271310101310 3 3 7 70  5  4  4  5  4  2  2  3  40.10 94141.30
50 6161602 1 3 0 01017273713107  2  0  0  4  6 12 22  5  60.31 84134.90
50 6171602 22340302323303027227  9 27 15  9  9 15 15 12 140.84 83  0.03
50 6181602 32023302310171310147  7  9 15  9  4  6  5  4  70.42 78  0.03
50 6191602 41717 7 7 71317 7 90  6  6  3  3  3  5  6  3  40.21 78124.60
50 6201602 5 310 71017201713 97  2  4  3  4  6  7  6  5  50.21 66123.30
50 6211602 6 717 31010332333137  3  6  2  4  4 18  9 18  80.42 55123.70
50 6221602 71730203037232023200  6 15  7 15 22  9  7  9 110.63 86127.60
50 6231602 83327172320205753250 18 12  6  9  7  7 67 56 231.15107126.30
50 6241602 94763605047234030360 39 94 80 48 39  9 27 15 441.57108  0.03
50 6251602103323374730132737247 18  9 22 39 15  5 12 22 181.05128  0.03
50 6261602114030201723 71313163 27 15  7  6  9  3  5  5 100.52113137.50
50 6271602121010131017201717113  4  4  5  4  6  7  6  6  50.21 97130.60
50 6281602132013101710 3 710 90  7  5  4  6  4  2  3  4  40.21 74122.90
50 6291602141013171747606057280  4  5  6  6 39 80 80 67 361.46 82117.30
50 6301602156067303337403337337 80111 15 18 22 27 18 22 391.46 78120.70
50 7 11602164017202033231733203 27  6  7  7 18  9  6 18 120.73 70  0.03
50 7 2160217172717 710131317120  6 12  6  3  4  5  5  6  60.31 58  0.03
50 7 3160218 3 7 71327334350183  2  3  3  5 12 18 32 48 150.94 58111.60
50 7 41602196050331327333740293 80 48 18  5 12 18 22 27 291.36 66118.00
50 7 51602204033132733273333240 27 18  5 12 18 12 18 18 160.94 75  0.03
50 7 61602213017272723301317183 15  6 12 12  9 15  5  6 100.63 88  0.03
50 7 71602222723132320232037187 12  9  5  9  7  9  7 22 100.63 98135.60
50 7 8160223201320172717 3 3120  7  5  7  6 12  6  2  2  60.31 77  0.03
50 7 91602242037371733272313207  7 22 22  6 18 12  9  5 130.73 67  0.03
50 7101602251313172323331723163  5  5  6  9  9 18  6  9  80.52 68130.90
50 7111602263717103053375060293 22  6  4 15 56 22 48 80 321.36 78125.30
50 7121602277063375333333033353132 94 22 56 18 18 15 18 471.57 68121.50
50 7131603 14740305047273017287 39 27 15 48 39 12 15  6 251.26 67118.50
50 7141603 22017332320232733197  7  6 18  9  7  9 12 18 110.63 98124.50
50 7151603 33027271723232723197 15 12 12  6  9  9 12  9 100.63 75  0.03
50 7161603 42027234013101017160  7 12  9 27  5  4  4  6  90.52 89  0.03
50 7171603 527 7271713132013137 12  3 12  6  5  5  7  5  70.31 96126.60
50 7181603 6201013132017 710110  7  4  5  5  7  6  3  4  50.21 83149.40
50 7191603 717 7 3 72020 713 93  6  3  2  3  7  7  3  5  40.21102150.70
50 7201603 81723101713102317130  6  9  4  6  5  4  9  6  60.31130152.80
50 7211603 917 7 72330203030163  6  3  3  9 15  7 15 15  90.52108158.40
50 7221603103030233320131710177 15 15  9 18  7  5  6  4 100.63125  0.03
50 723160311101010 3 3 3 3 3 47  4  4  4  2  2  2  2  2  30.00115  0.03
50 7241603123050405320305050323 15 48 27 56  7 15 48 48 331.36108  0.03
50 7251603136063533743302720333 80 94 56 22 32 15 12  7 401.46 96141.70
50 726160314 7 7101017132020103  3  3  4  4  6  5  7  7  50.21118140.80
50 727160315 710172740171717150  3  4  6 12 27  6  6  6  90.52112138.20
50 728160316403313 710131027153 27 18  5  3  4  5  4 12 100.52110132.60
50 7291603172720132320233027183 12  7  5  9  7  9 15 12 100.52112  0.03
50 7301603182727 73333202717190 12 12  3 18 18  7 12  6 110.63106  0.03
50 7311603192733131720333333210 12 18  5  6  7 18 18 18 130.73100136.90
50 8 11603203727302737373730260 22 12 15 12 22 22 22 15 181.05 94124.30
50 8 21603213330302737275037270 18 15 15 12 22 12 48 22 201.05110135.90
50 8 31603224733334037372727280 39 18 18 27 22 22 12 12 211.15106146.20
50 8 41603232727202323232020183 12 12  7  9  9  9  7  7  90.52 84134.60
50 8 5160324101310 717172327123  4  5  4  3  6  6  9 12  60.31 90  0.03
50 8 61603253720 71320233333187 22  7  3  5  7  9 18 18 110.63 83  0.03
50 8 71603263333203733405077323 18 18  7 22 18 27 48179 421.57 76  0.03
50 8 81603277763775033272740393179 94179 48 18 12 12 27 711.87 72119.10
50 8 91604 14047474347474353367 27 39 39 32 39 39 32 56 381.46 70114.00
50 8101604 24043303350536350363 27 32 15 18 48 56 94 48 421.57 75112.30
50 8111604 34340404740403743330 32 27 27 39 27 27 22 32 291.36 70108.40
50 8121604 44350504333403027317 32 48 48 32 18 27 15 12 291.36 74  0.03
50 8131604 52033303723232727220  7 18 15 22  9  9 12 12 130.73 84  0.03
50 8141604 62733304053302740280 12 18 15 27 56 15 12 27 231.15 68117.40
50 8151604 73737372020202310203 22 22 22  7  7  7  9  4 120.73 80118.70
50 8161604 8272017 710 3 717107 12  7  6  3  4  2  3  6  50.21 93113.10
50 8171604 920 7 3 310 3 710 63  7  3  2  2  4  2  3  4  30.10106128.60
50 8181604102020131320334047207  7  7  5  5  7 18 27 39 140.84 93132.00
50 8191604115743576380837780540 67 32 67 942072361792071361.98114  0.03
50 8201604128380777740332320433236207179179 27 18  9  71081.98113  0.03
50 8211604132713534030333013240 12  5 56 27 15 18 15  5 191.05103131.60
50 82216041417132020172323 7140  6  5  7  7  6  9  9  3  60.31 95126.50
50 82316041520 7133317171327147  7  3  5 18  6  6  5 12  80.42115130.30
50 82416041610 0 72310 7 727 90  4  0  3  9  4  3  3 12  50.21103128.20
50 8251604172717 71313 7 3 7 93 12  6  3  5  5  3  2  3  50.21 92127.70
50 826160418 3 3 7 7 3 3 310 40  2  2  3  3  2  2  2  4  20.00 77  0.03
50 82716041923 7 71013171723117  9  3  3  4  5  6  6  9  60.31 76  0.03
50 8281604202723203730433743260 12  9  7 22 15 32 22 32 191.05 55105.40
50 8291604213347332743333033280 18 39 18 12 32 18 15 18 211.15 58101.50
50 8301604224337331317303313220 32 22 18  5  6 15 18  5 150.94 58 99.40
50 8311604231017301723301013150  4  6 15  6  9 15  4  5  80.42 54102.40
50 9 1160424101313131713 720107  4  5  5  5  6  5  3  7  50.21 49 96.60
50 9 2160425172010 310 72317107  6  7  4  2  4  3  9  6  50.21 59 91.80
50 9 31604262040474753576070393  7 27 39 39 56 67 80132 561.67 49 86.70
50 9 41604276040534737404750373 80 27 56 39 22 27 39 48 421.57 51 92.70
50 9 51605 16053606347505353440 80 56 80 94 39 48 56 56 641.77 31 94.00
50 9 61605 25357535750403740387 56 67 56 67 48 27 22 27 461.57 27 91.00
50 9 71605 33330404040303030273 18 15 27 27 27 15 15 15 201.05 23 92.70
50 9 81605 42343535337475750363  9 32 56 56 22 39 67 48 411.57 24 88.40
50 9 91605 55033332713173027230 48 18 18 12  5  6 15 12 170.94 38 88.00
50 9101605 65030101733434333260 48 15  4  6 18 32 32 18 221.15 31  0.03
50 9111605 74353373010133037253 32 56 22 15  4  5 15 22 211.15 28 95.30
50 9121605 8331333333310 713177 18  5 18 18 18  4  3  5 110.63 37 97.00
50 9131605 92023171713304733200  7  9  6  6  5 15 39 18 130.84 65106.90
50 91416051013131010 710 713 83  5  5  4  4  3  4  3  5  40.10 85112.00
50 915160511 3 0 7101013 3 7 53  2  0  3  4  4  5  2  3  30.10 80112.00
50 9161605122313173737533730247  9  5  6 22 22 56 22 15 201.05 83  0.03
50 9171605132033373030434043277  7 18 22 15 15 32 27 32 211.15 85  0.03
50 9181605144740474040302740310 39 27 39 27 27 15 12 27 271.26 87117.60
50 9191605154327335047203053303 32 12 18 48 39  7 15 56 281.26 80109.90
50 9201605165750404740474733360 67 48 27 39 27 39 39 18 381.46 65109.00
50 92116051737372017 7 723 7153 22 22  7  6  3  3  9  3  90.52 58108.20
50 922160518 313 3 7101717 7 77  2  5  2  3  4  6  6  3  40.10 51101.30
50 9231605191013274740435050280  4  5 12 39 27 32 48 48 271.26 44  0.03
50 9241605205330173043505363340 56 15  6 15 32 48 56 94 401.57 56  0.03
50 9251605214340473737574053353 32 27 39 22 22 67 27 56 361.46 41 95.30
50 9261605223323232020305037237 18  9  9  7  7 15 48 22 170.94 45 94.80
50 9271605233027303317172317193 15 12 15 18  6  6  9  6 110.63 49 94.00
50 928160524 713232720131720140  3  5  9 12  7  5  6  7  70.31 38 93.50
50 929160525 7 310 3 3 71010 53  3  2  4  2  2  3  4  4  30.10 49 90.50
50 93016052610131320 7304337173  4  5  5  7  3 15 32 22 120.73 32  0.03
5010 11605274753635763474050420 39 56 94 67 94 39 27 48 581.77 41  0.03
5010 21606 14060606757636360470 27 80 80111 67 94 94 80 791.87 41 96.50
5010 31606 25357504743476737400 56 67 48 39 32 39111 22 521.67 41 93.10
5010 41606 35350534747576030397 56 48 56 39 39 67 80 15 501.67 50 91.00
5010 51606 44047504340474750363 27 39 48 32 27 39 39 48 371.46 50 93.10
5010 61606 53730434717403343290 22 15 32 39  6 27 18 32 241.26 45 91.40
5010 71606 65043433743504340350 48 32 32 22 32 48 32 27 341.36 54  0.03
5010 81606 7403027232730 7 3187 27 15 12  9 12 15  3  2 120.73 78  0.03
5010 91606 83027234313131313177 15 12  9 32  5  5  5  5 110.63 84  0.03
5010101606 92313 310 7131020100  9  5  2  4  3  5  4  7  50.21 79107.70
501011160610131013 3 3272313107  5  4  5  2  2 12  9  5  60.21 68113.30
5010121606113347232313203027217 18 39  9  9  5  7 15 12 140.84 88106.90
5010131606123033271717133027193 15 18 12  6  6  5 15 12 110.63 75109.00
5010141606135047374753604347383 48 39 22 39 56 80 32 39 441.57 72  0.03
5010151606146050332017332330267 80 48 18  7  6 18  9 15 251.26106  0.03
5010161606154037505760534337377 27 22 48 67 80 56 32 22 441.57103122.80
5010171606163733473740473733310 22 18 39 22 27 39 22 18 261.26 99121.00
5010181606172330404317271717213  9 15 27 32  6 12  6  6 140.84 74112.40
50101916061817171713 7 0 717 93  6  6  6  5  3  0  3  6  40.21 50106.90
50102016061910 3132010102723117  4  2  5  7  4  4 12  9  60.31 48 94.80
50102116062010 3 310101020 7 73  4  2  2  4  4  4  7  3  40.10 27  0.03
501022160621 010 71727403333167  0  4  3  6 12 27 18 18 110.63 20  0.03
5010231606224033233323232740243 27 18  9 18  9  9 12 27 160.94 22 84.90
5010241606233323272717171017170 18  9 12 12  6  6  4  6  90.52 32 83.60
5010251606241713 01010 71333103  6  5  0  4  4  3  5 18  60.31 30 88.40
5010261606252020202010 72317137  7  7  7  7  4  3  9  6  60.31 37 88.40
50102716062610 31313 7 71313 80  4  2  5  5  3  3  5  5  40.10 51 84.90
5010281606273750607063607367480 22 48 80132 94 80154111 901.87 55  0.03
5010291607 16050575053604760437 80 48 67 48 56 80 39 80 621.77 95  0.03
5010301607 25757434047535357407 67 67 32 27 39 56 56 67 511.67107100.40
5010311607 35350475357475350410 56 48 39 56 67 39 56 48 511.67 80 94.00
5011 11607 44047505760535730393 27 39 48 67 80 56 67 15 501.67 78 93.60
5011 21607 537274333334010 7230 22 12 32 18 18 27  4  3 170.94 62 97.10
5011 31607 62733302713131717177 12 18 15 12  5  5  6  6 100.63 57100.50
5011 41607 72747635350603323357 12 39 94 56 48 80 18  9 441.57 67  0.03
5011 51607 83327273327202033220 18 12 12 18 12  7  7 18 130.73 79  0.03
5011 61607 9201020131010 7 7 97  7  4  7  5  4  4  3  3  50.21 94120.70
5011 7160710 7 3 7 3 0 3 710 40  3  2  3  2  0  2  3  4  20.00 80113.00
5011 81607113033 32017201713153 15 18  2  7  6  7  6  5  80.42 55113.00
5011 9160712102713 3 0172317110  4 12  5  2  0  6  9  6  60.21 61113.40
5011101607133340635053474023350 18 27 94 48 56 39 27  9 401.46 60113.40
5011111607143737401730332730250 22 22 27  6 15 18 12 15 170.94 46  0.03
5011121607153330533033433040293 18 15 56 15 18 32 15 27 241.26 48  0.03
5011131607163343403337333743300 18 32 27 18 22 18 22 32 241.15 42102.20
5011141607173323171723272723190 18  9  6  6  9 12 12  9 100.63 61106.90
501115160718 3 01017 7 01323 73  2  0  4  6  3  0  5  9  40.10 81110.80
5011161607192017 3 7 7172323117  7  6  2  3  3  6  9  9  60.31 62108.20
5011171607202323302327303733227  9  9 15  9 12 15 22 18 140.84 66 98.80
501118160721 7 3 32330234727163  3  2  2  9 15  9 39 12 110.73 58  0.03
50111916072227271713 3 3 3 7100 12 12  6  5  2  2  2  3  60.21 50  0.03
50112016072310101013131713 7 93  4  4  4  5  5  6  5  3  40.21 36 86.30
501121160724 3 0 3 3 3 32733 77  2  0  2  2  2  2 12 18  50.21 22 86.70
5011221607252010 71333504057230  7  4  3  5 18 48 27 67 221.15 18 88.00
5011231607264010101010102027137 27  4  4  4  4  4  7 12  80.42 16 79.90
50112416072710 7101013403740167  4  3  4  4  5 27 22 27 120.73 13 82.00
5011251608 16353475360403037383 94 56 39 56 80 27 15 22 491.67 20  0.03
5011261608 25357536753535747440 56 67 56111 56 56 67 39 641.77 32  0.03
5011271608 35057505050434740387 48 67 48 48 48 32 39 27 451.57 64 91.90
5011281608 44353404347435747373 32 56 27 32 39 32 67 39 401.57 74102.70
5011291608 54340333337304037293 32 27 18 18 22 15 27 22 231.15 69104.80
5011301608 63037302310304023223 15 22 15  9  4 15 27  9 140.84 73101.80
5012 11608 710302313131313 3120  4 15  9  5  5  5  5  2  60.31 82109.00
5012 21608 81733201720332723190  6 18  7  6  7 18 12  9 100.63 80  0.03
5012 31608 92017172317132330160  7  6  6  9  6  5  9 15  80.42 82  0.03
5012 4160810 01710 710202317103  0  6  4  3  4  7  9  6  50.21 75109.90
5012 516081120 3171723303017157  7  2  6  6  9 15 15  6  80.42 61107.30
5012 61608122323434330272020230  9  9 32 32 15 12  7  7 150.94 46115.90
5012 71608133730201320203027197 22 15  7  5  7  7 15 12 110.63 85119.80
5012 81608141313133030333030193  5  5  5 15 15 18 15 15 120.73108125.80
5012 91608153033301720131010163 15 18 15  6  7  5  4  4  90.52 94  0.03
5012101608162030272020172717177  7 15 12  7  7  6 12  6  90.52 94  0.03
50121116081713201013 7 710 3 83  5  7  4  5  3  3  4  2  40.10 96127.90
501212160818 337433020335043260  2 22 32 15  7 18 48 32 221.15115118.10
5012131608195347473737375353363 56 39 39 22 22 22 56 56 391.46 94116.80
5012141608205750172013336057307 67 48  6  7  5 18 80 67 371.46 79103.00
5012151608212327272327233727213  9 12 12  9 12  9 22 12 120.73 59 96.10
5012161608222737233327131320193 12 22  9 18 12  5  5  7 110.63 42  0.03
5012171608231317173310102017137  5  6  6 18  4  4  7  6  70.42 26 83.20
5012181608243010101723304320183 15  4  4  6  9 15 32  7 120.73 19 82.80
5012191608253327272020303717210 18 12 12  7  7 15 22  6 120.73  7 79.40
5012201608261013102710233350177  4  5  4 12  4  9 18 48 130.73  0 81.10
5012211608273320132013 313 7123 18  7  5  7  5  2  5  3  60.31  7 79.40
5012221609 1 717102740506347260  3  6  4 12 27 48 94 39 291.36  0 76.40
5012231609 25047574340372743343 48 39 67 32 27 22 12 32 351.46  0 78.90
5012241609 34037434037634740347 27 22 32 27 22 94 39 27 361.46 31 80.20
5012251609 44740434343434340343 39 27 32 32 32 32 32 27 321.36 39  0.03
5012261609 54340475037403730323 32 27 39 48 22 27 22 15 291.36 56  0.03
5012271609 63037433730273340277 15 22 32 22 15 12 18 27 201.05 58 98.30
5012281609 73027303027232317207 15 12 15 15 12  9  9  6 120.73 35 99.60
5012291609 823232327 7131720153  9  9  9 12  3  5  6  7  80.42 41 98.70
5012301609 923 0102020232727150  9  0  4  7  7  9 12 12  80.42 23  0.03
50123116091010 3171310101020 93  4  2  6  5  4  4  4  7  40.21 43  0.03
