53 1 11636133340303330303730263 18 27 15 18 15 15 22 15 181.05 16  0.03
53 1 21636142023373340434330270  7  9 22 18 27 32 32 15 201.05 15 73.10
53 1 31636152730131023272017167 12 15  5  4  9 12  7  6  90.52 20  0.03
53 1 416361627 7 7 7 7232317117 12  3  3  3  3  9  9  6  60.31 24  0.03
53 1 51636171733676057504747377  6 18111 80 67 48 39 39 511.67 24 79.20
53 1 61636182717233027472723220 12  6  9 15 12 39 12  9 140.84 35 92.30
53 1 71636192013232030232013163  7  5  9  7 15  9  7  5  80.42 34 87.70
53 1 81636203333231713 72020167 18 18  9  6  5  3  7  7  90.52 45 96.90
53 1 916362140 3131720272730177 27  2  5  6  7 12 12 15 110.63 50 95.70
53 1101636222310 7 717131327117  9  4  3  3  6  5  5 12  60.31 55  0.03
53 1111636233730171717101317157 22 15  6  6  6  4  5  6  90.52 59  0.03
53 11216362423201310272010 7130  9  7  5  4 12  7  4  3  60.31 59 99.90
53 113163625 313102733173733173  2  5  4 12 18  6 22 18 110.63 60 98.30
53 1141636262730271313171723167 12 15 12  5  5  6  6  9  90.52 62101.60
53 11516362717 3 3131310 320 83  6  2  2  5  5  4  2  7  40.10 60 85.70
53 1161637 113 3 3101320 713 83  5  2  2  4  5  7  3  5  40.10 46 89.00
53 1171637 2 7 3 71710 31327 87  3  2  3  6  4  2  5 12  50.21 37  0.03
53 1181637 31020172737333020193  4  7  6 12 22 18 15  7 110.73 30  0.03
53 1191637 42753504737273030300 12 56 48 39 22 12 15 15 271.26 25 77.70
53 1201637 54740373320132317230 39 27 22 18  7  5  9  6 170.94 17 74.70
53 1211637 62323232730171723183  9  9  9 12 15  6  6  9  90.52 14 73.80
53 1221637 72030232017 71020147  7 15  9  7  6  3  4  7  70.42 18 73.10
53 1231637 8402713 7 7 313 3113 27 12  5  3  3  2  5  2  70.42  8 72.60
53 1241637 91010273727333013187  4  4 12 22 12 18 15  5 120.73  8  0.03
53 125163710 010235750333040243  0  4  9 67 48 18 15 27 241.15  0 70.90
53 1261637115053404747435750387 48 56 27 39 39 32 67 48 441.57  0 72.10
53 1271637125033335347475023337 48 18 18 56 39 39 48  9 341.46  0 72.10
53 1281637133037403333474350313 15 22 27 18 18 39 32 48 271.26  0 72.60
53 1291637145040373340374323303 48 27 22 18 27 22 32  9 261.26  0 71.30
53 1301637153737403330373317263 22 22 27 18 15 22 18  6 191.05  0 73.80
53 1311637163740233330101713203 22 27  9 18 15  4  6  5 130.84  0  0.03
53 2 1163717101317 710 71320 97  4  5  6  3  4  3  5  7  50.21  0  0.03
53 2 21637182023201713271310143  7  9  7  6  5 12  5  4  70.31  7 76.40
53 2 31637192720132310131313133 12  7  5  9  4  5  5  5  60.31  8 77.70
53 2 41637201320 720302320 3137  5  7  3  7 15  9  7  2  70.31  8 79.50
53 2 5163721 0 0 313101720 3 67  0  0  2  5  4  6  7  2  30.10  8 78.60
53 2 6163722 0 0 710101713 3 60  0  0  3  4  4  6  5  2  30.10 10 77.80
53 2 7163723 3 3 3 7 0 0 3 7 27  2  2  2  3  0  0  2  3  20.00 14  0.03
53 2 8163724 710101717131020103  3  4  4  6  6  5  4  7  50.21  8  0.03
53 2 91637252737202323272340220 12 22  7  9  9 12  9 27 130.84 14 75.70
53 21016372620 3 31330303347180  7  2  2  5 15 15 18 39 130.73 13 77.00
53 2111637273727302717 72020183 22 12 15 12  6  3  7  7 100.63 13 77.00
53 2121638 110131317172017 3110  4  5  5  6  6  7  6  2  50.21  7 74.00
53 2131638 2 0 0 7 3 3 3 720 43  0  0  3  2  2  2  3  7  20.00  0 74.10
53 2141638 33020373013233313200 15  7 22 15  5  9 18  5 120.73  0  0.03
53 2151638 42727272027101337187 12 12 12  7 12  4  5 22 110.63  0  0.03
53 2161638 54317272723473017230 32  6 12 12  9 39 15  6 160.94  0 73.20
53 2171638 62333273013171710170  9 18 12 15  5  6  6  4  90.52  0 69.30
53 2181638 7 3 3201713171327113  2  2  7  6  5  6  5 12  60.31  0 66.40
53 2191638 82330272723272030207  9 15 12 12  9 12  7 15 110.73  0 66.10
53 2201638 930 71010132320 7120 15  3  4  4  5  9  7  3  60.31  0 65.70
53 2211638104033331710202023197 27 18 18  6  4  7  7  9 120.73  0  0.03
53 2221638113020232327434760273 15  7  9  9 12 32 39 80 251.26  0  0.03
53 2231638125340535040504740373 56 27 56 48 27 48 39 27 411.57  0 67.30
53 2241638135760603747505350413 67 80 80 22 39 48 56 48 551.67  0 62.70
53 2251638145747535043403750377 67 39 56 48 32 27 22 48 421.57  0 69.00
53 2261638154343534353505347387 32 32 56 32 56 48 56 39 441.57  0 68.60
53 2271638164023435033402750307 27  9 32 48 18 27 12 48 281.26  0 68.10
53 2281638173060331723333323253 15 80 18  6  9 18 18  9 221.15  0  0.03
53 3 11638181723374020203030217  6  9 22 27  7  7 15 15 140.84  0  0.03
53 3 21638194353575763636053450 32 56 67 67 94 94 80 56 681.77  0 72.40
53 3 31638204753434730233037310 39 56 32 39 15  9 15 22 281.26  0 71.10
53 3 41638214023 71720232010160 27  9  3  6  7  9  7  4  90.52  0  0.03
53 3 5163822 72710 720233333160  3 12  4  3  7  9 18 18  90.52 14 73.20
53 3 6163823 3 7172017171340133  2  3  6  7  6  6  5 27  80.42  0 72.40
53 3 71638245033373023103713233 48 18 22 15  9  4 22  5 181.05  7  0.03
53 3 81638252027132727435067273  7 12  5 12 12 32 48111 301.36  0  0.03
53 3 91638266740374340334747353111 27 22 32 27 18 39 39 391.46  0 68.20
53 3101638274743372730302327263 39 32 22 12 15 15  9 12 201.05  0 69.80
53 3111639 13320131310 71713127 18  7  5  5  4  3  6  5  70.31  0 67.70
53 3121639 22713 710 7 710 7 87 12  5  3  4  3  3  4  3  50.21  0 64.80
53 3131639 3 3 3 3 7 3 7 730 63  2  2  2  3  2  3  3 15  40.10  7 68.60
53 3141639 43727131323173030190 22 12  5  5  9  6 15 15 110.63 15  0.03
53 3151639 52013334340201710197  7  5 18 32 27  7  6  4 130.84  8  0.03
53 3161639 63040232020171333197 15 27  9  7  7  6  5 18 120.73  7 64.80
53 3171639 720172310 31317 3107  7  6  9  4  2  5  6  2  50.21  0 68.70
53 3181639 8 7 7 71710101710 83  3  3  3  6  4  4  6  4  40.10  8 66.50
53 3191639 94040233333303737273 27 27  9 18 18 15 22 22 201.05 10  0.03
53 32016391037 71320 7133737170 22  3  5  7  3  5 22 22 110.63  8 70.40
53 3211639115043434327336030330 48 32 32 32 12 18 80 15 341.36 10  0.03
53 3221639125343332730203743287 56 32 18 12 15  7 22 32 241.26 10  0.03
53 3231639134353474040605730370 32 56 39 27 27 80 67 15 431.57 10 65.30
53 3241639144753575343506763433 39 56 67 56 32 48111 94 631.77  9  0.03
53 3251639154750504050475340377 39 48 48 27 48 39 56 27 421.57  9 74.60
53 3261639162737333740334747300 12 22 18 22 27 18 39 39 251.26  7 68.70
53 3271639174050374333273037297 27 48 22 32 18 12 15 22 241.26 17 67.40
53 3281639184040333337403723283 27 27 18 18 22 27 22  9 211.15 25  0.03
53 3291639193730271310133033193 22 15 12  5  4  5 15 18 120.73 32  0.03
53 3301639203747201023204030227 22 39  7  4  9  7 27 15 160.94 47 78.40
53 3311639211317101327102733150  5  6  4  5 12  4 12 18  80.42 50 79.10
53 4 11639224330234027201317213 32 15  9 27 12  7  5  6 140.84 43 85.50
53 4 21639234033333013203323227 27 18 18 15  5  7 18  9 150.84 49 85.90
53 4 31639243733171010203333193 22 18  6  4  4  7 18 18 120.73 50 89.70
53 4 41639256057303040334333327 80 67 15 15 27 18 32 18 341.36 57 86.20
53 4 516392623 3202017202017140  9  2  7  7  6  7  7  6  60.31 35  0.03
53 4 61639272030232313 71317147  7 15  9  9  5  3  5  6  70.42 35 79.10
53 4 71640 1 3 3 7 310101017 63  2  2  3  2  4  4  4  6  30.10 38 78.70
53 4 81640 22323202017101330157  9  9  7  7  6  4  5 15  80.42 43 86.80
53 4 91640 33033 31713171710140 15 18  2  6  5  6  6  4  80.42 30 80.00
53 4101640 41733273737302333237  6 18 12 22 22 15  9 18 150.94 21  0.03
53 4111640 51747434333473027287  6 39 32 32 18 39 15 12 241.26 12  0.03
53 4121640 63327334033132320223 18 12 18 27 18  5  9  7 140.84  0  0.03
53 4131640 74020374043373010257 27  7 22 27 32 22 15  4 201.05  0 70.30
53 4141640 82023171323131713140  7  9  6  5  9  5  6  5  60.31  0 66.90
53 4151640 93330233323132017193 18 15  9 18  9  5  7  6 110.63  0 68.20
53 4161640104053433737534753363 27 56 32 22 22 56 39 56 391.46  0 66.00
53 4171640114017333337201313207 27  6 18 18 22  7  5  5 140.84  0 66.40
53 4181640122727373020232323210 12 12 22 15  7  9  9  9 120.73  7  0.03
53 4191640132750303047372037277 12 48 15 15 39 22  7 22 221.15  7  0.03
53 4201640144753503740373750350 39 56 48 22 27 22 22 48 361.46  0 66.40
53 4211640153737473730435040320 22 22 39 22 15 32 48 27 281.26  0 70.60
53 4221640163333303340434037290 18 18 15 18 27 32 27 22 221.15  9 75.40
53 4231640173750402737303733290 22 48 27 12 22 15 22 18 231.15 27 77.00
53 4241640182310131323303023167  9  4  5  5  9 15 15  9  90.52 33 86.70
53 4251640192717172727273037207 12  6  6 12 12 12 15 22 120.73 45  0.03
53 4261640203027372037271733227 15 12 22  7 22 12  6 18 140.84 57 89.30
53 4271640213320232023201723180 18  7  9  7  9  7  6  9  90.52 66 95.90
53 428164022232327272013 3 0137  9  9 12 12  7  5  2  0  70.42 63100.60
53 42916402313132327372313 7157  5  5  9 12 22  9  5  3  90.52 57 93.50
53 4301640242723302723373317217 12  9 15 12  9 22 18  6 130.73 49 94.70
53 5 116402510 713171723 310100  4  3  5  6  6  9  2  4  50.21 46 83.70
53 5 21640262013 31713 3 7 7 83  7  5  2  6  5  2  3  3  40.10 40  0.03
53 5 3164027 3 310 710171713 80  2  2  4  3  4  6  6  5  40.10 35  0.03
53 5 41641 113231323 310 717110  5  9  5  9  2  4  3  6  50.21 26 80.80
53 5 51641 21733273020172327193  6 18 12 15  7  6  9 12 110.63  9 76.60
53 5 61641 34733435747334050350 39 18 32 67 39 18 27 48 361.46  8 76.30
53 5 71641 44347474733231730287 32 39 39 39 18  9  6 15 251.26  8 70.70
53 5 81641 54343503337304737320 32 32 48 18 22 15 39 22 281.26  0 72.10
53 5 91641 64340404027303037287 32 27 27 27 12 15 15 22 221.15  0  0.03
53 5101641 72013232733233020190  7  5  9 12 18  9 15  7 100.63  0  0.03
53 5111641 82720233020131010153 12  7  9 15  7  5  4  4  80.42  0 66.50
53 5121641 9132017 310 71313 97  5  7  6  2  4  3  5  5  50.21  0 67.30
53 5131641101010 31310 310 3 63  4  4  2  5  4  2  4  2  30.10  0 67.80
53 51416411110 7 7 310101020 77  4  3  3  2  4  4  4  7  40.10  0 67.80
53 5151641121030272353537767340  4 15 12  9 56 56179111 551.67  0 66.90
53 5161641135760475363606773480 67 80 39 56 94 80111154 851.87  7  0.03
53 5171641146747301320302737270111 39 15  5  7 15 12 22 281.26  8 71.60
53 5181641153337373327172333240 18 22 22 18 12  6  9 18 160.94 14  0.03
53 5191641164050374337133743300 27 48 22 32 22  5 22 32 261.26 10 72.80
53 5201641173723373023233033237 22  9 22 15  9  9 15 18 150.84 10 72.80
53 5211641182327301713233023187  9 12 15  6  5  9 15  9 100.63 11 73.70
53 5221641192037202027234733227  7 22  7  7 12  9 39 18 150.94 11 73.30
53 5231641202313202317132317150  9  5  7  9  6  5  9  6  70.42 11  0.03
53 52416412110 7201023202317130  4  3  7  4  9  7  9  6  60.31 13 73.70
53 525164122 7 713131320 723103  3  3  5  5  5  7  3  9  50.21 18 75.00
53 5261641231310131313 73027127  5  4  5  5  5  3 15 12  70.31 11 69.90
53 5271641243347534327331723277 18 39 56 32 12 18  6  9 241.15 10 70.30
53 5281641252027171720232010153  7 12  6  6  7  9  7  4  70.42 18 72.40
53 529164126 71017202313 713110  3  4  6  7  9  5  3  5  50.21 24 72.80
53 5301641272313 7 710101017 97  9  5  3  3  4  4  4  6  50.21 20  0.03
53 5311642 117 3 72023233713143  6  2  3  7  9  9 22  5  80.42 19 71.60
53 6 11642 2171717 7 7101713103  6  6  6  3  3  4  6  5  50.21 15 72.30
53 6 21642 32743605750505747390 12 32 80 67 48 48 67 39 491.67 28  0.03
53 6 31642 44743603043374030330 39 32 80 15 32 22 27 15 331.36 23 75.20
53 6 41642 54347474033302320283 32 39 39 27 18 15  9  7 231.15 51 76.90
53 6 51642 61733403013235723237  6 18 27 15  5  9 67  9 201.05 35 72.30
53 6 61642 73037302723302313213 15 22 15 12  9 15  9  5 130.73 32  0.03
53 6 71642 82317332017171317157  9  6 18  7  6  6  5  6  80.42 36 73.10
53 6 81642 91717171013171010110  6  6  6  4  5  6  4  4  50.21 30 72.30
53 6 9164210 713201713101310103  3  5  7  6  5  4  5  4  50.21 28 71.50
53 6101642111330372320203323200  5 15 22  9  7  7 18  9 120.73 26 70.10
53 6111642122020232020131333163  7  7  9  7  7  5  5 18  80.42 18 72.30
53 612164213 713132323334340197  3  5  5  9  9 18 32 27 140.84  8 67.60
53 6131642143733232023203327217 22 18  9  7  9  7 18 12 130.73  7  0.03
53 6141642152320201020202720160  9  7  7  4  7  7 12  7  80.42 13 74.00
53 615164216 71313 317 72320103  3  5  5  2  6  3  9  7  50.21 24 73.20
53 616164217 3 3101717 71013 80  2  2  4  6  6  3  4  5  40.10 33 86.70
53 6171642182013231333301323170  7  5  9  5 18 15  5  9  90.52 33 75.70
53 618164219202020 7 7 31720113  7  7  7  3  3  2  6  7  50.21 20 74.00
53 619164220101017 31313 713 87  4  4  6  2  5  5  3  5  40.10 25 74.00
53 6201642211017173037304737223  4  6  6 15 22 15 39 22 160.94 26  0.03
53 6211642222030373017203030213  7 15 22 15  6  7 15 15 130.73 22 73.20
53 6221642231317232730202023173  5  6  9 12 15  7  7  9  90.52 20 72.40
53 62316422413 7 7 3 7 3 320 63  5  3  3  2  3  2  2  7  30.10 12 72.70
53 624164225202013 7 7133023133  7  7  5  3  3  5 15  9  70.31 12 71.80
53 6251642262313101010101313103  9  5  4  4  4  4  5  5  50.21 15 71.80
53 626164227 0 0 3 3 3101310 43  0  0  2  2  2  4  5  4  20.00 20 71.50
53 6271643 1 3 7 713 7131317 80  2  3  3  5  3  5  5  6  40.10 21  0.03
53 6281643 2 717 3 7 7 31323 80  3  6  2  3  3  2  5  9  40.10  7 70.20
53 6291643 31710335763574747330  6  4 18 67 94 67 39 39 421.57  8 70.60
53 6301643 45743505337373733347 67 32 48 56 22 22 22 18 361.46  7 68.90
53 7 11643 53337475747232733303 18 22 39 67 39  9 12 18 281.26  0 66.80
53 7 21643 64347473340374040327 32 39 39 18 27 22 27 27 291.36  7 67.10
53 7 31643 73323333340303027250 18  9 18 18 27 15 15 12 160.94  7 69.30
53 7 41643 83033374337303020260 15 18 22 32 22 15 15  7 181.05  0  0.03
53 7 51643 92030402723172020197  7 15 27 12  9  6  7  7 110.63  0 68.00
53 7 61643104713232310131030170 39  5  9  9  4  5  4 15 110.63  7 68.40
53 7 71643113340371733333040263 18 27 22  6 18 18 15 27 191.05  7 68.80
53 7 81643123727273017233730227 22 12 12 15  6  9 22 15 140.84  0 69.70
53 7 91643132313201720204033187  9  5  7  6  7  7 27 18 110.63  9 73.50
53 710164314272027 7 713 7 7113 12  7 12  3  3  5  3  3  60.31 18 72.60
53 7111643151330 71313 3 710 97  5 15  3  5  5  2  3  4  50.21 20 74.30
53 712164316 717 3 317174743153  3  6  2  2  6  6 39 32 120.73 16 74.30
53 7131643172023373323232027207  7  9 22 18  9  9  7 12 120.73 23 73.50
53 71416431810 7 71020404023157  4  3  3  4  7 27 27  9 100.63 24 73.50
53 7151643193037372733272710227 15 22 22 12 18 12 12  4 150.84 38 75.20
53 716164320131710 7 3 3 0 7 60  5  6  4  3  2  2  0  3  30.10 20 73.00
53 717164321 310232013 7 3 7 87  2  4  9  7  5  3  2  3  40.21 17 72.70
53 7181643222317 71320 7 313103  9  6  3  5  7  3  2  5  50.21 21 73.10
53 719164323272013 7 7 31720113 12  7  5  3  3  2  6  7  60.31 11 70.60
53 720164324272713202320 310143 12 12  5  7  9  7  2  4  70.42  8 65.50
53 72116432517132320 7 7 720113  6  5  9  7  3  3  3  7  50.21 14 69.70
53 722164326 3 31717 7201330110  2  2  6  6  3  7  5 15  60.31  0 71.00
53 7231643273343335357534753373 18 32 18 56 67 56 39 56 431.57  0 69.30
53 7241644 14317133327302723213 32  6  5 18 12 15 12  9 140.84  0 68.00
53 7251644 2 310131020303727150  2  4  5  4  7 15 22 12  90.52  0  0.03
53 7261644 34330303037234040273 32 15 15 15 22  9 27 27 201.05  0 65.50
53 7271644 44360574347504730377 32 80 67 32 39 48 39 15 441.57  0 65.90
53 7281644 53747503733333733307 22 39 48 22 18 18 22 18 261.26  0 66.40
53 7291644 64047434333404347337 27 39 32 32 18 27 32 39 311.36  0 65.90
53 7301644 74330433740333340300 32 15 32 22 27 18 18 27 241.26  0 65.90
53 7311644 84033374037232017247 27 18 22 27 22  9  7  6 170.94  0 67.50
53 8 11644 93030202030303337230 15 15  7  7 15 15 18 22 140.84  0  0.03
53 8 21644102333273013202720193  9 18 12 15  5  7 12  7 110.63  7 64.90
53 8 3164411231723 720172017143  9  6  9  3  7  6  7  6  70.31 12 67.40
53 8 41644123023201017272317167 15  9  7  4  6 12  9  6  80.52 12 70.00
53 8 516441313102020 7 72720123  5  4  7  7  3  3 12  7  60.31 11 71.10
53 8 6164414 7 7132017272020130  3  3  5  7  6 12  7  7  60.31 10 70.70
53 8 71644153723173013132023177 22  9  6 15  5  5  7  9 100.52 16 71.70
53 8 8164416232323171313 717137  9  9  9  6  5  5  3  6  60.31 12  0.03
53 8 91644173337272033234327243 18 22 12  7 18  9 32 12 160.94 29  0.03
53 8101644182323503323272343247  9  9 48 18  9 12  9 32 181.05 48 80.80
53 8111644194343332723333027260 32 32 18 12  9 18 15 12 181.05 73 89.30
53 8121644204353505343573333367 32 56 48 56 32 67 18 18 411.57 77 87.30
53 8131644214033301037375047283 27 18 15  4 22 22 48 39 241.26 73 88.90
53 8141644223337172317232317190 18 22  6  9  6  9  9  6 110.63 65 88.50
53 8151644232013201317103727157  7  5  7  5  6  4 22 12  80.52 62 88.90
53 8161644243017203720202323190 15  6  7 22  7  7  9  9 100.63 54 84.30
53 8171644251710 7 32313 7 7 87  6  4  3  2  9  5  3  3  40.21 47 82.10
53 8181644262720 7 317171017117 12  7  3  2  6  6  4  6  60.31 31 75.80
53 8191644271717 7101710 7 7 90  6  6  3  4  6  4  3  3  40.21 26 76.20
53 8201645 113 3 7 7 7 3 310 53  5  2  3  3  3  2  2  4  30.10 24 75.40
53 8211645 2 7101010 7 7 3 3 57  3  4  4  4  3  3  2  2  30.10 17 75.80
53 8221645 3 317131313 71010 87  2  6  5  5  5  3  4  4  40.10 15  0.03
53 8231645 43733335343505063363 22 18 18 56 32 48 48 94 421.57  8 69.50
53 8241645 55360433747575367417 56 80 32 22 39 67 56111 581.77  0 70.40
53 8251645 64043505347273027317 27 32 48 56 39 12 15 12 301.36  0 66.50
53 8261645 74047332033334047293 27 39 18  7 18 18 27 39 241.26  0 66.60
53 8271645 85050435047534740380 48 48 32 48 39 56 39 27 421.57  0 68.20
53 8281645 94747404737504047353 39 39 27 39 22 48 27 39 351.46  0 67.40
53 8291645103350505337435340360 18 48 48 56 22 32 56 27 381.46  0  0.03
53 8301645115350534750574040390 56 48 56 39 48 67 27 27 461.57  0  0.03
53 8311645124743273750403337313 39 32 12 22 48 27 18 22 281.26  0 68.20
53 9 11645132327373040302720233  9 12 22 15 27 15 12  7 150.84  7 69.20
53 9 21645144740402727333330277 39 27 27 12 12 18 18 15 211.15  0 68.40
53 9 31645152317272730535373303  9  6 12 12 15 56 56154 401.46  7 68.40
53 9 41645167367475037335347407154111 39 48 22 18 56 39 611.77  7 68.40
53 9 51645176043302323133330257 80 32 15  9  9  5 18 15 231.15  7  0.03
53 9 61645181013502730 72730193  4  5 48 12 15  3 12 15 140.84 14 72.20
53 9 71645191330333327331733220  5 15 18 18 12 18  6 18 140.84  9 73.50
53 9 816452030233037172017 7180 15  9 15 22  6  7  6  3 100.63 24 74.20
53 9 916452130331710 7 7 713123 15 18  6  4  3  3  3  5  70.42 23 73.40
53 91016452213 7201723201737153  5  3  7  6  9  7  6 22  80.42 28 78.10
53 9111645235727302330101713207 67 12 15  9 15  4  6  5 170.94 28 76.40
53 9121645242013203023203033190  7  5  7 15  9  7 15 18 100.63 30  0.03
53 9131645253030333013101023180 15 15 18 15  5  4  4  9 110.63 18 76.40
53 914164526 3 713 7 3 7 7 0 47  2  3  5  3  2  3  3  0  30.00 29 79.30
53 915164527 027273340375030243  0 12 12 18 27 22 48 15 191.05 41 79.70
53 9161646 12727233027373727233 12 12  9 15 12 22 22 12 140.84 42 79.30
53 9171646 24033332030203017223 27 18 18  7 15  7 15  6 140.84 38 77.60
53 9181646 323272710 7234357217  9 12 12  4  3  9 32 67 181.05 38 77.60
53 9191646 46363606360674750473 94 94 80 94 80111 39 48 801.87 34 73.90
53 9201646 55353433343434347360 56 56 32 18 32 32 32 39 371.46 21 71.30
53 9211646 64337504040433033317 32 22 48 27 27 32 15 18 281.26 25 74.70
53 9221646 75347573727133747317 56 39 67 22 12  5 22 39 331.36 16 74.20
53 9231646 84053535053505040390 27 56 56 48 56 48 48 27 461.57  9 72.50
53 9241646 94040534750273730323 27 27 56 39 48 12 22 15 311.36 15 75.10
53 9251646103020332737302717220 15  7 18 12 22 15 12  6 130.84 18 74.70
53 9261646111313232020172333163  5  5  9  7  7  6  9 18  80.42 21  0.03
53 9271646124747433330202010250 39 39 32 18 15  7  7  4 201.05  7  0.03
53 9281646132733201013132010147 12 18  7  4  5  5  7  4  80.42  8 71.80
53 929164614 713 7101717 7 3 80  3  5  3  4  6  6  3  2  40.10  7 71.30
53 930164615 013172017133027137  0  5  6  7  6  5 15 12  70.42  7 75.60
5310 11646163047231733173013210 15 39  9  6 18  6 15  5 140.84  7 71.30
5310 21646171713 71717231710120  6  5  3  6  6  9  6  4  60.31  0 69.20
5310 3164618 727172320171017137  3 12  6  9  7  6  4  6  70.31  7  0.03
5310 41646192010 31310101713 97  7  4  2  5  4  4  6  5  50.21  7 65.80
5310 5164620 7131317 3 310 7 73  3  5  5  6  2  2  4  3  40.10  7 68.30
5310 61646211710171013 71310 97  6  4  6  4  5  3  5  4  50.21 13 73.40
5310 716462220 747303313 327180  7  3 39 15 18  5  2 12 130.73 13 72.40
5310 81646231723272320171740183  6  9 12  9  7  6  6 27 100.63 14 70.40
5310 91646242033332313131320170  7 18 18  9  5  5  5  7  90.52 12 70.00
531010164625302010 717273727173 15  7  4  3  6 12 22 12 100.63 10  0.03
531011164626 710 71730332310137  3  4  3  6 15 18  9  4  80.42  9 70.80
531012164627 710 710 7 32013 77  3  4  3  4  3  2  7  5  40.10 14 71.70
5310131647 1 710 313 7171317 87  3  4  2  5  3  6  5  6  40.10 14 71.20
5310141647 2 72010 3 3 7 3 0 53  3  7  4  2  2  3  2  0  30.10 29 78.00
5310151647 3 0 0201760735753280  0  0  7  6 80154 67 56 461.57 23 76.70
5310161647 46047402327475760360 80 39 27  9 12 39 67 80 441.57 17 74.70
5310171647 54737434337534340343 39 22 32 32 22 56 32 27 331.36  9 71.80
5310181647 64347504353605353403 32 39 48 32 56 80 56 56 501.67  0 70.50
5310191647 76353576053474337413 94 56 67 80 56 39 32 22 561.67  0 71.30
5310201647 84353474047474747370 32 56 39 27 39 39 39 39 391.46  0 70.50
5310211647 93330535743271320277 18 15 56 67 32 12  5  7 261.26  7 70.50
5310221647101743473330403023263  6 32 39 18 15 27 15  9 201.05  0 72.20
5310231647113040332723272010210 15 27 18 12  9 12  7  4 130.73  0 72.60
531024164712 3 3232747231013150  2  2  9 12 39  9  4  5 100.63  7  0.03
5310251647132737202317101720170 12 22  7  9  6  4  6  7  90.52  0 69.20
53102616471413172320 3 31713110  5  6  9  7  2  2  6  5  50.21 12 71.20
5310271647153730433023273727253 22 15 32 15  9 12 22 12 170.94  9 72.10
53102816471633231013 3172020140 18  9  4  5  2  6  7  7  70.42  7 69.60
5310291647172330171320273040200  9 15  6  5  7 12 15 27 120.73  0 71.20
5310301647183017172013102010137 15  6  6  7  5  4  7  4  70.31  0 72.90
531031164719333030 71010 0 3123 18 15 15  3  4  4  0  2  80.42  7  0.03
5311 1164720 3 31020 7102317 93  2  2  4  7  3  4  9  6  50.21 12  0.03
5311 2164721 7 32013 713 710 80  3  2  7  5  3  5  3  4  40.10 11 73.00
5311 316472210 7101017202017110  4  3  4  4  6  7  7  6  50.21 10 70.90
5311 416472323131313 7 3 317 93  9  5  5  5  3  2  2  6  50.21  9 71.70
5311 516472423373330402720 0210  9 22 18 15 27 12  7  0 140.84  0 70.50
5311 616472513 727203017 7 7127  5  3 12  7 15  6  3  3  70.31  0 72.20
5311 7164726 320171710101710103  2  7  6  6  4  4  6  4  50.21  0  0.03
5311 8164727 3 317131313 720 90  2  2  6  5  5  5  3  7  40.21  0 70.90
5311 91648 1232013 7 0 0 0 7 70  9  7  5  3  0  0  0  3  30.10  0 70.50
5311101648 2 0 0 3 3 3 0 7 3 20  0  0  2  2  2  0  3  2  10.00  0 69.20
5311111648 3 0 0 3 720132320 87  0  0  2  3  7  5  9  7  40.10  0 69.20
5311121648 43313172337274043233 18  5  6  9 22 12 27 32 160.94  0 68.30
5311131648 54357474357434743380 32 67 39 32 67 32 39 32 421.57  0 69.20
5311141648 63053373353474340337 15 56 22 18 56 39 32 27 331.36  0 67.90
5311151648 72040505050535023337  7 27 48 48 48 56 48  9 361.46  0 69.60
5311161648 85057403030434337330 48 67 27 15 15 32 32 22 321.36  0 69.20
5311171648 93730273030403343270 22 15 12 15 15 27 18 32 201.05  0 70.00
5311181648103340304030272327250 18 27 15 27 15 12  9 12 170.94  0 70.90
5311191648114347373753334747343 32 39 22 22 56 18 39 39 331.36  0 70.90
5311201648124043433330374043310 27 32 32 18 15 22 27 32 261.26  7 70.50
5311211648133323273730102320203 18  9 12 22 15  4  9  7 120.73  0  0.03
53112216481417 7201020 71717113  6  3  7  4  7  3  6  6  50.21  0 74.70
5311231648151317374033375040267  5  6 22 27 18 22 48 27 221.15  0 70.90
5311241648164037372710231723213 27 22 22 12  4  9  6  9 140.84  0 71.70
5311251648172040272027203037220  7 27 12  7 12  7 15 22 140.84  0 68.70
53112616481837231710 7 71010120 22  9  6  4  3  3  4  4  70.31  0 72.50
5311271648192313371723171320163  9  5 22  6  9  6  5  7  90.52  0 71.20
531128164820 713 3 7 0 0 313 47  3  5  2  3  0  0  2  5  20.00  0 70.00
53112916482127231317 3 0 0 3 87 12  9  5  6  2  0  0  2  40.21  0  0.03
53113016482210 0 7 7 71010 7 57  4  0  3  3  3  4  4  3  30.10  0 69.90
5312 1164823 3 7 7 3 3 3 7 7 40  2  3  3  2  2  2  3  3  20.00  0 67.40
5312 216482413 720 7 3 710 3 70  5  3  7  3  2  3  4  2  40.10  0 70.00
5312 31648251717 71313101020107  6  6  3  5  5  4  4  7  50.21  0 69.50
5312 416482640171713 7102020143 27  6  6  5  3  4  7  7  80.42  0 69.50
5312 516482727201010 31310 0 93 12  7  4  4  2  5  4  0  50.21  0  0.03
5312 61649 113 3 71027231720120  5  2  3  4 12  9  6  7  60.31  0 70.80
5312 71649 230201317 3 3 320110 15  7  5  6  2  2  2  7  60.31  9 71.60
5312 81649 3 717171013202027130  3  6  6  4  5  7  7 12  60.31  0 71.20
5312 91649 433 7 7 710203317133 18  3  3  3  4  7 18  6  80.42  0 70.40
5312101649 513 013201020 317 97  5  0  5  7  4  7  2  6  40.21  0 68.70
5312111649 62040274350373743297  7 27 12 32 48 22 22 32 251.26  0 68.70
5312121649 74333402033372737270 32 18 27  7 18 22 12 22 201.05  0  0.03
5312131649 82327171720133723177  9 12  6  6  7  5 22  9 100.52  0  0.03
5312141649 91013171313132013113  4  5  6  5  5  5  7  5  50.21  0 67.40
531215164910 310132010 73023117  2  4  5  7  4  3 15  9  60.31  0 68.20
53121616491117 72020 710 717103  6  3  7  7  3  4  3  6  50.21  0 69.40
5312171649121717101013201030127  6  6  4  4  5  7  4 15  60.31  0 67.30
53121816491330 3101017171717120 15  2  4  4  6  6  6  6  60.31  0 69.00
53121916491410 317 710202017103  4  2  6  3  4  7  7  6  50.21  0  0.03
531220164915101313 313272013113  4  5  5  2  5 12  7  5  60.31  0  0.03
531221164916201310 7 7 3 327 90  7  5  4  3  3  2  2 12  50.21  7 69.50
5312221649171727231317233013163  6 12  9  5  6  9 15  5  80.52  0 71.60
531223164918 7 3 7 317132317 90  3  2  3  2  6  5  9  6  40.21  0 68.60
53122416491923232317 3 01010110  9  9  9  6  2  0  4  4  50.21  8 70.70
5312251649201310201010201330127  5  4  7  4  4  7  5 15  60.31  9  0.03
53122616492113 3 01010131727 93  5  2  0  4  4  5  6 12  50.21  9 71.60
5312271649221310171717172037147  5  4  6  6  6  6  7 22  80.42 11  0.03
5312281649233020101723201713150 15  7  4  6  9  7  6  5  70.42 10 69.50
53122916492427 7101320271730150 12  3  4  5  7 12  6 15  80.42  9 70.70
5312301649251017131313101313103  4  6  5  5  5  4  5  5  50.21  7 69.00
531231164926 7102017 3 3 3 7 70  3  4  7  6  2  2  2  3  40.10  0  0.03
