56 1 11677 13727173023434047263 22 12  6 15  9 32 27 39 201.05 54  0.03
56 1 21677 23333202023333737237 18 18  7  7  9 18 22 22 150.94 49128.00
56 1 31677 33033273317272337227 15 18 12 18  6 12  9 22 140.84 46125.00
56 1 41677 42733272323235037243 12 18 12  9  9  9 48 22 170.94 41123.00
56 1 51677 53333272020203717207 18 18 12  7  7  7 22  6 120.73 49116.00
56 1 61677 64013132040403327227 27  5  5  7 27 27 18 12 160.94 49120.00
56 1 71677 71313 01723402730163  5  5  0  6  9 27 12 15 100.63 53124.00
56 1 81677 823131020101020 7113  9  5  4  7  4  4  7  3  50.21 57122.00
56 1 91677 92337203737332017223  9 22  7 22 22 18  7  6 140.84 52116.00
56 110167710 033373737534740283  0 18 22 22 22 56 39 27 261.26 32112.00
56 1111677116043476040335320357 80 32 39 80 27 18 56  7 421.57 41116.00
56 1121677121023233727375737250  4  9  9 22 12 22 67 22 211.15 65124.00
56 113167713403020 7201013 3143 27 15  7  3  7  4  5  2  90.52 85135.00
56 1141677141727203720201717173  6 12  7 22  7  7  6  6  90.52 90136.00
56 115167715 0 310171710 313 73  0  2  4  6  6  4  2  5  40.10 95156.00
56 1161677163013132017 71710127 15  5  5  7  6  3  6  4  60.31118161.00
56 117167717 717201723 71330133  3  6  7  6  9  3  5 15  70.31126170.00
56 1181677185053434040404757370 48 56 32 27 27 27 39 67 401.57130177.00
56 1191677195740433750373727327 67 27 32 22 48 22 22 12 321.36128174.00
56 1201677202017201710 7 710107  7  6  7  6  4  3  3  4  50.21120173.00
56 12116772120 0 0 7 7332743137  7  0  0  3  3 18 12 32  90.52110174.00
56 1221677225757433717104013273 67 67 32 22  6  4 27  5 291.36100181.00
56 1231677231027271320304050217  4 12 12  5  7 15 27 48 160.94 93177.00
56 1241677243050374747405750357 15 48 22 39 39 27 67 48 381.46 87174.00
56 1251677255737371717102717217 67 22 22  6  6  4 12  6 181.05103153.00
56 126167726 0 710 7 7 7 713 57  0  3  4  3  3  3  3  5  30.10 69137.00
56 1271677271713234043476033277  6  5  9 27 32 39 80 18 271.26 44137.00
56 1281678 15063474037334033343 48 94 39 27 22 18 27 18 371.46 48124.00
56 1291678 22727273043373723250 12 12 12 15 32 22 22  9 170.94 53121.00
56 1301678 33733232027402337240 22 18  9  7 12 27  9 22 160.94 48109.00
56 1311678 43033273733332737257 15 18 12 22 18 18 12 22 170.94 46107.00
56 2 11678 53733372027233333243 22 18 22  7 12  9 18 18 160.94 50114.00
56 2 21678 63330373323373733263 18 15 22 18  9 22 22 18 181.05 63116.00
56 2 31678 73037232320173040220 15 22  9  9  7  6 15 27 140.84 60116.00
56 2 41678 82330232327132723190  9 15  9  9 12  5 12  9 100.63 57116.00
56 2 51678 91013101317132723127  4  5  4  5  6  5 12  9  60.31 31106.00
56 2 616781037131327171710 3137 22  5  5 12  6  6  4  2  80.42 32103.00
56 2 7167811101710 7 7 0 320 73  4  6  4  3  3  0  2  7  40.10 29107.00
56 2 816781213 0 31010 3 3 3 47  5  0  2  4  4  2  2  2  30.00 26109.00
56 2 916781317 7 310 3 0 3 3 47  6  3  2  4  2  0  2  2  30.00 31116.00
56 210167814 0101013 7 71313 73  0  4  4  5  3  3  5  5  40.10 40121.00
56 2111678154030172033274747260 27 15  6  7 18 12 39 39 201.05 56133.00
56 2121678165047534730202030297 48 39 56 39 15  7  7 15 281.26 80154.00
56 2131678172017333327171317177  7  6 18 18 12  6  5  6 100.52 90163.00
56 21416781810171317 710 0 3 77  4  6  5  6  3  4  0  2  40.10142185.00
56 215167819 3 0172010 71723 97  2  0  6  7  4  3  6  9  50.21168219.00
56 2161678202343302733372723243  9 32 15 12 18 22 12  9 160.94224240.00
56 21716782120202323 717 7 0117  7  7  9  9  3  6  3  0  60.21237248.00
56 218167822 0201323 71313 3 93  0  7  5  9  3  5  5  2  40.21270251.00
56 2191678234323304337232323247 32  9 15 32 22  9  9  9 170.94246248.00
56 220167824 7 710103320 713107  3  3  4  4 18  7  3  5  60.31260244.00
56 221167825 713101320203317133  3  5  4  5  7  7 18  6  70.31208236.00
56 2221678264040304333301310240 27 27 15 32 18 15  5  4 181.05186220.00
56 22316782713 3101720332010127  5  2  4  6  7 18  7  4  70.31177204.00
56 2241679 110 7 72723231323133  4  3  3 12  9  9  5  9  70.31156178.00
56 2251679 2 760837367676733457  3 80236154111111111 181031.98149  0.03
56 2261679 33323304740103327243 18  9 15 39 27  4 18 12 181.05140154.00
56 2271679 44033401713175040250 27 18 27  6  5  6 48 27 201.05125142.00
56 2281679 54753233020304040283 39 56  9 15  7 15 27 27 241.26132143.00
56 2291679 65350504340504047373 56 48 48 32 27 48 27 39 411.57132157.00
56 3 11679 72733404027173743263 12 18 27 27 12  6 22 32 201.05152153.00
56 3 21679 83350474333333330303 18 48 39 32 18 18 18 15 261.26120159.00
56 3 31679 94757637363607370507 39 67 94154 94 801541321021.98115153.00
56 3 41679105343433340301713273 56 32 32 18 27 15  6  5 241.26100146.00
56 3 51679111723271017272717163  6  9 12  4  6 12 12  6  80.52112144.00
56 3 61679122730271737203717210 12 15 12  6 22  7 22  6 130.73110148.00
56 3 7167913 0 0 3231310 7 7 63  0  0  2  9  5  4  3  3  30.10107149.00
56 3 8167914 710 7 7 3 3 0 0 37  3  4  3  3  2  2  0  0  20.00104  0.03
56 3 9167915 0 0 3 3 3 3 013 27  0  0  2  2  2  2  0  5  20.00102154.00
56 3101679161730272713134060227  6 15 12 12  5  5 27 80 201.05 97158.00
56 3111679176037432720202040267 80 22 32 12  7  7  7 27 241.26 87156.00
56 3121679182713202023232320170 12  5  7  7  9  9  9  7  80.42 86  0.03
56 3131679192333302017171030180  9 18 15  7  6  6  4 15 100.63 97163.00
56 3141679202723274037331323223 12  9 12 27 22 18  5  9 140.84122175.00
56 31516792130202323172317 7160 15  7  9  9  6  9  6  3  80.42140172.00
56 31616792210 3202013101027113  4  2  7  7  5  4  4 12  60.31135166.00
56 317167923 7101010 7 3 313 63  3  4  4  4  3  2  2  5  30.10138167.00
56 318167924 3 317172023 717107  2  2  6  6  7  9  3  6  50.21130169.00
56 3191679253027171720202340193 15 12  6  6  7  7  9 27 110.63128171.00
56 3201679264030 71320202030180 27 15  3  5  7  7  7 15 110.63122163.00
56 3211679274333534333475057360 32 18 56 32 18 39 48 67 391.46122163.00
56 3221680 17063503740434363410132 94 48 22 27 32 32 94 601.77118163.00
56 3231680 263605020171310 3237 94 80 48  7  6  5  4  2 311.36130169.00
56 3241680 32020304340604043297  7  7 15 32 27 80 27 32 281.26136164.00
56 3251680 44733273320273747270 39 18 12 18  7 12 22 39 211.15138157.00
56 3261680 53027304043303040270 15 12 15 27 32 15 15 27 201.05140154.00
56 3271680 63027132020332733203 15 12  5  7  7 18 12 18 120.73115161.00
56 3281680 74743232733334750303 39 32  9 12 18 18 39 48 271.26117163.00
56 3291680 86347504027404043350 94 39 48 27 12 27 27 32 381.46122168.00
56 3301680 9 733271320233343200  3 18 12  5  7  9 18 32 130.73116154.00
56 3311680104740302333232317237 39 27 15  9 18  9  9  6 160.94113155.00
56 4 11680112747401017231020193 12 39 27  4  6  9  4  7 140.84 82  0.03
56 4 21680121710174040374043243  6  4  6 27 27 22 27 32 191.05 69135.00
56 4 31680133753303033302023257 22 56 15 15 18 15  7  9 201.05 66129.00
56 4 41680143740303723203010227 22 27 15 22  9  7 15  4 150.94 66136.00
56 4 51680152330271727333333223  9 15 12  6 12 18 18 18 140.84 50134.00
56 4 61680162317302743273043240  9  6 15 12 32 12 15 32 170.94 45145.00
56 4 71680175330373337302023263 56 15 22 18 22 15  7  9 201.05 63  0.03
56 4 81680182323373327172010190  9  9 22 18 12  6  7  4 110.63 86164.00
56 4 91680191023302330172317173  4  9 15  9 15  6  9  6  90.52103175.00
56 4101680201017303737431327213  4  6 15 22 22 32  5 12 150.84145188.00
56 4111680212030172030334027217  7 15  6  7 15 18 27 12 130.84145185.00
56 4121680223320332733301713207 18  7 18 12 18 15  6  5 120.73160186.00
56 4131680232030302320131010157  7 15 15  9  7  5  4  4  80.42178193.00
56 414168024 317272323201717147  2  6 12  9  9  7  6  6  70.42164198.00
56 4151680251717171317232720150  6  6  6  5  6  9 12  7  70.42152  0.03
56 4161680261737271717403037220  6 22 12  6  6 27 15 22 140.84155194.00
56 4171680275047302733273030273 48 39 15 12 18 12 15 15 221.15172191.00
56 4181681 12337403027202337237  9 22 27 15 12  7  9 22 150.94166191.00
56 4191681 22037402027302010203  7 22 27  7 12 15  7  4 130.73155179.00
56 4201681 33023201713 72727163 15  9  7  6  5  3 12 12  90.52145175.00
56 4211681 43333335353477070393 18 18 18 56 56 39132132 591.77145188.00
56 4221681 56773707037473740440111154132132 22 39 22 27 801.87130187.00
56 4231681 64033232320101320183 27 18  9  9  7  4  5  7 110.63121163.00
56 4241681 71723 71017 7 717103  6  9  3  4  6  3  3  6  50.21 96166.00
56 4251681 83313102713232020160 18  5  4 12  5  9  7  7  80.52104152.00
56 4261681 92033374040234077310  7 18 22 27 27  9 27179 401.46 91156.00
56 4271681108787777767677057587300300179179111111132 671722.09 91137.00
56 4281681117070402720335370383132132 27 12  7 18 56132 641.77 67  0.03
56 4291681127763605337332023367179 94 80 56 22 18  7  9 581.77 40125.00
56 4301681136063504350504733397 80 94 48 32 48 48 39 18 511.67 70136.00
56 5 11681143747334040332010260 22 39 18 27 27 18  7  4 201.05 94151.00
56 5 2168115 720201313 3 713 97  3  7  7  5  5  2  3  5  50.21107158.00
56 5 31681162323172720202723180  9  9  6 12  7  7 12  9  90.52138157.00
56 5 41681172013133337272327193  7  5  5 18 22 12  9 12 110.63169157.00
56 5 51681183320333327433723250 18  7 18 18 12 32 22  9 170.94158162.00
56 5 61681191023233723301323183  4  9  9 22  9 15  5  9 100.63162164.00
56 5 71681202723202020103317170 12  9  7  7  7  4 18  6  90.52162165.00
56 5 8168121 3131317131010 7 87  2  5  5  6  5  4  4  3  40.10186166.00
56 5 9168122101710 7 310 7 7 70  4  6  4  3  2  4  3  3  40.10180169.00
56 510168123131010 7 710 7 3 67  5  4  4  3  3  4  3  2  40.10178179.00
56 51116812417 7 3 3 3 0 737 77  6  3  2  2  2  0  3 22  50.21169177.00
56 5121681254347434350534343367 32 39 32 32 48 56 32 32 381.46154178.00
56 5131681262740675737302030307 12 27111 67 22 15  7 15 341.46142175.00
56 5141681272320333730403330247  9  7 18 22 15 27 18 15 160.94133167.00
56 5151682 14043434750634343373 27 32 32 39 48 94 32 32 421.57110161.00
56 5161682 25373777083777077580 561541791322361791321791562.09122156.00
56 5171682 37060575350332320367132 80 67 56 48 18  9  7 521.67132161.00
56 5181682 42730332313131317170 12 15 18  9  5  5  5  6  90.52144170.00
56 5191682 51720203713171727167  6  7  7 22  5  6  6 12  90.52140168.00
56 5201682 62017376357405047330  7  6 22 94 67 27 48 39 391.46127176.00
56 5211682 74347331720172713217 32 39 18  6  7  6 12  5 160.94144162.00
56 5221682 82327334040204323250  9 12 18 27 27  7 32  9 181.05119156.00
56 5231682 923 3103340404067257  9  2  4 18 27 27 27111 281.26 82147.00
56 5241682106360576370635770503 94 80 67 94132 94 67132 951.98102147.00
56 5251682117070706040332040403132132132 80 27 18  7 27 691.77103153.00
56 5261682124723271013133033197 39  9 12  4  5  5 15 18 130.84120159.00
56 52716821327171313 7172033147 12  6  5  5  3  6  7 18  80.42115157.00
56 5281682143743231723 317 7170 22 32  9  6  9  2  6  3 110.63137165.00
56 52916821513 713 320405747200  5  3  5  2  7 27 67 39 191.05136177.00
56 5301682163030302727402330237 15 15 15 12 12 27  9 15 150.84146167.00
56 53116821713271013 317 723113  5 12  4  5  2  6  3  9  60.31123155.00
56 6 11682183740374337373327290 22 27 22 32 22 22 18 12 221.15 98155.00
56 6 21682192330272737332313213  9 15 12 12 22 18  9  5 130.73105148.00
56 6 31682203017101320231730160 15  6  4  5  7  9  6 15  80.52109148.00
56 6 41682211717132330272317167  6  6  5  9 15 12  9  6  80.52106149.00
56 6 51682221320271320373320183  5  7 12  5  7 22 18  7 100.63117149.00
56 6 61682231323202750372017207  5  9  7 12 48 22  7  6 140.84118147.00
56 6 71682241320231317232320153  5  7  9  5  6  9  9  7  70.42111146.00
56 6 81682253720304323273337250 22  7 15 32  9 12 18 22 170.94 90141.00
56 6 91682262327502733233327243  9 12 48 12 18  9 18 12 170.94 85138.00
56 6101682273023272320473040240 15  9 12  9  7 39 15 27 170.94 89134.00
56 6111683 14033433340303027277 27 18 32 18 27 15 15 12 201.05 87137.00
56 6121683 23327272017131727180 18 12 12  7  6  5  6 12 100.52 97137.00
56 6131683 33027202330303043233 15 12  7  9 15 15 15 32 150.84103147.00
56 6141683 43327373733304033270 18 12 22 22 18 15 27 18 191.05112147.00
56 6151683 54743433337373343317 39 32 32 18 22 22 18 32 271.26119160.00
56 6161683 63030332733233327237 15 15 18 12 18  9 18 12 150.84132158.00
56 6171683 71017131023332737170  4  6  5  4  9 18 12 22 100.63120159.00
56 6181683 83013132013171020137 15  5  5  7  5  6  4  7  70.31130171.00
56 6191683 913 7201013202040143  5  3  7  4  5  7  7 27  80.42167179.00
56 6201683102013132023172327157  7  5  5  7  9  6  9 12  80.42161187.00
56 6211683113320232013172730183 18  7  9  7  5  6 12 15 100.63162187.00
56 6221683123020172020232313167 15  7  6  7  7  9  9  5  80.42150182.00
56 6231683132313102017204763213  9  5  4  7  6  7 39 94 211.15139170.00
56 6241683145050273050604760373 48 48 12 15 48 80 39 80 461.57125173.00
56 6251683156367633733474023373 94111 94 22 18 39 27  9 521.67106158.00
56 6261683161723333343373333253  6  9 18 18 32 22 18 18 181.05 70138.00
56 6271683172747373730373020263 12 39 22 22 15 22 15  7 191.05 71134.00
56 6281683182027402330203020210  7 12 27  9 15  7 15  7 120.73122139.00
56 6291683191720374727234030240  6  7 22 39 12  9 27 15 170.94135148.00
56 6301683201743374043474030297  6 32 22 27 32 39 27 15 251.26162  0.03
56 7 11683212020332733372730227  7  7 18 12 18 22 12 15 140.84164  0.03
56 7 21683222717402727333323227 12  6 27 12 12 18 18  9 140.84155  0.03
56 7 3168323303037333723 7 7203 15 15 22 18 22  9  3  3 130.84133157.00
56 7 41683241327272310101310133  5 12 12  9  4  4  5  4  70.31153152.00
56 7 51683251313233027201723167  5  5  9 15 12  7  6  9  80.52138158.00
56 7 616832617171720131713 3117  6  6  6  7  5  6  5  2  50.21139156.00
56 7 7168327 3 7 7 313131313 73  2  3  3  2  5  5  5  5  40.10163166.00
56 7 81684 13333272017132043207 18 18 12  7  6  5  7 32 130.84158174.00
56 7 91684 2373033272010 717180 22 15 18 12  7  4  3  6 110.63150172.00
56 7101684 3 7171717 7234737170  3  6  6  6  3  9 39 22 120.73157169.00
56 7111684 43333301727272730223 18 18 15  6 12 12 12 15 140.84177179.00
56 7121684 51730301320132717167  6 15 15  5  7  5 12  6  90.52216192.00
56 7131684 63323131730434743250 18  9  5  6 15 32 39 32 201.05192183.00
56 7141684 75020131720202330193 48  7  5  6  7  7  9 15 130.73156  0.03
56 7151684 82020101313173013137  7  7  4  5  5  6 15  5  70.31156161.00
56 7161684 92323231323201317157  9  9  9  5  9  7  5  6  70.42144154.00
56 71716841010201717 7 31320107  4  7  6  6  3  2  5  7  50.21 98146.00
56 7181684111010 3 310172017 90  4  4  2  2  4  6  7  6  40.21 67146.00
56 7191684123023231727273043220 15  9  9  6 12 12 15 32 140.84 65144.00
56 7201684133720231330272323197 22  7  9  5 15 12  9  9 110.63 71144.00
56 72116841413 3 7 313 71313 73  5  2  3  2  5  3  5  5  40.10 78156.00
56 7221684151713 7101317 717100  6  5  3  4  5  6  3  6  50.21 86165.00
56 7231684162017131733304050220  7  6  5  6 18 15 27 48 160.94113181.00
56 7241684173327476033301720267 18 12 39 80 18 15  6  7 241.26 84172.00
56 7251684183033405040332743297 15 18 27 48 27 18 12 32 251.26 90170.00
56 7261684194740575343434050373 39 27 67 56 32 32 27 48 411.57100159.00
56 7271684204037373333203033263 27 22 22 18 18  7 15 18 181.05116160.00
56 7281684213030274733304743287 15 15 12 39 18 15 39 32 231.15104155.00
56 7291684222717502327532720243 12  6 48  9 12 56 12  7 201.05108158.00
56 7301684233323302720132017183 18  9 15 12  7  5  7  6 100.63130162.00
56 7311684241013232347301720183  4  5  9  9 39 15  6  7 120.73140168.00
56 8 11684254017132327201720177 27  6  5  9 12  7  6  7 100.63140174.00
56 8 21684262313132320131720143  9  5  5  9  7  5  6  7  70.31148176.00
56 8 3168427101023172320 317123  4  4  9  6  9  7  2  6  60.31146175.00
56 8 41685 11710 3 3 7101320 83  6  4  2  2  3  4  5  7  40.10149184.00
56 8 51685 2102017 7 3 71010 83  4  7  6  3  2  3  4  4  40.10152184.00
56 8 61685 31010 31317172017107  4  4  2  5  6  6  7  6  50.21149185.00
56 8 71685 4 717 7 7 3 71717 80  3  6  3  3  2  3  6  6  40.10151196.00
56 8 81685 51713272713373723193  6  5 12 12  5 22 22  9 120.73140197.00
56 8 91685 62023204047434037270  7  9  7 27 39 32 27 22 211.15140204.00
56 8101685 73030231323171027173 15 15  9  5  9  6  4 12  90.52136194.00
56 8111685 85040404340435333343 48 27 27 32 27 32 56 18 331.36140181.00
56 8121685 93033333340273743277 15 18 18 18 27 12 22 32 201.05148181.00
56 813168510 713131723131720123  3  5  5  6  9  5  6  7  60.31150179.00
56 81416851120201013 7 31020103  7  7  4  5  3  2  4  7  50.21140176.00
56 815168512 710 71020102020103  3  4  3  4  7  4  7  7  50.21143171.00
56 81616851310 3 31013271723107  4  2  2  4  5 12  6  9  60.21143167.00
56 8171685143747474040271317267 22 39 39 27 27 12  5  6 221.15131174.00
56 8181685151713131010 71010 90  6  5  5  4  4  3  4  4  40.21173  0.03
56 819168516 7 3 7 3 7 7 310 47  3  2  3  2  3  3  2  4  30.00192188.00
56 820168517101013 7 310 3 7 63  4  4  5  3  2  4  2  3  30.10217204.00
56 821168518 320273357473737260  2  7 12 18 67 39 22 22 241.15224228.00
56 8221685193017171733232730193 15  6  6  6 18  9 12 15 110.63237212.00
56 8231685203027373753333760313 15 12 22 22 56 18 22 80 311.36213223.00
56 8241685217057405767775047463132 67 27 67111179 48 39 841.87232219.00
56 8251685224037374350574043347 27 22 22 32 48 67 27 32 351.46154  0.03
56 8261685236343533327334323320 94 32 56 18 12 18 32  9 341.36178220.00
56 8271685242737372737271727233 12 22 22 12 22 12  6 12 150.84203213.00
56 8281685254333172327332023220 32 18  6  9 12 18  7  9 140.84196207.00
56 8291685261720202740302327203  6  7  7 12 27 15  9 12 120.73200214.00
56 83016852723233330231717 7173  9  9 18 15  9  6  6  3  90.52212199.00
56 8311686 1 7 7135343434027233  3  3  5 56 32 32 27 12 211.15182190.00
56 9 11686 22720273730233023217 12  7 12 22 15  9 15  9 130.73168181.00
56 9 21686 35077806747404030430 48179207111 39 27 27 15 821.87158179.00
56 9 31686 45763605750302320360 67 94 80 67 48 15  9  7 481.67136  0.03
56 9 41686 52020373027101710170  7  7 22 15 12  4  6  4 100.52130182.00
56 9 51686 63027201710101017140 15 12  7  6  4  4  4  6  70.42142181.00
56 9 61686 73337374743333333297 18 22 22 39 32 18 18 18 231.15158213.00
56 9 71686 83023272020201313167 15  9 12  7  7  7  5  5  80.52165209.00
56 9 81686 91010375383806033367  4  4 22 56236207 80 18 781.87157203.00
56 9 91686102727434343274033283 12 12 32 32 32 12 27 18 221.15146217.00
56 9101686113023201727272313180 15  9  7  6 12 12  9  5  90.52136217.00
56 9111686121730232717171717163  6 15  9 12  6  6  6  6  80.42170237.00
56 9121686131710 71013133047147  6  4  3  4  5  5 15 39 100.63208247.00
56 9131686144353272013272017220 32 56 12  7  5 12  7  6 170.94244261.00
56 914168615 31010 7 710 713 67  2  4  4  3  3  4  3  5  40.10251247.00
56 9151686162317 313 7 7 733110  9  6  2  5  3  3  3 18  60.31254234.00
56 9161686172313131027302027163  9  5  5  4 12 15  7 12  90.52244238.00
56 9171686181020131717131710117  4  7  5  6  6  5  6  4  50.21234218.00
56 91816861913 0 3 7 3 3 3 3 37  5  0  2  3  2  2  2  2  20.00213210.00
56 919168620 7 3 7 7 3 3 713 50  3  2  3  3  2  2  3  5  30.10214197.00
56 9201686212043374047533740317  7 32 22 27 39 56 22 27 291.36223195.00
56 9211686225060504337373027333 48 80 48 32 22 22 15 12 351.46202189.00
56 9221686233750505337474323340 22 48 48 56 22 39 32  9 341.46153179.00
56 9231686243727373323201013200 22 12 22 18  9  7  4  5 120.73139173.00
56 9241686251717102027 32317133  6  6  4  7 12  2  9  6  60.31125175.00
56 9251686263723 7 723232030170 22  9  3  3  9  9  7 15 100.52132176.00
56 92616862730373333172013 3187 15 22 18 18  6  7  5  2 120.73136173.00
56 9271687 1 3 7172323202317133  2  3  6  9  9  7  9  6  60.31131167.00
56 9281687 22337232313231717177  9 22  9  9  5  9  6  6  90.52127166.00
56 9291687 313 7 7 717102017 97  5  3  3  3  6  4  7  6  50.21143172.00
56 9301687 42727232010 7 720140 12 12  9  7  4  3  3  7  70.42158174.00
5610 11687 52330173337302037227  9 15  6 18 22 15  7 22 140.84170191.00
5610 21687 64730404047334340320 39 15 27 27 39 18 32 27 281.26183202.00
5610 31687 73337333340404037293 18 22 18 18 27 27 27 22 221.15190222.00
5610 41687 83017232720272327193 15  6  9 12  7 12  9 12 100.63187219.00
5610 51687 91313534017203323213  5  5 56 27  6  7 18  9 170.94180216.00
5610 61687103330273743302730257 18 15 12 22 32 15 12 15 181.05145208.00
5610 71687113027273027373727240 15 12 12 15 12 22 22 12 150.94145214.00
5610 81687123330332717204033233 18 15 18 12  6  7 27 18 150.94170212.00
5610 91687133023272730233023213 15  9 12 12 15  9 15  9 120.73180212.00
5610101687142710101013171317117 12  4  4  4  5  6  5  6  60.31176209.00
5610111687151727202020 71013133  6 12  7  7  7  3  4  5  60.31166215.00
561012168716 3 7 71710101320 87  2  3  3  6  4  4  5  7  40.10175207.00
56101316871717 7 710 3 3 3 7 57  6  3  3  4  2  2  2  3  30.10154201.00
561014168718101010 3 3 0 7 3 47  4  4  4  2  2  0  3  2  30.00134186.00
561015168719 3 0 3 3 3 710 7 37  2  0  2  2  2  3  4  3  20.00121168.00
561016168720 3132710 7 3 7 3 73  2  5 12  4  3  2  3  2  40.10110163.00
5610171687211010171310 7 713 87  4  4  6  5  4  3  3  5  40.10 90162.00
56101816872213231013 3 3 7 7 80  5  9  4  5  2  2  3  3  40.10115162.00
5610191687231320172020131010123  5  7  6  7  7  5  4  4  60.31134185.00
561020168724 743534347504350337  3 32 56 32 39 48 32 48 361.46145183.00
5610211687254750434343373733333 39 48 32 32 32 22 22 18 311.36149186.00
561022168726374020 330202320193 22 27  7  2 15  7  9  7 120.73160191.00
5610231687274030302730233033243 27 15 15 12 15  9 15 18 160.94153184.00
5610241688 117332013 7 723 3123  6 18  7  5  3  3  9  2  70.31163191.00
5610251688 2 3171313 3 01013 73  2  6  5  5  2  0  4  5  40.10165194.00
5610261688 33030372037476763330 15 15 22  7 22 39111 94 411.57152199.00
5610271688 45757433737273333323 67 67 32 22 22 12 18 18 321.36140213.00
5610281688 53037474343172323263 15 22 39 32 32  6  9  9 201.05150219.00
5610291688 62720173023232717183 12  7  6 15  9  9 12  6 100.52168229.00
5610301688 710132727333313 7163  4  5 12 12 18 18  5  3 100.52178232.00
5610311688 8 7 0173023201330140  3  0  6 15  9  7  5 15  80.42167234.00
5611 11688 9373323 730332023207 22 18  9  3 15 18  7  9 130.73157241.00
5611 21688102317172723302330190  9  6  6 12  9 15  9 15 100.63175225.00
5611 31688114337334030232720253 32 22 18 27 15  9 12  7 181.05187225.00
5611 41688123327302317231720190 18 12 15  9  6  9  6  7 100.63198251.00
5611 516881320131313 3101323110  7  5  5  5  2  4  5  9  50.21220274.00
5611 61688141333272723272727203  5 18 12 12  9 12 12 12 120.73274301.00
5611 71688152723132320101713147 12  9  5  9  7  4  6  5  70.42308302.00
5611 816881613172020201313 7123  5  6  7  7  7  5  5  3  60.31312319.00
5611 91688171313132020275043200  5  5  5  7  7 12 48 32 150.94260305.00
5611101688186057574350505363433 80 67 67 32 48 48 56 94 621.77236284.00
5611111688196767635343334767440111111 94 56 32 18 39111 721.87243283.00
5611121688206037504357574343390 80 22 48 32 67 67 32 32 481.67262293.00
5611131688215037132733201023213 48 22  5 12 18  7  4  9 160.94230278.00
5611141688224753574337407063410 39 56 67 32 22 27132 94 591.77215269.00
5611151688236763777360373737450111 94179154 80 22 22 22 861.87230251.00
5611161688246367604330274327360 94111 80 32 15 12 32 12 481.67236257.00
5611171688252323303033373030237  9  9 15 15 18 22 15 15 150.84231255.00
5611181688264740472330171710230 39 27 39  9 15  6  6  4 181.05180228.00
561119168827 3 71317201710 7 93  2  3  5  6  7  6  4  3  40.21178223.00
5611201689 1 7 3203037373327193  3  2  7 15 22 22 18 12 130.73180216.00
5611211689 24040474037273343307 27 27 39 27 22 12 18 32 261.26183205.00
5611221689 34033273047374357313 27 18 12 15 39 22 32 67 291.36154230.00
5611231689 45040374747372717300 48 27 22 39 39 22 12  6 271.26138203.00
5611241689 51720102733333027197  6  7  4 12 18 18 15 12 120.73120199.00
5611251689 62317303070403327270  9  6 15 15132 27 18 12 291.36160213.00
5611261689 7371710 7 710 7 7100 22  6  4  3  3  4  3  3  60.31160214.00
5611271689 810201710 3173750163  4  7  6  4  2  6 22 48 120.73125205.00
5611281689 95333333020202320233 56 18 18 15  7  7  9  7 170.94135217.00
5611291689102323232317273337207  9  9  9  9  6 12 18 22 120.73154218.00
5611301689113037233320232027213 15 22  9 18  7  9  7 12 120.73198238.00
5612 11689121717172023232723167  6  6  6  7  9  9 12  9  80.42163225.00
5612 21689134323203327303023230 32  9  7 18 12 15 15  9 150.84177240.00
5612 31689142723273330233020213 12  9 12 18 15  9 15  7 120.73189250.00
5612 41689153330232023232320197 18 15  9  7  9  9  9  7 100.63200251.00
5612 516891633272013203013 7163 18 12  7  5  7 15  5  3  90.52213261.00
5612 61689171027201327302740193  4 12  7  5 12 15 12 27 120.73185255.00
5612 71689182327232023301723187  9 12  9  7  9 15  6  9 100.52173251.00
5612 81689192023373730102317197  7  9 22 22 15  4  9  6 120.73157245.00
5612 916892010 7201720171720127  4  3  7  6  7  6  6  7  60.31185257.00
5612101689213750374340302340300 22 48 22 32 27 15  9 27 251.26216270.00
5612111689222013 7 710 71710 90  7  5  3  3  4  3  6  4  40.21229272.00
561212168923 0 0132023333340163  0  0  5  7  9 18 18 27 100.63212264.00
5612131689243333433340332323263 18 18 32 18 27 18  9  9 191.05202249.00
5612141689253330202713172317180 18 15  7 12  5  6  9  6 100.52210250.00
561215168926101310131310 3 3 77  4  5  4  5  5  4  2  2  40.10198254.00
561216168927 7131310 7 3 3 0 57  3  5  5  4  3  2  2  0  30.10186249.00
5612171690 1 3131713 7 7 0 3 63  2  5  6  5  3  3  0  2  30.10190254.00
5612181690 2 3101717302013 3113  2  4  6  6 15  7  5  2  60.31156230.00
5612191690 3 0 0171310131027 90  0  0  6  5  4  5  4 12  40.21151236.00
5612201690 42317132313101010120  9  6  5  9  5  4  4  4  60.31143230.00
5612211690 51313131710 71013 97  5  5  5  6  4  3  4  5  50.21173242.00
5612221690 610201727301317 3137  4  7  6 12 15  5  6  2  70.42200254.00
5612231690 7 0 3 72310 71020 80  0  2  3  9  4  3  4  7  40.10219258.00
5612241690 83333232013102010163 18 18  9  7  5  4  7  4  90.52219252.00
5612251690 91717304743333343263  6  6 15 39 32 18 18 32 211.15229  0.03
561226169010374743331710 7 3197 22 39 32 18  6  4  3  2 160.94229259.00
561227169011 0 3131713404337167  0  2  5  6  5 27 32 22 120.73215272.00
5612281690124033473040373327287 27 18 39 15 27 22 18 12 221.15202226.00
5612291690134330233027232723227 32 15  9 15 12  9 12  9 140.84187234.00
5612301690142017474330232023223  7  6 39 32 15  9  7  9 160.94171244.00
5612311690151710 72327 71010110  6  4  3  9 12  3  4  4  60.31177  0.03
