59 1 1171717 0 0 3 7 7 3 0 0 20  0  0  2  3  3  2  0  0  10.00221235.00
59 1 2171718 0 0 31717131010 70  0  0  2  6  6  5  4  4  30.10225250.00
59 1 317171920232320201017 3137  7  9  9  7  7  4  6  2  60.31229266.00
59 1 417172010 7172023272013137  4  3  6  7  9 12  7  5  70.31231270.00
59 1 51717212013103740404757263  7  5  4 22 27 27 39 67 251.26243282.00
59 1 61717224740303340374033300 39 27 15 18 27 22 27 18 241.26238  0.03
59 1 71717234337333017203740257 32 22 18 15  6  7 22 27 191.05247306.00
59 1 81717244030233023303743257 27 15  9 15  9 15 22 32 181.05246278.00
59 1 91717254723202737604763323 39  9  7 12 22 80 39 94 381.46245268.00
59 1101717265750475047435343390 67 48 39 48 39 32 56 32 451.57224282.00
59 1111717274723201323203037213 39  9  7  5  9  7 15 22 140.84218260.00
59 1121718 14023102027303030210 27  9  4  7 12 15 15 15 130.73203251.00
59 1131718 21720272717233010170  6  7 12 12  6  9 15  4  90.52192235.00
59 1141718 3 3 7302323131727143  2  3 15  9  9  5  6 12  80.42128224.00
59 1151718 4203730231310 7 7147  7 22 15  9  5  4  3  3  80.52120207.00
59 1161718 513 3204340373737230  5  2  7 32 27 22 22 22 170.94143213.00
59 1171718 62740333340372720257 12 27 18 18 27 22 12  7 181.05168220.00
59 1181718 73740302730403033267 22 27 15 12 15 27 15 18 191.05179237.00
59 1191718 82030272723202713187  7 15 12 12  9  7 12  5 100.63202265.00
59 1201718 9 7 0101310101317 80  3  0  4  5  4  4  5  6  40.10240294.00
59 121171810 3 01010131013 3 63  2  0  4  4  5  4  5  2  30.10255315.00
59 122171811 720301717171717140  3  7 15  6  6  6  6  6  70.31278337.00
59 1231718123017132730131310153 15  6  5 12 15  5  5  4  80.52270328.00
59 124171813171720 7 710 3 3 83  6  6  7  3  3  4  2  2  40.10261334.00
59 1251718141010 73743434327220  4  4  3 22 32 32 32 12 181.05255321.00
59 12617181513371743603713 3223  5 22  6 32 80 22  5  2 221.15252314.00
59 127171816 020273027232020167  0  7 12 15 12  9  7  7  90.52263314.00
59 1281718173023172020232723183 15  9  6  7  7  9 12  9  90.52239322.00
59 1291718181317273330334340237  5  6 12 18 15 18 32 27 170.94213304.00
59 13017181933332330232023 3190 18 18  9 15  9  7  9  2 110.63167262.00
59 1311718203040373320172017213 15 27 22 18  7  6  7  6 140.84143224.00
59 2 11718212730232733271713197 12 15  9 12 18 12  6  5 110.63141205.00
59 2 21718221743434040333340290  6 32 32 27 27 18 18 27 231.15141205.00
59 2 31718234027234037373347283 27 12  9 27 22 22 18 39 221.15140204.00
59 2 41718245043334047404753353 48 32 18 27 39 27 39 56 361.46137201.00
59 2 51718253747373737403337303 22 39 22 22 22 27 18 22 241.26128191.00
59 2 61718264027203733334030260 27 12  7 22 18 18 27 15 181.05114195.00
59 2 71718273027172333232710190 15 12  6  9 18  9 12  4 110.63124182.00
59 2 81719 11317232730272740203  5  6  9 12 15 12 12 27 120.73 90182.00
59 2 91719 24747503333271020267 39 39 48 18 18 12  4  7 231.15 87174.00
59 2101719 32310 310 7131327107  9  4  2  4  3  5  5 12  60.21100190.00
59 2111719 41037376353473743327  4 22 22 94 56 39 22 32 361.46100199.00
59 2121719 53750334033333037293 22 48 18 27 18 18 15 22 241.15101199.00
59 2131719 63720133343404340270 22  7  5 18 32 27 32 27 211.15106201.00
59 2141719 73340374057503323313 18 27 22 27 67 48 18  9 301.36129199.00
59 2151719 83357575043434017340 18 67 67 48 32 32 27  6 371.46133213.00
59 2161719 95060503053576360423 48 80 48 15 56 67 94 80 611.77144214.00
59 21717191057475027202020 7247 67 39 48 12  7  7  7  3 241.15170220.00
59 21817191113 71013 7171313 93  5  3  4  5  3  6  5  5  40.21170218.00
59 2191719122737332730232010207 12 22 18 12 15  9  7  4 120.73175218.00
59 220171913 010172013 7 7 7 80  0  4  6  7  5  3  3  3  40.10160228.00
59 221171914 7 3272320132013127  3  2 12  9  7  5  7  5  60.31163224.00
59 2221719153043334023302030250 15 32 18 27  9 15  7 15 170.94171219.00
59 2231719163737433730 7 7 0197 22 22 32 22 15  3  3  0 150.84186212.00
59 224171917 0 310171710 717 80  0  2  4  6  6  4  3  6  40.10190220.00
59 2251719183347635763735343433 18 39 94 67 94154 56 32 691.77181227.00
59 2261719195353634747474343397 56 56 94 39 39 39 32 32 481.67176219.00
59 2271719203340273043575037317 18 27 12 15 32 67 48 22 301.36163211.00
59 2281719214750304050505753377 39 48 15 27 48 48 67 56 441.57186201.00
59 3 11719224750504347574043377 39 48 48 32 39 67 27 32 421.57158187.00
59 3 21719234043474043374740337 27 32 39 27 32 22 39 27 311.36151181.00
59 3 31719243743373733373340297 22 32 22 22 18 22 18 27 231.15151181.00
59 3 41719253323303327273320227 18  9 15 18 12 12 18  7 140.84146178.00
59 3 51719263030302017273327213 15 15 15  7  6 12 18 12 120.73152179.00
59 3 61719272727171013 710 3113 12 12  6  4  5  3  4  2  60.31148190.00
59 3 71720 1 3 7102017202327127  2  3  4  7  6  7  9 12  60.31150188.00
59 3 81720 2473320131017 710157 39 18  7  5  4  6  3  4 110.63155191.00
59 3 91720 3171713101017 3 0 87  6  6  5  4  4  6  2  0  40.10164198.00
59 3101720 4 0 01717 7 3 0 3 47  0  0  6  6  3  2  0  2  20.00156204.00
59 3111720 5 3 0131317 72313 90  2  0  5  5  6  3  9  5  40.21148201.00
59 3121720 63333333740333313257 18 18 18 22 27 18 18  5 181.05126194.00
59 3131720 72030232733231733207  7 15  9 12 18  9  6 18 120.73159207.00
59 3141720 8 720302723131017147  3  7 15 12  9  5  4  6  80.42173215.00
59 3151720 92720132317 7 317127 12  7  5  9  6  3  2  6  60.31216235.00
59 31617201023101310 7 3 710 83  9  4  5  4  3  2  3  4  40.10225246.00
59 3171720111323201010171017120  5  9  7  4  4  6  4  6  60.31228259.00
59 318172012 320 7101713 740117  2  7  3  4  6  5  3 27  70.42230274.00
59 31917201310101323201723 7123  4  4  5  9  7  6  9  3  60.31234281.00
59 32017201413202013171010 7110  5  7  7  5  6  4  4  3  50.21238285.00
59 32117201510 7132320201313120  4  3  5  9  7  7  5  5  60.31230287.00
59 322172016 7 7101720131020103  3  3  4  6  7  5  4  7  50.21208262.00
59 3231720172737301717232717193 12 22 15  6  6  9 12  6 110.63194258.00
59 3241720182017202723202013160  7  6  7 12  9  7  7  5  80.42178247.00
59 3251720192353332343535033313  9 56 18  9 32 56 48 18 311.36199248.00
59 3261720202313406380536373410  9  5 27 94207 56 94154 811.87190247.00
59 3271720217377836783837763607154179236111236236179 941782.19178246.00
59 3281720223353435363707373463 18 56 32 56 94132154154 871.87173248.00
59 3291720236763635757605327447111 94 94 67 67 80 56 12 731.87217245.00
59 3301720243337435030202020253 18 22 32 48 15  7  7  7 201.05233258.00
59 3311720252730273030234050257 12 15 12 15 15  9 27 48 191.05248254.00
59 4 11720263740371010 710 3153 22 27 22  4  4  3  4  2 110.63243256.00
59 4 2172027 310132313132723127  2  4  5  9  5  5 12  9  60.31242236.00
59 4 31721 1333027332320 727200 18 15 12 18  9  7  3 12 120.73174216.00
59 4 41721 227271717 7171310133 12 12  6  6  3  6  5  4  70.31159215.00
59 4 51721 327171017171717 7127 12  6  4  6  6  6  6  3  60.31124196.00
59 4 61721 42010131313202317130  7  4  5  5  5  7  9  6  60.31108196.00
59 4 71721 52017102023133323160  7  6  4  7  9  5 18  9  80.42107217.00
59 4 81721 62733333037333053277 12 18 18 15 22 18 15 56 221.15136215.00
59 4 91721 76063474017235347350 80 94 39 27  6  9 56 39 441.57161215.00
59 4101721 84750777373705333477 39 48179154154132 56 18 981.98177220.00
59 4111721 93733374030233750287 22 18 22 27 15  9 22 48 231.15197232.00
59 412172110373020271713 727177 22 15  7 12  6  5  3 12 100.63189224.00
59 4131721112720301727202313177 12  7 15  6 12  7  9  5  90.52178209.00
59 4141721123730231720202030197 22 15  9  6  7  7  7 15 110.63193198.00
59 4151721134017201013203017167 27  6  7  4  5  7 15  6 100.52174189.00
59 4161721142313172710101713130  9  5  6 12  4  4  6  5  60.31153188.00
59 417172115 310272727131717140  2  4 12 12 12  5  6  6  70.42126190.00
59 41817211623 7 713101717 3 97  9  3  3  5  4  6  6  2  50.21114181.00
59 419172117 7 7 7131320 720 93  3  3  3  5  5  7  3  7  40.21117196.00
59 420172118 7131017201310 7 97  3  5  4  6  7  5  4  3  50.21135203.00
59 421172119272323302023 7 3157 12  9  9 15  7  9  3  2  80.42128203.00
59 422172120 7 3 3 7 710 7 3 47  3  2  2  3  3  4  3  2  30.00138199.00
59 423172121 0 3 34047506763273  0  2  2 27 39 48111 94 401.57186213.00
59 4241721223740434047432340313 22 27 32 27 39 32  9 27 271.26186213.00
59 4251721233037402730404337283 15 22 27 12 15 27 32 22 221.15203211.00
59 4261721243740273020303043257 22 27 12 15  7 15 15 32 181.05204218.00
59 4271721253027332030301737223 15 12 18  7 15 15  6 22 140.84175212.00
59 4281721261720273023172343200  6  7 12 15  9  6  9 32 120.73172216.00
59 4291721274037303043504023293 27 22 15 15 32 48 27  9 241.26160211.00
59 4301722 12020302047504720253  7  7 15  7 39 48 39  7 211.15141220.00
59 5 11722 21337202327132020173  5 22  7  9 12  5  7  7  90.52120204.00
59 5 21722 32027231010 71727140  7 12  9  4  4  3  6 12  70.42112194.00
59 5 31722 41010101013131737120  4  4  4  4  5  5  6 22  70.31113195.00
59 5 41722 53017233027233050230 15  6  9 15 12  9 15 48 160.94105184.00
59 5 51722 663533040402010 3260 94 56 15 27 27  7  4  2 291.36112186.00
59 5 61722 7 7 7 3101013 3 7 60  3  3  2  4  4  5  2  3  30.10138202.00
59 5 71722 813 7101310101030103  5  3  4  5  4  4  4 15  60.21156208.00
59 5 81722 93353535037402740333 18 56 56 48 22 27 12 27 331.36188244.00
59 5 91722103327273737372727250 18 12 12 22 22 22 12 12 160.94238249.00
59 5101722112723333720333030233 12  9 18 22  7 18 15 15 140.84262259.00
59 5111722123023403037373760293 15  9 27 15 22 22 22 80 261.26287264.00
59 5121722137067675767835347510132111111 67111236 56 391081.98276266.00
59 5131722141723372727303033223  6  9 22 12 12 15 15 18 140.84257264.00
59 5141722151313 3132717 7 7100  5  5  2  5 12  6  3  3  50.21227244.00
59 5151722162320274750534753320  9  7 12 39 48 56 39 56 331.36204228.00
59 5161722176057573723172043313 80 67 67 22  9  6  7 32 361.46182222.00
59 5171722181713273037402323210  6  5 12 15 22 27  9  9 130.84187224.00
59 5181722193347402323333750287 18 39 27  9  9 18 22 48 241.15198213.00
59 5191722203330173030273030227 18 15  6 15 15 12 15 15 140.84185199.00
59 5201722213017232317233323190 15  6  9  9  6  9 18  9 100.63187201.00
59 5211722223027232717233733217 15 12  9 12  6  9 22 18 130.73151201.00
59 5221722233323333020373030237 18  9 18 15  7 22 15 15 150.84145201.00
59 5231722243733232317232723207 22 18  9  9  6  9 12  9 120.73149198.00
59 5241722253340575047404773387 18 27 67 48 39 27 39154 521.67143199.00
59 5251722266337373323302723273 94 22 22 18  9 15 12  9 251.26178203.00
59 5261722273310 72013132317137 18  4  3  7  5  5  9  6  70.42188205.00
59 5271723 12317131310 3 710 97  9  6  5  5  4  2  3  4  50.21177208.00
59 5281723 2 310 7 710 3 713 60  2  4  3  3  4  2  3  5  30.10132195.00
59 5291723 3 7 3 3 7 3 7 317 50  3  2  2  3  2  3  2  6  30.10 99176.00
59 5301723 410 3 317332013 7107  4  2  2  6 18  7  5  3  60.31106177.00
59 5311723 52333232350374043273  9 18  9  9 48 22 27 32 221.15131179.00
59 6 11723 62720201310172320150 12  7  7  5  4  6  9  7  70.42152193.00
59 6 21723 72327303340304043267  9 12 15 18 27 15 27 32 191.05133198.00
59 6 31723 83340273337302023243 18 27 12 18 22 15  7  9 160.94152198.00
59 6 41723 93730403727273750283 22 15 27 22 12 12 22 48 221.15166190.00
59 6 51723104330232733272723233 32 15  9 12 18 12 12  9 150.84162197.00
59 6 61723111717233327303030207  6  6  9 18 12 15 15 15 120.73180210.00
59 6 71723122330171320272017167  9 15  6  5  7 12  7  6  80.52181198.00
59 6 81723131713272027333027193  6  5 12  7 12 18 15 12 110.63192213.00
59 6 91723143033404340273023267 15 18 27 32 27 12 15  9 191.05188223.00
59 6101723153743232320201320200 22 32  9  9  7  7  5  7 120.73160228.00
59 6111723161313175060472017237  5  5  6 48 80 39  7  6 241.26172226.00
59 612172317101010 710273013117  4  4  4  3  4 12 15  5  60.31176220.00
59 61317231813 7 7 713 71317 83  5  3  3  3  5  3  5  6  40.10165212.00
59 614172319 717102333231330157  3  6  4  9 18  9  5 15  90.52170208.00
59 6151723201723332320101013150  6  9 18  9  7  4  4  5  80.42158225.00
59 6161723212017171313102323137  7  6  6  5  5  4  9  9  60.31172220.00
59 617172322 3 3 3 310132733 97  2  2  2  2  4  5 12 18  60.31161225.00
59 6181723231723201333232017167  6  9  7  5 18  9  7  6  80.52174228.00
59 6191723241330202023102013150  5 15  7  7  9  4  7  5  70.42182237.00
59 6201723252717131323132323153 12  6  5  5  9  5  9  9  80.42173226.00
59 6211723261710171020233023150  6  4  6  4  7  9 15  9  80.42162228.00
59 6221723271717203330272730200  6  6  7 18 15 12 12 15 110.73170219.00
59 6231724 12720201717373747220 12  7  7  6  6 22 22 39 150.94188220.00
59 6241724 25760271310173727247 67 80 12  5  4  6 22 12 261.26157232.00
59 6251724 32013101713101730130  7  5  4  6  5  4  6 15  60.31180233.00
59 6261724 427334330302717 7213 12 18 32 15 15 12  6  3 140.84184238.00
59 6271724 5 3 7233060574050270  2  3  9 15 80 67 27 48 311.36186240.00
59 6281724 65043433357404033340 48 32 32 18 67 27 27 18 341.36160224.00
59 6291724 73033606050434763387 15 18 80 80 48 32 39 94 511.67158219.00
59 6301724 84730435360474030350 39 15 32 56 80 39 27 15 381.46147196.00
59 7 11724 9131317 710 71023100  5  5  6  3  4  3  4  9  50.21147188.00
59 7 2172410334343232020 7 7197 18 32 32  9  7  7  3  3 140.84118174.00
59 7 31724111713171013101310103  6  5  6  4  5  4  5  4  50.21138171.00
59 7 4172412 7 3103027404040197  3  2  4 15 12 27 27 27 150.84158177.00
59 7 51724133337333037203023243 18 22 18 15 22  7 15  9 160.94136176.00
59 7 61724141713202733273027193  6  5  7 12 18 12 15 12 110.63127188.00
59 7 71724152733333730332013227 12 18 18 22 15 18  7  5 140.84120192.00
59 7 81724161727333037333020227  6 12 18 15 22 18 15  7 140.84131185.00
59 7 91724171733432730373333253  6 18 32 12 15 22 18 18 181.05129185.00
59 7101724184037332710172017200 27 22 18 12  4  6  7  6 130.73127201.00
59 7111724193740301733675363340 22 27 15  6 18111 56 94 441.57133194.00
59 7121724206327272743301323253 94 12 12 12 32 15  5  9 241.26135234.00
59 7131724212323271330271733193  9  9 12  5 15 12  6 18 110.63160243.00
59 7141724222737373040272317237 12 22 22 15 27 12  9  6 160.94180264.00
59 7151724234350808787908787610 32 482073003004003003002362.29176245.00
59 7161724247353433037334350363154 56 32 15 22 18 32 48 471.57190261.00
59 7171724253343333733838783433 18 32 18 22 182363002361101.98193240.00
59 7181724268077805747704760517207179207 67 39132 39 801191.98195231.00
59 7191724275043334040504033330 48 32 18 27 27 48 27 18 311.36184222.00
59 7201725 13027333327373043260 15 12 18 18 12 22 15 32 181.05160208.00
59 7211725 23730272337303330247 22 15 12  9 22 15 18 15 160.94132189.00
59 7221725 33020302027272043217 15  7 15  7 12 12  7 32 130.84 94178.00
59 7231725 44033302327102027210 27 18 15  9 12  4  7 12 130.73113178.00
59 7241725 53017275033375350297 15  6 12 48 18 22 56 48 281.26108181.00
59 7251725 64343435037475347363 32 32 32 48 22 39 56 39 381.46118182.00
59 7261725 74043404040475047347 27 32 27 27 27 39 48 39 331.36134182.00
59 7271725 84733433727304340300 39 18 32 22 12 15 32 27 251.26156200.00
59 7281725 93723232730272330220 22  9  9 12 15 12  9 15 130.73181205.00
59 7291725102337272023131717177  9 22 12  7  9  5  6  6 100.52182207.00
59 7301725111710 0 7 7 71710 73  6  4  0  3  3  3  6  4  40.10193204.00
59 7311725121737273330203040233  6 22 12 18 15  7 15 27 150.94190208.00
59 8 11725133333433737373323277 18 18 32 22 22 22 18  9 201.05194214.00
59 8 21725144040371317274017230 27 27 22  5  6 12 27  6 160.94210228.00
59 8 31725153030503037373013257 15 15 48 15 22 22 15  5 201.05213240.00
59 8 41725161727174747372733250  6 12  6 39 39 22 12 18 191.05225236.00
59 8 51725172013201327332720173  7  5  7  5 12 18 12  7  90.52212229.00
59 8 61725181030273340435037270  4 15 12 18 27 32 48 22 221.15207227.00
59 8 71725193330272327373023230 18 15 12  9 12 22 15  9 140.84179212.00
59 8 81725202317274033301037217  9  6 12 27 18 15  4 22 140.84175204.00
59 8 91725214013333340434727277 27  5 18 18 27 32 39 12 221.15170204.00
59 8101725223043171330273323217 15 32  6  5 15 12 18  9 140.84155202.00
59 811172523273020132027 717160 12 15  7  5  7 12  3  6  80.52180200.00
59 812172524171317101713 720113  6  5  6  4  6  5  3  7  50.21160196.00
59 8131725251717131713132017127  6  6  5  6  5  5  7  6  60.31125194.00
59 8141725261717131317172013127  6  6  5  5  6  6  7  5  60.31139189.00
59 8151725272717133340504357280 12  6  5 18 27 48 32 67 271.26144190.00
59 8161726 14343677383806773530 32 321111542362071111541301.98157201.00
59 8171726 27783676353705053517179236111 94 56132 48 561141.98166224.00
59 8181726 33043533043404727313 15 32 56 15 32 27 39 12 281.26174229.00
59 8191726 43347433020304030273 18 39 32 15  7 15 27 15 211.15182215.00
59 8201726 52757575040235040343 12 67 67 48 27  9 48 27 381.46180224.00
59 8211726 64737405033405347347 39 22 27 48 18 27 56 39 341.46200230.00
59 8221726 74337433030375040310 32 22 32 15 15 22 48 27 271.26204243.00
59 8231726 83733373747474343323 22 18 22 22 39 39 32 32 281.26205262.00
59 8241726 93737503323302030260 22 22 48 18  9 15  7 15 201.05217245.00
59 8251726103033303330331030230 15 18 15 18 15 18  4 15 150.84212253.00
59 8261726113017301710132017153 15  6 15  6  4  5  7  6  80.42220257.00
59 8271726122710201310 3 3 3 90 12  4  7  5  4  2  2  2  50.21231279.00
59 828172613 0 71310 7 7 313 60  0  3  5  4  3  3  2  5  30.10274302.00
59 8291726143017132727402727207 15  6  5 12 12 27 12 12 130.73301308.00
59 8301726153020202023302317183 15  7  7  7  9 15  9  6  90.52292312.00
59 8311726161723232330232323187  6  9  9  9 15  9  9  9  90.52284305.00
59 9 11726173330333730404327273 18 15 18 22 15 27 32 12 201.05290282.00
59 9 21726184353504727334047340 32 56 48 39 12 18 27 39 341.36256269.00
59 9 31726193027333730374077310 15 12 18 22 15 22 27179 391.46202257.00
59 9 41726206773706360705357513111154132 94 80132 56 671031.98161239.00
59 9 51726215037404040374357343 48 22 27 27 27 22 32 67 341.36148220.00
59 9 617262257373727232310 7220 67 22 22 12  9  9  4  3 181.05152200.00
59 9 717262313 7132023331717143  5  3  5  7  9 18  6  6  70.42135192.00
59 9 81726241720273323301323187  6  7 12 18  9 15  5  9 100.63136199.00
59 9 91726251710102310171320120  6  4  4  9  4  6  5  7  60.31157209.00
59 9101726261713101317201737143  6  5  4  5  6  7  6 22  80.42141201.00
59 9111726272033303737233027237  7 18 15 22 22  9 15 12 150.84155203.00
59 9121727 14730272723302013217 39 15 12 12  9 15  7  5 140.84170195.00
59 9131727 23310201317102353180 18  4  7  5  6  4  9 56 140.84148189.00
59 9141727 33733373337332033263 22 18 22 18 22 18  7 18 181.05151196.00
59 9151727 42317332737334737253  9  6 18 12 22 18 39 22 181.05161184.00
59 9161727 54347232023272723233 32 39  9  7  9 12 12  9 160.94130168.00
59 9171727 62327203033405050273  9 12  7 15 18 27 48 48 231.15 87170.00
59 9181727 73327304740374350307 18 12 15 39 27 22 32 48 271.26100167.00
59 9191727 86060335043232727323 80 80 18 48 32  9 12 12 361.46120175.00
59 9201727 94050535060576357430 27 48 56 48 80 67 94 67 611.77149185.00
59 9211727105767704760676353483 67111132 39 80111 94 56 861.87143182.00
59 9221727116367705757505323440 94111132 67 67 48 56  9 731.87157188.00
59 9231727122727373723474350290 12 12 22 22  9 39 32 48 241.26143182.00
59 9241727134040373350303330293 27 27 22 18 48 15 18 15 241.15155183.00
59 9251727145047404340573347357 48 39 27 32 27 67 18 39 371.46132175.00
59 9261727154030333747303740293 27 15 18 22 39 15 22 27 231.15110164.00
59 9271727163033374037433033283 15 18 22 27 22 32 15 18 211.15102163.00
59 9281727174030373337273327263 27 15 22 18 22 12 18 12 181.05 91162.00
59 929172718301720332313 727170 15  6  7 18  9  5  3 12  90.52 87159.00
59 9301727192013173333303327207  7  5  6 18 18 15 18 12 120.73 86156.00
5910 11727204053605740404047377 27 56 80 67 27 27 27 39 441.57 65150.00
5910 21727212757504020232317257 12 67 48 27  7  9  9  6 231.15 76145.00
5910 31727221027403033576767330  4 12 27 15 18 67111111 461.57 89144.00
5910 41727235070534757304333383 48132 56 39 67 15 32 18 511.67101148.00
5910 51727244743302733436057340 39 32 15 12 18 32 80 67 371.46115155.00
5910 61727255757535347505343413 67 67 56 56 39 48 56 32 531.67128174.00
5910 71727263337273327132340233 18 22 12 18 12  5  9 27 150.94130169.00
5910 817272730271727131710 7147 15 12  6 12  5  6  4  3  80.42115155.00
5910 91728 127131717 71027 3120 12  5  6  6  3  4 12  2  60.31103153.00
5910101728 210101010 72313 7 90  4  4  4  4  3  9  5  3  40.21 91149.00
5910111728 310 010 3 0 01713 53  4  0  4  2  0  0  6  5  30.00 87147.00
5910121728 410 0 3 317233327117  4  0  2  2  6  9 18 12  70.31 81154.00
5910131728 510 713131313 7 7 83  4  3  5  5  5  5  3  3  40.10 78155.00
5910141728 61717203337233330210  6  6  7 18 22  9 18 15 130.73102153.00
5910151728 73033233030273333240 15 18  9 15 15 12 18 18 150.84 96160.00
5910161728 81710 7 3 31020 7 77  6  4  3  2  2  4  7  3  40.10116167.00
5910171728 91017274337303737237  4  6 12 32 22 15 22 22 170.94107169.00
5910181728104743475343473743360 39 32 39 56 32 39 22 32 361.46116171.00
5910191728113740233317133033227 22 27  9 18  6  5 15 18 150.84111173.00
5910201728123720302013 3 3 3130 22  7 15  7  5  2  2  2  80.42108175.00
591021172813 3 7 71013271327107  2  3  3  4  5 12  5 12  60.31111175.00
5910221728143337333333432727267 18 22 18 18 18 32 12 12 191.05129187.00
5910231728153727273317 3 3 0147 22 12 12 18  6  2  2  0  90.52135183.00
591024172816 0 7201723201720123  0  3  7  6  9  7  6  7  60.31143181.00
5910251728173047374337302337283 15 39 22 32 22 15  9 22 221.15137186.00
5910261728183737404050433033310 22 22 27 27 48 32 15 18 261.26126190.00
5910271728192333373023231010190  9 18 22 15  9  9  4  4 110.63128  0.03
591028172820 7 7231710 3 3 0 70  3  3  9  6  4  2  2  0  40.10129  0.03
591029172821 313131017 7 333100  2  5  5  4  6  3  2 18  60.31129  0.03
5910301728225340272333274057300 56 27 12  9 18 12 27 67 281.26131  0.03
5910311728234330335043505057357 32 15 18 48 32 48 48 67 381.46141161.00
5911 11728243750635353373737367 22 48 94 56 56 22 22 22 431.57136159.00
5911 21728255057635057576357453 48 67 94 48 67 67 94 67 691.77121168.00
5911 31728265747475047575047400 67 39 39 48 39 67 48 39 481.67 97165.00
5911 41728272027474350476043337  7 12 39 32 48 39 80 32 361.46103154.00
5911 51729 14750504040273017300 39 48 48 27 27 12 15  6 281.26 91151.00
5911 61729 24340374333233043293 32 27 22 32 18  9 15 32 231.15 98157.00
5911 71729 31337271013233723183  5 22 12  4  5  9 22  9 110.63114161.00
5911 81729 41337273333232713207  5 22 12 18 18  9 12  5 130.73131173.00
5911 91729 5 720 01320273730153  3  7  0  5  7 12 22 15  90.52136183.00
5911101729 63023202327132033190 15  9  7  9 12  5  7 18 100.63142194.00
5911111729 72317 71710 71317110  9  6  3  6  4  3  5  6  50.21153193.00
5911121729 82023 71310172723140  7  9  3  5  4  6 12  9  70.31154192.00
5911131729 92317202733272737210  9  6  7 12 18 12 12 22 120.73149191.00
5911141729104337404747403730320 32 22 27 39 39 27 22 15 281.26137187.00
59111517291127171710 7 7 010 93 12  6  6  4  3  3  0  4  50.21127182.00
591116172912 7 3171323332727150  3  2  6  5  9 18 12 12  80.52113175.00
5911171729132343233333 7 3 7173  9 32  9 18 18  3  2  3 120.73 83161.00
5911181729141723232330304717210  6  9  9  9 15 15 39  6 140.84 73155.00
591119172915202737333023 713190  7 12 22 18 15  9  3  5 110.73 69157.00
59112017291630171313 0 0 3 7 83 15  6  5  5  0  0  2  3  40.21 65154.00
5911211729171023203343403030230  4  9  7 18 32 27 15 15 160.94 70154.00
5911221729183340333733233323257 18 27 18 22 18  9 18  9 170.94110173.00
5911231729195357535043334320353 56 67 56 48 32 18 32  7 401.46131187.00
5911241729202720171327201713153 12  7  6  5 12  7  6  5  80.42151205.00
5911251729212313202733201330180  9  5  7 12 18  7  5 15 100.52162226.00
5911261729222320334030171733213  9  7 18 27 15  6  6 18 130.84161221.00
5911271729233723302020202747223 22  9 15  7  7  7 12 39 150.84157218.00
5911281729246080736743374040440 80207154111 32 22 27 27 821.87151227.00
5911291729253727174033302717227 22 12  6 27 18 15 12  6 150.84161225.00
5911301729262723535753604047360 12  9 56 67 56 80 27 39 431.57175230.00
5912 11729275043434743333017307 48 32 32 39 32 18 15  6 281.26170222.00
5912 21730 13343435040434040333 18 32 32 48 27 32 27 27 301.36165217.00
5912 31730 25047505353574053403 48 39 48 56 56 67 27 56 501.67160202.00
5912 41730 33340272720172323210 18 27 12 12  7  6  9  9 120.73163199.00
5912 51730 4 0 0404763677763357  0  0 27 39 94111179 94 681.77142204.00
5912 61730 53043333330203023243 15 32 18 18 15  7 15  9 160.94147202.00
5912 71730 63027 7 31717 713120 15 12  3  2  6  6  3  5  60.31141191.00
5912 81730 713201710 7272320137  5  7  6  4  3 12  9  7  70.31145193.00
5912 91730 8131327273020 720157  5  5 12 12 15  7  3  7  80.42 94173.00
5912101730 9231717 7 3132313117  9  6  6  3  2  5  9  5  60.31 89174.00
591211173010 32017201323 717120  2  7  6  7  5  9  3  6  60.31 82171.00
5912121730112343273027203040240  9 32 12 15 12  7 15 27 160.94 75169.00
5912131730124033231710233053230 27 18  9  6  4  9 15 56 181.05 73162.00
5912141730134743535047534730370 39 32 56 48 39 56 39 15 401.57 88165.00
5912151730143343434033334043310 18 32 32 27 18 18 27 32 261.26123171.00
5912161730153323303337402330250 18  9 15 18 22 27  9 15 170.94113164.00
5912171730163013272720 71317153 15  5 12 12  7  3  5  6  80.42107167.00
5912181730172017302737201320183  7  6 15 12 22  7  5  7 100.63117169.00
5912191730182327333740272010217  9 12 18 22 27 12  7  4 140.84134180.00
5912201730192320131713201717140  9  7  5  6  5  7  6  6  60.31133178.00
591221173020131313 7 7 31010 77  5  5  5  3  3  2  4  4  40.10131185.00
59122217302117 3 3 310232030110  6  2  2  2  4  9  7 15  60.31126171.00
5912231730222727372727604347293 12 12 22 12 12 80 32 39 281.26122166.00
5912241730234013404033131720217 27  5 27 27 18  5  6  7 150.94116163.00
5912251730242030202717172313167  7 15  7 12  6  6  9  5  80.52121  0.03
5912261730252737334343374047307 12 22 18 32 32 22 27 39 261.26124161.00
5912271730264747405743474043363 39 39 27 67 32 39 27 32 381.46132167.00
5912281730275047434753534730370 48 39 32 39 56 56 39 15 401.57127172.00
5912291731 14040403737271020250 27 27 27 22 22 12  4  7 181.05136171.00
5912301731 21730303737302710217  6 15 15 22 22 15 12  4 140.84127179.00
5912311731 31717272010102313137  6  6 12  7  4  4  9  5  70.31153167.00
