61 1 1174419272730171310 3 7133 12 12 15  6  5  4  2  3  70.42145164.00
61 1 2174420 0 3132013 71010 77  0  2  5  7  5  3  4  4  40.10133176.00
61 1 3174421102023 7 7131010100  4  7  9  3  3  5  4  4  50.21109175.00
61 1 4174422 0 710 71010 310 57  0  3  4  3  4  4  2  4  30.10 84165.00
61 1 5174423 3 01013 7 32320 80  2  0  4  5  3  2  9  7  40.10 78160.00
61 1 6174424 727172723 7 3 7117  3 12  6 12  9  3  2  3  60.31 69143.00
61 1 71744252730131323131027157 12 15  5  5  9  5  4 12  80.52 63132.00
61 1 81744264040373330404327290 27 27 22 18 15 27 32 12 221.15 58125.00
61 1 91744272340474740374350327  9 27 39 39 27 22 32 48 301.36 61122.00
61 1101745 123 313171713 710103  9  2  5  6  6  5  3  4  50.21 53115.00
61 1111745 2 3 7 7 0 3 0 0 0 20  2  3  3  0  2  0  0  0  10.00 43110.00
61 1121745 3 32320 7 7131717107  2  9  7  3  3  5  6  6  50.21 35103.00
61 1131745 42010272733172317173  7  4 12 12 18  6  9  6  90.52 28 96.00
61 1141745 513 7 3 7 3131330 90  5  3  2  3  2  5  5 15  50.21 25 96.00
61 1151745 6302337302720 757230 15  9 22 15 12  7  3 67 191.05 27 97.00
61 1161745 730404013 3 32723180 15 27 27  5  2  2 12  9 120.73 43100.00
61 1171745 82720232323131320163 12  7  9  9  9  5  5  7  80.42 53102.00
61 1181745 92717273347273730243 12  6 12 18 39 12 22 15 170.94 51103.00
61 1191745103723171330435753273 22  9  6  5 15 32 67 56 261.26 50102.00
61 1201745116057504043474017353 80 67 48 27 32 39 27  6 411.57 45102.00
61 1211745121737403740431313240  6 22 27 22 27 32  5  5 181.05 50104.00
61 1221745131320434343403330267  5  7 32 32 32 27 18 15 211.15 44102.00
61 12317451427231713 7201313133 12  9  6  5  3  7  5  5  60.31 35100.00
61 1241745152730433033304027260 12 15 32 15 18 15 27 12 181.05 23103.00
61 1251745164043274040202320253 27 32 12 27 27  7  9  7 181.05 27103.00
61 1261745171720232740302327207  6  7  9 12 27 15  9 12 120.73 43108.00
61 12717451827172723231717 7157 12  6 12  9  9  6  6  3  80.42 47109.00
61 1281745193717172327273720203 22  6  6  9 12 12 22  7 120.73 62125.00
61 1291745202727171730202317177 12 12  6  6 15  7  9  6  90.52 81132.00
61 13017452113271317 0 3 010 83  5 12  5  6  0  2  0  4  40.10 65129.00
61 131174522231710 3 3 3 7 0 67  9  6  4  2  2  2  3  0  40.10 66123.00
61 2 117452310 7 0 3 71017 7 60  4  3  0  2  3  4  6  3  30.10 58123.00
61 2 2174524 7 3 0 3 7 0 0 3 23  3  2  0  2  3  0  0  2  20.00 55122.00
61 2 317452510 3103747302323183  4  2  4 22 39 15  9  9 130.73 59118.00
61 2 41745261320201350436770297  5  7  7  5 48 32111132 431.57 75118.00
61 2 5174527575753372020 710260 67 67 56 22  7  7  3  4 291.36 65118.00
61 2 61746 12323504037472730277  9  9 48 27 22 39 12 15 231.15 56121.00
61 2 71746 23033202323131737197 15 18  7  9  9  5  6 22 110.73 52114.00
61 2 81746 33017201720203023177 15  6  7  6  7  7 15  9  90.52 55111.00
61 2 91746 4302723201717 010143 15 12  9  7  6  6  0  4  70.42 68108.00
61 2101746 517 310 3 0 31320 70  6  2  4  2  0  2  5  7  40.10 61104.00
61 2111746 62730103320 71313153 12 15  4 18  7  3  5  5  90.52 50101.00
61 2121746 7 010 3 3 3 3 310 37  0  4  2  2  2  2  2  4  20.00 35 98.00
61 2131746 81313405043473323263  5  5 27 48 32 39 18  9 231.15 30 97.00
61 2141746 920131313 7133030140  7  5  5  5  3  5 15 15  80.42 26 97.00
61 215174610271717302013 7 3133 12  6  6 15  7  5  3  2  70.42 26 98.00
61 2161746113737475347332327303 22 22 39 56 39 18  9 12 271.26 24 96.00
61 21717461217 7204350374360277  6  3  7 32 48 22 32 80 291.36 39 96.00
61 2181746136753505050534317383111 56 48 48 48 56 32  6 511.67 30 96.00
61 2191746143023333347373023257 15  9 18 18 39 22 15  9 181.05 26 96.00
61 2201746153737404047533340327 22 22 27 27 39 56 18 27 301.36 30 99.00
61 2211746163030373337473743293 15 15 22 18 22 39 22 32 231.15 44100.00
61 2221746173040333327332040257 15 27 18 18 12 18  7 27 181.05 49102.00
61 2231746183027302020173320197 15 12 15  7  7  6 18  7 110.63 48103.00
61 2241746192340401013 7 3 0137  9 27 27  4  5  3  2  0 100.52 58104.00
61 225174620 0 01017 3 31320 67  0  0  4  6  2  2  5  7  30.10 53106.00
61 2261746211310 3 7 71313 7 73  5  4  2  3  3  5  5  3  40.10 52101.00
61 227174622 7332017273013 7153  3 18  7  6 12 15  5  3  90.52 42103.00
61 2281746232330273030172723207  9 15 12 15 15  6 12  9 120.73 25103.00
61 3 11746241327201733 31723153  5 12  7  6 18  2  6  9  80.42 17103.00
61 3 217462523332717 3 71320143  9 18 12  6  2  3  5  7  80.42 33103.00
61 3 3174626301313 71010 3 3 90 15  5  5  3  4  4  2  2  50.21 49104.00
61 3 4174627 0 3 7 72310 0 3 53  0  2  3  3  9  4  0  2  30.10 46 96.00
61 3 51747 110201013 7133357163  4  7  4  5  3  5 18 67 140.84 34 94.00
61 3 61747 267604043431710 3283111 80 27 32 32  6  4  2 371.46 41 93.00
61 3 71747 3 0 0 3 710101720 67  0  0  2  3  4  4  6  7  30.10 38 95.00
61 3 81747 41717 7 7 7101323100  6  6  3  3  3  4  5  9  50.21 49 94.00
61 3 91747 52027271033303037213  7 12 12  4 18 15 15 22 130.84 49 90.00
61 3101747 64047637050301713330 27 39 94132 48 15  6  5 461.57 33 91.00
61 3111747 7 713171720172310123  3  5  6  6  7  6  9  4  60.31 34 98.00
61 3121747 833 7102017 7 723123 18  3  4  7  6  3  3  9  70.31 15 92.00
61 3131747 93020301720301717180 15  7 15  6  7 15  6  6 100.52 27 93.00
61 3141747104347434033374023307 32 39 32 27 18 22 27  9 261.26 46 91.00
61 3151747112040274350273047283  7 27 12 32 48 12 15 39 241.26 42 98.00
61 316174712473353303327 7 7237 39 18 56 15 18 12  3  3 201.05 52 99.00
61 3171747132323474027171013200  9  9 39 27 12  6  4  5 140.84 66 98.00
61 318174714201313 327374030183  7  5  5  2 12 22 27 15 120.73 51101.00
61 3191747151750603747534337343  6 48 80 22 39 56 32 22 381.46 45102.00
61 3201747163730274037273720253 22 15 12 27 22 12 22  7 170.94 39105.00
61 3211747173033172013303010183 15 18  6  7  5 15 15  4 110.63 46105.00
61 322174718273743332317 7 3190 12 22 32 18  9  6  3  2 130.73 60106.00
61 3231747191027272037232013177  4 12 12  7 22  9  7  5 100.52 61110.00
61 3241747201323173323201320163  5  9  6 18  9  7  5  7  80.42 76116.00
61 32517472117 3 7 723131013 93  6  2  3  3  9  5  4  5  50.21 64118.00
61 3261747221023273023131030167  4  9 12 15  9  5  4 15  90.52 63121.00
61 3271747232020232727604717240  7  7  9 12 12 80 39  6 221.15 88125.00
61 32817472440433730302723 7237 27 32 22 15 15 12  9  3 170.94 95126.00
61 329174725 713101723132313120  3  5  4  6  9  5  9  5  60.31 95126.00
61 33017472627403717171310 3163 12 27 22  6  6  5  4  2 100.63 97125.00
61 331174727 3 7 71017332020117  2  3  3  4  6 18  7  7  60.31 93117.00
61 4 11748 14737402720172327237 39 22 27 12  7  6  9 12 170.94 87113.00
61 4 21748 21733402330203330227  6 18 27  9 15  7 18 15 140.84 60105.00
61 4 31748 34060474023272327287 27 80 39 27  9 12  9 12 271.26 55101.00
61 4 41748 4301327 7 7 310 3100 15  5 12  3  3  2  4  2  60.31 73103.00
61 4 51748 523301017 710 3 0100  9 15  4  6  3  4  2  0  50.21 86107.00
61 4 61748 613 7101013173737143  5  3  4  4  5  6 22 22  90.52 82106.00
61 4 71748 73733 72010 71010133 22 18  3  7  4  3  4  4  80.42 64 98.00
61 4 81748 810132327 7 71713117  4  5  9 12  3  3  6  5  60.31 66104.00
61 4 91748 91723276347302723257  6  9 12 94 39 15 12  9 241.26 49 96.00
61 4101748103737333733303327267 22 22 18 22 18 15 18 12 181.05 48 93.00
61 4111748114050303333533317290 27 48 15 18 18 56 18  6 261.26 47 92.00
61 4121748122017332033272317190  7  6 18  7 18 12  9  6 100.63 42 89.00
61 4131748131723171337532720207  6  9  6  5 22 56 12  7 150.94 40 88.00
61 4141748142730273743537073360 12 15 12 22 32 56132154 541.67 41 93.00
61 4151748157770603333433327377179132 80 18 18 32 18 12 611.77 53 98.00
61 4161748162727202330273337223 12 12  7  9 15 12 18 22 130.84 60103.00
61 417174817131713131713 7 0 93  5  6  5  5  6  5  3  0  40.21 78105.00
61 418174818132023171010 310107  5  7  9  6  4  4  2  4  50.21 72107.00
61 4191748191723201013202723153  6  9  7  4  5  7 12  9  70.42 65105.00
61 42017482033202710 7101310130 18  7 12  4  3  4  5  4  70.42 56103.00
61 421174821 0 3 0 313 31013 47  0  2  0  2  5  2  4  5  20.00 52104.00
61 422174822 3 0 71727302733143  2  0  3  6 12 15 12 18  80.52 38103.00
61 4231748231017232027132727163  4  6  9  7 12  5 12 12  80.52 36105.00
61 4241748243327132023232730197 18 12  5  7  9  9 12 15 110.63 36111.00
61 4251748253723131310132013143 22  9  5  5  4  5  7  5  80.42 48111.00
61 4261748262733231730373710213 12 18  9  6 15 22 22  4 140.84 60126.00
61 4271748271730333333231720207  6 15 18 18 18  9  6  7 120.73 82120.00
61 4281749 13323231310 71710137 18  9  9  5  4  3  6  4  70.42 74114.00
61 4291749 223 0 020 7101330103  9  0  0  7  3  4  5 15  50.21 92121.00
61 4301749 32317132027271733177  9  6  5  7 12 12  6 18  90.52 99122.00
61 5 11749 4333713333330 733220 18 22  5 18 18 15  3 18 150.84102125.00
61 5 21749 5574727301017 7 7200 67 39 12 15  4  6  3  3 191.05 84119.00
61 5 31749 6 3131310 7 710 3 67  2  5  5  4  3  3  4  2  40.10 72111.00
61 5 41749 7 0 31010 7173043120  0  2  4  4  3  6 15 32  80.42 55104.00
61 5 51749 82327372323533737260  9 12 22  9  9 56 22 22 201.05 42103.00
61 5 61749 92750504747203737313 12 48 48 39 39  7 22 22 301.36 39 97.00
61 5 71749103730473730372333273 22 15 39 22 15 22  9 18 201.05 37 97.00
61 5 81749112323272020233730203  9  9 12  7  7  9 22 15 110.63 31 94.00
61 5 91749121327404727301320217  5 12 27 39 12 15  5  7 150.94 44 96.00
61 5101749132313172017101733150  9  5  6  7  6  4  6 18  80.42 46 92.00
61 5111749143730332737374327270 22 15 18 12 22 22 32 12 191.05 45 98.00
61 5121749153737302720302733240 22 22 15 12  7 15 12 18 150.94 56101.00
61 5131749165347303037232320263 56 39 15 15 22  9  9  7 221.15 52 97.00
61 514174917303727301713 7 7167 15 22 12 15  6  5  3  3 100.63 46 93.00
61 515174918 0 3 313 7131723 80  0  2  2  5  3  5  6  9  40.10 38 91.00
61 5161749194053473043403027310 27 56 39 15 32 27 15 12 281.26 31 88.00
61 517174920301713232723 310147 15  6  5  9 12  9  2  4  80.42 23 88.00
61 51817492110 71010 7 3 3 3 53  4  3  4  4  3  2  2  2  30.10 44 95.00
61 5191749221720172020202033167  6  7  6  7  7  7  7 18  80.42 47100.00
61 52017492333433720232023 7207 18 32 22  7  9  7  9  3 130.84 59105.00
61 5211749241310131010102320110  5  4  5  4  4  4  9  7  50.21 66110.00
61 5221749252723231717303720193 12  9  9  6  6 15 22  7 110.63 71109.00
61 5231749262337232737372713223  9 22  9 12 22 22 12  5 140.84 74110.00
61 5241749273023171317201023153 15  9  6  5  6  7  4  9  80.42 78108.00
61 5251750 13757573743374320330 22 67 67 22 32 22 32  7 341.36 72106.00
61 5261750 2371020132310 713133 22  4  7  5  9  4  3  5  70.42 47 88.00
61 5271750 3232323101310 310117  9  9  9  4  5  4  2  4  60.31 41 95.00
61 5281750 410 7101730303333170  4  3  4  6 15 15 18 18 100.63 38 91.00
61 5291750 5102717 3 3 713 7 87  4 12  6  2  2  3  5  3  50.21 36 91.00
61 5301750 61313232727271323167  5  5  9 12 12 12  5  9  90.52 41 88.00
61 5311750 73733373740403337293 22 18 22 22 27 27 18 22 221.15 24 88.00
61 6 11750 83030304757533330310 15 15 15 39 67 56 18 15 301.36 30 86.00
61 6 21750 93723374747475010297 22  9 22 39 39 39 48  4 281.26 42 88.00
61 6 3175010233733301310 717170  9 22 18 15  5  4  3  6 100.63 48 92.00
61 6 4175011172327233013 713153  6  9 12  9 15  5  3  5  80.42 62 89.00
61 6 51750121330272313202320170  5 15 12  9  5  7  9  7  90.52 55 86.00
61 6 61750131717271323534030220  6  6 12  5  9 56 27 15 170.94 49 88.00
61 6 71750142027374350374033287  7 12 22 32 48 22 27 18 241.15 40 89.00
61 6 81750154033333033272727250 27 18 18 15 18 12 12 12 160.94 45 91.00
61 6 9175016 710202013202320133  3  4  7  7  5  7  9  7  60.31 58100.00
61 6101750171313171320 3 0 0 80  5  5  6  5  7  2  0  0  40.10 77102.00
61 611175018 3 7 3 3 7 710 0 40  2  3  2  2  3  3  4  0  20.00 82110.00
61 612175019103727202020 7 3143  4 22 12  7  7  7  3  2  80.42 72108.00
61 613175020 3 7 31310 7 710 60  2  3  2  5  4  3  3  4  30.10 75114.00
61 61417502110 0 710 3 3 733 73  4  0  3  4  2  2  3 18  40.21 80123.00
61 6151750222323203330272317197  9  9  7 18 15 12  9  6 110.63123129.00
61 6161750233720132320272717183 22  7  5  9  7 12 12  6 100.63128132.00
61 6171750241317 31327101320117  5  6  2  5 12  4  5  7  60.31128137.00
61 6181750251317203027333343217  5  6  7 15 12 18 18 32 140.84128136.00
61 6191750262330201710 72017143  9 15  7  6  4  3  7  6  70.42112131.00
61 62017502717232317 3203340177  6  9  9  6  2  7 18 27 100.63116131.00
61 6211751 15047435757435070417 48 39 32 67 67 32 48132 581.77128132.00
61 6221751 27057475040505350417132 67 39 48 27 48 56 48 581.77123134.00
61 6231751 3371710 717272023157 22  6  4  3  6 12  7  9  90.52 96135.00
61 6241751 42320101013131713120  9  7  4  4  5  5  6  5  60.31 87117.00
61 6251751 51717133020202033170  6  6  5 15  7  7  7 18  90.52 70111.00
61 6261751 61310 3 3302020 7107  5  4  2  2 15  7  7  3  60.31 56108.00
61 6271751 7 31730302713 3 3127  2  6 15 15 12  5  2  2  70.42 51 99.00
61 6281751 8 31013171713 710 90  2  4  5  6  6  5  3  4  40.21 38 95.00
61 6291751 93363473327202017260 18 94 39 18 12  7  7  6 251.26 59102.00
61 6301751102313 7 3 3 31013 77  9  5  3  2  2  2  4  5  40.10 63103.00
61 7 1175111272727302027 310170 12 12 12 15  7 12  2  4 100.52 60104.00
61 7 21751121323272317333730203  5  9 12  9  6 18 22 15 120.73 65 99.00
61 7 31751131720334043402313230  6  7 18 27 32 27  9  5 160.94 68104.00
61 7 41751142313172330273053217  9  5  6  9 15 12 15 56 160.94 63103.00
61 7 51751156063404050473040370 80 94 27 27 48 39 15 27 451.57 44106.00
61 7 61751163040272320472723237 15 27 12  9  7 39 12  9 160.94 55102.00
61 7 717511740273330332717 7213 27 12 18 15 18 12  6  3 140.84 57105.00
61 7 81751181720272727231727183  6  7 12 12 12  9  6 12 100.52 60107.00
61 7 917511923233720132710 7160  9  9 22  7  5 12  4  3  90.52 65112.00
61 7101751202740372727331720227 12 27 22 12 12 18  6  7 140.84 73124.00
61 7111751213020131313272723167 15  7  5  5  5 12 12  9  90.52 85138.00
61 7121751221710271010 313 3 93  6  4 12  4  4  2  5  2  50.21 96137.00
61 713175123 310 76380837763387  2  4  3 94207236179 941021.98 86141.00
61 7141751244730678373676340470 39 15111236154111 94 27 981.98113136.00
61 7151751253047303043234747297 15 39 15 15 32  9 39 39 251.26107136.00
61 7161751265740272333333727277 67 27 12  9 18 18 22 12 231.15 99132.00
61 7171751273027233743236363310 15 12  9 22 32  9 94 94 361.46 92137.00
61 7181752 15063605077705763490 48 94 80 48179132 67 94 931.98 82131.00
61 7191752 2604713 317101013173 80 39  5  2  6  4  4  5 181.05 86126.00
61 7201752 32030332017304053243  7 15 18  7  6 15 27 56 191.05 85123.00
61 7211752 45057572733404027330 48 67 67 12 18 27 27 12 351.46 85118.00
61 7221752 5272737302727 710190 12 12 22 15 12 12  3  4 120.73 75119.00
61 7231752 61010173337503730223  4  4  6 18 22 48 22 15 170.94 81118.00
61 7241752 72033333333231323213  7 18 18 18 18  9  5  9 130.73 78118.00
61 7251752 84033333023172023220 27 18 18 15  9  6  7  9 140.84 63117.00
61 7261752 94037172017105353247 27 22  6  7  6  4 56 56 231.15 62115.00
61 7271752104043838360536373500 27 32236236 80 56 941541141.98 53111.00
61 7281752114030333320374023257 27 15 18 18  7 22 27  9 181.05 42105.00
61 7291752121733231323131720160  6 18  9  5  9  5  6  7  80.42 32103.00
61 7301752132317301713102320153  9  6 15  6  5  4  9  7  80.42 30 92.00
61 73117521413 7101727172317130  5  3  4  6 12  6  9  6  60.31 34 91.00
61 8 11752153033131010101727150 15 18  5  4  4  4  6 12  80.52 39 90.00
61 8 21752165363574340403330360 56 94 67 32 27 27 18 15 421.57 17 87.00
61 8 31752172737373333273337263 12 22 22 18 18 12 18 22 181.05 24 91.00
61 8 41752184737373330272717253 39 22 22 18 15 12 12  6 181.05 23 88.00
61 8 51752191317233327171723170  5  6  9 18 12  6  6  9  90.52 14 90.00
61 8 61752202313131723171723147  9  5  5  6  9  6  6  9  70.31 11 92.00
61 8 7175221 3 7 3 720 71720 83  2  3  2  3  7  3  6  7  40.10 14 99.00
61 8 81752221020404030234713223  4  7 27 27 15  9 39  5 170.94 37105.00
61 8 9175223172313 31010 3 0 80  6  9  5  2  4  4  2  0  40.10 59113.00
61 8101752242327332337202017200  9 12 18  9 22  7  7  6 110.63 84122.00
61 8111752253743273347333740297 22 32 12 18 39 18 22 27 241.15109130.00
61 812175226172017 3 7172330133  6  7  6  2  3  6  9 15  70.31103128.00
61 8131752272310 3 3 0 0 3 0 43  9  4  2  2  0  0  2  0  20.00103128.00
61 8141753 1 0 01013304027 7127  0  0  4  5 15 27 12  3  80.42104127.00
61 8151753 21013371720201317147  4  5 22  6  7  7  5  6  80.42108123.00
61 8161753 3272310 3 3 7 710 90 12  9  4  2  2  3  3  4  50.21 98119.00
61 8171753 41010102313 72013107  4  4  4  9  5  3  7  5  50.21 85119.00
61 8181753 510 310172020 713100  4  2  4  6  7  7  3  5  50.21 71116.00
61 8191753 6173333272313 313163  6 18 18 12  9  5  2  5  90.52 72113.00
61 8201753 7 7 7 02320302310120  3  3  0  9  7 15  9  4  60.31 52109.00
61 8211753 817171313131310 7103  6  6  5  5  5  5  4  3  50.21 45104.00
61 8221753 9 7 3 7 3 3 3 3 7 37  3  2  3  2  2  2  2  3  20.00 39103.00
61 823175310 3 3 7 3 7 7 710 47  2  2  3  2  3  3  3  4  30.00 33 98.00
61 824175311 0 0 3 710232320 87  0  0  2  3  4  9  9  7  40.10 37 97.00
61 8251753122017202330171733177  7  6  7  9 15  6  6 18  90.52 49 93.00
61 8261753132023203323133033197  7  9  7 18  9  5 15 18 110.63 45 95.00
61 8271753143020331010131310140 15  7 18  4  4  5  5  4  80.42 54 95.00
61 8281753152320101310 71013107  9  7  4  5  4  3  4  5  50.21 36100.00
61 82917531617 7 31313375047187  6  3  2  5  5 22 48 39 160.94 54103.00
61 8301753174737234360533747347 39 22  9 32 80 56 22 39 371.46 58106.00
61 8311753184753502733403337320 39 56 48 12 18 27 18 22 301.36 54108.00
61 9 11753194347434323334343320 32 39 32 32  9 18 32 32 281.26 51110.00
61 9 21753202320304327271327210  9  7 15 32 12 12  5 12 130.73 53110.00
61 9 31753213037333013172013193 15 22 18 15  5  6  7  5 120.73 54117.00
61 9 4175322 710232017 3 323107  3  4  9  7  6  2  2  9  50.21 55118.00
61 9 51753233730271320202727200 22 15 12  5  7  7 12 12 120.73 55114.00
61 9 61753241327 71313 7 3 3 87  5 12  3  5  5  3  2  2  50.21 57112.00
61 9 7175325 71013 7 3 71010 67  3  4  5  3  2  3  4  4  40.10 51115.00
61 9 8175326 310 7 7 7101310 67  2  4  3  3  3  4  5  4  40.10 33117.00
61 9 9175327101333371313 717143  4  5 18 22  5  5  3  6  80.52 45126.00
61 9101754 12710 72017231720140 12  4  3  7  6  9  6  7  70.31 57130.00
61 9111754 21023132323303040193  4  9  5  9  9 15 15 27 120.73 54127.00
61 9121754 32343503023101030220  9 32 48 15  9  4  4 15 170.94 62130.00
61 9131754 4172010 7 3272730140  6  7  4  3  2 12 12 15  80.42 82130.00
61 9141754 53040373760233343303 15 27 22 22 80  9 18 32 281.26109137.00
61 9151754 62713231720 7 313123 12  5  9  6  7  3  2  5  60.31114135.00
61 9161754 72020132027132023157  7  7  5  7 12  5  7  9  70.42102133.00
61 9171754 840432020131313 3167 27 32  7  7  5  5  5  2 110.63 84124.00
61 9181754 92033 7102027 7 3127  7 18  3  4  7 12  3  2  70.42 73115.00
61 919175410 313 3 313 3 3 3 47  2  5  2  2  5  2  2  2  30.00 70108.00
61 9201754111723271317273023177  6  9 12  5  6 12 15  9  90.52 46101.00
61 921175412 3 3 7 7 3 7 7 3 40  2  2  3  3  2  3  3  2  20.00 41 96.00
61 922175413 3 7 71027202017110  2  3  3  4 12  7  7  6  60.21 40 92.00
61 923175414 7 0 0 7 7 71010 47  3  0  0  3  3  3  4  4  20.00 43 90.00
61 9241754151313275360605050327  5  5 12 56 80 80 48 48 421.57 74 97.00
61 9251754165053604037332730330 48 56 80 27 22 18 12 15 351.46 83 97.00
61 9261754173330232333433337257 18 15  9  9 18 32 18 22 181.05 74 98.00
61 9271754183747434743402020297 22 39 32 39 32 27  7  7 261.26 67 96.00
61 92817541913 3 7 7 3 31330 80  5  2  3  3  2  2  5 15  50.21 69 96.00
61 9291754202020171013201310123  7  7  6  4  5  7  5  4  60.31 58102.00
61 9301754212030171720 34780233  7 15  6  6  7  2 39207 361.46 52100.00
6110 11754228783707747202023427300236132179 39  7  7  91141.98 45 98.00
6110 2175423 7101313172720 3110  3  4  5  5  6 12  7  2  60.21 47 97.00
6110 317542410 3101320201710103  4  2  4  5  7  7  6  4  50.21 58 97.00
6110 4175425 710 31327201730127  3  4  2  5 12  7  6 15  70.31 55102.00
6110 517542623 71013 3 010 3 70  9  3  4  5  2  0  4  2  40.10 48108.00
6110 6175427 7 3131713172017107  3  2  5  6  5  6  7  6  50.21 45101.00
6110 71755 13323171717 0 3 7117 18  9  6  6  6  0  2  3  60.31 43 99.00
6110 81755 2 01730231017 7 7110  0  6 15  9  4  6  3  3  60.31 46 98.00
6110 91755 3172010 7 3 0 0 0 57  6  7  4  3  2  0  0  0  30.00 47107.00
6110101755 4 3 3 3 0 3 31313 43  2  2  2  0  2  2  5  5  20.00 53106.00
6110111755 51317273330173327197  5  6 12 18 15  6 18 12 120.73 58107.00
6110121755 65043402727331723260 48 32 27 12 12 18  6  9 201.05 76111.00
6110131755 72343372710271327207  9 32 22 12  4 12  5 12 140.84 47111.00
6110141755 83313202023 3 0 7120 18  5  7  7  9  2  0  3  60.31 44105.00
6110151755 9 7 3 310 31013 3 53  3  2  2  4  2  4  5  2  30.10 53106.00
611016175510 0 0 3 3 3 0 0 0 10  0  0  2  2  2  0  0  0  10.00 46100.00
611017175511 0 0 0 0 0 0 020 20  0  0  0  0  0  0  0  7  10.00 39 97.00
611018175512 31010 3 7 7 7 7 53  2  4  4  2  3  3  3  3  30.10 44 95.00
61101917551320231310 7 31323113  7  9  5  4  3  2  5  9  60.21 52 95.00
61102017551453474317 310 7 3183 56 39 32  6  2  4  3  2 181.05 38 93.00
61102117551517 7 72023232330150  6  3  3  7  9  9  9 15  80.42 47 92.00
611022175516171710201717 3 7107  6  6  4  7  6  6  2  3  50.21 33 89.00
611023175517 3 71010 3202030103  2  3  4  4  2  7  7 15  60.21 16 85.00
6110241755181727171710 3 7 3100  6 12  6  6  4  2  3  2  50.21 17 85.00
61102517551910 7101023272730143  4  3  4  4  9 12 12 15  80.42 16 83.00
6110261755202737503330335353317 12 22 48 18 15 18 56 56 311.36 13 83.00
6110271755214353374330304047323 32 56 22 32 15 15 27 39 301.36  8 84.00
6110281755222323506380808773480  9  9 48 942072073001541281.98  8 86.00
611029175523575360402013 723273 67 56 80 27  7  5  3  9 321.36  9 85.00
611030175524 3 0172720301013120  2  0  6 12  7 15  4  5  60.31  9 87.00
6110311755251010331013 3 3 3 87  4  4 18  4  5  2  2  2  50.21  8 86.00
6111 11755261023171713 317 7107  4  9  6  6  5  2  6  3  50.21  0 86.00
6111 2175527 3 017202010 7 7 83  2  0  6  7  7  4  3  3  40.10  0 83.00
6111 31756 117272010 3 0 013 90  6 12  7  4  2  0  0  5  40.21  0 81.00
6111 41756 2 7 3 3 3 3 71730 73  3  2  2  2  2  3  6 15  40.21 10 82.00
6111 51756 33033303047302340263 15 18 15 15 39 15  9 27 191.05 19 87.00
6111 61756 42740474023 7 720210 12 27 39 27  9  3  3  7 160.94 25 87.00
6111 71756 52730435043536350360 12 15 32 48 32 56 94 48 421.57 48 93.00
6111 81756 65743402033 73330263 67 32 27  7 18  3 18 15 231.15 54 99.00
6111 91756 73320372323233010200 18  7 22  9  9  9 15  4 120.73 76 98.00
6111101756 8172710101010 3 3 90  6 12  4  4  4  4  2  2  50.21 67101.00
6111111756 9 0 0 7 3 310 723 53  0  0  3  2  2  4  3  9  30.10 53 99.00
6111121756103330332330332033237 18 15 18  9 15 18  7 18 150.84 50 94.00
6111131756112713 7 7 0 0 713 73 12  5  3  3  0  0  3  5  40.10 49 91.00
6111141756122040472010132017187  7 27 39  7  4  5  7  6 130.73 48 86.00
611115175613 0 7 0 3 0 0 010 20  0  3  0  2  0  0  0  4  10.00 47 84.00
611116175614 0 0 0 3 3 0 730 43  0  0  0  2  2  0  3 15  30.00 31 86.00
611117175615231710 740432347210  9  6  4  3 27 32  9 39 160.94 11 83.00
6111181756165040635750475033390 48 27 94 67 48 39 48 18 491.67 17 79.00
6111191756174333331723 3 3 3160 32 18 18  6  9  2  2  2 110.63 10 77.00
611120175618 323372737302327207  2  9 22 12 22 15  9 12 130.73 15 80.00
61112117561930301313 3101320133 15 15  5  5  2  4  5  7  70.42 26 83.00
61112217562020 0 710 7 7 0 0 50  7  0  3  4  3  3  0  0  20.00 24 84.00
611123175621 0 0 0 0 7 7 7 7 27  0  0  0  0  3  3  3  3  20.00 12 87.00
611124175622 7 3 7 3 310 710 50  3  2  3  2  2  4  3  4  30.10 18 87.00
611125175623 71020231010 7 3 90  3  4  7  9  4  4  3  2  40.21 29 92.00
611126175624 010132310101320100  0  4  5  9  4  4  5  7  50.21 36 93.00
61112717562520 3 7 7101317 0 77  7  2  3  3  4  5  6  0  40.10 37 95.00
611128175626 0 3 0 3 31320 7 50  0  2  0  2  2  5  7  3  30.00 38 98.00
611129175627131710 3 3 3 0 7 57  5  6  4  2  2  2  0  3  30.10 53 98.00
6111301757 1 7 010 0 3 3 7 7 37  3  0  4  0  2  2  3  3  20.00 75104.00
6112 11757 2 317435077604750347  2  6 32 48179 80 39 48 541.67 82105.00
6112 21757 35347405753636363440 56 39 27 67 56 94 94 94 661.77 80108.00
6112 31757 46757635050303743397111 67 94 48 48 15 22 32 551.67 77111.00
6112 41757 52323232723301023183  9  9  9 12  9 15  4  9 100.52 67105.00
6112 51757 6132017 023433723177  5  7  6  0  9 32 22  9 110.63 55101.00
6112 61757 73037101033433320217 15 22  4  4 18 32 18  7 150.84 38101.00
6112 71757 82017202733 0 0 0117  7  6  7 12 18  0  0  0  60.31 31 94.00
6112 81757 9 0 0 310 3 3 3 0 23  0  0  2  4  2  2  2  0  20.00 31 96.00
6112 9175710 0 7101310 713 7 67  0  3  4  5  4  3  5  3  30.10 31 92.00
611210175711 013 32017202323120  0  5  2  7  6  7  9  9  60.31 14 87.00
6112111757123027373013333023223 15 12 22 15  5 18 15  9 140.84  0 82.00
6112121757133033 0 3 710 3 0 87 15 18  0  2  3  4  2  0  60.21  0 78.00
611213175714 0 0 010 3131330 70  0  0  0  4  2  5  5 15  40.10  0 82.00
61121417571527 7 7 3 3 7 720 80 12  3  3  2  2  3  3  7  40.21 10 81.00
6112151757161027171717 7 330127  4 12  6  6  6  3  2 15  70.31  8 81.00
611216175717 7131310 7 3 317 73  3  5  5  4  3  2  2  6  40.10  7 81.00
61121717571823131010 0 3 3 7 70  9  5  4  4  0  2  2  3  40.10  7 79.00
6112181757191313 3 3 0 0 0 3 37  5  5  2  2  0  0  0  2  20.00 10 81.00
611219175720 0 3 0 0 010 3 0 17  0  2  0  0  0  4  2  0  10.00 12 82.00
611220175721 3 0101310 7 710 60  2  0  4  5  4  3  3  4  30.10 21 88.00
611221175722 320 7 7 0 0 713 57  2  7  3  3  0  0  3  5  30.10 21 90.00
6112221757231017 31027201310110  4  6  2  4 12  7  5  4  60.21 47 99.00
6112231757241727272033131043190  6 12 12  7 18  5  4 32 120.73 56101.00
6112241757253023172330271717183 15  9  6  9 15 12  6  6 100.52 77104.00
611225175726 3 0 0 7 0 7 3 7 27  2  0  0  3  0  3  2  3  20.00 94  0.03
611226175727 313101013 7 713 77  2  5  4  4  5  3  3  5  40.10 80102.00
6112271758 13330231723131710167 18 15  9  6  9  5  6  4  90.52 70103.00
6112281758 21720204040403040247  6  7  7 27 27 27 15 27 181.05 74 98.00
6112291758 34027132320231343203 27 12  5  9  7  9  5 32 130.84 55 98.00
6112301758 42740233327402330243 12 27  9 18 12 27  9 15 160.94 45 94.00
6112311758 51717131313173313137  6  6  5  5  5  6 18  5  70.42 38 93.00
