65 1 1179822 0 7 7 3 3101017 57  0  3  3  2  2  4  4  6  30.10 23 82.70
65 1 21798232320132030302733197  9  7  5  7 15 15 12 18 110.63 26 81.50
65 1 317982440 31310 327 7 7110 27  2  5  4  2 12  3  3  70.42 31 79.40
65 1 417982510 0 71013102017 87  4  0  3  4  5  4  7  6  40.10 31 78.00
65 1 517982613 0 0 3 720 0 7 50  5  0  0  2  3  7  0  3  20.00 26 77.40
65 1 6179827 7 0 7 7 7 0 3 7 37  3  0  3  3  3  0  2  3  20.00 19 77.70
65 1 71799 1 013 3 717231020 93  0  5  2  3  6  9  4  7  40.21 18 75.70
65 1 81799 24313232733271727210 32  5  9 12 18 12  6 12 130.84 17 74.90
65 1 91799 3132710 713132033137  5 12  4  3  5  5  7 18  70.42 11 74.10
65 1101799 4101010 713201723110  4  4  4  3  5  7  6  9  50.21  8 73.50
65 1111799 51310 0 0 3 3 0 3 33  5  4  0  0  2  2  0  2  20.00  7 72.70
65 1121799 61017103033332337193  4  6  4 15 18 18  9 22 120.73  0 72.60
65 1131799 74337272023232013207 32 22 12  7  9  9  7  5 130.73  0 72.50
65 1141799 8172317232317 7 7133  6  9  6  9  9  6  3  3  60.31  7 72.00
65 1151799 913231020171717 7123  5  9  4  7  6  6  6  3  60.31  8 72.40
65 116179910 3 0 7 7 7 7 317 50  2  0  3  3  3  3  2  6  30.00  7 71.40
65 11717991117 3 72337332727173  6  2  3  9 22 18 12 12 100.63  7 71.20
65 118179912 7271710 3 71017 97  3 12  6  4  2  3  4  6  50.21 20 72.10
65 119179913171713 0 3 3 727 87  6  6  5  0  2  2  3 12  40.21 22 71.50
65 12017991410 3 7 0 0203040110  4  2  3  0  0  7 15 27  70.42 28 73.70
65 121179915404013 313 71313143 27 27  5  2  5  3  5  5 100.63 23 74.10
65 1221799162737572727302320247 12 22 67 12 12 15  9  7 201.05 22 74.40
65 1231799172027232013 71720147  7 12  9  7  5  3  6  7  70.42 13 73.40
65 12417991810 3 3 0 3 0 3 7 30  4  2  2  0  2  0  2  3  20.00 19 74.10
65 125179919 713 3 0 0 0 3 7 33  3  5  2  0  0  0  2  3  20.00 18 73.10
65 126179920 7 013131010 0 3 57  3  0  5  5  4  4  0  2  30.10 18 73.50
65 127179921132317 713201020123  5  9  6  3  5  7  4  7  60.31 34 76.80
65 12817992223 7 31317 31717100  9  3  2  5  6  2  6  6  50.21 17 75.10
65 1291799232710 3 71010 720 93 12  4  2  3  4  4  3  7  50.21 25 76.60
65 1301799242713 717 7 7 0 7 83 12  5  3  6  3  3  0  3  40.21 22 78.60
65 13117992510 7 0 7 0 01317 53  4  3  0  3  0  0  5  6  30.00 15 77.70
65 2 117992627201010 0 0 0 3 70 12  7  4  4  0  0  0  2  40.10 14 76.20
65 2 2179927 317 7 0 0 3 710 47  2  6  3  0  0  2  3  4  20.00 13 76.80
65 2 31800 1101310 710 3 730 90  4  5  4  3  4  2  3 15  50.21 13 76.40
65 2 41800 23023232720232717190 15  9  9 12  7  9 12  6 100.63 13 75.20
65 2 51800 31713 71013171713107  6  5  3  4  5  6  6  5  50.21 10 74.10
65 2 61800 4301317 330473323197 15  5  6  2 15 39 18  9 140.84 23 74.10
65 2 71800 53753573340433027320 22 56 67 18 27 32 15 12 311.36 23 75.20
65 2 81800 613 71317 7205053180  5  3  5  6  3  7 48 56 170.94 17 73.40
65 2 91800 72720102330332320187 12  7  4  9 15 18  9  7 100.63 23 73.40
65 2101800 82333273327232023210  9 18 12 18 12  9  7  9 120.73 17 73.90
65 2111800 92027401013202720177  7 12 27  4  5  7 12  7 100.63 17 71.80
65 2121800102013101710 3 3 0 77  7  5  4  6  4  2  2  0  40.10 23 71.20
65 213180011 7 01310 7131717 83  3  0  5  4  3  5  6  6  40.10 25 70.60
65 2141800121727333723132720197  6 12 18 22  9  5 12  7 110.73 16 70.10
65 2151800133020101730401730193 15  7  4  6 15 27  6 15 120.73 23 70.80
65 216180014233010171313 713127  9 15  4  6  5  5  3  5  60.31 15 71.40
65 21718001517 0 01017 0 0 7 50  6  0  0  4  6  0  0  3  20.00  8 71.60
65 218180016 0 0 0 313101030 67  0  0  0  2  5  4  4 15  40.10  8 70.50
65 219180017 317 3 710 7 720 73  2  6  2  3  4  3  3  7  40.10  0 70.60
65 2201800181710131013201017110  6  4  5  4  5  7  4  6  50.21  0 69.80
65 2211800192347233333333027250  9 39  9 18 18 18 15 12 170.94  7 70.00
65 22218002020 710 7 7 71723 97  7  3  4  3  3  3  6  9  50.21  0 70.30
65 2231800212017172733434737240  7  6  6 12 18 32 39 22 181.05  0 71.50
65 2241800223030202720131733190 15 15  7 12  7  5  6 18 110.63 13 72.90
65 2251800235023232717131030193 48  9  9 12  6  5  4 15 140.84 15 72.70
65 2261800242020271717231713153  7  7 12  6  6  9  6  5  70.42 22 72.30
65 2271800252313102730271027167  9  5  4 12 15 12  4 12  90.52 23 74.60
65 2281800262720 71313202013133 12  7  3  5  5  7  7  5  60.31 18 74.80
65 3 11800271013 31323331713127  4  5  2  5  9 18  6  5  70.31 16 75.10
65 3 21801 1 013131320333320147  0  5  5  5  7 18 18  7  80.42  7 74.00
65 3 31801 23337403033474740307 18 22 27 15 18 39 39 27 261.26  0 73.70
65 3 41801 340604033201310 7223 27 80 27 18  7  5  4  3 211.15  8 73.80
65 3 51801 4 0 7203320172017133  0  3  7 18  7  6  7  6  70.31 13 74.80
65 3 61801 51010 3 7 3102023 87  4  4  2  3  2  4  7  9  40.21 26 75.50
65 3 71801 630171717232010 3137 15  6  6  6  9  7  4  2  70.31 26 75.80
65 3 81801 7 3 3 710 7 3 3 0 37  2  2  3  4  3  2  2  0  20.00  7 73.40
65 3 91801 810 717 717 7 313 80  4  3  6  3  6  3  2  5  40.10  0 71.90
65 3101801 913 0 0 310 0 3 0 30  5  0  0  2  4  0  2  0  20.00 12 72.10
65 311180110171310 7 3 710 3 70  6  5  4  3  2  3  4  2  40.10  9 70.90
65 312180111 0 3 3 023132320 87  0  2  2  0  9  5  9  7  40.10 18 72.60
65 31318011217202333332713 3170  6  7  9 18 18 12  5  2 100.52 16 74.60
65 314180113 320101023172027130  2  7  4  4  9  6  7 12  60.31 17 73.70
65 3151801143320332713273310197 18  7 18 12  5 12 18  4 120.73 12 71.90
65 3161801151320 310 3 3 323 80  5  7  2  4  2  2  2  9  40.10  9 70.50
65 317180116 7101310172320 3103  3  4  5  4  6  9  7  2  50.21 11 70.80
65 318180117 3 3 7 0 7 3 0 0 23  2  2  3  0  3  2  0  0  20.00 22 74.30
65 319180118 0 3171713 3 717 77  0  2  6  6  5  2  3  6  40.10 17 76.30
65 32018011920 0 32023 71713103  7  0  2  7  9  3  6  5  50.21 19 73.80
65 3211801202710101727171333153 12  4  4  6 12  6  5 18  80.52  9 73.40
65 322180121 7 3 7 3 7133040110  3  2  3  2  3  5 15 27  80.42  0 72.10
65 3231801222037433030435043297  7 22 32 15 15 32 48 32 251.26  0 72.50
65 3241801231317304037202023200  5  6 15 27 22  7  7  9 120.73  7 72.00
65 3251801242033504323174023250  7 18 48 32  9  6 27  9 201.05 17 73.40
65 3261801254330372317172023210 32 15 22  9  6  6  7  9 130.84 10 73.00
65 3271801262723271713203013170 12  9 12  6  5  7 15  5  90.52 18 71.80
65 328180127 7202713 713 3 3 93  3  7 12  5  3  5  2  2  50.21 12 71.40
65 3291802 1201713 720172010123  7  6  5  3  7  6  7  4  60.31  9 71.70
65 3301802 2 0 0 3 7101010 3 43  0  0  2  3  4  4  4  2  20.00  9 71.20
65 3311802 313201317 3 3 310 83  5  7  5  6  2  2  2  4  40.10  8 71.40
65 4 11802 4231713 310 7 7 3 83  9  6  5  2  4  3  3  2  40.10  0 71.10
65 4 21802 5 31010 7 0 3 0 7 40  2  4  4  3  0  2  0  3  20.00  0 71.50
65 4 31802 6 010 7 313 7 7 7 53  0  4  3  2  5  3  3  3  30.10  0 71.30
65 4 41802 7 3202720232010 3127  2  7 12  7  9  7  4  2  60.31  0 71.10
65 4 51802 8 327 7 3 3 3 710 63  2 12  3  2  2  2  3  4  40.10  0 70.80
65 4 61802 9132013 723271723143  5  7  5  3  9 12  6  9  70.42  0 71.00
65 4 7180210303313132717 710150 15 18  5  5 12  6  3  4  80.52  0 70.80
65 4 818021110 3 3 71010 717 67  4  2  2  3  4  4  3  6  40.10  0 70.70
65 4 9180212304030 7 7201727177 15 27 15  3  3  7  6 12 110.63  0 71.90
65 41018021333201017 3 3 7 7100 18  7  4  6  2  2  3  3  60.31  0 73.40
65 411180214171010 710303713133  6  4  4  3  4 15 22  5  80.42  0 74.10
65 4121802152323 7 713102723133  9  9  3  3  5  4 12  9  70.31  9 73.70
65 413180216272017 71010 3 7100 12  7  6  3  4  4  2  3  50.21  9 74.00
65 4141802171720 7101713 310 97  6  7  3  4  6  5  2  4  50.21 15 75.80
65 4151802181320 7 3 717 710 83  5  7  3  2  3  6  3  4  40.10 27 75.50
65 4161802191713 7 7 7 710 3 70  6  5  3  3  3  3  4  2  40.10 18 75.10
65 417180220 0 3 7 330434020147  0  2  3  2 15 32 27  7 110.63 17 73.80
65 4181802214070776353433323403 27132179 94 56 32 18  9 681.77  8 73.70
65 4191802223017133027372737217 15  6  5 15 12 22 12 22 140.84  7 74.80
65 4201802233023202737131017177 15  9  7 12 22  5  4  6 100.63  7 73.10
65 42118022413 0 0 7101310 7 60  5  0  0  3  4  5  4  3  30.10  9 73.70
65 422180225 713 72010 7 327 93  3  5  3  7  4  3  2 12  50.21 15 73.50
65 423180226 7101310 717 723 93  3  4  5  4  3  6  3  9  50.21 17 74.00
65 4241802272010 7202317 3 0100  7  4  3  7  9  6  2  0  50.21 10 71.60
65 4251803 1 71310 7 7171013 83  3  5  4  3  3  6  4  5  40.10  7 70.40
65 4261803 230 7101310202013123 15  3  4  5  4  7  7  5  60.31 11 70.00
65 4271803 313101013131713 7 97  5  4  4  5  5  6  5  3  50.21 10 70.20
65 4281803 41310 7 3 710 7 0 57  5  4  3  2  3  4  3  0  30.10  8 70.50
65 4291803 5 0131010 3172710 90  0  5  4  4  2  6 12  4  50.21  0 71.20
65 4301803 6201720 7 7131010103  7  6  7  3  3  5  4  4  50.21  0 70.90
65 5 11803 713 7 713 7 710 7 70  5  3  3  5  3  3  4  3  40.10  0 72.20
65 5 21803 8 7 0 0 0 3 7 3 7 27  3  0  0  0  2  3  2  3  20.00 14 71.90
65 5 31803 910 7 7 31010 0 3 50  4  3  3  2  4  4  0  2  30.00  8 71.90
65 5 4180310 313 7 7 3171320 83  2  5  3  3  2  6  5  7  40.10  8 70.90
65 5 51803114350533323332333293 32 48 56 18  9 18  9 18 261.26  7 70.20
65 5 618031220 7231020101323127  7  3  9  4  7  4  5  9  60.31  0 71.70
65 5 71803133023 71310 313 0100 15  9  3  5  4  2  5  0  50.21 11 72.70
65 5 81803141010131713273343167  4  4  5  6  5 12 18 32 110.63 15 73.40
65 5 91803154337171313 72027177 32 22  6  5  5  3  7 12 120.73  9 73.80
65 51018031630232717 7 71317140 15  9 12  6  3  3  5  6  70.42  0 73.50
65 511180317 3 0 0 3 3 7 710 33  2  0  0  2  2  3  3  4  20.00  0 72.50
65 51218031820231310 7 3 310 90  7  9  5  4  3  2  2  4  40.21 15 73.30
65 513180319 0 3 7 7 710 710 50  0  2  3  3  3  4  3  4  30.00 21 76.00
65 514180320 7 7 3 3 7 710 3 47  3  3  2  2  3  3  4  2  30.00 15 77.00
65 51518032113 3 31010101320 83  5  2  2  4  4  4  5  7  40.10 30 82.30
65 5161803222327333753231323233  9 12 18 22 56  9  5  9 181.05 36 88.30
65 51718032317202013101013 3107  6  7  7  5  4  4  5  2  50.21 55 93.20
65 518180324 720 7 7 3101013 77  3  7  3  3  2  4  4  5  40.10 72 92.60
65 519180325 7 7 710 3 3 0 7 43  3  3  3  4  2  2  0  3  20.00 75 94.60
65 520180326 3 7 3 310171017 70  2  3  2  2  4  6  4  6  40.10 72 97.00
65 5211803271713 3 713172020110  6  5  2  3  5  6  7  7  50.21 70 95.10
65 5221804 120171010 7202313120  7  6  4  4  3  7  9  5  60.31 62 94.50
65 5231804 2131023101010 320100  5  4  9  4  4  4  2  7  50.21 50 88.40
65 5241804 31710231010202310123  6  4  9  4  4  7  9  4  60.31 43 87.30
65 5251804 4 3 3 7 7 71010 7 53  2  2  3  3  3  4  4  3  30.10 30 83.10
65 5261804 5 71010 7 3101720 83  3  4  4  3  2  4  6  7  40.10 22 80.00
65 5271804 62317101310201317123  9  6  4  5  4  7  5  6  60.31  7 78.10
65 5281804 7 710 320202317 7107  3  4  2  7  7  9  6  3  50.21  0 76.50
65 5291804 810 3 7 31010 710 60  4  2  3  2  4  4  3  4  30.10  0 75.80
65 5301804 9 7 7 3 71010 7 3 53  3  3  2  3  4  4  3  2  30.10  0 76.10
65 531180410 7 71017131010 7 80  3  3  4  6  5  4  4  3  40.10  0 73.60
65 6 1180411 7 3101017131720 97  3  2  4  4  6  5  6  7  50.21  9 72.80
65 6 21804121010131017132720120  4  4  5  4  6  5 12  7  60.31 24 75.80
65 6 3180413 7 3 3 310204333123  3  2  2  2  4  7 32 18  90.52 36 77.40
65 6 4180414 717173030302733190  3  6  6 15 15 15 12 18 110.63 38 80.50
65 6 51804153027171010 71010120 15 12  6  4  4  3  4  4  60.31 34 80.60
65 6 6180416 713 71713132010100  3  5  3  6  5  5  7  4  50.21 30 80.70
65 6 71804171710 0101010 3 0 60  6  4  0  4  4  4  2  0  30.10 32 79.50
65 6 8180418 7 7231717203337160  3  3  9  6  6  7 18 22  90.52 24 80.70
65 6 91804193337271727302317210 18 22 12  6 12 15  9  6 120.73 23 81.40
65 61018042013 7 3 3 3 0 0 0 30  5  3  2  2  2  0  0  0  20.00  9 80.70
65 611180421 0 7 3 710172720 90  0  3  2  3  4  6 12  7  50.21  7 78.90
65 612180422 710101010 7 3 7 63  3  4  4  4  4  3  2  3  30.10  0 78.40
65 613180423 3 3 310 0 0 3 3 27  2  2  2  4  0  0  2  2  20.00  0 79.20
65 614180424 310101717202723127  2  4  4  6  6  7 12  9  60.31 14 78.50
65 6151804251317133340334743240  5  6  5 18 27 18 39 32 191.05  0 79.10
65 6161804265047505070636757453 48 39 48 48132 94111 67 731.87  0 78.40
65 6171804275350473037301757320 56 48 39 15 22 15  6 67 341.36 12 78.70
65 6181805 143301017 3103323170 32 15  4  6  2  4 18  9 110.63 25 80.80
65 6191805 2171010 3 3 0 0 0 43  6  4  4  2  2  0  0  0  20.00 16 77.40
65 6201805 3 3 0 3 3 3 710 0 30  2  0  2  2  2  3  4  0  20.00 21 78.50
65 6211805 4 3 3 0 3 3 3 0 3 20  2  2  0  2  2  2  0  2  20.00 19 78.40
65 6221805 5 710 71310 7 713 73  3  4  3  5  4  3  3  5  40.10 14 80.70
65 6231805 617 3 3 7 710 7 0 53  6  2  2  3  3  4  3  0  30.10  7 82.80
65 6241805 7 7 3 3 3 71310 3 50  3  2  2  2  3  5  4  2  30.10  7 80.70
65 6251805 8 310 71033403323160  2  4  3  4 18 27 18  9 110.63  7 81.90
65 6261805 930272020 7103033177 15 12  7  7  3  4 15 18 100.63  7 81.40
65 627180510302017171710 7 7123 15  7  6  6  6  4  3  3  60.31  8 80.30
65 628180511 313 71010 7 7 7 63  2  5  3  4  4  3  3  3  30.10 23 79.30
65 6291805122023332723272327203  7  9 18 12  9 12  9 12 110.63 18 79.00
65 6301805131723302730203043220  6  9 15 12 15  7 15 32 140.84 14 79.60
65 7 11805143320303023173330217 18  7 15 15  9  6 18 15 130.73 18 78.60
65 7 21805151717201317101013117  6  6  7  5  6  4  4  5  50.21 20 78.20
65 7 3180516231313 7 7 72020110  9  5  5  3  3  3  7  7  50.21 19 78.80
65 7 418051710 710 3 3 71013 63  4  3  4  2  2  3  4  5  30.10 17 78.50
65 7 518051810 7 710 3 3 710 57  4  3  3  4  2  2  3  4  30.10  8 78.00
65 7 61805191747374040331717247  6 39 22 27 27 18  6  6 191.05 17 81.20
65 7 71805202320171710132330153  9  7  6  6  4  5  9 15  80.42 22 84.30
65 7 81805214040172027434043270 27 27  6  7 12 32 27 32 211.15 29 83.80
65 7 91805223737102020232730203 22 22  4  7  7  9 12 15 120.73 33 84.10
65 710180523304733303013 710200 15 39 18 15 15  5  3  4 140.84 29 83.00
65 711180524 310 3 0 7 7 3 7 40  2  4  2  0  3  3  2  3  20.00 35 82.60
65 712180525 3 3 0 3 7203320 90  2  2  0  2  3  7 18  7  50.21 30 80.80
65 71318052613131020171717 7113  5  5  4  7  6  6  6  3  50.21 23 78.80
65 7141805271710 7 3 3131017 80  6  4  3  2  2  5  4  6  40.10 12 77.20
65 7151806 11717233030131330173  6  6  9 15 15  5  5 15 100.52 11 77.00
65 7161806 220 710 3 7 7 7 7 67  7  3  4  2  3  3  3  3  40.10  8 74.50
65 7171806 3 3 0 3 7 7 313 0 37  2  0  2  3  3  2  5  0  20.00  7 74.30
65 7181806 4 0 0 3 3 7373013 93  0  0  2  2  3 22 15  5  60.31  0 74.30
65 7191806 52323403027272720217  9  9 27 15 12 12 12  7 130.73  0 74.90
65 7201806 610 3101710172020107  4  2  4  6  4  6  7  7  50.21  0 75.40
65 7211806 7231310 0 3 3 7 0 60  9  5  4  0  2  2  3  0  30.10  0 75.00
65 7221806 8 7 710 7 7 71327 83  3  3  4  3  3  3  5 12  40.21  0 73.90
65 7231806 92327231337303033217  9 12  9  5 22 15 15 18 130.84  0 73.20
65 7241806101720232723132010153  6  7  9 12  9  5  7  4  70.42  0 72.40
65 72518061127172310101010 3110 12  6  9  4  4  4  4  2  60.31  7 72.30
65 726180612 3131010 7 7 710 67  2  5  4  4  3  3  3  4  40.10  0 71.70
65 7271806131317201720232723160  5  6  7  6  7  9 12  9  80.42  7 72.30
65 7281806143733472323202323230 22 18 39  9  9  7  9  9 150.94  0 72.90
65 7291806151730332030273013200  6 15 18  7 15 12 15  5 120.73  0 73.40
65 730180616171310 3 3 7 723 83  6  5  4  2  2  3  3  9  40.10  9 73.40
65 731180617 7 7 7 7 3 710 7 53  3  3  3  3  2  3  4  3  30.10  7 73.00
65 8 1180618 310 3 3 3132723 87  2  4  2  2  2  5 12  9  50.21  0 74.20
65 8 21806191020232733302723193  4  7  9 12 18 15 12  9 110.63  0 75.20
65 8 318062020201713202317 7137  7  7  6  5  7  9  6  3  60.31 15 79.60
65 8 4180621171013 720271327133  6  4  5  3  7 12  5 12  70.31 14 80.70
65 8 5180622 7 3 31013131717 83  3  2  2  4  5  5  6  6  40.10  0 78.50
65 8 618062310 710 310 7 7 7 60  4  3  4  2  4  3  3  3  30.10 16 81.10
65 8 7180624 7 7172017201723127  3  3  6  7  6  7  6  9  60.31  7 81.80
65 8 8180625232010 717132010120  9  7  4  3  6  5  7  4  60.31 31 79.50
65 8 9180626 713 31323232327133  3  5  2  5  9  9  9 12  70.31 12 79.80
65 810180627 71310171710 710 90  3  5  4  6  6  4  3  4  40.21 14 78.20
65 8111807 1233010 7 7101323123  9 15  4  3  3  4  5  9  60.31 16 78.80
65 8121807 220202010 7171320127  7  7  7  4  3  6  5  7  60.31 13 77.90
65 8131807 3 0 3 3 3 3 71313 47  0  2  2  2  2  3  5  5  30.00  8 76.70
65 8141807 42020202027131723160  7  7  7  7 12  5  6  9  80.42  7 75.60
65 8151807 510101310 7 72727110  4  4  5  4  3  3 12 12  60.31  0 74.40
65 8161807 627 717 7 3103027127 12  3  6  3  2  4 15 12  70.42  0 75.60
65 8171807 72330233330102717193  9 15  9 18 15  4 12  6 110.63  0 74.20
65 8181807 817 0 01020336347190  6  0  0  4  7 18 94 39 211.15  7 75.00
65 8191807 93750532040333337303 22 48 56  7 27 18 18 22 271.26  7 76.10
65 8201807102320333030272750240  9  7 18 15 15 12 12 48 170.94  7 75.50
65 821180711403730302310 7 3180 27 22 15 15  9  4  3  2 120.73  7 75.30
65 822180712 3 7102017131323107  2  3  4  7  6  5  5  9  50.21  0 74.60
65 82318071320 0 3 3 7333040137  7  0  2  2  3 18 15 27  90.52  0 74.60
65 8241807144030402710 7 733193 27 15 27 12  4  3  3 18 140.84  8 74.30
65 8251807154030301717272723210 27 15 15  6  6 12 12  9 130.73  0 73.80
65 826180716331720171713 317137 18  6  7  6  6  5  2  6  70.42  8 73.50
65 82718071713 7171317102023120  5  3  6  5  6  4  7  9  60.31 14 76.00
65 828180718201010 3 7 3 7 3 63  7  4  4  2  3  2  3  2  30.10 12 74.70
65 829180719102013 3 7 73013103  4  7  5  2  3  3 15  5  60.21 16 75.70
65 8301807203720201310132313150 22  7  7  5  4  5  9  5  80.42 15 76.40
65 8311807212730333323131320193 12 15 18 18  9  5  5  7 110.63 22 76.30
65 9 1180722102323 3 7132017117  4  9  9  2  3  5  7  6  60.31 20 76.80
65 9 21807232017101717101017117  7  6  4  6  6  4  4  6  50.21 20 77.30
65 9 3180724 3 3 3 3 3101030 67  2  2  2  2  2  4  4 15  40.10 21 77.90
65 9 41807253027273740273323243 15 12 12 22 27 12 18  9 160.94 22 78.00
65 9 51807263023271723132313170 15  9 12  6  9  5  9  5  90.52 22 80.00
65 9 61807272017131323372723173  7  6  5  5  9 22 12  9  90.52 19 78.30
65 9 71808 11020101320301027140  4  7  4  5  7 15  4 12  70.42 23 78.90
65 9 81808 21713 7 710 7 7 3 70  6  5  3  3  4  3  3  2  40.10 22 79.80
65 9 91808 3 710 3 3 3 7 310 47  3  4  2  2  2  3  2  4  30.00 18 77.20
65 9101808 4 3 7 310 3 7 710 50  2  3  2  4  2  3  3  4  30.10 15 76.70
65 9111808 5 3 3 710 7131317 73  2  2  3  4  3  5  5  6  40.10 19 76.70
65 9121808 64033 71010232327173 27 18  3  4  4  9  9 12 110.63 17 76.30
65 9131808 73717 7 713 7 710103 22  6  3  3  5  3  3  4  60.31 17 75.90
65 9141808 813 0 0 7 7 31013 53  5  0  0  3  3  2  4  5  30.00  8 76.10
65 9151808 91717231317433743210  6  6  9  5  6 32 22 32 150.84  8 75.70
65 9161808105337534350334333347 56 22 56 32 48 18 32 18 351.46 16 74.50
65 9171808113333403030373327263 18 18 27 15 15 22 18 12 181.05  8 74.50
65 9181808123033131330333743233 15 18  5  5 15 18 22 32 160.94  9 73.70
65 9191808132333402733373720250  9 18 27 12 18 22 22  7 170.94  7 73.40
65 92018081410 7201713131320113  4  3  7  6  5  5  5  7  50.21  0 73.40
65 921180815231310 7 3102020107  9  5  4  3  2  4  7  7  50.21  0 73.10
65 92218081610172010 3101713100  4  6  7  4  2  4  6  5  50.21  0 71.70
65 9231808171713172030372320177  6  5  6  7 15 22  9  7 100.52 11 72.30
65 9241808182037302320 31723173  7 22 15  9  7  2  6  9 100.52 17 76.60
65 9251808193737231030271023197 22 22  9  4 15 12  4  9 120.73 13 76.20
65 9261808201733232023171330177  6 18  9  7  9  6  5 15  90.52 17 77.40
65 9271808213713 01717374753220 22  5  0  6  6 22 39 56 201.05 24 78.70
65 9281808225747433330234027300 67 39 32 18 15  9 27 12 271.26 23 80.80
65 929180823 710231713271323133  3  4  9  6  5 12  5  9  70.31 37 87.60
65 930180824102310 3 3 3 0 0 53  4  9  4  2  2  2  0  0  30.10 50 89.30
6510 1180825 0 0 0 3 3 3 313 27  0  0  0  2  2  2  2  5  20.00 52 92.20
6510 21808263337302023303040243 18 22 15  7  9 15 15 27 160.94 63 93.30
6510 3180827 3101010 3 7 7 7 57  2  4  4  4  2  3  3  3  30.10 60 96.10
6510 41809 1 3 7 0 0 0 3 0 0 13  2  3  0  0  0  2  0  0  10.00 62 97.50
6510 51809 2271720103317 710140 12  6  7  4 18  6  3  4  80.42 55 91.60
6510 61809 3 3 7 3 0 3 3 7 0 27  2  3  2  0  2  2  3  0  20.00 39 85.10
6510 71809 4 0 0 72720232023120  0  0  3 12  7  9  7  9  60.31 27 83.50
6510 81809 54730301327132733220 39 15 15  5 12  5 12 18 150.94  7 82.60
6510 91809 623131310 7 0 7 3 77  9  5  5  4  3  0  3  2  40.10  8 83.00
6510101809 7 31010 3 3 313 7 53  2  4  4  2  2  2  5  3  30.10 13 80.10
6510111809 8 7 3 310 7101010 60  3  2  2  4  3  4  4  4  30.10  8 75.70
6510121809 920231317131720 3127  7  9  5  6  5  6  7  2  60.31  9 74.50
6510131809102027201017133010147  7 12  7  4  6  5 15  4  80.42  8 75.40
651014180911202710231310 010113  7 12  4  9  5  4  0  4  60.31  7 74.30
651015180912 7 7 3 7 0 0 3 0 27  3  3  2  3  0  0  2  0  20.00  0 73.30
651016180913 0 0 7 3 3 3 7 7 30  0  0  3  2  2  2  3  3  20.00  7 71.80
651017180914 0 0 0 713 3 313 40  0  0  0  3  5  2  2  5  20.00  0 72.00
6510181809153017201317 3 7 0107 15  6  7  5  6  2  3  0  60.21  0 71.60
651019180916 0 31320171010 3 77  0  2  5  7  6  4  4  2  40.10 10 71.20
651020180917 3 0 710 0 01013 43  2  0  3  4  0  0  4  5  20.00 12 72.00
651021180918 3 310 7 0 0 0 0 23  2  2  4  3  0  0  0  0  10.00 15 72.60
6510221809192010203313404323203  7  4  7 18  5 27 32  9 140.84 26 75.40
6510231809202333373340333730267  9 18 22 18 27 18 22 15 191.05 23 77.90
6510241809213733231730373023230 22 18  9  6 15 22 15  9 140.84 16 75.50
6510251809223033202727271723203 15 18  7 12 12 12  6  9 110.73 24 77.00
65102618092340171310 0 7 720113 27  6  5  4  0  3  3  7  70.31 17 77.30
6510271809241310131720201327133  5  4  5  6  7  7  5 12  60.31 17 77.00
6510281809254027134040132317213 27 12  5 27 27  5  9  6 150.84  9 76.20
6510291809262013 7 0 3101027 90  7  5  3  0  2  4  4 12  50.21  8 75.60
6510301809272027302310172310160  7 12 15  9  4  6  9  4  80.42  8 75.10
6510311810 1231317 3 7232320130  9  5  6  2  3  9  9  7  60.31 14 76.90
6511 11810 2 7 310 7 7172020 90  3  2  4  3  3  6  7  7  40.21 29 77.60
6511 21810 323 7 7102020 717110  9  3  3  4  7  7  3  6  50.21 28 78.20
6511 31810 410 0 3 3 0 0 0 3 20  4  0  2  2  0  0  0  2  10.00 20 79.80
6511 41810 5302017332017 7 0143 15  7  6 18  7  6  3  0  80.42 13 78.40
6511 51810 61017 72323333347193  4  6  3  9  9 18 18 39 130.84 13 76.70
6511 61810 74340272720133040240 32 27 12 12  7  5 15 27 170.94 29 79.20
6511 71810 837172333 7171317163 22  6  9 18  3  6  5  6  90.52 40 83.70
6511 81810 910 3 7 7 7132017 83  4  2  3  3  3  5  7  6  40.10 46 78.90
6511 91810103010101010 3 3 3 80 15  4  4  4  4  2  2  2  50.21 38 80.40
651110181011 0 0 0 3 0 0 3 0  7  0  0  0  2  0  0  2  0  00.00 41 82.40
651111181012 3 0 0 3 3172013 60  2  0  0  2  2  6  7  5  30.10 40 82.50
651112181013 0 0 0 317101020 60  0  0  0  2  6  4  4  7  30.10 26 79.10
6511131810141723 71010 73043147  6  9  3  4  4  3 15 32 100.52 17 75.70
651114181015 0 313 3 31313 3 53  0  2  5  2  2  5  5  2  30.10 16 74.40
6511151810161317 0 0 0 313 0 47  5  6  0  0  0  2  5  0  20.00 10 74.80
651116181017 0 7 3 0 0 3 0 3 17  0  3  2  0  0  2  0  2  10.00  9 72.40
651117181018 720171010 3 310 80  3  7  6  4  4  2  2  4  40.10  7 72.60
6511181810191730 31317102310123  6 15  2  5  6  4  9  4  60.31  0 73.30
6511191810201023372727232317187  4  9 22 12 12  9  9  6 100.63  0 71.60
6511201810213730373333303023253 22 15 22 18 18 15 15  9 170.94  0 70.90
6511211810223330301720201313177 18 15 15  6  7  7  5  5 100.52  0 70.50
651122181023172013 7 710 710 90  6  7  5  3  3  4  3  4  40.21  7 70.00
651123181024 7 3 0 0 0 0 710 27  3  2  0  0  0  0  3  4  20.00  0 69.50
651124181025101017 310 71713 87  4  4  6  2  4  3  6  5  40.10  7 69.30
651125181026 7 310 3 3172720 90  3  2  4  2  2  6 12  7  50.21  0 68.80
651126181027 7101013 717 7 7 77  3  4  4  5  3  6  3  3  40.10  7 69.90
6511271811 113 710 3 3232010 90  5  3  4  2  2  9  7  4  40.21  0 72.10
6511281811 210 0 0 0 7 713 3 40  4  0  0  0  3  3  5  2  20.00  8 74.90
6511291811 3 313 3 3 3131013 63  2  5  2  2  2  5  4  5  30.10  8 71.90
6511301811 4 3 3 72037333340177  2  2  3  7 22 18 18 27 120.73 15 73.00
6512 11811 52710232343404340250 12  4  9  9 32 27 32 27 191.05 13 73.30
6512 21811 63033172313202313173 15 18  6  9  5  7  9  5  90.52  8 72.90
6512 31811 713 0 0 3 3 7 317 47  5  0  0  2  2  3  2  6  20.00  8 72.70
6512 41811 82013172030333323190  7  5  6  7 15 18 18  9 110.63  8 72.30
6512 51811 91313 3 7 3 3 0 7 50  5  5  2  3  2  2  0  3  30.00  8 73.20
6512 618111010 3 7 3 3 71010 53  4  2  3  2  2  3  4  4  30.10  8 74.00
6512 718111113102310 7 0 0 0 63  5  4  9  4  3  0  0  0  30.10  8 73.00
6512 8181112 3 3 7 0 3202017 73  2  2  3  0  2  7  7  6  40.10 15 74.40
6512 91811132010102033 31010117  7  4  4  7 18  2  4  4  60.31  7 72.70
65121018111417 3 3 717273043147  6  2  2  3  6 12 15 32 100.52  7 73.00
6512111811152733231310272330187 12 18  9  5  4 12  9 15 100.63  0 73.20
6512121811163027131727203010173 15 12  5  6 12  7 15  4 100.52  0 73.50
651213181117232723102017 7 3130  9 12  9  4  7  6  3  2  60.31 14 71.70
651214181118 010 0 3 7 7 313 43  0  4  0  2  3  3  2  5  20.00  0 72.40
651215181119 7 3 0 3 3 0 0 0 17  3  2  0  2  2  0  0  0  10.00 14 74.40
651216181120 7 0 0 3 3 0 0 0 13  3  0  0  2  2  0  0  0  10.00 22 75.10
651217181121 0 0 0 7 310 0 7 27  0  0  0  3  2  4  0  3  20.00 21 75.90
651218181122 0 7272327373727183  0  3 12  9 12 22 22 12 120.73 20 75.90
65121918112343 717 3 0 71717110 32  3  6  2  0  3  6  6  70.42 18 74.30
65122018112427 3 3 0 3102020 87 12  2  2  0  2  4  7  7  40.21 15 72.10
651221181125 310 7 3 317 0 0 43  2  4  3  2  2  6  0  0  20.00 10 71.70
651222181126 71713232320 720130  3  6  5  9  9  7  3  7  60.31 11 70.00
65122318112727 7 3 3 0 0 3 0 43 12  3  2  2  0  0  2  0  30.00  9 70.30
6512241812 11310 3 713102747130  5  4  2  3  5  4 12 39  90.52  8 68.80
6512251812 2374327171723 720190 22 32 12  6  6  9  3  7 120.73 12 69.70
6512261812 31717374740332337250  6  6 22 39 27 18  9 22 191.05 23 74.40
6512271812 41723203023172730187  6  9  7 15  9  6 12 15 100.63 29 80.90
6512281812 53030332330403030247 15 15 18  9 15 27 15 15 160.94 64 81.00
6512291812 61317102017332023153  5  6  4  7  6 18  7  9  80.42 64 81.90
6512301812 71727 717231710 0117  6 12  3  6  9  6  4  0  60.31 44 79.20
6512311812 8 0131013 7 710 3 63  0  5  4  5  3  3  4  2  30.10 38 78.10
