66 1 11812 9 313 3 0 3 0 7 7 37  2  5  2  0  2  0  3  3  20.00 22 79.30
66 1 21812103723131313172023160 22  9  5  5  5  6  7  9  80.52 21 76.30
66 1 31812113013 3 3 7171717107 15  5  2  2  3  6  6  6  60.31 20 75.90
66 1 4181212 3171017 7304730160  2  6  4  6  3 15 39 15 110.63 17 77.80
66 1 51812132310 7 3 3 7 313 70  9  4  3  2  2  3  2  5  40.10 11 77.40
66 1 618121410 0 0 0 3 3 317 37  4  0  0  0  2  2  2  6  20.00  0 77.10
66 1 718121513171010 3232727130  5  6  4  4  2  9 12 12  70.31  7 78.20
66 1 81812163320231717171013150 18  7  9  6  6  6  4  5  80.42 13 77.90
66 1 918121730 0 3 0 7232040123 15  0  2  0  3  9  7 27  80.42 13 77.40
66 1101812181727231710172013143  6 12  9  6  4  6  7  5  70.31  0 77.20
66 11118121917 3 0 3 010 3 7 43  6  2  0  2  0  4  2  3  20.00  0 78.20
66 1121812201010 3 7 0 3 3 0 37  4  4  2  3  0  2  2  0  20.00  0 81.20
66 11318122110 0 0 3 0 710 3 33  4  0  0  2  0  3  4  2  20.00 17 84.30
66 114181222 7 010 7 713 717 67  3  0  4  3  3  5  3  6  30.10 30 90.10
66 115181223202010 71017 7 7 97  7  7  4  3  4  6  3  3  50.21 40 98.50
66 116181224 0 3 0 0 0 0 0 3  7  0  2  0  0  0  0  0  2  00.00 58102.60
66 117181225 017 7 0 7 7 3 0 40  0  6  3  0  3  3  2  0  20.00 51 98.41
66 118181226 3 31310132323 3 93  2  2  5  4  5  9  9  2  50.21 64101.41
66 119181227 0 713201013 3 0 67  0  3  5  7  4  5  2  0  30.10 68105.11
66 1201813 12323272337374027237  9  9 12  9 22 22 27 12 150.94 64 99.00
66 1211813 23730333340335033290 22 15 18 18 27 18 48 18 231.15 58 95.70
66 1221813 33033473753373737310 15 18 39 22 56 22 22 22 271.26 52 91.81
66 1231813 44020273033272720223 27  7 12 15 18 12 12  7 140.84 42 90.60
66 1241813 52330273023402327223  9 15 12 15  9 27  9 12 140.84 44 88.90
66 1251813 62723271727372013190 12  9 12  6 12 22  7  5 110.63 37 85.40
66 1261813 7 717302733373037217  3  6 15 12 18 22 15 22 140.84 23 82.70
66 1271813 82323 7 0 0 0 0 0 53  9  9  3  0  0  0  0  0  30.00 17 79.90
66 1281813 9 0 0 71310132340107  0  0  3  5  4  5  9 27  70.31 16 78.10
66 12918131017201720132010 3120  6  7  6  7  5  7  4  2  60.21 21 78.30
66 130181311 0 0 3 3171710 0 50  0  0  2  2  6  6  4  0  20.00 28 76.30
66 131181312 0 0 710 3 31010 43  0  0  3  4  2  2  4  4  20.00 19 75.40
66 2 1181313131010 710 0 3 3 57  5  4  4  3  4  0  2  2  30.10  7 77.60
66 2 2181314 0 3101010101010 63  0  2  4  4  4  4  4  4  30.10 11 76.91
66 2 318131510 3201737203733177  4  2  7  6 22  7 22 18 110.63 21 77.50
66 2 41813162723272723203337217 12  9 12 12  9  7 18 22 130.73 17 79.00
66 2 51813173733273737273733267 22 18 12 22 22 12 22 18 181.05 19 80.60
66 2 61813182733271020 31717153 12 18 12  4  7  2  6  6  80.52 17 82.10
66 2 718131917171010 3 71317 93  6  6  4  4  2  3  5  6  40.21 17 82.80
66 2 8181320 3 3 3 3271713 7 77  2  2  2  2 12  6  5  3  40.10 14 82.30
66 2 91813211010 7 3 7 3 713 60  4  4  3  2  3  2  3  5  30.10 12 82.90
66 2101813221317171717172030147  5  6  6  6  6  6  7 15  70.42 12 83.80
66 2111813232723232033272730210 12  9  9  7 18 12 12 15 120.73 14 83.61
66 21218132430231313 3 0 0 3 87 15  9  5  5  2  0  0  2  50.21 11 83.20
66 21318132527231310102010 3117 12  9  5  4  4  7  4  2  60.31 18 83.90
66 214181326 0 3 310 713 3 0 40  0  2  2  4  3  5  2  0  20.00 14 83.90
66 215181327 3 0 01017 32320 77  2  0  0  4  6  2  9  7  40.10 16 83.30
66 2161814 1202020 7 7 3 713 97  7  7  7  3  3  2  3  5  50.21 13 82.70
66 2171814 2 3 3 7 720102017 87  2  2  3  3  7  4  7  6  40.10 19 82.10
66 2181814 313171310 0 3 7 3 67  5  6  5  4  0  2  3  2  30.10 24 82.20
66 2191814 41313231727434330210  5  5  9  6 12 32 32 15 140.84 29 81.10
66 2201814 53740373733272010240 22 27 22 22 18 12  7  4 170.94 39 82.81
66 2211814 61010201710 7 310 87  4  4  7  6  4  3  2  4  40.10 42 85.70
66 2221814 710 0102037403043190  4  0  4  7 22 27 15 32 140.84 50 86.00
66 2231814 82750504727334333310 12 48 48 39 12 18 32 18 281.26 55 82.71
66 2241814 93040403330234327267 15 27 27 18 15  9 32 12 191.05 45 81.90
66 2251814103727201023301720183 22 12  7  4  9 15  6  7 100.63 39 79.30
66 226181411 7 0 7 710 310 7 50  3  0  3  3  4  2  4  3  30.00 40 83.10
66 22718141210171017 7 3 3 3 70  4  6  4  6  3  2  2  2  40.10 36 83.20
66 228181413 3 0 3 7 0 7 3 0 23  2  0  2  3  0  3  2  0  20.00 33 84.10
66 3 1181414 317 313 7 3 3 3 53  2  6  2  5  3  2  2  2  30.10 25 79.70
66 3 2181415 7 0 0 7 3131010 50  3  0  0  3  2  5  4  4  30.00 11 76.70
66 3 31814162010103727132030167  7  4  4 22 12  5  7 15 100.52 14 75.80
66 3 41814173320101010131337147 18  7  4  4  4  5  5 22  90.52 20 75.50
66 3 518141817231010 3 31313 93  6  9  4  4  2  2  5  5  50.21 15 74.80
66 3 618141917 3 32013 71010 83  6  2  2  7  5  3  4  4  40.10 15 75.50
66 3 718142017 7 0 710 3 3 0 47  6  3  0  3  4  2  2  0  20.00 12 76.20
66 3 8181421 3102013 7 310 0 67  2  4  7  5  3  2  4  0  30.10 11 76.40
66 3 9181422 0 0 013 7 71730 73  0  0  0  5  3  3  6 15  40.10 15 78.50
66 3101814234023132027171020170 27  9  5  7 12  6  4  7 100.52 14 78.60
66 3111814242723 3 0 3 31730107 12  9  2  0  2  2  6 15  60.31 10 78.00
66 31218142527 31320201310 7113 12  2  5  7  7  5  4  3  60.31  0 78.30
66 31318142617 713 313233357167  6  3  5  2  5  9 18 67 140.84  7 80.00
66 3141814276073675750472317393 80154111 67 48 39  9  6 641.77  0 81.40
66 3151815 12027101713231723150  7 12  4  6  5  9  6  9  70.42 10 87.11
66 3161815 23027101313 71017127 15 12  4  5  5  3  4  6  70.31 26 92.91
66 3171815 313 710 713132333120  5  3  4  3  5  5  9 18  60.31 44105.11
66 3181815 42317 0 7 3 3 7 7 67  9  6  0  3  2  2  3  3  40.10 53109.60
66 3191815 52033233733274747267  7 18  9 22 18 12 39 39 201.05 60114.60
66 3201815 64023172020232017180 27  9  6  7  7  9  7  6 100.52 54111.00
66 3211815 7273017 717101730153 12 15  6  3  6  4  6 15  80.52 50120.30
66 3221815 8301717 7 7171327133 15  6  6  3  3  6  5 12  70.42 52105.10
66 3231815 93327506767607037410 18 12 48111111 80132 22 671.77 40 96.20
66 32418151010 7 0 0 3 3 023 47  4  3  0  0  2  2  0  9  20.00 31 92.90
66 3251815113017132733373333223 15  6  5 12 18 22 18 18 140.84 24 91.10
66 3261815122023203357403323250  7  9  7 18 67 27 18  9 201.05 18 84.70
66 3271815133327302030272727220 18 12 15  7 15 12 12 12 130.73 10 83.10
66 3281815143017374347507047340 15  6 22 32 39 48132 39 421.57 12 87.60
66 3291815154047271713 7 713170 27 39 12  6  5  3  3  5 120.73 35 96.10
66 3301815161727 71323131013123  6 12  3  5  9  5  4  5  60.31 44 99.00
66 33118151720 31010 7 3 3 3 60  7  2  4  4  3  2  2  2  30.10 52110.40
66 4 1181518 0 7 71740403753200  0  3  3  6 27 27 22 56 181.05 64106.81
66 4 218151940473017 3 31710167 27 39 15  6  2  2  6  4 130.73 58106.30
66 4 3181520202710 713171727137  7 12  4  3  5  6  6 12  70.31 74102.10
66 4 41815212727201013171323150 12 12  7  4  5  6  5  9  80.42 74102.60
66 4 518152213132313 3 72023117  5  5  9  5  2  3  7  9  60.31 59102.00
66 4 61815232323201720201720160  9  9  7  6  7  7  6  7  70.42 63104.20
66 4 718152447331310 7 71713147 39 18  5  4  3  3  6  5 100.63 70102.81
66 4 81815253033202020131730183 15 18  7  7  7  5  6 15 100.63 65107.31
66 4 91815262020 713131710 7107  7  7  3  5  5  6  4  3  50.21 49100.30
66 41018152710 7131010172710103  4  3  5  4  4  6 12  4  50.21 37 94.80
66 4111816 1 0 3 3 310 3 3 3 30  0  2  2  2  4  2  2  2  20.00 29 93.90
66 4121816 2 7 31317 3 7 3 7 60  3  2  5  6  2  3  2  3  30.10 27 94.80
66 4131816 31730203340303330233  6 15  7 18 27 15 18 15 150.94 24 93.10
66 4141816 42310172727201327163  9  4  6 12 12  7  5 12  80.52 29 91.00
66 4151816 5301320 7 3 3 3 0 80 15  5  7  3  2  2  2  0  40.21 29 96.30
66 4161816 6 3 3 3 31010 713 53  2  2  2  2  4  4  3  5  30.10 35 93.20
66 4171816 7 310171310 7 717 83  2  4  6  5  4  3  3  6  40.10 40 95.20
66 4181816 81710 3 3 7 7 0 3 50  6  4  2  2  3  3  0  2  30.00 40 92.90
66 4191816 9 3 0 7 3 7 7 0 0 27  2  0  3  2  3  3  0  0  20.00 30 89.00
66 420181610 0 0202327171010107  0  0  7  9 12  6  4  4  50.21 41 93.50
66 42118161123131010 7 71720107  9  5  4  4  3  3  6  7  50.21 44 91.70
66 4221816123727302037331710210 22 12 15  7 22 18  6  4 130.84 56 93.40
66 423181613204037101723 713167  7 27 22  4  6  9  3  5 100.63 69 98.80
66 4241816142317131710102713130  9  6  5  6  4  4 12  5  60.31 58103.70
66 42518161510 0 3 7 3 710 7 47  4  0  2  3  2  3  4  3  30.00 61103.81
66 426181616 310 7 3 7 71010 57  2  4  3  2  3  3  4  4  30.10 54101.31
66 427181617 3 0 0 3 0 0 7 7 20  2  0  0  2  0  0  3  3  10.00 40 96.00
66 42818161810171317 31013 7 90  4  6  5  6  2  4  5  3  40.21 40 94.90
66 429181619131317 717103013120  5  5  6  3  6  4 15  5  60.31 48 94.50
66 4301816202323201327302727190  9  9  7  5 12 15 12 12 100.63 53 93.30
66 5 11816212033271310201717157  7 18 12  5  4  7  6  6  80.42 50 91.70
66 5 21816222323302323273327210  9  9 15  9  9 12 18 12 120.73 52 94.00
66 5 3181623101710 3 7101327 97  4  6  4  2  3  4  5 12  50.21 57 94.00
66 5 41816243330273020132330207 18 15 12 15  7  5  9 15 120.73 61 92.50
66 5 51816251713131013102317117  6  5  5  4  5  4  9  6  60.21 43 88.60
66 5 618162620303017 3 71013130  7 15 15  6  2  3  4  5  70.42 32 87.50
66 5 718162710 3 313 3 7 723 70  4  2  2  5  2  3  3  9  40.10 29 89.90
66 5 81817 1 7 3 01323231717103  3  2  0  5  9  9  6  6  50.21 17 87.80
66 5 91817 21023271010 7 3 3 93  4  9 12  4  4  3  2  2  50.21  8 87.50
66 5101817 3 0 0 317 3 7 7 3 40  0  0  2  6  2  3  3  2  20.00  0 86.60
66 5111817 4 3 3 71333133040143  2  2  3  5 18  5 15 27 100.52 14 88.30
66 5121817 52017171313132320137  7  6  6  5  5  5  9  7  60.31 14 92.60
66 5131817 6271723231027 7 3137 12  6  9  9  4 12  3  2  70.42 23 92.90
66 5141817 710 310 0 3 3 7 3 40  4  2  4  0  2  2  3  2  20.00 50 97.20
66 5151817 8 7 0 3 3 7 3 7 3 33  3  0  2  2  3  2  3  2  20.00 46 99.20
66 5161817 9 7 7 3 317172317 93  3  3  2  2  6  6  9  6  50.21 47100.10
66 5171817102723131710131320137 12  9  5  6  4  5  5  7  70.31 35 98.90
66 5181817112717101010 7 710 97 12  6  4  4  4  3  3  4  50.21 28 98.70
66 51918171213 7 3 3 3 71313 63  5  3  2  2  2  3  5  5  30.10 35107.11
66 52018171310 7131717203030143  4  3  5  6  6  7 15 15  80.42 58115.51
66 52118171420 710101010 710 83  7  3  4  4  4  4  3  4  40.10 80123.60
66 522181715 3 7 7 717201013 83  2  3  3  3  6  7  4  5  40.10 72121.00
66 523181716 7 3 3 3 7 7 7 3 40  3  2  2  2  3  3  3  2  20.00 68113.90
66 524181717 0 0 7 3 3 31010 37  0  0  3  2  2  2  4  4  20.00 68117.70
66 525181718 7 7 7 71010 730 83  3  3  3  3  4  4  3 15  50.21 64115.10
66 5261817191720407070607067413  6  7 27132132 80132111 781.87 70112.30
66 527181720371013 3 3 3 310 83 22  4  5  2  2  2  2  4  50.21 66108.50
66 528181721 7 717 313131727103  3  3  6  2  5  5  6 12  50.21 60  0.02
66 529181722 3 7 7 7 7101710 67  2  3  3  3  3  4  6  4  40.10 42106.80
66 530181723 7 0101717132730120  3  0  4  6  6  5 12 15  60.31 56101.60
66 5311817243347504340576353387 18 39 48 32 27 67 94 56 481.67 58105.60
66 6 118172553273010 3 010 7140 56 12 15  4  2  0  4  3 120.73 71104.80
66 6 218172613 7133333332017170  5  3  5 18 18 18  7  6 100.63 74103.90
66 6 31817271310101010332713127  5  4  4  4  4 18 12  5  70.42 41102.60
66 6 41818 11720 3 3 317 720 90  6  7  2  2  2  6  3  7  40.21 60102.00
66 6 51818 22317131717 310 7107  9  6  5  6  6  2  4  3  50.21 48101.70
66 6 61818 31713 7 71710 310 83  6  5  3  3  6  4  2  4  40.10 47101.90
66 6 71818 41330103023232017167  5 15  4 15  9  9  7  6  90.52 40 96.90
66 6 81818 5 71013201310 3 0 77  3  4  5  7  5  4  2  0  40.10 35 99.50
66 6 91818 6 0 0 0131010 713 53  0  0  0  5  4  4  3  5  30.00 33 98.90
66 6101818 7 7 7 7 3 3 3 3 3 37  3  3  3  2  2  2  2  2  20.00 25 96.80
66 6111818 8 3 3 7 7 3 720 7 57  2  2  3  3  2  3  7  3  30.10 43 96.10
66 6121818 91023171330131023140  4  9  6  5 15  5  4  9  70.42 34 95.90
66 613181810131020101013 713 97  5  4  7  4  4  5  3  5  50.21 34 96.10
66 61418181113 71713 7 71313 90  5  3  6  5  3  3  5  5  40.21 31 96.90
66 615181812 710 71310 72730110  3  4  3  5  4  3 12 15  60.31 22 94.70
66 6161818133017101010131317120 15  6  4  4  4  5  5  6  60.31 40 97.90
66 6171818141013 0 3 7 71320 73  4  5  0  2  3  3  5  7  40.10 46 99.50
66 618181815 713 3 3 3 310 7 50  3  5  2  2  2  2  4  3  30.10 40 98.20
66 619181816 3 3 3 727172713100  2  2  2  3 12  6 12  5  60.21 36 96.90
66 62018181710232013172027 7137  4  9  7  5  6  7 12  3  70.31 42 94.30
66 621181818201710101310 7 7 93  7  6  4  4  5  4  3  3  40.21 33 93.50
66 622181819 7 7 7 7 7 3 310 50  3  3  3  3  3  2  2  4  30.10 35 96.10
66 62318182020 7103733334040220  7  3  4 22 18 18 27 27 160.94 62 99.20
66 624181821 7 7132023305343197  3  3  5  7  9 15 56 32 160.94 66103.50
66 6251818224733302720302727240 39 18 15 12  7 15 12 12 160.94 80104.81
66 626181823 710 31723271717120  3  4  2  6  9 12  6  6  60.31 82105.61
66 627181824 3 3 3 713101313 67  2  2  2  3  5  4  5  5  40.10 76100.80
66 62818182510 7 3 3 3232320 93  4  3  2  2  2  9  9  7  50.21 52101.40
66 6291818261713 7 317102323113  6  5  3  2  6  4  9  9  60.21 47 99.80
66 6301818272013171310101323120  7  5  6  5  4  4  5  9  60.31 55100.70
66 7 11819 12017131713131310117  7  6  5  6  5  5  5  4  50.21 49100.10
66 7 21819 213 313 3 3101323 83  5  2  5  2  2  4  5  9  40.10 49 98.20
66 7 31819 31720 71013 71010 93  6  7  3  4  5  3  4  4  40.21 54 99.30
66 7 41819 410 7 72030433737190  4  3  3  7 15 32 22 22 140.84 53104.80
66 7 51819 523231310 71020 3110  9  9  5  4  3  4  7  2  50.21 48105.00
66 7 61819 61313131713 71310100  5  5  5  6  5  3  5  4  50.21 46109.70
66 7 71819 717 7 3 7 3 31017 67  6  3  2  3  2  2  4  6  40.10 58112.60
66 7 81819 82027433723303057267  7 12 32 22  9 15 15 67 221.15 68114.40
66 7 91819 94760603730373027327 39 80 80 22 15 22 15 12 361.46 60107.80
66 7101819103743505037202323283 22 32 48 48 22  7  9  9 251.26 65108.11
66 71118191127272310 7131333153 12 12  9  4  3  5  5 18  80.52 52109.00
66 7121819123043403330101710213 15 32 27 18 15  4  6  4 150.94 62102.70
66 7131819131010 7 3 7 7 7 7 57  4  4  3  2  3  3  3  3  30.10 56100.40
66 714181914 7 71313 71017 3 77  3  3  5  5  3  4  6  2  40.10 42 99.80
66 715181915 3 3 3 710202343113  2  2  2  3  4  7  9 32  80.42 34101.10
66 716181916131313 7 7172027117  5  5  5  3  3  6  7 12  60.31 48102.80
66 7171819173333302710172020190 18 18 15 12  4  6  7  7 110.63 42101.20
66 718181918 3131317101313 3 87  2  5  5  6  4  5  5  2  40.10 49101.30
66 719181919 3132010102013 7 97  2  5  7  4  4  7  5  3  50.21 38101.50
66 72018192013132713 3 71023110  5  5 12  5  2  3  4  9  60.31 65101.80
66 7211819213733272323273723230 22 18 12  9  9 12 22  9 140.84 55103.70
66 7221819224017 7 710202317140 27  6  3  3  4  7  9  6  80.42 66106.50
66 7231819231317132017231310127  5  6  5  7  6  9  5  4  60.31 56114.90
66 7241819243020 7131710 310110 15  7  3  5  6  4  2  4  60.31 70120.60
66 72518192510 7 7 710 71010 67  4  3  3  3  4  3  4  4  40.10 67126.00
66 7261819261713131313172023130  6  5  5  5  5  6  7  9  60.31 74127.60
66 727181927201030204037 710173  7  4 15  7 27 22  3  4 110.63 65123.80
66 7281820 12733272023201317180 12 18 12  7  9  7  5  6 100.52 70124.20
66 7291820 230131313 3 713 7100 15  5  5  5  2  3  5  3  50.21 76132.90
66 7301820 3 7232710 7 71313107  3  9 12  4  3  3  5  5  60.21 59128.00
66 7311820 410 7171310201317107  4  3  6  5  4  7  5  6  50.21 62124.60
66 8 11820 5302010 713101017117 15  7  4  3  5  4  4  6  60.31 78125.90
66 8 21820 6 7 3 0 0 0 0 0 3 13  3  2  0  0  0  0  0  2  10.00 74119.60
66 8 31820 71020172327231010140  4  7  6  9 12  9  4  4  70.31 72118.21
66 8 41820 8 7 7172723271330150  3  3  6 12  9 12  5 15  80.42 68116.01
66 8 51820 91313372333271020177  5  5 22  9 18 12  4  7 100.63 60110.50
66 8 61820102317171710171717133  9  6  6  6  4  6  6  6  60.31 50106.00
66 8 71820112320 710 7 3 717 93  9  7  3  4  3  2  3  6  50.21 33101.50
66 8 8182012 7 3131310 72027100  3  2  5  5  4  3  7 12  50.21 13 97.70
66 8 91820132313201013233723163  9  5  7  4  5  9 22  9  90.52 13 96.40
66 8101820143723133040231320200 22  9  5 15 27  9  5  7 120.73  0 94.30
66 8111820151027332333332737223  4 12 18  9 18 18 12 22 140.84 16 92.50
66 8121820163733333327132720223 22 18 18 18 12  5 12  7 140.84 36 92.80
66 81318201723271010 7101013110  9 12  4  4  3  4  4  5  60.31 30 93.20
66 81418201830303023101020 3157 15 15 15  9  4  4  7  2  90.52 37 92.80
66 815182019 713171713 71017100  3  5  6  6  5  3  4  6  50.21 41 93.70
66 81618202020 717 7 7 3 3 7 70  7  3  6  3  3  2  2  3  40.10 40 95.10
66 817182021 710 0 0 71013 0 47  3  4  0  0  3  4  5  0  20.00 41 96.80
66 818182022 7 3133033333310163  3  2  5 15 18 18 18  4 100.63 39 97.50
66 8191820233037204047303727267 15 22  7 27 39 15 22 12 201.05 33100.00
66 82018202427172710 7131020130 12  6 12  4  3  5  4  7  70.31 28101.60
66 821182025231310 7 7131317103  9  5  4  3  3  5  5  6  50.21 22102.70
66 82218202610 7 0 0 7201323 80  4  3  0  0  3  7  5  9  40.10 38105.50
66 8231820273327274040374340287 18 12 12 27 27 22 32 27 221.15 65114.70
66 8241821 14017233737233033240 27  6  9 22 22  9 15 18 160.94 71122.01
66 8251821 22717172020172727170 12  6  6  7  7  6 12 12  80.52 89126.31
66 8261821 320271710 7 31317113  7 12  6  4  3  2  5  6  60.31 95130.20
66 8271821 4172013201313 7 7110  6  7  5  7  5  5  3  3  50.21 90133.40
66 8281821 5 7 010 710171720 87  3  0  4  3  4  6  6  7  40.10 84132.61
66 8291821 6 7 3 31040202750160  3  2  2  4 27  7 12 48 130.84 89129.80
66 8301821 76750305053577373453111 48 15 48 56 67154154 821.87 76126.10
66 8311821 85327302043373730277 56 12 15  7 32 22 22 15 231.15 66120.90
66 9 11821 91727275033304740270  6 12 12 48 18 15 39 27 221.15 44116.60
66 9 21821103023171727404330227 15  9  6  6 12 27 32 15 150.94 44106.30
66 9 31821113033375760607387437 15 18 22 67 80 80154300 921.98 25103.20
66 9 41821128783736057403330463300236154 80 67 27 18 151121.98 18101.90
66 9 51821132013103043372023197  7  5  4 15 32 22  7  9 130.73 26100.50
66 9 61821143347434740401720287 18 39 32 39 27 27  6  7 241.26 30 97.90
66 9 71821152337272033333327233  9 22 12  7 18 18 18 12 140.84 36 95.81
66 9 81821164053475750473747377 27 56 39 67 48 39 22 39 421.57 38 96.21
66 9 91821173333333033402343270 18 18 18 15 18 27  9 32 191.05 39 95.30
66 9101821184043273030333333270 27 32 12 15 15 18 18 18 191.05 37 93.90
66 911182119332323171010 310130 18  9  9  6  4  4  2  4  70.42 42 96.60
66 912182120 3 313271320 713100  2  2  5 12  5  7  3  5  50.21 38100.81
66 9131821211717 7 71310 7 7 83  6  6  3  3  5  4  3  3  40.10 33102.40
66 914182122 7 3101010333043147  3  2  4  4  4 18 15 32 100.63 35107.40
66 9151821234740303020204337267 39 27 15 15  7  7 32 22 201.05 38112.00
66 9161821243717 72320202727177 22  6  3  9  7  7 12 12 100.52 57124.61
66 917182125333327171317 7 7153 18 18 12  6  5  6  3  3  90.52 76129.10
66 918182126 3 0 71310 71013 63  2  0  3  5  4  3  4  5  30.10 83142.60
66 9191821273340271027303340240 18 27 12  4 12 15 18 27 170.94 76146.60
66 9201822 13733373343373333287 22 18 22 18 32 22 18 18 211.15 78146.01
66 9211822 23333132033 71310163 18 18  5  7 18  3  5  4 100.52 89137.20
66 9221822 320171010 7133020127  7  6  4  4  3  5 15  7  60.31 86131.51
66 9231822 41320303333404327240  5  7 15 18 18 27 32 12 170.94 71127.51
66 9241822 53020232730303013203 15  7  9 12 15 15 15  5 120.73 67126.00
66 9251822 640403710 3101327180 27 27 22  4  2  4  5 12 130.73 68118.81
66 9261822 74323273337434333283 32  9 12 18 22 32 32 18 221.15 54109.40
66 9271822 83740274033302333263 22 27 12 27 18 15  9 18 181.05 48102.90
66 9281822 9375020273037 740247 22 48  7 12 15 22  3 27 201.05 42 97.90
66 9291822103340372017403717240 18 27 22  7  6 27 22  6 170.94 45 98.60
66 9301822111743372330301040230  6 32 22  9 15 15  4 27 160.94 42 95.70
6610 11822123020201010 3 7 7107 15  7  7  4  4  2  3  3  60.31 57101.40
6610 2182213 0 713 7 7 3 3 7 47  0  3  5  3  3  2  2  3  30.00 55102.00
6610 3182214 01017 7 7 3 720 70  0  4  6  3  3  2  3  7  40.10 50103.20
6610 41822152030202330375360273  7 15  7  9 15 22 56 80 261.26 36100.61
6610 51822165050435330474727347 48 48 32 56 15 39 39 12 361.46 40100.00
6610 61822172753433340232330273 12 56 32 18 27  9  9 15 221.15 44101.91
6610 71822182317 7 310301733140  9  6  3  2  4 15  6 18  80.42 53103.10
6610 81822192313231710 3 710107  9  5  9  6  4  2  3  4  50.21 48 99.40
6610 91822202327202023331020177  9 12  7  7  9 18  4  7  90.52 44103.50
661010182221 3 0 713 3 320 3 53  2  0  3  5  2  2  7  2  30.10 65106.50
661011182222 0 0 3 3 3 010 3 23  0  0  2  2  2  0  4  2  20.00 66109.80
6610121822232013232317133333177  7  5  9  9  6  5 18 18 100.52 64114.80
66101318222423 7172317201730153  9  3  6  9  6  7  6 15  80.42 72122.81
661014182225132017 710 3 7 7 83  5  7  6  3  4  2  3  3  40.10 64120.30
6610151822261020103020374337207  4  7  4 15  7 22 32 22 140.84 60120.60
6610161822273340604353373027323 18 27 80 32 56 22 15 12 331.36 70120.31
6610171823 12720 7 7 7231313117 12  7  3  3  3  9  5  5  60.31 70120.51
6610181823 230 3 310 7 7 710 77 15  2  2  4  3  3  3  4  40.21 70118.51
6610191823 310101310 3 71713 83  4  4  5  4  2  3  6  5  40.10 76115.61
6610201823 41310 710 71310 7 77  5  4  3  4  3  5  4  3  40.10 96124.10
6610211823 5 0 0 01010 3 3 0 27  0  0  0  4  4  2  2  0  20.00 91120.91
6610221823 6 0 0 0 3 3 0 317 27  0  0  0  2  2  0  2  6  20.00 83119.81
6610231823 717 0 0 0 3 71013 50  6  0  0  0  2  3  4  5  20.00 75111.10
6610241823 81013172327373030187  4  5  6  9 12 22 15 15 110.63 64106.10
6610251823 94030404037204040287 27 15 27 27 22  7 27 27 221.15 50100.80
6610261823103743172327372320227 22 32  6  9 12 22  9  7 150.84 47 97.70
6610271823112310 71010231727127  9  4  3  4  4  9  6 12  60.31 39 92.00
66102818231230 710 7 3 31713 90 15  3  4  3  2  2  6  5  50.21 36 94.10
661029182313101317 3 7 710 3 70  4  5  6  2  3  3  4  2  40.10 27 99.70
6610301823142017101317373047190  7  6  4  5  6 22 15 39 130.73 27 95.70
6610311823154747404347434740353 39 39 27 32 39 32 39 27 341.46 35 97.10
6611 11823163740474747503033330 22 27 39 39 39 48 15 18 311.36 43 94.60
6611 21823173720202330333327223 22  7  7  9 15 18 18 12 140.84 42 96.70
6611 31823182730373730402727253 12 15 22 22 15 27 12 12 170.94 38 93.10
6611 4182319273023 7 7 73317150 12 15  9  3  3  3 18  6  90.52 38 91.70
6611 51823202023272020302310173  7  9 12  7  7 15  9  4  90.52 20 97.90
6611 61823211027202017202010143  4 12  7  7  6  7  7  4  70.31 32104.70
6611 718232217131710 3 31333110  6  5  6  4  2  2  5 18  60.31 48113.40
6611 818232333271310101320 0127 18 12  5  4  4  5  7  0  70.31 55116.90
6611 91823241010 7 7 3 3 3 7 50  4  4  3  3  2  2  2  3  30.10 59117.20
661110182325 320273027202020167  2  7 12 15 12  7  7  7  90.52 63121.90
66111118232620271733 7 7 3 0113  7 12  6 18  3  3  2  0  60.31 72126.10
66111218232720271320131733 7150  7 12  5  7  5  6 18  3  80.42 80126.20
6611131824 11713133317 72023143  6  5  5 18  6  3  7  9  70.42 68126.40
6611141824 210 0 7 7 0 0 010 33  4  0  3  3  0  0  0  4  20.00 66124.00
6611151824 317 31013 7101013 83  6  2  4  5  3  4  4  5  40.10 66122.60
6611161824 417132017 7 710 3 93  6  5  7  6  3  3  4  2  40.21 52121.20
6611171824 530302710 7333313183 15 15 12  4  3 18 18  5 110.63 59113.20
6611181824 6 3 0 01727403340160  2  0  0  6 12 27 18 27 120.73 57113.40
6611191824 73033332027172027207 15 18 18  7 12  6  7 12 120.73 65111.00
6611201824 83317131013132327150 18  6  5  4  5  5  9 12  80.42 74110.90
6611211824 913232713 7 31027123  5  9 12  5  3  2  4 12  60.31 77110.71
6611221824101313 310 3 3 0 3 50  5  5  2  4  2  2  0  2  30.00 78116.50
66112318241113 3 0 3 3 7 3 7 40  5  2  0  2  2  3  2  3  20.00 76114.71
6611241824121030231317 310 7113  4 15  9  5  6  2  4  3  60.31 72113.80
66112518241310 7 3 717101013 77  4  3  2  3  6  4  4  5  40.10 74110.70
66112618241437332323232310 3177 22 18  9  9  9  9  4  2 100.63 67107.30
661127182415 323131010232710120  2  9  5  4  4  9 12  4  60.31 59111.11
6611281824162317173030435033243  9  6  6 15 15 32 48 18 191.05 41104.10
6611291824175030332320301710213 48 15 18  9  7 15  6  4 150.94 37 98.00
6611301824181730534043473340303  6 15 56 27 32 39 18 27 281.26 37 94.61
6612 11824193743372327173723243 22 32 22  9 12  6 22  9 170.94 35 92.20
6612 21824202323131013131023130  9  9  5  4  5  5  4  9  60.31 33 95.10
6612 318242113 7 713 3 3 713 67  5  3  3  5  2  2  3  5  40.10 30  0.03
6612 41824222323473733273337260  9  9 39 22 18 12 18 22 191.05 57104.80
6612 51824233740372713334727260 22 27 22 12  5 18 39 12 201.05 69110.91
6612 61824243023231310101313137 15  9  9  5  4  4  5  5  70.42 68115.61
6612 7182425 713 7 7 3 31313 67  3  5  3  3  2  2  5  5  40.10 64117.70
6612 8182426 7 7 7 7 0 3 327 60  3  3  3  3  0  2  2 12  40.10 88123.70
6612 918242717 3 7 3 3 710 0 50  6  2  3  2  2  3  4  0  30.00 86146.20
6612101825 1 0 72013 0 71710 73  0  3  7  5  0  3  6  4  40.10112157.31
6612111825 21310 3 0 3 710 3 50  5  4  2  0  2  3  4  2  30.00125162.81
6612121825 3 3 3 3 3 0 3 3 7 27  2  2  2  2  0  2  2  3  20.00130157.60
6612131825 42737433037471723260 12 22 32 15 22 39  6  9 201.05118155.50
6612141825 52037302760705353350  7 22 15 12 80132 56 56 481.67113149.50
6612151825 65033203027402720247 48 18  7 15 12 27 12  7 181.05107144.90
6612161825 72327171723232020170  9 12  6  6  9  9  7  7  80.42116135.10
6612171825 82320101320171340157  9  7  4  5  7  6  5 27  90.52 88124.91
6612181825 913172317 7101010107  5  6  9  6  3  4  4  4  50.21 76111.20
66121918251013 710 3 0 71313 67  5  3  4  2  0  3  5  5  30.10 57112.30
661220182511 3 0 3 320233330117  2  0  2  2  7  9 18 15  70.31 46107.60
6612211825122737232010333023203 12 22  9  7  4 18 15  9 120.73 37106.50
6612221825132033232327303337227  7 18  9  9 12 15 18 22 140.84 34105.51
6612231825142313131313233027157  9  5  5  5  5  9 15 12  80.42 38110.61
6612241825152330433310132013187  9 15 32 18  4  5  7  5 120.73 45110.50
6612251825162723303330203037230 12  9 15 18 15  7 15 22 140.84 60111.60
6612261825173727334037473743300 22 12 18 27 22 39 22 32 241.26 65110.90
6612271825184747434050433743350 39 39 32 27 48 32 22 32 341.36 48109.60
6612281825193317232740233027220 18  6  9 12 27  9 15 12 140.84 48107.50
6612291825202317232713131317147  9  6  9 12  5  5  5  6  70.42 51109.30
661230182521101310131730 310107  4  5  4  5  6 15  2  4  60.31 70115.10
661231182522 7 010 71013 3 7 57  3  0  4  3  4  5  2  3  30.10 68120.51
