89 1 12123134033302330273027240 27 18 15  9 15 12 15 12 150.94148179.51
89 1 22123141710171713102320127  6  4  6  6  5  4  9  7  60.31173193.70
89 1 3212315 3 0101010132017 83  2  0  4  4  4  5  7  6  40.10146189.20
89 1 42123161717231020172337163  6  6  9  4  7  6  9 22  90.52120195.71
89 1 52123174357503730474027330 32 67 48 22 15 39 27 12 331.36155201.60
89 1 62123183027272317102027180 15 12 12  9  6  4  7 12 100.52142198.70
89 1 72123193320202023272720190 18  7  7  7  9 12 12  7 100.63165239.50
89 1 82123201023232343403740240  4  9  9  9 32 27 22 27 170.94155260.20
89 1 92123212730333337303030250 12 15 18 18 22 15 15 15 160.94165251.30
89 1102123223723233027272317207 22  9  9 15 12 12  9  6 120.73190250.00
89 1112123232013131337576363280  7  5  5  5 22 67 94 94 371.46211254.71
89 1122123246040302020202320233 80 27 15  7  7  7  9  7 201.05229263.20
89 113212325 7 7 72333373330177  3  3  3  9 18 22 18 15 110.73206291.71
89 1142123263310101027273747200 18  4  4  4 12 12 22 39 140.84189274.90
89 1152123274743374043475057363 39 32 22 27 32 39 48 67 381.46177280.10
89 1162124 15750574337434747380 67 48 67 32 22 32 39 39 431.57164292.10
89 1172124 24333405037374730317 32 18 27 48 22 22 39 15 281.26155266.71
89 1182124 34030303730232020230 27 15 15 22 15  9  7  7 150.84160271.20
89 1192124 420272317 7132020147  7 12  9  6  3  5  7  7  70.42140241.60
89 1202124 53017202763675750330 15  6  7 12 94111 67 48 451.57126222.01
89 1212124 63740404040474043327 22 27 27 27 27 39 27 32 281.26114198.21
89 1222124 74347473353373030320 32 39 39 18 56 22 15 15 301.36165203.60
89 1232124 83343403337373330287 18 32 27 18 22 22 18 15 221.15171205.60
89 1242124 92723202023273027197 12  9  7  7  9 12 15 12 100.63142211.00
89 1252124102030273033202727213  7 15 12 15 18  7 12 12 120.73144227.30
89 1262124112317233027302320193  9  6  9 15 12 15  9  7 100.63152206.30
89 1272124123337273030231010200 18 22 12 15 15  9  4  4 120.73157211.10
89 1282124132037231727304023217  7 22  9  6 12 15 27  9 130.84172207.10
89 1292124142313172330372317183  9  5  6  9 15 22  9  6 100.63169200.50
89 1302124152330203333272323213  9 15  7 18 18 12  9  9 120.73157187.30
89 1312124163330303333435360317 18 15 15 18 18 32 56 80 321.36140187.50
89 2 12124174747273743273353313 39 39 12 22 32 12 18 56 291.36141184.80
89 2 22124184037231327205340253 27 22  9  5 12  7 56 27 211.15144171.20
89 2 32124195757373747534747380 67 67 22 22 39 56 39 39 441.57164185.81
89 2 42124204740303740274040300 39 27 15 22 27 12 27 27 241.26133183.40
89 2 52124214037373030333743287 27 22 22 15 15 18 22 32 221.15127195.10
89 2 62124224733373733373733293 39 18 22 22 18 22 22 18 231.15127205.31
89 2 72124233740404037403740310 22 27 27 27 22 27 22 27 251.26132210.50
89 2 82124243733303023231730223 22 18 15 15  9  9  6 15 140.84161243.90
89 2 92124254043303030303330267 27 32 15 15 15 15 18 15 191.05172259.30
89 210212426403023303310 7 7180 27 15  9 15 18  4  3  3 120.73192269.80
89 21121242710 7172327273730177  4  3  6  9 12 12 22 15 100.63190257.00
89 2122125 13027202327273737227 15 12  7  9 12 12 22 22 140.84216257.30
89 2132125 24340373733373027283 32 27 22 22 18 22 15 12 211.15219258.40
89 2142125 33040272330371310210 15 27 12  9 15 22  5  4 140.84208260.70
89 2152125 41327171713334043203  5 12  6  6  5 18 27 32 140.84191241.30
89 2162125 54047233030132330237 27 39  9 15 15  5  9 15 170.94195241.10
89 2172125 623231713 7 3 713107  9  9  6  5  3  2  3  5  50.21209233.91
89 2182125 7102717 733302710160  4 12  6  3 18 15 12  4  90.52163213.80
89 2192125 81010232023302033170  4  4  9  7  9 15  7 18  90.52164214.00
89 2202125 93333373340404023280 18 18 22 18 27 27 27  9 211.15169202.21
89 2212125102723333017301713190 12  9 18 15  6 15  6  5 110.63149217.80
89 2222125112023403327203023217  7  9 27 18 12  7 15  9 130.73142213.90
89 2232125121310131010101323103  5  4  5  4  4  4  5  9  50.21134214.71
89 2242125132727272327131013167 12 12 12  9 12  5  4  5  90.52153213.40
89 2252125141017332017101310130  4  6 18  7  6  4  5  4  70.31189203.81
89 226212515 7 3101017 7 310 67  3  2  4  4  6  3  2  4  40.10163190.31
89 22721251620 7 71323271717130  7  3  3  5  9 12  6  6  60.31147168.61
89 2282125171320272030303337210  5  7 12  7 15 15 18 22 130.73128163.50
89 3 12125183330202733272023213 18 15  7 12 18 12  7  9 120.73127168.81
89 3 22125193357373340333033297 18 67 22 18 27 18 15 18 251.26107173.70
89 3 32125203050574747504030350 15 48 67 39 39 48 27 15 371.46103169.00
89 3 421252133232033433010 7200 18  9  7 18 32 15  4  3 130.84 98163.60
89 3 52125222740505347333733320 12 27 48 56 39 18 22 18 301.36 90183.50
89 3 62125234030333747404033300 27 15 18 22 39 27 27 18 241.26103201.12
89 3 72125244043333027302030253 27 32 18 15 12 15  7 15 181.05 98190.31
89 3 8212525232327 3 7435357237  9  9 12  2  3 32 56 67 241.15109202.60
89 3 92125265350333337403747330 56 48 18 18 22 27 22 39 311.36133204.21
89 3102125274340372727303033267 32 27 22 12 12 15 15 18 191.05163212.41
89 3112126 12730303730302740250 12 15 15 22 15 15 12 27 170.94155232.41
89 3122126 25030302730474030283 48 15 15 12 15 39 27 15 231.15140237.61
89 3132126 36077878383838790650 801793002362362363004002462.29162253.00
89 3142126 49077775750537773553400179179 67 48 561791541582.09181263.82
89 3152126 56760475043474030383111 80 39 48 32 39 27 15 491.67165255.82
89 3162126 62050536753505037380  7 48 56111 56 48 48 22 501.67187261.62
89 3172126 74353534343433727343 32 56 56 32 32 32 22 12 341.46168240.70
89 3182126 81020202040531320197  4  7  7  7 27 56  5  7 150.84164234.20
89 3192126 91040636367603327363  4 27 94 94111 80 18 12 551.67148221.10
89 3202126102337332323231740220  9 22 18  9  9  9  6 27 140.84158218.21
89 3212126114040433737273037290 27 27 32 22 22 12 15 22 221.15155213.51
89 3222126123030474043476057353 15 15 39 27 32 39 80 67 391.46155222.50
89 3232126134330304350574747347 32 15 15 32 48 67 39 39 361.46145216.11
89 3242126145043332317171010203 48 32 18  9  6  6  4  4 160.94155193.21
89 3252126151310132313274030170  5  4  5  9  5 12 27 15 100.63131186.21
89 3262126162730173037232040223 12 15  6 15 22  9  7 27 140.84117171.61
89 3272126173327433757635053363 18 12 32 22 67 94 48 56 441.57102162.60
89 3282126184333435757504037360 32 18 32 67 67 48 27 22 391.46 89157.30
89 3292126196360534347537060450 94 80 56 32 39 56132 80 711.87 95155.80
89 3302126204353533730335767373 32 56 56 22 15 18 67111 471.57 78159.80
89 3312126215353434350575753410 56 56 32 32 48 67 67 56 521.67 91167.50
89 4 12126224753574040435047377 39 56 67 27 27 32 48 39 421.57104173.81
89 4 22126233743333747503327307 22 32 18 22 39 48 18 12 261.26122183.50
89 4 32126244037231737333747270 27 22  9  6 22 18 22 39 211.15140196.51
89 4 42126254747434743506053390 39 39 32 39 32 48 80 56 461.57115188.90
89 4 52126266053534340334743373 80 56 56 32 27 18 39 32 421.57106191.10
89 4 62126274330201723273330223 32 15  7  6  9 12 18 15 140.84139196.50
89 4 72127 12027474047434737307  7 12 39 27 39 32 39 22 271.26170199.80
89 4 82127 24333373030403327273 32 18 22 15 15 27 18 12 201.05185207.10
89 4 92127 34030232020374023233 27 15  9  7  7 22 27  9 150.94153194.00
89 4102127 42717131323202023157 12  6  5  5  9  7  7  9  80.42122182.30
89 4112127 52030231343432320217  7 15  9  5 32 32  9  7 140.84106180.70
89 4122127 6202020 717201720140  7  7  7  3  6  7  6  7  60.31 96181.30
89 4132127 72323374033303333253  9  9 22 27 18 15 18 18 170.94 92185.31
89 4142127 83730272027374757280 22 15 12  7 12 22 39 67 241.26103198.10
89 4152127 95053433333332727300 48 56 32 18 18 18 12 12 271.26120199.50
89 416212710131013 740434350220  5  4  5  3 27 32 32 48 201.05130203.90
89 4172127114310101317202033167 32  4  4  5  6  7  7 18 100.63144210.61
89 4182127123343201713 7 710150 18 32  7  6  5  3  3  4 100.52137204.10
89 41921271313 7 71327271320127  5  3  3  5 12 12  5  7  60.31160209.70
89 4202127142337301320232020187  9 22 15  5  7  9  7  7 100.63165192.50
89 4212127152723231013201010137 12  9  9  4  5  7  4  4  70.31175196.10
89 4222127163313 3 727171023133 18  5  2  3 12  6  4  9  70.42167193.61
89 4232127172310201733403323200  9  4  7  6 18 27 18  9 120.73128183.11
89 4242127183017101717231727157 15  6  4  6  6  9  6 12  80.42135189.00
89 4252127192327273043505760317  9 12 12 15 32 48 67 80 341.46132179.70
89 4262127206767605040536360460111111 80 48 27 56 94 80 761.87125176.90
89 4272127215753474340535750400 67 56 39 32 27 56 67 48 491.67118176.90
89 4282127225047474050435043370 48 39 39 27 48 32 48 32 391.46109183.20
89 4292127233040373737435043317 15 27 22 22 22 32 48 32 281.26107189.50
89 4302127244733332733233023250 39 18 18 12 18  9 15  9 170.94114180.60
89 5 12127252717131313302733173 12  6  5  5  5 15 12 18 100.52 93180.50
89 5 22127263337372327334330263 18 22 22  9 12 18 32 15 181.05 94184.51
89 5 32127273333272317133030207 18 18 12  9  6  5 15 15 120.73 85190.60
89 5 42128 14337232323332750260 32 22  9  9  9 18 12 48 201.05 97198.20
89 5 52128 26760534333273737357111 80 56 32 18 12 22 22 441.57 85193.70
89 5 62128 32327273020273340227  9 12 12 15  7 12 18 27 140.84105195.91
89 5 72128 4 743534353535360367  3 32 56 32 56 56 56 80 461.57134200.60
89 5 82128 51310131710131020107  5  4  5  6  4  5  4  7  50.21149212.40
89 5 92128 6101017102020 710103  4  4  6  4  7  7  3  4  50.21137205.11
89 5102128 71713 7 710 7 720 87  6  5  3  3  4  3  3  7  40.10123208.70
89 5112128 81310101013202027123  5  4  4  4  5  7  7 12  60.31120198.90
89 5122128 92730372313271713187 12 15 22  9  5 12  6  5 110.63115197.20
89 5132128101717172033331710163  6  6  6  7 18 18  6  4  90.52129197.50
89 5142128112033232017301723183  7 18  9  7  6 15  6  9 100.52123193.11
89 5152128121723303327273327217  6  9 15 18 12 12 18 12 130.73148195.80
89 5162128131723131720232017150  6  9  5  6  7  9  7  6  70.31154188.60
89 5172128142027232020171710153  7 12  9  7  7  6  6  4  70.42161187.00
89 5182128152020171323131313133  7  7  6  5  9  5  5  5  60.31177184.90
89 519212816 713102317171713117  3  5  4  9  6  6  6  5  60.21191188.60
89 52021281717132047472327 3197  6  5  7 39 39  9 12  2 150.84195203.10
89 5212128181720272727171710160  6  7 12 12 12  6  6  4  80.42168211.91
89 5222128191720202330232740200  6  7  7  9 15  9 12 27 120.73156203.90
89 5232128202327132057736047320  9 12  5  7 67154 80 39 471.57180212.20
89 5242128215350605060635757450 56 48 80 48 80 94 67 67 681.77196210.00
89 5252128224737402740334333300 39 22 27 12 27 18 32 18 241.26173194.61
89 5262128233323172333334043247 18  9  6  9 18 18 27 32 170.94157188.00
89 5272128243740332027273327243 22 27 18  7 12 12 18 12 160.94163176.60
89 5282128252723132333373330220 12  9  5  9 18 22 18 15 140.84130173.50
89 5292128263723202737273030230 22  9  7 12 22 12 15 15 140.84121173.60
89 5302128273327201313202723177 18 12  7  5  5  7 12  9  90.52122183.00
89 5312129 13323271730273327217 18  9 12  6 15 12 18 12 130.73111194.20
89 6 12129 22727132323273030200 12 12  5  9  9 12 15 15 110.63136191.61
89 6 22129 32323333747333333263  9  9 18 22 39 18 18 18 191.05148208.21
89 6 32129 43730201323373330223 22 15  7  5  9 22 18 15 140.84158203.31
89 6 42129 54050131713131320180 27 48  5  6  5  5  5  7 140.84157221.31
89 6 52129 62010131710271727140  7  4  5  6  4 12  6 12  70.42171213.21
89 6 62129 72723171317101347167 12  9  6  5  6  4  5 39 110.63145212.21
89 6 72129 86043475733 73037313 80 32 39 67 18  3 15 22 341.46130205.30
89 6 82129 93023271717136050237 15  9 12  6  6  5 80 48 231.15143222.90
89 6 92129106347232327334353313 94 39  9  9 12 18 32 56 341.36168241.90
89 6102129115357535767706347467 56 67 56 67111132 94 39 781.87192250.91
89 6112129124043432330333733283 27 32 32  9 15 18 22 18 221.15203270.30
89 6122129133030332720232713203 15 15 18 12  7  9 12  5 120.73218285.81
89 6132129141717202733434327227  6  6  7 12 18 32 32 12 160.94253319.20
89 6142129153343475753536050397 18 32 39 67 56 56 80 48 501.67251327.20
89 6152129164733504350505030353 39 18 48 32 48 48 48 15 371.46264334.71
89 61621291730372720 717 7 3147 15 22 12  7  3  6  3  2  90.52265320.91
89 617212918 0 3 71013331020 97  0  2  3  4  5 18  4  7  50.21233303.71
89 6182129191713 710131320 7100  6  5  3  4  5  5  7  3  50.21216271.50
89 6192129201323171720132733163  5  9  6  6  7  5 12 18  80.52235270.60
89 6202129212730304350405333307 12 15 15 32 48 27 56 18 281.26232249.31
89 6212129221310171013 7 717 93  5  4  6  4  5  3  3  6  40.21187242.80
89 622212923 71013 713131720100  3  4  5  3  5  5  6  7  50.21174233.10
89 6232129241710101017201713113  6  4  4  4  6  7  6  5  50.21196238.70
89 6242129251013203040201713163  4  5  7 15 27  7  6  5 100.52215227.60
89 6252129262323231720131023153  9  9  9  6  7  5  4  9  70.42227221.60
89 6262129271013172723231727157  4  5  6 12  9  9  6 12  80.42237233.00
89 6272130 12313 71017101323117  9  5  3  4  6  4  5  9  60.31206227.50
89 6282130 22713131713231320140 12  5  5  6  5  9  5  7  70.31187227.40
89 6292130 32733233033302323223 12 18  9 15 18 15  9  9 130.84182223.00
89 6302130 43040271713 71720170 15 27 12  6  5  3  6  7 100.63156217.40
89 7 12130 51310201713536343233  5  4  7  6  5 56 94 32 261.26128204.00
89 7 22130 6302713 7 3 3 3 3 90 15 12  5  3  2  2  2  2  50.21149193.40
89 7 32130 7 3 7 3 310 710 3 47  2  3  2  2  4  3  4  2  30.00129192.51
89 7 42130 8 3 7 3 31310 3 3 47  2  3  2  2  5  4  2  2  30.00120189.80
89 7 52130 91710102023434737207  6  4  4  7  9 32 39 22 150.94101183.41
89 7 62130102327172323333020197  9 12  6  9  9 18 15  7 110.63120192.30
89 7 72130112323271320172317163  9  9 12  5  7  6  9  6  80.42149193.50
89 7 8213012 7 3101013 7 710 67  3  2  4  4  5  3  3  4  40.10141188.90
89 7 92130132327101010 71713117  9 12  4  4  4  3  6  5  60.31116188.10
89 7102130141727302327272327200  6 12 15  9 12 12  9 12 110.63104184.10
89 7112130151310 71010101010 80  5  4  3  4  4  4  4  4  40.10136193.20
89 712213016 3 3 01010 7 723 63  2  2  0  4  4  3  3  9  30.10111190.70
89 7132130171723271320131013137  6  9 12  5  7  5  4  5  70.31116184.01
89 714213018 710 71010131320 90  3  4  3  4  4  5  5  7  40.21116183.90
89 715213019 717131720231717130  3  6  5  6  7  9  6  6  60.31 92185.70
89 716213020 310 3 3 3 3 0 3 30  2  4  2  2  2  2  0  2  20.00 91183.90
89 7172130213323332327302723220 18  9 18  9 12 15 12  9 130.73 99184.10
89 7182130223743232323232013207 22 32  9  9  9  9  7  5 130.73113189.20
89 719213023131017 710 7 7 7 77  5  4  6  3  4  3  3  3  40.10138193.70
89 720213024 717 7 7 7131720 93  3  6  3  3  3  5  6  7  40.21149192.40
89 72121302517201317 7101013107  6  7  5  6  3  4  4  5  50.21170195.00
89 7222130261710171327171027137  6  4  6  5 12  6  4 12  70.31197200.90
89 7232130272737231730271717193 12 22  9  6 15 12  6  6 110.63195196.50
89 7242131 12013232327232023173  7  5  9  9 12  9  7  9  80.52168191.10
89 7252131 2202020172010 723137  7  7  7  6  7  4  3  9  60.31132180.40
89 7262131 32320272733333027220  9  7 12 12 18 18 15 12 130.73111169.80
89 7272131 42330201020201727167  9 15  7  4  7  7  6 12  80.52 99172.80
89 7282131 52330171317172730173  9 15  6  5  6  6 12 15  90.52 75170.70
89 7292131 62320172027233327190  9  7  6  7 12  9 18 12 100.63112180.90
89 7302131 72023171313172323150  7  9  6  5  5  6  9  9  70.42125185.10
89 7312131 8171013 710 71020 93  6  4  5  3  4  3  4  7  40.21132188.20
89 8 12131 91713 71013171723117  6  5  3  4  5  6  6  9  60.21171198.50
89 8 221311027172310 7 71017117 12  6  9  4  3  3  4  6  60.31196201.70
89 8 321311120201717131010 3110  7  7  6  6  5  4  4  2  50.21193220.20
89 8 4213112 710172327332023160  3  4  6  9 12 18  7  9  80.52213225.70
89 8 521311310 7 0 3 3 3 310 40  4  3  0  2  2  2  2  4  20.00227241.50
89 8 62131141013101017233327143  4  5  4  4  6  9 18 12  80.42220240.30
89 8 72131152023202020273320183  7  9  7  7  7 12 18  7  90.52215240.60
89 8 82131162023232713101717150  7  9  9 12  5  4  6  6  70.42218233.60
89 8 92131171713 71017174333157  6  5  3  4  6  6 32 18 100.63218233.91
89 8102131183737605743434050367 22 22 80 67 32 32 27 48 411.57200232.60
89 8112131195347304043332023290 56 39 15 27 32 18  7  9 251.26202243.60
89 8122131203023201723 71323157 15  9  7  6  9  3  5  9  80.42188256.11
89 8132131213027232027132020180 15 12  9  7 12  5  7  7  90.52207263.90
89 8142131223340676067334050390 18 27111 80111 18 27 48 551.67197271.30
89 8152131236767604363405067457111111 80 32 94 27 48111 771.87203281.70
89 8162131245750302333273337290 67 48 15  9 18 12 18 22 261.26177259.80
89 8172131253327332753574750327 18 12 18 12 56 67 39 48 341.36192262.90
89 8182131265040375027274343317 48 27 22 48 12 12 32 32 291.36189265.00
89 8192131274047231010173010187 27 39  9  4  4  6 15  4 140.84202249.10
89 8202132 12327505050401717273  9 12 48 48 48 27  6  6 261.26209236.40
89 8212132 22013101033405350230  7  5  4  4 18 27 56 48 211.15203225.70
89 8222132 34333332713131313190 32 18 18 12  5  5  5  5 120.73160205.40
89 8232132 43033273050475337307 15 18 12 15 48 39 56 22 281.26133191.30
89 8242132 5301010 717131017113 15  4  4  3  6  5  4  6  60.31129182.00
89 8252132 6 71013 713101323 97  3  4  5  3  5  4  5  9  50.21105159.70
89 8262132 7 72320272017 7 7127  3  9  7 12  7  6  3  3  60.31 82161.00
89 8272132 82043302740335743293  7 32 15 12 27 18 67 32 261.26 57159.60
89 8282132 92710 72020234067213 12  4  3  7  7  9 27111 221.15 50174.10
89 8292132107073574037403723377132154 67 27 22 27 22  9 581.77 70180.31
89 8302132112043203033403027243  7 32  7 15 18 27 15 12 170.94 94192.01
89 831213212201310 310271723123  7  5  4  2  4 12  6  9  60.31116208.91
89 9 1213213232027232723 7 3153  9  7 12  9 12  9  3  2  80.42147223.80
89 9 22132141720131727331313153  6  7  5  6 12 18  5  5  80.42171233.30
89 9 32132151030271013171027143  4 15 12  4  5  6  4 12  80.42180243.01
89 9 42132165060474333131030287 48 80 39 32 18  5  4 15 301.36204245.00
89 9 52132174740533320172023253 39 27 56 18  7  6  7  9 211.15212273.30
89 9 62132182027232733333020213  7 12  9 12 18 18 15  7 120.73230288.40
89 9 72132192320173740574030263  9  7  6 22 27 67 27 15 221.15267303.40
89 9 82132203740402730271323237 22 27 27 12 15 12  5  9 160.94261302.10
89 9 92132212320 72727273327190  9  7  3 12 12 12 18 12 110.63296311.50
89 9102132222733201323302317187 12 18  7  5  9 15  9  6 100.63270303.30
89 91121322310 3 3 7 3 3 723 60  4  2  2  3  2  2  3  9  30.10280299.30
89 912213224303333273023 720203 15 18 18 12 15  9  3  7 120.73264292.20
89 9132132251720201320302730177  6  7  7  5  7 15 12 15  90.52248249.30
89 9142132261317232713 3 3 3103  5  6  9 12  5  2  2  2  50.21215244.90
89 9152132272747303047476063350 12 39 15 15 39 39 80 94 421.57207226.00
89 9162133 15357402323232023263 56 67 27  9  9  9  7  9 241.26180233.70
89 9172133 217 7201013102330130  6  3  7  4  5  4  9 15  70.31159216.20
89 9182133 34327374030506077363 32 12 22 27 15 48 80179 521.67155208.60
89 9192133 46780705040302713377111207132 48 27 15 12  5 701.77152197.01
89 9202133 51020101017132023123  4  7  4  4  6  5  7  9  60.31137173.10
89 9212133 6272723202013 327160 12 12  9  7  7  5  2 12  80.42111161.80
89 9222133 72030374743433727283  7 15 22 39 32 32 22 12 231.15109159.30
89 9232133 8171313 7 710 717 90  6  5  5  3  3  4  3  6  40.21103157.50
89 9242133 917 7131023172327137  6  3  5  4  9  6  9 12  70.31 75157.00
89 92521331013101017131313 7 97  5  4  4  6  5  5  5  3  50.21 80166.80
89 926213311 317434753637057353  2  6 32 39 56 94132 67 541.67 93182.21
89 9272133124030201013 7 310133 27 15  7  4  5  3  2  4  80.52101199.40
89 9282133132723 71013202723150 12  9  3  4  5  7 12  9  80.42111194.30
89 9292133142313133320232017163  9  5  5 18  7  9  7  6  80.42134204.71
89 9302133153023131017304033197 15  9  5  4  6 15 27 18 120.73150202.00
8910 12133163333332327332017220 18 18 18  9 12 18  7  6 130.84129198.40
8910 22133171337272020231710167  5 22 12  7  7  9  6  4  90.52150208.50
8910 3213318 710202737333723193  3  4  7 12 22 18 22  9 120.73167222.40
8910 4213319202010 720231020130  7  7  4  3  7  9  4  7  60.31186234.10
8910 52133202310 01020101017100  9  4  0  4  7  4  4  6  50.21209223.20
8910 62133212010202727302330187  7  4  7 12 12 15  9 15 100.63189220.50
8910 72133223333201327232733210 18 18  7  5 12  9 12 18 120.73168225.70
8910 82133232727231720131030167 12 12  9  6  7  5  4 15  90.52166210.10
8910 92133243337231720132030193 18 22  9  6  7  5  7 15 110.63187201.90
8910102133252730272327332020207 12 15 12  9 12 18  7  7 120.73178195.50
891011213326232727201717 710147  9 12 12  7  6  6  3  4  70.42191191.50
8910122133271327232020202020163  5 12  9  7  7  7  7  7  80.42154203.20
8910132134 117 3 0 0 0 0 0 0 20  6  2  0  0  0  0  0  0  10.00148224.20
8910142134 2 0 3 0 3 7 0 0 0 13  0  2  0  2  3  0  0  0  10.00159225.90
8910152134 3 7 7 3 7101327 7 80  3  3  2  3  4  5 12  3  40.21189225.40
8910162134 41717172733302720187  6  6  6 12 18 15 12  7 100.63209237.00
8910172134 53033303023202717210 15 18 15 15  9  7 12  6 120.73206225.30
8910182134 64337133333232337243 32 22  5 18 18  9  9 22 170.94184221.31
8910192134 75347434037172313273 56 39 32 27 22  6  9  5 241.26159214.72
8910202134 82330436777778370470  9 15 321111791792361321121.98140205.40
8910212134 96367708377678063570 94111132236179111207 941462.09152206.20
8910222134106357434747535340403 94 67 32 39 39 56 56 27 511.67158217.80
8910232134113057502320202730257 15 67 48  9  7  7 12 15 221.15145210.40
8910242134123730432327233733253 22 15 32  9 12  9 22 18 170.94131214.20
8910252134135050473713201023250 48 48 39 22  5  7  4  9 231.15121183.31
8910262134141740272343375043280  6 27 12  9 32 22 48 32 241.15109171.70
8910272134154333333723203030250 32 18 18 22  9  7 15 15 170.94 97176.90
8910282134161020202013373020170  4  7  7  7  5 22 15  7  90.52116173.00
8910292134172330231727203737213  9 15  9  6 12  7 22 22 130.73131172.00
8910302134185037373730233340287 48 22 22 22 15  9 18 27 231.15156186.30
8910312134194030202033332710213 27 15  7  7 18 18 12  4 140.84157202.01
8911 12134202013171720202330160  7  5  6  6  7  7  9 15  80.42153211.40
8911 22134214733301023305037260 39 18 15  4  9 15 48 22 211.15160216.00
8911 32134224033474347333730310 27 18 39 32 39 18 22 15 261.26191217.60
8911 42134232327505040403343307  9 12 48 48 27 27 18 32 281.26216223.90
8911 52134244040333320233740267 27 27 18 18  7  9 22 27 191.05228235.40
8911 62134252727202327273023203 12 12  7  9 12 12 15  9 110.63245255.30
8911 72134264033304043202333263 27 18 15 27 32  7  9 18 191.05233207.31
8911 821342727302743303330 7227 12 15 12 32 15 18 15  3 150.94215270.90
8911 92135 14047302330504327290 27 39 15  9 15 48 32 12 251.26214257.20
8911102135 22337231723232023190  9 22  9  6  9  9  7  9 100.63203246.31
8911112135 33733273027334037263 22 18 12 15 12 18 27 22 181.05179249.10
8911122135 43330231320101730177 18 15  9  5  7  4  6 15 100.63173253.50
8911132135 54353473353535047380 32 56 39 18 56 56 48 39 431.57153240.30
8911142135 64333333013171323207 32 18 18 15  5  6  5  9 140.84140243.00
8911152135 730201310 71310 7110 15  7  5  4  3  5  4  3  60.31132216.50
8911162135 8 7 7132017131720113  3  3  5  7  6  5  6  7  50.21124216.20
8911172135 93730407067778077477 22 15 271321111792071791091.98124215.00
8911182135107067533723272320320132111 56 22  9 12  9  7 451.57134221.62
8911192135111713202017203027163  6  5  7  7  6  7 15 12  80.42124229.20
8911202135122327232023172023177  9 12  9  7  9  6  7  9  80.52141223.70
8911212135134023373323 7 310177 27  9 22 18  9  3  2  4 120.73159229.40
891122213514 7 3 72013302023123  3  2  3  7  5 15  7  9  60.31162222.00
8911232135152717 71713101310113 12  6  3  6  5  4  5  4  60.31157213.40
8911242135161323232023172023163  5  9  9  7  9  6  7  9  80.42160208.80
8911252135171020 3 0 0 0 0 0 33  4  7  2  0  0  0  0  0  20.00175216.00
891126213518 7 7132717334030173  3  3  5 12  6 18 27 15 110.63184234.30
8911272135192323232730272750230  9  9  9 12 15 12 12 48 160.94183239.40
8911282135204743473740333340320 39 32 39 22 27 18 18 27 281.26183231.30
8911292135213330333333374030270 18 15 18 18 18 22 27 15 191.05164215.10
8911302135224033333033303740277 27 18 18 15 18 15 22 27 201.05182240.90
8912 12135235040332737536047347 48 27 18 12 22 56 80 39 381.46198223.71
8912 22135244340473020232347273 32 27 39 15  7  9  9 39 221.15182213.70
8912 32135254340334737373043310 32 27 18 39 22 22 15 32 261.26203205.60
8912 42135265350333030304350320 56 48 18 15 15 15 32 48 311.36182212.90
8912 52135275333201313132017183 56 18  7  5  5  5  7  6 140.84192209.70
8912 62136 12017101017101013107  7  6  4  4  6  4  4  5  50.21184209.70
8912 72136 22320271717232730183  9  7 12  6  6  9 12 15 100.52217221.50
8912 82136 31013131723201320130  4  5  5  6  9  7  5  7  60.31167203.60
8912 92136 41717 7 710 717 7 87  6  6  3  3  4  3  6  3  40.10161194.60
8912102136 5 7 7 7 3 3 310 7 47  3  3  3  2  2  2  4  3  30.00148177.10
8912112136 6 310132720201313120  2  4  5 12  7  7  5  5  60.31104171.70
8912122136 72017131023132033150  7  6  5  4  9  5  7 18  80.42 99164.90
8912132136 833231310132017 3133 18  9  5  4  5  7  6  2  70.42107163.20
8912142136 9 0 3 73330373330173  0  2  3 18 15 22 18 15 120.73100161.80
8912152136103327272327132017187 18 12 12  9 12  5  7  6 100.63 84165.50
8912162136111720203740372737233  6  7  7 22 27 22 12 22 160.94101164.10
8912172136122020203333302023200  7  7  7 18 18 15  7  9 110.63120176.00
8912182136132013202017172723157  7  5  7  7  6  6 12  9  70.42123185.90
8912192136142323131017131710127  9  9  5  4  6  5  6  4  60.31131188.20
8912202136151323101010132327130  5  9  4  4  4  5  9 12  60.31127189.30
8912212136163323 71017232320157 18  9  3  4  6  9  9  7  80.42111189.90
8912222136174033233050405327297 27 18  9 15 48 27 56 12 261.26150199.90
8912232136182043403330231723230  7 32 27 18 15  9  6  9 150.94201213.80
8912242136192323233737434340270  9  9  9 22 22 32 32 27 201.05191231.00
8912252136203743272723232737243 22 32 12 12  9  9 12 22 160.94209248.01
8912262136213020233333335047270 15  7  9 18 18 18 48 39 221.15221252.60
8912272136224043303340434333307 27 32 15 18 27 32 32 18 251.26240274.80
8912282136233333201317101730173 18 18  7  5  6  4  6 15 100.63249246.40
8912292136243020335040576767363 15  7 18 48 27 67111111 501.67213242.71
8912302136255040403733404347330 48 27 27 22 18 27 32 39 301.36214258.21
8912312136264357574740333327337 32 67 67 39 27 18 18 12 351.46201236.70
