90 1 12136272030273327334037247  7 15 12 18 12 18 27 22 160.94186209.30
90 1 22137 14323173023273343240 32  9  6 15  9 12 18 32 170.94176208.60
90 1 32137 25033201323302317210 48 18  7  5  9 15  9  6 150.84166192.50
90 1 42137 32720102730202340197 12  7  4 12 15  7  9 27 120.73174189.21
90 1 52137 43727232727333740250 22 12  9 12 12 18 22 27 170.94164187.10
90 1 62137 53320201313101720147 18  7  7  5  5  4  6  7  70.42144180.90
90 1 72137 62727231010 3 310113 12 12  9  4  4  2  2  4  60.31129177.10
90 1 82137 7101310 730403330173  4  5  4  3 15 27 18 15 110.73138170.90
90 1 92137 8433027203020 733210 32 15 12  7 15  7  3 18 140.84125160.60
90 1102137 94023373323272733243 27  9 22 18  9 12 12 18 160.94134167.20
90 1112137103027333737333733267 15 12 18 22 22 18 22 18 181.05164169.50
90 1122137113337273330303020240 18 22 12 18 15 15 15  7 150.94172170.00
90 1132137122723232723201320177 12  9  9 12  9  7  5  7  90.52179167.00
90 1142137132317101733201017147  9  6  4  6 18  7  4  6  80.42147165.90
90 1152137142327201727301710170  9 12  7  6 12 15  6  4  90.52157184.90
90 1162137151313102010273737167  5  5  4  7  4 12 22 22 100.63152187.60
90 1172137162727201713201730170 12 12  7  6  5  7  6 15  90.52164186.80
90 1182137172713132330201723167 12  5  5  9 15  7  6  9  80.52177217.20
90 11921371810 0 3 3 7 32023 70  4  0  2  2  3  2  7  9  40.10199233.10
90 1202137192723302027373727227 12  9 15  7 12 22 22 12 140.84236238.20
90 1212137204023373733273023250 27  9 22 22 18 12 15  9 170.94217250.81
90 1222137213743273330273733267 22 32 12 18 15 12 22 18 191.05206233.70
90 1232137224037303337273340277 27 22 15 18 22 12 18 27 201.05200233.60
90 1242137235043373737335050337 48 32 22 22 22 18 48 48 321.36191239.80
90 1252137245027373333332020253 48 12 22 18 18 18  7  7 191.05206234.60
90 1262137252323173030271710177  9  9  6 15 15 12  6  4 100.52203238.80
90 1272137261020 7 3 31313 0 70  4  7  3  2  2  5  5  0  40.10211232.20
90 128213727 3 7131320202730133  2  3  5  5  7  7 12 15  70.42193230.10
90 1292138 14337473737273340300 32 22 39 22 22 12 18 27 241.26185227.80
90 1302138 24337302337375033290 32 22 15  9 22 22 48 18 241.15198211.40
90 1312138 34333333733333013257 32 18 18 22 18 18 15  5 181.05201209.30
90 2 12138 41733273033475033270  6 18 12 15 18 39 48 18 221.15171200.80
90 2 22138 54047373737403737310 27 39 22 22 22 27 22 22 251.26161177.80
90 2 32138 63013 71723272323163 15  5  3  6  9 12  9  9  80.52124157.90
90 2 42138 73733272330505350303 22 18 12  9 15 48 56 48 281.26113154.80
90 2 52138 84737434727373323293 39 22 32 39 12 22 18  9 241.26 97150.90
90 2 62138 940333313 31710 7157 27 18 18  5  2  6  4  3 100.63 80147.50
90 2 72138101323403740404350287  5  9 27 22 27 27 32 48 251.26 82144.30
90 2 82138113733201310 7 3 3127 22 18  7  5  4  3  2  2  80.42 95142.20
90 2 9213812 31730172323 7 7127  2  6 15  6  9  9  3  3  70.31103142.00
90 2102138131310202030301717157  5  4  7  7 15 15  6  6  80.42 79148.50
90 2112138141023202723273023183  4  9  7 12  9 12 15  9 100.52 75134.90
90 21221381530272320 7 3 3 3117 15 12  9  7  3  2  2  2  60.31 80140.00
90 213213816 310 31310301343127  2  4  2  5  4 15  5 32  90.52 85142.80
90 2142138174763533727231020280 39 94 56 22 12  9  4  7 301.36 75149.50
90 2152138182020333040435767310  7  7 18 15 27 32 67111 361.46 78148.80
90 2162138196767473040404047377111111 39 15 27 27 27 39 501.67 64148.80
90 2172138206050333737403343333 80 48 18 22 22 27 18 32 331.36 54151.60
90 2182138214027373737304047293 27 12 22 22 22 15 27 39 231.15 77161.10
90 2192138225040274047404750340 48 27 12 27 39 27 39 48 331.36107180.30
90 2202138234733474347475347363 39 18 39 32 39 39 56 39 381.46134189.50
90 2212138244037272733273323247 27 22 12 12 18 12 18  9 160.94159211.90
90 2222138252730302337334747273 12 15 15  9 22 18 39 39 211.15191215.70
90 2232138265027404747504050350 48 12 27 39 39 48 27 48 361.46239216.60
90 2242138275337373337404343323 56 22 22 18 22 27 32 32 291.36249231.50
90 2252139 14350374037334740327 32 48 22 27 22 18 39 27 291.36245225.30
90 2262139 23733233340204040267 22 18  9 18 27  7 27 27 191.05234213.30
90 2272139 34043504737233327300 27 32 48 39 22  9 18 12 261.26217224.10
90 2282139 43760503040304030317 22 80 48 15 27 15 27 15 311.36187222.00
90 3 12139 54037303033373337277 27 22 15 15 18 22 18 22 201.05173200.00
90 3 22139 63033273327272730233 15 18 12 18 12 12 12 15 140.84171192.70
90 3 32139 72723232020233023190 12  9  9  7  7  9 15  9 100.52163176.31
90 3 42139 810102323 7101727127  4  4  9  9  3  4  6 12  60.31126168.90
90 3 52139 93030201717231337187 15 15  7  6  6  9  5 22 110.63 98161.70
90 3 62139105043372333372313260 48 32 22  9 18 22  9  5 211.15104163.81
90 3 72139111727202330201017163  6 12  7  9 15  7  4  6  80.42105168.10
90 3 82139122727173327271317187 12 12  6 18 12 12  5  6 100.63 88157.11
90 3 92139131320233717201317160  5  7  9 22  6  7  5  6  80.52 71150.91
90 3102139141717272027172010153  6  6 12  7 12  6  7  4  80.42 80149.00
90 3112139153737233027302313220 22 22  9 15 12 15  9  5 140.84 73142.50
90 3122139162733233023535773320 12 18  9 15  9 56 67154 421.57 85146.10
90 3132139176340303033372743303 94 27 15 15 18 22 12 32 291.36 83146.30
90 3142139185340304347302723293 56 27 15 32 39 15 12  9 261.26 90149.81
90 3152139193730231723172323193 22 15  9  6  9  6  9  9 110.63110164.21
90 3162139203023171317101323147 15  9  6  5  6  4  5  9  70.42129178.10
90 31721392117 710 3 3 7 3 3 53  6  3  4  2  2  3  2  2  30.10123182.00
90 3182139221017333753575350310  4  6 18 22 56 67 56 48 351.46167196.40
90 3192139235730171717201327197 67 15  6  6  6  7  5 12 160.94202216.30
90 3202139243730233337373367297 22 15  9 18 22 22 18111 301.36217223.91
90 3212139257357636057535740460154 67 94 80 67 56 67 27 761.87211227.60
90 3222139264333374040434740323 32 18 22 27 27 32 39 27 281.26195243.11
90 3232139274043374040474733327 27 32 22 27 27 39 39 18 291.36206245.30
90 3242140 13737303033273733263 22 22 15 15 18 12 22 18 181.05209231.30
90 3252140 24340234347574757357 32 27  9 32 39 67 39 67 391.46204223.91
90 3262140 36050404340505033367 80 48 27 32 27 48 48 18 411.57188226.90
90 3272140 44743373330475350340 39 32 22 18 15 39 56 48 341.36168215.10
90 3282140 53740373333374043300 22 27 22 18 18 22 27 32 241.15129206.00
90 3292140 63333203353473050300 18 18  7 18 56 39 15 48 271.26132184.10
90 3302140 74347807053533323403 32 39207132 56 56 18  9 691.77133186.50
90 3312140 82320201323201723160  9  7  7  5  9  7  6  9  70.42115172.80
90 4 12140 9231317 313132320127  9  5  6  2  5  5  9  7  60.31103159.20
90 4 22140101323232733302720197  5  9  9 12 18 15 12  7 110.63114153.30
90 4 32140112027303743333327250  7 12 15 22 32 18 18 12 170.94113151.60
90 4 421401227272323272030 7183 12 12  9  9 12  7 15  3 100.63127148.61
90 4 521401320132730302720 7173  7  5 12 15 15 12  7  3 100.52132156.50
90 4 62140141313202723201320150  5  5  7 12  9  7  5  7  70.42138150.20
90 4 72140152023232013301720167  7  9  9  7  5 15  6  7  80.42128155.00
90 4 82140162717 31323171717133 12  6  2  5  9  6  6  6  60.31128152.30
90 4 92140171727475357534027320  6 12 39 56 67 56 27 12 341.46 88146.80
90 4102140184053707780737360527 27 56132179207154154 801241.98 82149.30
90 4112140196767535347535727423111111 56 56 39 56 67 12 641.77 88160.80
90 4122140204377736367536753497 32179154 94111 56111 56 991.98 77169.90
90 4132140214347534040435343363 32 39 56 27 27 32 56 32 381.46123195.51
90 4142140224043605050534347387 27 32 80 48 48 56 32 39 451.57142215.70
90 4152140235050373340302317280 48 48 22 18 27 15  9  6 241.26171222.90
90 4162140242720273023132327190 12  7 12 15  9  5  9 12 100.63170226.31
90 4172140253723476053434053357 22  9 39 80 56 32 27 56 401.57199236.71
90 4182140265053302733232737280 48 56 15 12 18  9 12 22 241.26203243.00
90 4192140272713131317233030167 12  5  5  5  6  9 15 15  90.52213244.21
90 4202141 13323232027335037247 18  9  9  7 12 18 48 22 181.05206257.10
90 4212141 2474327171310 713177 39 32 12  6  5  4  3  5 130.84212239.60
90 4222141 31730302030302747230  6 15 15  7 15 15 12 39 160.94207232.80
90 4232141 44057503740573333347 27 67 48 22 27 67 18 18 371.46174226.30
90 4242141 51733605040333737307  6 18 80 48 27 18 22 22 301.36157217.40
90 4252141 63740403733302330270 22 27 27 22 18 15  9 15 191.05160198.30
90 4262141 73753331020131323203 22 56 18  4  7  5  5  9 160.94118188.91
90 4272141 82740302333331733237 12 27 15  9 18 18  6 18 150.94124169.80
90 4282141 93033372743304033273 15 18 22 12 32 15 27 18 201.05103152.70
90 4292141104347474327273750320 32 39 39 32 12 12 22 48 301.36 94140.90
90 4302141115737272323202037243 67 22 12  9  9  7  7 22 191.05114136.90
90 5 12141122730172020232010167 12 15  6  7  7  9  7  4  80.52 70129.00
90 5 22141131020233733171720177  4  7  9 22 18  6  6  7 100.63 59129.20
90 5 32141142030273737204340253  7 15 12 22 22  7 32 27 181.05 61125.20
90 5 42141153323233033272320213 18  9  9 15 18 12  9  7 120.73 86123.60
90 5 52141162017303317232713180  7  6 15 18  6  9 12  5 100.52 80130.60
90 5 62141171020131717131313117  4  7  5  6  6  5  5  5  50.21106151.00
90 5 7214118171717132330 713137  6  6  6  5  9 15  3  5  70.31132155.50
90 5 82141192027172027272037193  7 12  6  7 12 12  7 22 110.63138170.70
90 5 92141203020333037203043243 15  7 18 15 22  7 15 32 160.94133174.60
90 5102141213753574733334330333 22 56 67 39 18 18 32 15 331.36116195.40
90 5112141224053432737233333290 27 56 32 12 22  9 18 18 241.26126205.41
90 51221412333201713 7 71020127 18  7  6  5  3  3  4  7  70.31146215.20
90 513214124 713131320403333173  3  5  5  5  7 27 18 18 110.63144225.80
90 51421412513 7 7 3 7 71010 63  5  3  3  2  3  3  4  4  30.10141224.21
90 51521412613171310202017 3113  5  6  5  4  7  7  6  2  50.21144246.60
90 516214127 7 7 7 3 7 7 7 3 47  3  3  3  2  3  3  3  2  30.00157251.50
90 5172142 1 7131313101013 7 87  3  5  5  5  4  4  5  3  40.10167248.90
90 5182142 22017333750633743300  7  6 18 22 48 94 22 32 311.36170271.80
90 5192142 34043272327333033257 27 32 12  9 12 18 15 18 181.05187280.00
90 5202142 43737202327374740267 22 22  7  9 12 22 39 27 201.05187272.50
90 5212142 54020103033404050263 27  7  4 15 18 27 27 48 221.15193259.20
90 5222142 63743534350403733337 22 32 56 32 48 27 22 18 321.36187250.00
90 5232142 73327233020301317193 18 12  9 15  7 15  5  6 110.63160239.50
90 5242142 8 7131013 7203330133  3  5  4  5  3  7 18 15  80.42158209.20
90 5252142 93033303743333333273 15 18 15 22 32 18 18 18 201.05146189.10
90 5262142104337303350375773360 32 22 15 18 48 22 67154 471.57134186.30
90 5272142113763675330432730350 22 94111 56 15 32 12 15 451.57139164.60
90 5282142121317171720301717147  5  6  6  6  7 15  6  6  70.42121159.30
90 5292142132317202320232733187  9  6  7  9  7  9 12 18 100.52118144.80
90 5302142142733334337335033290 12 18 18 32 22 18 48 18 231.15 90142.51
90 5312142153030172723232727203 15 15  6 12  9  9 12 12 110.63101142.51
90 6 12142162030301717272720187  7 15 15  6  6 12 12  7 100.63 96140.60
90 6 22142172017202013131310127  7  6  7  7  5  5  5  4  60.31 80141.20
90 6 32142181320101020132320130  5  7  4  4  7  5  9  7  60.31 73146.10
90 6 42142191023201313 3 720110  4  9  7  5  5  2  3  7  50.21 77148.10
90 6 5214220101310171717 720110  4  5  4  6  6  6  3  7  50.21 79153.70
90 6 62142212327232323232333200  9 12  9  9  9  9  9 18 100.63101161.40
90 6 72142223353373033303330280 18 56 22 15 18 15 18 15 221.15107183.60
90 6 82142233037373323302733250 15 22 22 18  9 15 12 18 160.94 99195.50
90 6 92142243737575050373027323 22 22 67 48 48 22 15 12 321.36 87203.91
90 6102142254730203030272040243 39 15  7 15 15 12  7 27 170.94107207.51
90 6112142262330272327232727207  9 15 12  9 12  9 12 12 110.63126217.20
90 6122142274030434353707783440 27 15 32 32 56132179236 891.87115221.81
90 6132143 17760574763474737433179 80 67 39 94 39 39 22 701.77122208.80
90 6142143 26063335773774030433 80 94 18 67154179 27 15 791.87118206.80
90 6152143 32337201323202023180  9 22  7  5  9  7  7  9  90.52102196.30
90 6162143 4231013 7101013 7 93  9  4  5  3  4  4  5  3  50.21110189.90
90 6172143 5 3 710 7 3 3 7 7 47  2  3  4  3  2  2  3  3  30.00100187.50
90 6182143 6 720232023303727187  3  7  9  7  9 15 22 12 100.63 83169.50
90 6192143 72327131323 710 7123  9 12  5  5  9  3  4  3  60.31 79163.50
90 6202143 8 3 3 7 3 7 3 7 7 40  2  2  3  2  3  2  3  3  20.00 68161.20
90 6212143 9 310 7 713202320103  2  4  3  3  5  7  9  7  50.21 57155.80
90 622214310202313101313 717117  7  9  5  4  5  5  3  6  60.21 71145.20
90 62321431117101323272313 7133  6  4  5  9 12  9  5  3  70.31 64139.10
90 6242143121720202317232023163  6  7  7  9  6  9  7  9  80.42 88143.80
90 6252143131723201320132720153  6  9  7  5  7  5 12  7  70.42 94149.30
90 6262143141720172717131720147  6  7  6 12  6  5  6  7  70.31103154.50
90 6272143151310131733172347173  5  4  5  6 18  6  9 39 120.73140173.41
90 6282143162020302317171010147  7  7 15  9  6  6  4  4  70.42184187.70
90 629214317 730271723172310153  3 15 12  6  9  6  9  4  80.42203210.80
90 63021431810 7 3 71310 713 70  4  3  2  3  5  4  3  5  40.10230226.60
90 7 12143191310131310131323110  5  4  5  5  4  5  5  9  50.21272248.30
90 7 22143202723171017171310133 12  9  6  4  6  6  5  4  60.31253276.60
90 7 32143212030231013101317137  7 15  9  4  5  4  5  6  70.31264253.80
90 7 421432217 71317 7302733150  6  3  5  6  3 15 12 18  80.52241238.31
90 7 52143232327131723173727183  9 12  5  6  9  6 22 12 100.63213231.60
90 7 62143241717101017232717137  6  6  4  4  6  9 12  6  70.31186221.80
90 7 7214325101717 313102030120  4  6  6  2  5  4  7 15  60.31173215.70
90 7 82143261327272320272727190  5 12 12  9  7 12 12 12 100.63135189.60
90 7 921432717201010201313 7110  6  7  4  4  7  5  5  3  50.21102170.90
90 7102144 1 743234037201717203  3 32  9 27 22  7  6  6 140.84 88164.00
90 7112144 21720201313103013137  6  7  7  5  5  4 15  5  70.31106160.20
90 7122144 31327302313101723157  5 12 15  9  5  4  6  9  80.42110160.90
90 7132144 43340302310302720213 18 27 15  9  4 15 12  7 130.84114161.50
90 7142144 527 7132033304027197 12  3  5  7 18 15 27 12 120.73118155.40
90 7152144 62730201713202320170 12 15  7  6  5  7  9  7  80.52 98149.10
90 7162144 72717 71013102720130 12  6  3  4  5  4 12  7  70.31 95146.50
90 7172144 8131710 313101727110  5  6  4  2  5  4  6 12  60.21 87147.60
90 7182144 93013231013202713150 15  5  9  4  5  7 12  5  80.42 57144.70
90 7192144102327233347273030240  9 12  9 18 39 12 15 15 160.94 61145.30
90 7202144113333432733233023247 18 18 32 12 18  9 15  9 160.94 81154.00
90 7212144121717101317233017143  6  6  4  5  6  9 15  6  70.42123159.20
90 7222144132017171017131323130  7  6  6  4  6  5  5  9  60.31143166.01
90 7232144141023 3 7 313 717 83  4  9  2  3  2  5  3  6  40.10165180.40
90 72421441510171710 31013 3 83  4  6  6  4  2  4  5  2  40.10201186.60
90 7252144161013131310 7 7 3 77  4  5  5  5  4  3  3  2  40.10204213.60
90 726214417 7 3101010275340160  3  2  4  4  4 12 56 27 140.84196209.90
90 7272144181023202717233023173  4  9  7 12  6  9 15  9  90.52177197.20
90 7282144193047635067737777483 15 39 94 481111541791791021.98165193.10
90 7292144207070635760474043450132132 94 67 80 39 27 32 751.87144180.30
90 7302144212023303017172740203  7  9 15 15  6  6 12 27 120.73117188.30
90 7312144223017271710 3 710120 15  6 12  6  4  2  3  4  60.31142183.40
90 8 12144231017332350435047273  4  6 18  9 48 32 48 39 261.26146199.00
90 8 22144243327271717101327170 18 12 12  6  6  4  5 12  90.52175208.60
90 8 32144252310203030232733197  9  4  7 15 15  9 12 18 110.63151192.40
90 8 42144263017201013131710130 15  6  7  4  5  5  6  4  60.31137191.20
90 8 52144271010 71020131023103  4  4  3  4  7  5  4  9  50.21128180.80
90 8 62145 11720201713273323170  6  7  7  6  5 12 18  9  90.52124174.60
90 8 72145 22317131720172023150  9  6  5  6  7  6  7  9  70.31120172.10
90 8 82145 3202717 71313 710113  7 12  6  3  5  5  3  4  60.31136184.80
90 8 92145 42017 71310201710113  7  6  3  5  4  7  6  4  50.21145183.20
90 8102145 5 710101717132327123  3  4  4  6  6  5  9 12  60.31160186.30
90 8112145 63317231723201323170 18  6  9  6  9  7  5  9  90.52161187.10
90 8122145 72327132013101320140  9 12  5  7  5  4  5  7  70.31167188.20
90 8132145 82030273030272320207  7 15 12 15 15 12  9  7 120.73192192.50
90 8142145 92723534030272330253 12  9 56 27 15 12  9 15 191.05215188.21
90 8152145102323174750474737290  9  9  6 39 48 39 39 22 261.26229199.60
90 8162145113033433743472343300 15 18 32 22 32 39  9 32 251.26232211.00
90 8172145123733301323333030230 22 18 15  5  9 18 15 15 150.84269228.40
90 8182145133027272730272020207 15 12 12 12 15 12  7  7 120.73270246.10
90 8192145143737232330272727230 22 22  9  9 15 12 12 12 140.84290268.01
90 8202145153047373037333313260 15 39 22 15 22 18 18  5 191.05295288.70
90 8212145162717333750576050330 12  6 18 22 48 67 80 48 381.46278298.30
90 8222145175357535350434050400 56 67 56 56 48 32 27 48 491.67262322.81
90 8232145184363536070636343460 32 94 56 80132 94 94 32 771.87281322.70
90 82421451940533733473023 3267 27 56 22 18 39 15  9  2 241.15276329.20
90 825214520131313 713202327130  5  5  5  3  5  7  9 12  60.31263303.90
90 8262145211733676067605743403  6 18111 80111 80 67 32 631.77220285.11
90 8272145224333302737232020233 32 18 15 12 22  9  7  7 150.94188269.20
90 8282145232317171323131013130  9  6  6  5  9  5  4  5  60.31176250.20
90 8292145241317173723203727190  5  6  6 22  9  7 22 12 110.63186225.20
90 8302145252330274050533737297  9 15 12 27 48 56 22 22 261.26181210.40
90 8312145264737303327172017227 39 22 15 18 12  6  7  6 160.94155182.91
90 9 12145272327104067402713247  9 12  4 27111 27 12  5 261.26120171.40
90 9 22146 1 7 3 3 7 7 0 7 0 33  3  2  2  3  3  0  3  0  20.00116168.90
90 9 32146 2 0 7 71717 71010 73  0  3  3  6  6  3  4  4  40.10126162.60
90 9 42146 3 7 7102020272333147  3  3  4  7  7 12  9 18  80.42134158.21
90 9 52146 43327232327232023200 18 12  9  9 12  9  7  9 110.63118157.50
90 9 62146 53020333027232323210 15  7 18 15 12  9  9  9 120.73118157.60
90 9 72146 63027303333371320223 15 12 15 18 18 22  5  7 140.84112165.10
90 9 82146 72320171717232330170  9  7  6  6  6  9  9 15  80.52112163.50
90 9 92146 82723132727202723187 12  9  5 12 12  7 12  9 100.52113170.40
90 9102146 9302323 3 7103043170 15  9  9  2  3  4 15 32 110.63121171.20
90 9112146102733403740404047303 12 18 27 22 27 27 27 39 251.26116180.60
90 9122146114040303327303730267 27 27 15 18 12 15 22 15 191.05124193.30
90 9132146124730173333332740260 39 15  6 18 18 18 12 27 191.05142198.00
90 9142146134040333333333323270 27 27 18 18 18 18 18  9 191.05178209.41
90 9152146143340304047373323283 18 27 15 27 39 22 18  9 221.15162207.30
90 9162146153733405040332030283 22 18 27 48 27 18  7 15 231.15156205.20
90 9172146162730302723203030217 12 15 15 12  9  7 15 15 120.73137210.70
90 9182146171027334037404033260  4 12 18 27 22 27 27 18 191.05136207.50
90 9192146184333271717372737237 32 18 12  6  6 22 12 22 160.94151213.80
90 9202146194020101313203053200 27  7  4  5  5  7 15 56 160.94145204.00
90 9212146203723233330273033237 22  9  9 18 15 12 15 18 150.84150203.20
90 9222146213340372033373737273 18 27 22  7 18 22 22 22 201.05141195.30
90 9232146223740302320271313203 22 27 15  9  7 12  5  5 130.73117185.40
90 9242146231327332333372720213  5 12 18  9 18 22 12  7 130.73101178.70
90 9252146243333231710173327193 18 18  9  6  4  6 18 12 110.73 94167.10
90 9262146252330202030303320207  9 15  7  7 15 15 18  7 120.73 93159.60
90 9272146262723271723171013157 12  9 12  6  9  6  4  5  80.42 77152.60
90 9282146273330102327 71317160 18 15  4  9 12  3  5  6  90.52113152.10
90 9292147 12723202013 01323140 12  9  7  7  5  0  5  9  70.31119150.10
90 9302147 223 7 7 7 7 72017 93  9  3  3  3  3  3  7  6  50.21115157.80
9010 12147 31317 7 0 0 3 0 3 43  5  6  3  0  0  2  0  2  20.00110160.50
9010 22147 410 3131723131710107  4  2  5  6  9  5  6  4  50.21112162.80
9010 32147 51723131720203037177  6  9  5  6  7  7 15 22 100.52140177.41
9010 42147 61727303030334727240  6 12 15 15 15 18 39 12 160.94134186.80
9010 52147 72023232330201330183  7  9  9  9 15  7  5 15 100.52123170.00
9010 62147 81727403327232023210  6 12 27 18 12  9  7  9 120.73124170.00
9010 72147 91720172017202723160  6  7  6  7  6  7 12  9  80.42135169.30
9010 8214710101013101313 7 7 83  4  4  5  4  5  5  3  3  40.10141175.91
9010 92147111313101730333340190  5  5  4  6 15 18 18 27 120.73148183.90
9010102147125360605750373027373 56 80 80 67 48 22 15 12 481.67153194.70
9010112147135040534333435357373 48 27 56 32 18 32 56 67 421.57195205.10
9010122147144750474333373740333 39 48 39 32 18 22 22 27 311.36192200.60
9010132147153333332327234033247 18 18 18  9 12  9 27 18 160.94214209.40
9010142147164330332023303337250 32 15 18  7  9 15 18 22 170.94202220.60
9010152147174340273347473730303 32 27 12 18 39 39 22 15 261.26218231.60
9010162147182027331717202730190  7 12 18  6  6  7 12 15 100.63192224.60
90101721471930202310 3 0 3 7 97 15  7  9  4  2  0  2  3  50.21188193.70
901018214720 3 7131713202013107  2  3  5  6  5  7  7  5  50.21181198.20
9010192147213330202313101723170 18 15  7  9  5  4  6  9  90.52181214.21
9010202147221323203043504743270  5  9  7 15 32 48 39 32 231.15169201.70
9010212147233027332730101710183 15 12 18 12 15  4  6  4 110.63136188.70
9010222147243330271323271010173 18 15 12  5  9 12  4  4 100.63140167.90
9010232147251313171713133340160  5  5  6  6  5  5 18 27 100.52134164.00
9010242147265043403740333317293 48 32 27 22 27 18 18  6 251.26131157.50
9010252147273337172017101317163 18 22  6  7  6  4  5  6  90.52125161.80
9010262148 11310 73030333017170  5  4  3 15 15 18 15  6 100.63102153.50
9010272148 21730131720271713153  6 15  5  6  7 12  6  5  80.42111162.50
9010282148 313132317 3 0 0 7 77  5  5  9  6  2  0  0  3  40.10119150.90
9010292148 4 310 72020274033160  2  4  3  7  7 12 27 18 100.63 98155.90
9010302148 55747232027202327243 67 39  9  7 12  7  9 12 201.05 87151.11
9010312148 63040373333434740303 15 27 22 18 18 32 39 27 251.26 77141.60
9011 12148 73023172017131733170 15  9  6  7  6  5  6 18  90.52 77141.61
9011 22148 82737171313202033180 12 22  6  5  5  7  7 18 100.63 81138.50
9011 32148 92023131717131313130  7  9  5  6  6  5  5  5  60.31108150.20
9011 421481017 7 710 3 3 3 0 50  6  3  3  4  2  2  2  0  30.00146154.70
9011 5214811 0 3 3 0 3 3 310 27  0  2  2  0  2  2  2  4  20.00154169.70
9011 6214812 3 3 3 3 3 3 7 7 33  2  2  2  2  2  2  3  3  20.00197196.40
9011 7214813 3 3102020172023117  2  2  4  7  7  6  7  9  60.21209214.30
9011 82148141313231720272723163  5  5  9  6  7 12 12  9  80.42208211.80
9011 92148153733272020272323210 22 18 12  7  7 12  9  9 120.73188210.20
9011102148163327272017333023210 18 12 12  7  6 18 15  9 120.73163191.10
9011112148173327273033171717200 18 12 12 15 18  6  6  6 120.73167195.00
9011122148181327 710 71713 7100  5 12  3  4  3  6  5  3  50.21151191.00
901113214819131013 7 3 7 3 3 60  5  4  5  3  2  3  2  2  30.10118181.50
90111421482010 0 3 7 3 0 0 0 23  4  0  2  3  2  0  0  0  10.00119198.00
901115214821 7 7 3 3 71017 7 60  3  3  2  2  3  4  6  3  30.10113207.30
9011162148222330373340332733257  9 15 22 18 27 18 12 18 170.94102207.30
9011172148232327303040373327247  9 12 15 15 27 22 18 12 160.94110217.10
9011182148243730172337333030237 22 15  6  9 22 18 15 15 150.94 97198.90
9011192148253730231713231723183 22 15  9  6  5  9  6  9 100.63109191.20
9011202148262327231313101013133  9 12  9  5  5  4  4  5  70.31 98186.80
9011212148273037132027171720180 15 22  5  7 12  6  6  7 100.63102177.60
9011222149 1 7 7 3 3 7 720 0 53  3  3  2  2  3  3  7  0  30.10125177.40
9011232149 2 3 3 0 720201020 83  2  2  0  3  7  7  4  7  40.10114171.70
9011242149 32010 0 0 3 0 0 7 40  7  4  0  0  2  0  0  3  20.00118167.20
9011252149 4 7 3 72013 71720 93  3  2  3  7  5  3  6  7  40.21110162.30
9011262149 5272713202713 333163 12 12  5  7 12  5  2 18  90.52117153.20
9011272149 64740332743676340360 39 27 18 12 32111 94 27 451.57109155.00
9011282149 74047302020234320243 27 39 15  7  7  9 32  7 181.05134167.10
9011292149 8132310 7 3 71720100  5  9  4  3  2  3  6  7  50.21144163.20
9011302149 92017131727332020167  7  6  5  6 12 18  7  7  80.52153169.60
9012 12149102327 3 31017 7 7 97  9 12  2  2  4  6  3  3  50.21127172.60
9012 2214911 3 7 71320132013 97  2  3  3  5  7  5  7  5  50.21160178.00
9012 32149121710 7 310232330123  6  4  3  2  4  9  9 15  60.31180187.60
9012 42149133343233330302337253 18 32  9 18 15 15  9 22 170.94186199.30
9012 52149143017273027372720213 15  6 12 15 12 22 12  7 130.73167207.01
9012 62149152317172720131713147  9  6  6 12  7  5  6  5  70.42169221.00
9012 7214916202017 7 31013 3 93  7  7  6  3  2  4  5  2  40.21182222.00
9012 8214917 010231727272723153  0  4  9  6 12 12 12  9  80.42177223.60
9012 921491817131017202010 7113  6  5  4  6  7  7  4  3  50.21176230.30
901210214919 0 3 3 7 3 7 7 3 33  0  2  2  3  2  3  3  2  20.00175233.40
901211214920 7 3 3 3 313 3 0 37  3  2  2  2  2  5  2  0  20.00157233.40
901212214921 3 3 3 720302730123  2  2  2  3  7 15 12 15  70.42138228.00
9012132149224337403317131713213 32 22 27 18  6  5  6  5 150.94117219.50
90121421492333231710202313 3143 18  9  6  4  7  9  5  2  80.42 95195.30
90121521492413232313 7171713127  5  9  9  5  3  6  6  5  60.31 88193.20
9012162149252020132033232017167  7  7  5  7 18  9  7  6  80.42104186.20
90121721492620271010 7172013123  7 12  4  4  3  6  7  5  60.31112192.50
90121821492720 7 3202017 7 3 97  7  3  2  7  7  6  3  2  50.21121201.60
9012192150 1 3 3 3 3 710 3 3 37  2  2  2  2  3  4  2  2  20.00134191.20
9012202150 21013101723303017150  4  5  4  6  9 15 15  6  80.42114181.60
9012212150 31013 7 0 0171010 67  4  5  3  0  0  6  4  4  30.10117185.80
9012222150 4 7 71010 3 0 320 60  3  3  4  4  2  0  2  7  30.10 99178.10
9012232150 5 3 3302310171030127  2  2 15  9  4  6  4 15  70.42 91185.60
9012242150 6 727203030334037223  3 12  7 15 15 18 27 22 150.84 95184.90
9012252150 72733132323302317190 12 18  5  9  9 15  9  6 100.63101185.00
9012262150 813 710 713 7 7 7 70  5  3  4  3  5  3  3  3  40.10104188.10
9012272150 910301013171713 7117  4 15  4  5  6  6  5  3  60.31104191.90
90122821501013131010 7 71310 83  5  5  4  4  3  3  5  4  40.10111192.40
901229215011 710 3 7 71317 7 70  3  4  2  3  3  5  6  3  40.10109195.50
9012302150122733303020172720203 12 18 15 15  7  6 12  7 120.73103189.60
901231215013 7 7102330332327160  3  3  4  9 15 18  9 12  90.52108180.60
