0001012272 75347403343304337327 56 39 27 18 32 15 32 22 301.36 48125.60
0001022272 83033333327333330253 15 18 18 18 12 18 18 15 160.94 51128.50
0001032272 93330272723233017210 18 15 12 12  9  9 15  6 120.73 54128.70
0001042272102323233033272337220  9  9  9 15 18 12  9 22 130.73 64130.30
0001052272114033333323303740270 27 18 18 18  9 15 22 27 191.05 73132.00
0001062272122733203343433033263 12 18  7 18 32 32 15 18 191.05 85140.00
0001072272133330132020232720187 18 15  5  7  7  9 12  7 100.63 85144.80
00010822721420 713171723 7 0103  7  3  5  6  6  9  3  0  50.21 75149.60
0001092272151313 0 0 3 3 317 53  5  5  0  0  2  2  2  6  30.00 76155.30
0001102272161320 7 710172030123  5  7  3  3  4  6  7 15  60.31 65157.80
0001112272173023172337375353273 15  9  6  9 22 22 56 56 241.26 90171.80
0001122272183730272010202320187 22 15 12  7  4  7  9  7 100.63134189.30
0001132272192023233023271017173  7  9  9 15  9 12  4  6  90.52153195.40
000114227220302310 717232317150 15  9  4  3  6  9  9  6  80.42164194.70
000115227221202013 720131317123  7  7  5  3  7  5  5  6  60.31157203.90
0001162272221310131317171720120  5  4  5  5  6  6  6  7  60.21163201.00
00011722722313 310 3 7 3 7 0 47  5  2  4  2  3  2  3  0  30.00131190.10
000118227224 3 3 7 71013 7 7 57  2  2  3  3  4  5  3  3  30.10120188.40
000119227225 7 3 7 3 7132030 90  3  2  3  2  3  5  7 15  50.21114172.90
0001202272262317232030233717190  9  6  9  7 15  9 22  6 100.63 95165.30
000121227227 7 0 0 3 7 3 0 3 23  3  0  0  2  3  2  0  2  20.00 88154.30
0001222273 11323233033335350260  5  9  9 15 18 18 56 48 221.15 84145.80
0001232273 26357203737271010260 94 67  7 22 22 12  4  4 291.36 82136.10
0001242273 31727403323232330217  6 12 27 18  9  9  9 15 130.84 80136.30
0001252273 42027201310132317143  7 12  7  5  4  5  9  6  70.31 85133.10
0001262273 52030201310101330147  7 15  7  5  4  4  5 15  80.42 77136.40
0001272273 63323172030304343240 18  9  6  7 15 15 32 32 170.94 70128.40
0001282273 75050433743373343337 48 48 32 22 32 22 18 32 321.36 60122.22
0001292273 84340434043474337337 32 27 32 27 32 39 32 22 301.36 61123.90
0001302273 92727332033303730237 12 12 18  7 18 15 22 15 150.84 51128.70
0001312273103323272323272020197 18  9 12  9  9 12  7  7 100.63 58134.50
000201227311231320 730202327163  9  5  7  3 15  7  9 12  80.52 71134.10
0002022273122313 71727332020160  9  5  3  6 12 18  7  7  80.52 64140.20
0002032273131010231330272737177  4  4  9  5 15 12 12 22 100.63 81149.70
000204227314201320 71010 720107  7  5  7  3  4  4  3  7  50.21 99162.70
00020522731510 3 31010304343153  4  2  2  4  4 15 32 32 120.73104163.10
0002062273164750374340334750347 39 48 22 32 27 18 39 48 341.36136172.80
0002072273175337374047404040333 56 22 22 27 39 27 27 27 311.36130177.00
0002082273183733172730303727237 22 18  6 12 15 15 22 12 150.94128169.00
0002092273191730271330372017190  6 15 12  5 15 22  7  6 110.63109170.82
0002102273202723301720232033193 12  9 15  6  7  9  7 18 100.63122171.10
0002112273213043272723302743250 15 32 12 12  9 15 12 32 170.94114165.80
0002122273226060606757433330410 80 80 80111 67 32 18 15 601.77113159.10
0002132273233320273733332327233 18  7 12 22 18 18  9 12 140.84108155.90
0002142273243743404353474040343 22 32 27 32 56 39 27 27 331.36119154.70
0002152273254040231723203743243 27 27  9  6  9  7 22 32 170.94118152.20
000216227326272310 720232013143 12  9  4  3  7  9  7  5  70.42131156.30
000217227327 7 71027231717 7113  3  3  4 12  9  6  6  3  60.31109164.40
0002182274 1 0 3 3 3 3 0 3 0 17  0  2  2  2  2  0  2  0  10.00104137.80
0002192274 2 0 01320 7 7 7 7 60  0  0  5  7  3  3  3  3  30.10 89141.50
0002202274 3 3 71710 3 01037 87  2  3  6  4  2  0  4 22  50.21 76149.90
0002212274 43747302737472720270 22 39 15 12 22 39 12  7 211.15 92148.70
0002222274 52023 7 720171017120  7  9  3  3  7  6  4  6  60.31100168.60
0002232274 620 7173040331017173  7  3  6 15 27 18  4  6 110.63 95181.20
0002242274 73047374740404347330 15 39 22 39 27 27 32 39 301.36123188.30
0002252274 83743403337332330277 22 32 27 18 22 18  9 15 201.05131206.20
0002262274 93027303320304033243 15 12 15 18  7 15 27 18 160.94144210.60
0002272274103720233033302323220 22  7  9 15 18 15  9  9 130.73150222.90
0002282274113040303040272023240 15 27 15 15 27 12  7  9 160.94151214.70
000229227412 713233023131013133  3  5  9 15  9  5  4  5  70.31162215.10
0003012274132337433733333043280  9 22 32 22 18 18 15 32 211.15138228.70
000302227414473317102010 720163 39 18  6  4  7  4  3  7 110.63130209.60
00030322741510 3 31020132317100  4  2  2  4  7  5  9  6  50.21114200.40
000304227416 0 0 3 71720 7 7 60  0  0  2  3  6  7  3  3  30.10113197.00
000305227417 320 71013172030120  2  7  3  4  5  6  7 15  60.31113216.80
0003062274181723303027302330210  6  9 15 15 12 15  9 15 120.73129219.10
0003072274193037333030302733250 15 22 18 15 15 15 12 18 160.94155218.50
0003082274202327173030403720223  9 12  6 15 15 27 22  7 140.84145211.80
00030922742123 7 3 717 71010 83  9  3  2  3  6  3  4  4  40.10146203.00
00031022742210 7132023232040157  4  3  5  7  9  9  7 27  90.52137200.70
0003112274233733271737201323207 22 18 12  6 22  7  5  9 130.73127200.60
0003122274242737404340302023260 12 22 27 32 27 15  7  9 191.05122200.80
0003132274252713 3 0 0 01717 77 12  5  2  0  0  0  6  6  40.10121186.00
0003142274262017101710131717120  7  6  4  6  4  5  6  6  60.21115180.60
000315227427 7 0 3 3 3 7 3 0 27  3  0  2  2  2  3  2  0  20.00103175.90
0003162275 1 0 0 0 3 3 7 710 30  0  0  0  2  2  3  3  4  20.00100182.50
0003172275 22013171717 3 3 0 90  7  5  6  6  6  2  2  0  40.10 95190.60
0003182275 3 0 3 31717203017107  0  2  2  6  6  7 15  6  60.21101193.00
0003192275 42030201720171710150  7 15  7  6  7  6  6  4  70.42126206.50
0003202275 510 3133027 7 3 7100  4  2  5 15 12  3  2  3  60.31150208.70
0003212275 6 3 313 7171713 0 73  2  2  5  3  6  6  5  0  40.10148228.90
0003222275 71723272030333327210  6  9 12  7 15 18 18 12 120.73156232.20
0003232275 83033273037331313217 15 18 12 15 22 18  5  5 140.84182222.70
0003242275 92323133037331317190  9  9  5 15 22 18  5  6 110.63188217.70
00032522751020232317133027 3157  7  9  9  6  5 15 12  2  80.42185204.10
000326227511 3 0 7 7 7171313 67  2  0  3  3  3  6  5  5  30.10170210.40
000327227512101310 713 7 710 77  4  5  4  3  5  3  3  4  40.10155204.10
00032822751317171313 7 7 3 0 77  6  6  5  5  3  3  2  0  40.10169200.30
000329227514 3 3 71010104043127  2  2  3  4  4  4 27 32 100.52148208.30
0003302275153023201023234330203 15  9  7  4  9  9 32 15 120.73148205.10
0003312275163347373743273337293 18 39 22 22 32 12 18 22 231.15164225.10
0004012275172723172020334033213 12  9  6  7  7 18 27 18 130.73187222.70
0004022275184037332730132030230 27 22 18 12 15  5  7 15 150.94193219.30
0004032275192727171720231330173 12 12  6  6  7  9  5 15  90.52177215.50
0004042275205037231337304730267 48 22  9  5 22 15 39 15 221.15164206.90
000405227521404317 7 7171310153 27 32  6  3  3  6  5  4 110.63129194.70
0004062275221743272333678383377  6 32 12  9 18111236236 821.87108178.10
0004072275238760604040433737403300 80 80 27 27 32 22 22 741.87 94175.40
0004082275242323303020172327193  9  9 15 15  7  6  9 12 100.63100182.50
0004092275252330231733303737230  9 15  9  6 18 15 22 22 140.84108176.90
0004102275263740373330302733267 22 27 22 18 15 15 12 18 191.05102178.60
0004112275271730331720172313170  6 15 18  6  7  6  9  5  90.52 96182.40
0004122276 1232723 310171317133  9 12  9  2  4  6  5  6  70.31113173.90
0004132276 223372010 7 3 0 0100  9 22  7  4  3  2  0  0  60.31118165.00
0004142276 3 0 3 3 7 3 713 3 40  0  2  2  3  2  3  5  2  20.00114166.30
0004152276 4 310101713172327120  2  4  4  6  5  6  9 12  60.31105164.90
0004162276 53343434343272320277 18 32 32 32 32 12  9  7 221.15 98160.20
0004172276 63030402710201320190 15 15 27 12  4  7  5  7 120.73110159.20
0004182276 7132310 3 7 72717107  5  9  4  2  3  3 12  6  60.21 94161.80
0004192276 83040171730301717197 15 27  6  6 15 15  6  6 120.73103169.20
0004202276 93033332030302317217 15 18 18  7 15 15  9  6 130.73121182.40
0004212276102713 73727271713167 12  5  3 22 12 12  6  5 100.52128189.20
0004222276111017202017 71010110  4  6  7  7  6  3  4  4  50.21145204.10
00042322761210 7232013201320127  4  3  9  7  5  7  5  7  60.31170208.40
0004242276131733404053302023257  6 18 27 27 56 15  7  9 211.15160208.10
00042522761417 3 72317172010113  6  2  3  9  6  6  7  4  50.21151205.10
000426227615 0 010 7 7 0 7 7 37  0  0  4  3  3  0  3  3  20.00136192.40
0004272276163017202723302740213 15  6  7 12  9 15 12 27 130.73118186.00
0004282276174733302320202323220 39 18 15  9  7  7  9  9 140.84124186.00
0004292276182727172330272737213 12 12  6  9 15 12 12 22 120.73100177.50
0004302276193043131020233017187 15 32  5  4  7  9 15  6 120.73100172.00
0005012276201737273030333330237  6 22 12 15 15 18 18 15 150.94 91160.10
0005022276213320204347373337270 18  7  7 32 39 22 18 22 211.15 80155.30
0005032276222323271320405037233  9  9 12  5  7 27 48 22 170.94 76139.60
0005042276231313172317172020140  5  5  6  9  6  6  7  7  60.31 71136.80
0005052276242020332027132030183  7  7 18  7 12  5  7 15 100.52 71132.10
0005062276253333171723201730190 18 18  6  6  9  7  6 15 110.63 42129.10
0005072276262020171010 31710107  7  7  6  4  4  2  6  4  50.21 52133.40
000508227627 7 0 7 710101720 77  3  0  3  3  4  4  6  7  40.10 64139.60
0005092277 11323101717272723157  5  9  4  6  6 12 12  9  80.42 99152.50
0005102277 2272310 713101013113 12  9  4  3  5  4  4  5  60.31120182.82
0005112277 3131313 313 3 720 87  5  5  5  2  5  2  3  7  40.10133181.30
0005122277 42033403020102740220  7 18 27 15  7  4 12 27 150.84133194.40
0005132277 54020202333373020223 27  7  7  9 18 22 15  7 140.84161222.00
0005142277 63723131317132717160 22  9  5  5  6  5 12  6  90.52193237.60
0005152277 74327232720231723203 32 12  9 12  7  9  6  9 120.73205249.90
0005162277 82743303027273030243 12 32 15 15 12 12 15 15 160.94189264.50
0005172277 96060332317102730260 80 80 18  9  6  4 12 15 281.26170268.10
0005182277103323171710 7 713127 18  9  6  6  4  3  3  5  70.31161258.80
0005192277112020202323171313150  7  7  7  9  9  6  5  5  70.31167260.40
00052022771210 710 710102313 90  4  3  4  3  4  4  9  5  40.21180251.60
0005212277131720171010131020117  6  7  6  4  4  5  4  7  50.21163238.00
0005222277141323202720132320160  5  9  7 12  7  5  9  7  80.42143220.30
0005232277151723231720336757257  6  9  9  6  7 18111 67 291.36132209.50
0005242277168077605750506043477207179 80 67 48 48 80 32 931.98134194.30
0005252277174747404030374040320 39 39 27 27 15 22 27 27 281.26115177.40
00052622771830333333233733 3227 15 18 18 18  9 22 18  2 150.84117172.40
0005272277192017131723272327167  7  6  5  6  9 12  9 12  80.42106166.20
0005282277201317202323272727177  5  6  7  9  9 12 12 12  90.52124160.20
0005292277212030232337475047277  7 15  9  9 22 39 48 39 241.15117153.10
0005302277224327433337373037287 32 12 32 18 22 22 15 22 221.15 93150.50
0005312277232740231010101727163 12 27  9  4  4  4  6 12 100.52 67158.70
000601227724303027 71710 723150 15 15 12  3  6  4  3  9  80.52 85152.30
0006022277251720231010102020130  6  7  9  4  4  4  7  7  60.31 79192.72
0006032277262720233330173020200 12  7  9 18 15  6 15  7 110.63 75170.70
000604227727101727 3 7304337173  4  6 12  2  3 15 32 22 120.73101174.70
0006052278 14030403347304040300 27 15 27 18 39 15 27 27 241.26 95176.10
0006062278 23023232733501713217 15  9  9 12 18 48  6  5 150.94 99192.00
0006072278 31713232727272737197  6  5  9 12 12 12 12 22 110.63105185.80
0006082278 42737436370636050413 12 22 32 94132 94 80 48 641.77120179.90
0006092278 5 71313231310 323107  3  5  5  9  5  4  2  9  50.21122174.10
0006102278 63737374340333027283 22 22 22 32 27 18 15 12 211.15119185.10
0006112278 72030274743504717280  7 15 12 39 32 48 39  6 251.26151192.60
0006122278 82727331337373030233 12 12 18  5 22 22 15 15 150.94147198.70
0006132278 91723232733201727187  6  9  9 12 18  7  6 12 100.63156205.50
0006142278103720402343475347310 22  7 27  9 32 39 56 39 291.36171206.90
0006152278115727272737374320273 67 12 12 12 22 22 32  7 231.15158208.90
0006162278122310101010 7 717 93  9  4  4  4  4  3  3  6  50.21142203.80
00061722781313 7101020231720120  5  3  4  4  7  9  6  7  60.31139199.40
00061822781413 3 71720334030163  5  2  3  6  7 18 27 15 100.63147193.70
0006192278152730 3 7 3201713120 12 15  2  3  2  7  6  5  60.31145184.20
0006202278162317202023101010133  9  6  7  7  9  4  4  4  60.31159189.70
00062122781710 7 71013171733113  4  3  3  4  5  6  6 18  60.31147194.20
0006222278183720203023173313193 22  7  7 15  9  6 18  5 110.63127185.60
0006232278192337201753435340287  9 22  7  6 56 32 56 27 271.26124181.00
0006242278204740402313101020203 39 27 27  9  5  4  4  7 150.94119173.90
00062522782113 7 7 7 7 71733 97  5  3  3  3  3  3  6 18  60.21111180.90
0006262278222733435053436047357 12 18 32 48 56 32 80 39 401.46129183.40
0006272278234327302337303037257 32 12 15  9 22 15 15 22 181.05138184.60
0006282278243030131320202030177 15 15  5  5  7  7  7 15 100.52115181.20
000629227825332327101713 713143 18  9 12  4  6  5  3  5  80.42109168.80
000630227826 3 3 31310132317 87  2  2  2  5  4  5  9  6  40.21114165.00
0007012278272310231310 72723137  9  4  9  5  4  3 12  9  70.31145169.20
0007022279 1101710 710131010 87  4  6  4  3  4  5  4  4  40.10141167.90
0007032279 22017132027172027160  7  6  5  7 12  6  7 12  80.42124161.50
0007042279 32320 72033202017160  9  7  3  7 18  7  7  6  80.42114163.70
0007052279 413172327333017 7167  5  6  9 12 18 15  6  3  90.52127174.40
0007062279 5 713131020172013113  3  5  5  4  7  6  7  5  50.21154180.10
0007072279 62013101310101717110  7  5  4  5  4  4  6  6  50.21177193.50
0007082279 71720 717232317 3127  6  7  3  6  9  9  6  2  60.31177217.10
0007092279 8 710171717131723120  3  4  6  6  6  5  6  9  60.31179218.40
0007102279 91723403337374730263  6  9 27 18 22 22 39 15 201.05215252.70
0007112279103343334353434350343 18 32 18 32 56 32 32 48 341.36202249.70
00071222791137271323 7171717157 22 12  5  9  3  6  6  6  90.52186325.12
0007132279121020235770632730300  4  7  9 67132 94 12 15 421.57194239.60
0007142279133030334040736747360 15 15 18 27 27154111 39 511.67164210.60
0007152279143037474380879087500 15 22 39 322073004003001642.09148220.10
0007162279157760434747302017340179 80 32 39 39 15  7  6 501.67197226.10
0007172279163027232323131013163 15 12  9  9  9  5  4  5  80.52224235.80
0007182279171723231330303033200  6  9  9  5 15 15 15 18 120.73228270.50
0007192279182310 71020433743193  9  4  3  4  7 32 22 32 140.84246258.00
0007202279194760535040233330337 39 80 56 48 27  9 18 15 361.46241261.10
0007212279202720101323131317137 12  7  4  5  9  5  5  6  70.31231259.00
0007222279211723233323373020207  6  9  9 18  9 22 15  7 120.73216259.00
0007232279222023131737476033250  7  9  5  6 22 39 80 18 231.15199224.30
000724227923232313 3 7 3 317 93  9  9  5  2  3  2  2  6  50.21171232.00
0007252279241313 71017201320113  5  5  3  4  6  7  5  7  50.21177208.20
0007262279252023332737274347257  7  9 18 12 22 12 32 39 191.05133180.10
0007272279263720 7 3 7101723123 22  7  3  2  3  4  6  9  70.42126167.40
0007282279272730474357573317310 12 15 39 32 67 67 18  6 321.36120162.70
0007292280 14037375747332327300 27 22 22 67 39 18  9 12 271.26113157.90
0007302280 22730101323172020160 12 15  4  5  9  6  7  7  80.42112154.50
0007312280 31320332027305350247  5  7 18  7 12 15 56 48 211.15 93152.40
0008012280 42320172320373033203  9  7  6  9  7 22 15 18 120.73106153.90
0008022280 53330201713233023190 18 15  7  6  5  9 15  9 100.63110155.10
0008032280 62323202320272720183  9  9  7  9  7 12 12  7  90.52107158.80
0008042280 73330333330373327257 18 15 18 18 15 22 18 12 170.94110158.70
0008052280 82330504733403040293  9 15 48 39 18 27 15 27 251.26144163.20
0008062280 94043232330272333243 27 32  9  9 15 12  9 18 160.94143170.80
0008072280101310172727132020147  5  4  6 12 12  5  7  7  70.42164171.60
0008082280111713201323172020143  6  5  7  5  9  6  7  7  60.31140175.60
0008092280121717101010101023107  6  6  4  4  4  4  4  9  50.21128187.20
0008102280131027474043303353283  4 12 39 27 32 15 18 56 251.26154185.90
0008112280145757504343275057383 67 67 48 32 32 12 48 67 471.57165192.30
0008122280155073777773736337523 48154179179154154 94 221231.98170194.30
0008132280164357301723171727230 32 67 15  6  9  6  6 12 191.05176190.90
000814228017 710 71023333743170  3  4  3  4  9 18 22 32 120.73204194.30
0008152280183037101713131713150 15 22  4  6  5  5  6  5  80.52183198.90
0008162280192020231320131720147  7  7  9  5  7  5  6  7  70.31178190.30
0008172280202027172017101313137  7 12  6  7  6  4  5  5  60.31152181.50
0008182280211713 3 3 3 7 7 7 60  6  5  2  2  2  3  3  3  30.10140173.60
00081922802210 3 3 710231310 80  4  2  2  3  4  9  5  4  40.10133160.80
000820228023 0 3 017 7232010 80  0  2  0  6  3  9  7  4  40.10106156.00
0008212280242033172717172037187  7 18  6 12  6  6  7 22 100.63 77154.90
0008222280251313 7 0 3 3 0 7 47  5  5  3  0  2  2  0  3  20.00 67147.50
000823228026 3 0 72023332313123  2  0  3  7  9 18  9  5  70.31 67139.90
00082422802723302720171310 7147  9 15 12  7  6  5  4  3  80.42 77133.50
0008252281 1 010 3 3 7 71710 57  0  4  2  2  3  3  6  4  30.10 81136.00
0008262281 2101317131713 7 7 97  4  5  6  5  6  5  3  3  50.21 79139.90
0008272281 32010 71027202023137  7  4  3  4 12  7  7  9  70.31113153.20
0008282281 42313203340505350283  9  5  7 18 27 48 56 48 271.26132163.20
0008292281 55747504030434730343 67 39 48 27 15 32 39 15 351.46138166.50
0008302281 63730202723232033213 22 15  7 12  9  9  7 18 120.73144167.90
0008312281 73327233330272033227 18 12  9 18 15 12  7 18 140.84157165.90
0009012281 83327373327273727247 18 12 22 18 12 12 22 12 160.94142160.50
0009022281 94037434340402323290 27 22 32 32 27 27  9  9 231.15118156.70
000903228110 720 7 713173027127  3  7  3  3  5  6 15 12  70.31128156.70
0009042281111310171727305740210  5  4  6  6 12 15 67 27 181.05134173.60
0009052281121317131013233023143  5  6  5  4  5  9 15  9  70.42114183.10
00090622811313 713 323403740177  5  3  5  2  9 27 22 27 120.73114181.50
0009072281143027302727333333240 15 12 15 12 12 18 18 18 150.84110175.80
0009082281153020273737373037253 15  7 12 22 22 22 15 22 170.94 85165.70
000909228116232017132010 3 0107  9  7  6  5  7  4  2  0  50.21 63153.00
000910228117 0 3 71710131713 80  0  2  3  6  4  5  6  5  40.10 42142.50
000911228118 0 0 31013231317 80  0  0  2  4  5  9  5  6  40.10 26136.70
0009122281192033274043304340277  7 18 12 27 32 15 32 27 211.15 35134.20
000913228120403717 713131017153 27 22  6  3  5  5  4  6 100.52 55134.80
000914228121102017 7 7101010 90  4  7  6  3  3  4  4  4  40.21 60152.50
000915228122 327 71010173350157  2 12  3  4  4  6 18 48 120.73 77161.10
0009162281233730273330374363300 22 15 12 18 15 22 32 94 291.36 85176.40
0009172281244740233040475383363 39 27  9 15 27 39 56236 561.67108183.20
0009182281257757506060603030423179 67 48 80 80 80 15 15 701.87112205.70
0009192281263030305060403037307 15 15 15 48 80 27 15 22 301.36121208.80
0009202281273737102733201717197 22 22  4 12 18  7  6  6 120.73124213.10
0009212282 12027203027172017177  7 12  7 15 12  6  7  6  90.52137226.70
0009222282 227231713171317 7133 12  9  6  5  6  5  6  3  60.31142233.80
0009232282 32030171017171310133  7 15  6  4  6  6  5  4  70.31160226.70
0009242282 4 313 71013305033160  2  5  3  4  5 15 48 18 120.73163225.80
0009252282 52727303333403740267 12 12 15 18 18 27 22 27 191.05153226.80
0009262282 64740373743303033297 39 27 22 22 32 15 15 18 241.15161224.70
0009272282 72727332723232027207 12 12 18 12  9  9  7 12 110.73162205.50
0009282282 823371733332710 7187  9 22  6 18 18 12  4  3 120.73142203.00
0009292282 92023 72320171717143  7  9  3  9  7  6  6  6  70.31119192.60
0009302282103340535057505063397 18 27 56 48 67 48 48 94 511.67100194.00
0010012282114037332017271710200 27 22 18  7  6 12  6  4 130.73115201.90
001002228212 310131723432327160  2  4  5  6  9 32  9 12 100.63164202.90
0010032282134347504053401320307 32 39 48 27 56 27  5  7 301.36159192.10
0010042282142033505063577357403  7 18 48 48 94 67154 67 631.77150184.10
0010052282155367777377676350527 56111179154179111 94 481161.98128173.70
00100622821627 7 7 310 310 7 73 12  3  3  2  4  2  4  3  40.10 97157.90
001007228217 0101310231717 0 90  0  4  5  4  9  6  6  0  40.10 71155.30
001008228218 0 3 3 3 3 3 720 43  0  2  2  2  2  2  3  7  20.00 72148.60
001009228219 7 3 3 310101720 73  3  2  2  2  4  4  6  7  40.10 71140.40
0010102282202023302317201020163  7  9 15  9  6  7  4  7  80.42 57139.10
0010112282214047231727133310210 27 39  9  6 12  5 18  4 150.84 82150.80
0010122282222310101317101030123  9  4  4  5  6  4  4 15  60.31122161.90
0010132282236067302340403017307 80111 15  9 27 27 15  6 361.46121167.20
0010142282243747575050534350387 22 39 67 48 48 56 32 48 451.57104162.30
0010152282252030171720172020160  7 15  6  6  7  6  7  7  80.42 89160.10
0010162282264320131317272020173 32  7  5  5  6 12  7  7 100.63 92159.80
0010172282273030202020203027197 15 15  7  7  7  7 15 12 110.63 97153.00
0010182283 13023172027171727177 15  9  6  7 12  6  6 12  90.52 95149.90
0010192283 22727232030131320173 12 12  9  7 15  5  5  7  90.52 90156.50
0010202283 3 710 3 7 3 710 3 50  3  4  2  3  2  3  4  2  30.10 94159.30
0010212283 4 3 0 3 7171310 3 57  2  0  2  3  6  5  4  2  30.10 97156.50
0010222283 5 7 7203033474327213  3  3  7 15 18 39 32 12 160.94 89158.60
0010232283 64033373723172023230 27 18 22 22  9  6  7  9 150.84 85164.80
0010242283 72317233327131717170  9  6  9 18 12  5  6  6  90.52 82157.50
0010252283 8 3 7202027101720123  2  3  7  7 12  4  6  7  60.31 88162.00
0010262283 92723202020101723160 12  9  7  7  7  4  6  9  80.42 73168.90
00102722831023 313131010 710 90  9  2  5  5  4  4  3  4  40.21 80173.70
001028228311 7 7234740233053230  3  3  9 39 27  9 15 56 201.05106179.70
0010292283126060374030333327320 80 80 22 27 15 18 18 12 341.36113184.50
0010302283135037273317201710210 48 22 12 18  6  7  6  4 150.94108191.00
0010312283142727172320402733213 12 12  6  9  7 27 12 18 130.73111190.50
001101228315332320 310101323137 18  9  7  2  4  4  5  9  70.42135201.20
00110222831627 7 3 310 7 7 7 70 12  3  2  2  4  3  3  3  40.10147193.20
001103228317 0 0 3 310102020 67  0  0  2  2  4  4  7  7  30.10141195.50
0011042283183050404037403737310 15 48 27 27 22 27 22 22 261.26130191.40
001105228319373020 730333333223 22 15  7  3 15 18 18 18 140.84133183.10
0011062283203337405053577057397 18 22 27 48 56 67132 67 551.67108174.90
0011072283216067535337274020357 80111 56 56 22 12 27  7 461.57122176.60
0011082283222037474333271723247  7 22 39 32 18 12  6  9 181.05127169.50
0011092283232720171030333040207 12  7  6  4 15 18 15 27 130.73 95163.00
0011102283244040606353333030350 27 27 80 94 56 18 15 15 421.57101150.40
0011112283252333172333404030240  9 18  6  9 18 27 27 15 160.94 90146.60
0011122283263040403733402327270 15 27 27 22 18 27  9 12 201.05 72143.60
0011132283271730132720202323173  6 15  5 12  7  7  9  9  90.52 70140.60
0011142284 12027 7 7 7 71317103  7 12  3  3  3  3  5  6  50.21 84145.40
0011152284 2101010 710 32010 80  4  4  4  3  4  2  7  4  40.10 98143.20
0011162284 3 7 0 7 0 3 01023 50  3  0  3  0  2  0  4  9  30.00 95150.70
0011172284 413 3 7 7 7 7 3 0 47  5  2  3  3  3  3  2  0  30.00 94159.60
0011182284 5 0 0 0 313132730 87  0  0  0  2  5  5 12 15  50.21116172.90
0011192284 61723202013171020140  6  9  7  7  5  6  4  7  60.31125170.70
0011202284 71317272017302310157  5  6 12  7  6 15  9  4  80.42110169.60
0011212284 83020201723232723183 15  7  7  6  9  9 12  9  90.52120180.90
0011222284 92317132327271717163  9  6  5  9 12 12  6  6  80.42113190.10
0011232284102027 717171717 0120  7 12  3  6  6  6  6  0  60.31 91200.10
001124228411 323172717303337187  2  9  6 12  6 15 18 22 110.63 98192.10
0011252284123027 7 7 3 72313117 15 12  3  3  2  3  9  5  60.31 74197.02
0011262284131317372740375757283  5  6 22 12 27 22 67 67 281.26 59197.00
0011272284146360574740274027360 94 80 67 39 27 12 27 12 451.57 79186.60
0011282284153043504347374340333 15 32 48 32 39 22 32 27 311.36106190.30
0011292284166367674750332330380 94111111 39 48 18  9 15 561.67123183.20
0011302284171720171713171020130  6  7  6  6  5  6  4  7  60.31138187.00
0012012284182023 7172023 7 3120  7  9  3  6  7  9  3  2  60.31124179.30
001202228419 0 0 7 713171010 63  0  0  3  3  5  6  4  4  30.10109162.30
0012032284201020302030303013183  4  7 15  7 15 15 15  5 100.63128158.90
0012042284212730272017101327170 12 15 12  7  6  4  5 12  90.52 66147.60
001205228422132010172010 3 3 97  5  7  4  6  7  4  2  2  50.21 65142.70
001206228423 310171713302327140  2  4  6  6  5 15  9 12  70.42 63136.90
0012072284243030332733202340237 15 15 18 12 18  7  9 27 150.94 68139.90
0012082284253733303040333033267 22 18 15 15 27 18 15 18 181.05 61134.10
0012092284263037332723333343260 15 22 18 12  9 18 18 32 181.05 58130.70
0012102284273330232020202727200 18 15  9  7  7  7 12 12 110.63 62142.10
0012112285 13027231717 71327160 15 12  9  6  6  3  5 12  80.52 72139.20
0012122285 21013 71017132313107  4  5  3  4  6  5  9  5  50.21 89145.20
0012132285 32717 710 7 3 713 90 12  6  3  4  3  2  3  5  50.21114159.50
0012142285 4 3 3 7 7 7 3 313 47  2  2  3  3  3  2  2  5  30.00135176.50
0012152285 5 7 0 3 7 7 3 7 3 37  3  0  2  3  3  2  3  2  20.00153181.90
0012162285 6 0 0 3 310131713 60  0  0  2  2  4  5  6  5  30.10145184.40
0012172285 72023101330233310163  7  9  4  5 15  9 18  4  90.52151190.40
0012182285 81727202317272720177  6 12  7  9  6 12 12  7  90.52138191.60
0012192285 92017 720131313 3107  7  6  3  7  5  5  5  2  50.21118192.20
001220228510 0 0 713 7 713 7 53  0  0  3  5  3  3  5  3  30.00120194.80
001221228511 3 0 3171717 713 77  2  0  2  6  6  6  3  5  40.10116188.20
001222228512 31310 7 7101737103  2  5  4  3  3  4  6 22  60.31107183.80
0012232285134357402327232020253 32 67 27  9 12  9  7  7 211.15102184.70
001224228514173010 7 7 71313103  6 15  4  3  3  3  5  5  60.21115186.70
0012252285152010 7 73023 323123  7  4  3  3 15  9  2  9  60.31108180.90
00122622851617131010 3102027110  6  5  4  4  2  4  7 12  60.21121182.60
0012272285172013101023332317150  7  5  4  4  9 18  9  6  80.42118181.40
00122822851823101310301310 3113  9  4  5  4 15  5  4  2  60.31118179.30
00122922851910331710 3101320117  4 18  6  4  2  4  5  7  60.31 99175.50
00123022852013 7 71010 7 010 63  5  3  3  4  4  3  0  4  30.10111176.10
00123122852113 0 310 7 0 0 3 37  5  0  2  4  3  0  0  2  20.00 87163.90
