0401012326103337403747373737303 18 22 27 22 39 22 22 22 241.26 32112.20
0401022326114030202330303330237 27 15  7  9 15 15 18 15 150.94 40112.60
0401032326122733404333304733287 12 18 27 32 18 15 39 18 221.15 45112.30
0401042326133337373737433730290 18 22 22 22 22 32 22 15 221.15 46115.50
0401052326144033333040474043307 27 18 18 15 27 39 27 32 251.26 44119.00
0401062326153737402317203060263 22 22 27  9  6  7 15 80 241.15 39113.40
0401072326163743504343433727323 22 32 48 32 32 32 22 12 291.36 50114.90
04010823261717 3 72020132033133  6  2  3  7  7  5  7 18  70.31 53116.10
0401092326183033503333433727287 15 18 48 18 18 32 22 12 231.15 38114.40
0401102326193343533740374020303 18 32 56 22 27 22 27  7 261.26 36115.30
0401112326202013273747473320243  7  5 12 22 39 39 18  7 191.05 32114.60
0401122326211320 3 320273337157  5  7  2  2  7 12 18 22  90.52 29114.40
0401132326223327202043433740263 18 12  7  7 32 32 22 27 201.05 35114.10
0401142326234027172030232027203 27 12  6  7 15  9  7 12 120.73 34117.10
0401152326242330101740404040240  9 15  4  6 27 27 27 27 181.05 43115.20
0401162326254733234337474743320 39 18  9 32 22 39 39 32 291.36 50116.40
0401172326263033303327304040263 15 18 15 18 12 15 27 27 181.05 49118.60
0401182326272337372727174343253  9 22 22 12 12  6 32 32 181.05 43115.60
0401192327 13027232737433337257 15 12  9 12 22 32 18 22 181.05 54130.30
0401202327 23337302737432730263 18 22 15 12 22 32 12 15 181.05 61124.80
0401212327 32330372733233327233  9 15 22 12 18  9 18 12 140.84 61126.00
0401222327 45050507067405347427 48 48 48132111 27 56 39 641.77 49117.90
0401232327 54343404743605743377 32 32 27 39 32 80 67 32 431.57 42111.60
0401242327 65030233323273033250 48 15  9 18  9 12 15 18 181.05 34104.10
0401252327 75357434343433740360 56 67 32 32 32 32 22 27 381.46 16 99.10
0401262327 84023273330274037257 27  9 12 18 15 12 27 22 181.05 13 95.00
0401272327 94033302333332733253 27 18 15  9 18 18 12 18 170.94  0 90.80
0401282327105737302730303730277 67 22 15 12 15 15 22 15 231.15  8 85.90
0401292327111723203027101327167  6  9  7 15 12  4  5 12  90.52 16 84.80
0401302327122330304737303337267  9 15 15 39 22 15 18 22 191.05 27 89.90
0401312327131717234327171717177  6  6  9 32 12  6  6  6 100.63 38 91.60
0402012327142333231323172330187  9 18  9  5  9  6  9 15 100.63 43 94.50
0402022327151717433733402337247  6  6 32 22 18 27  9 22 181.05 64 98.50
0402032327164337403033373027277 32 22 27 15 18 22 15 12 201.05 63 96.60
0402042327174020333027272733237 27  7 18 15 12 12 12 18 150.94 60 98.60
0402052327183330303017202327210 18 15 15 15  6  7  9 12 120.73 62102.50
0402062327191740474330373720270  6 27 39 32 15 22 22  7 211.15 51103.70
0402072327202020272023 71713147  7  7 12  7  9  3  6  5  70.42 40108.10
040208232721 0 3 7 7 7101327 73  0  2  3  3  3  4  5 12  40.10 45113.10
04020923272213 0171027202720133  5  0  6  4 12  7 12  7  70.31 48114.70
040210232723201313201723 717130  7  5  5  7  6  9  3  6  60.31 48113.50
04021123272420 7103047635027253  7  3  4 15 39 94 48 12 281.26 44111.20
0402122327253340504337434733327 18 27 48 32 22 32 39 18 301.36 48109.30
0402132327264343333737373740307 32 32 18 22 22 22 22 27 251.26 48105.10
0402142327273730273337403737277 22 15 12 18 22 27 22 22 201.05 38101.10
0402152328 14047404720372730287 27 39 27 39  7 22 12 15 241.15 50 99.60
0402162328 23713 72010 71310117 22  5  3  7  4  3  5  4  70.31 41 96.30
0402172328 31317 3 7 3101317 83  5  6  2  3  2  4  5  6  40.10 18 99.50
0402182328 4231710 713302723150  9  6  4  3  5 15 12  9  80.42 22 95.40
0402192328 530231713 3102027143 15  9  6  5  2  4  7 12  80.42 18 94.20
0402202328 61317 3 3 7172010 90  5  6  2  2  3  6  7  4  40.21 26 93.20
0402212328 72313 31327172020137  9  5  2  5 12  6  7  7  70.31 30 96.00
0402222328 820 7102030202727160  7  3  4  7 15  7 12 12  80.52 30101.70
0402232328 92323172323232327183  9  9  6  9  9  9  9 12  90.52 55102.10
0402242328103327232020232730203 18 12  9  7  7  9 12 15 110.63 47103.40
0402252328112317101717 31723127  9  6  4  6  6  2  6  9  60.31 53116.10
0402262328121713 3 310 0 3 7 57  6  5  2  2  4  0  2  3  30.10 53118.40
0402272328131037172317134033190  4 22  6  9  6  5 27 18 120.73 67119.80
0402282328141733403330333740263  6 18 27 18 15 18 22 27 191.05 66113.60
0402292328152033275343303743287  7 18 12 56 32 15 22 32 241.26 50108.00
0403012328163323302333474043273 18  9 15  9 18 39 27 32 211.15 44100.00
0403022328174330432330304037277 32 15 32  9 15 15 27 22 211.15 31 97.10
0403032328182023204333272713207  7  9  7 32 18 12 12  5 130.73 26 88.90
0403042328191317202010202010130  5  6  7  7  4  7  7  4  60.31 23 95.90
04030523282020201717 7 7 317107  7  7  6  6  3  3  2  6  50.21 35105.00
040306232821132010 7 3 3 3 0 60  5  7  4  3  2  2  2  0  30.10 39102.90
040307232822 0 0 713 7 71017 60  0  0  3  5  3  3  4  6  30.10 40104.60
040308232823 7102317 3 7 0 0 67  3  4  9  6  2  3  0  0  30.10 35106.30
040309232824 720233033535057273  3  7  9 15 18 56 48 67 281.26 38107.20
0403102328255360633740273750367 56 80 94 22 27 12 22 48 451.57 38111.10
0403112328264340372740576347353 32 27 22 12 27 67 94 39 401.46 38111.70
0403122328275747373030472730303 67 39 22 15 15 39 12 15 281.26 48106.20
0403132329 13320432730232723227 18  7 32 12 15  9 12  9 140.84 40102.60
0403142329 23323333333234323247 18  9 18 18 18  9 32  9 160.94 38101.30
0403152329 33733173033303323237 22 18  6 15 18 15 18  9 150.94 32100.30
0403162329 43020 72317272727177 15  7  3  9  6 12 12 12 100.52 37108.50
0403172329 52727 710 7102313123 12 12  3  4  3  4  9  5  60.31 48108.80
0403182329 63030231720202330193 15 15  9  6  7  7  9 15 100.63 54114.40
0403192329 73723 31310 71720130 22  9  2  5  4  3  6  7  70.42 58111.30
0403202329 82733101320402327193 12 18  4  5  7 27  9 12 120.73 50112.70
0403212329 93330232327232717203 18 15  9  9 12  9 12  6 110.63 48110.40
0403222329103030301013333030207 15 15 15  4  5 18 15 15 130.73 57115.60
04032323291133202013 3102317140 18  7  7  5  2  4  9  6  70.42 61117.60
0403242329121310 3 3 3 3 3 7 47  5  4  2  2  2  2  2  3  30.00 57119.00
040325232913 3 0 3 310232017 80  2  0  2  2  4  9  7  6  40.10 83126.40
0403262329141710171337434737220  6  4  6  5 22 32 39 22 170.94 84123.20
0403272329152723233733433053270 12  9  9 22 18 32 15 56 221.15 88127.20
0403282329163753373330333013267 22 56 22 18 15 18 15  5 211.15 76128.60
0403292329171727232330331723193  6 12  9  9 15 18  6  9 100.63 66128.30
0403302329181723334340201313203  6  9 18 32 27  7  5  5 140.84 54126.40
0403312329191720301323233313173  6  7 15  5  9  9 18  5  90.52 56121.00
040401232920 3 310 717 71710 73  2  2  4  3  6  3  6  4  40.10 55112.60
04040223292117 3 3 7 3 7 7 3 50  6  2  2  3  2  3  3  2  30.10 51108.10
0404032329222030272747576360330  7 15 12 12 39 67 94 80 411.57 47107.40
0404042329236323131317231720190 94  9  5  5  6  9  6  7 181.05 55109.00
04040523292410 7 31037436343217  4  3  2  4 22 32 94 32 241.26 57108.90
0404062329255040434733173330293 48 27 32 39 18  6 18 15 251.26 40101.60
0404072329263033272017173333210 15 18 12  7  6  6 18 18 120.73 39 98.40
0404082329273037303730232023230 15 22 15 22 15  9  7  9 140.84 27 93.80
0404092330 13347433020172317230 18 39 32 15  7  6  9  6 160.94 15 90.30
0404102330 22330271010103337180  9 15 12  4  4  4 18 22 110.63 13 88.10
0404112330 33723201313203023180 22  9  7  5  5  7 15  9 100.63 13 90.00
0404122330 43323271713133713177 18  9 12  6  5  5 22  5 100.63 25 91.80
0404132330 52320131320102313137  9  7  5  5  7  4  9  5  60.31 35 93.60
0404142330 62320 7 0 7 7 017 80  9  7  3  0  3  3  0  6  40.10 42 95.80
0404152330 710 7 71717102333123  4  3  3  6  6  4  9 18  70.31 34 97.40
0404162330 82033372720273027220  7 18 22 12  7 12 15 12 130.84 31 97.60
0404172330 92327131313132720150  9 12  5  5  5  5 12  7  80.42 50 99.00
0404182330101323271323172323163  5  9 12  5  9  6  9  9  80.42 58110.00
04041923301127171717131310 7120 12  6  6  6  5  5  4  3  60.31 63114.50
04042023301217 71313 3 3 720 83  6  3  5  5  2  2  3  7  40.10 59111.80
0404212330131330131313172310133  5 15  5  5  5  6  9  4  70.31 59113.90
040422233014 31013 717101710 87  2  4  5  3  6  4  6  4  40.10 57118.40
0404232330152327374040372737267  9 12 22 27 27 22 12 22 191.05 43116.60
0404242330161320234323231713177  5  7  9 32  9  9  6  5 100.63 38112.90
0404252330171733373020231720197  6 18 22 15  7  9  6  7 110.63 31108.40
040426233018201013 3 72323 7107  7  4  5  2  3  9  9  3  50.21 34100.90
0404272330191017 7 7 7171713 93  4  6  3  3  3  6  6  5  40.21 26 96.40
04042823302013 313 713333730150  5  2  5  3  5 18 22 15  90.52 23 90.70
040429233021102010 7 3 31020 83  4  7  4  3  2  2  4  7  40.10 24 89.80
040430233022273023 713274347217 12 15  9  3  5 12 32 39 160.94 34 90.80
0405012330233723231720201723180 22  9  9  6  7  7  6  9  90.52 44 95.70
04050223302430 7 72310102013120 15  3  3  9  4  4  7  5  60.31 28 99.10
0405032330251017201310202323137  4  6  7  5  4  7  9  9  60.31 32 92.80
0405042330262023201017102030150  7  9  7  4  6  4  7 15  70.42 33 88.90
0405052330272330272327403327230  9 15 12  9 12 27 18 12 140.84 29 90.10
0405062331 11723201720132727163  6  9  7  6  7  5 12 12  80.42 20 88.00
0405072331 23040302327303730247 15 27 15  9 12 15 22 15 160.94 16 86.80
0405082331 32727172023202020173 12 12  6  7  9  7  7  7  80.52 17 88.90
0405092331 4202310 71713 310103  7  9  4  3  6  5  2  4  50.21 24 95.00
0405102331 5172010 710101727117  6  7  4  3  4  4  6 12  60.31 29 94.80
0405112331 63730101010133340183 22 15  4  4  4  5 18 27 120.73 25 92.00
0405122331 74047171310132013173 27 39  6  5  4  5  7  5 120.73 40100.90
0405132331 81323431717173327190  5  9 32  6  6  6 18 12 120.73 37103.00
0405142331 9172310 313101717110  6  9  4  2  5  4  6  6  50.21 54112.10
0405152331103320171713 7 720133 18  7  6  6  5  3  3  7  70.31 58117.90
040516233111171010 7 7 7 717 80  6  4  4  3  3  3  3  6  40.10 73121.00
0405172331121010 3 7 7 71020 73  4  4  2  3  3  3  4  7  40.10 69113.70
04051823311313 7101313 7 7 3 73  5  3  4  5  5  3  3  2  40.10 60110.40
040519233114 710 71337372320153  3  4  3  5 22 22  9  7  90.52 58111.40
0405202331151717274317233033207  6  6 12 32  6  9 15 18 130.73 59107.20
04052123311637201713132013 3137 22  7  6  5  5  7  5  2  70.42 52109.60
040522233117132733201313 713140  5 12 18  7  5  5  3  5  80.42 47105.00
0405232331183027172027233027200 15 12  6  7 12  9 15 12 110.63 59106.60
0405242331193320332333131310180 18  7 18  9 18  5  5  4 100.63 62107.90
040525233120171017131310 7 7 93  6  4  6  5  5  4  3  3  40.21 55105.10
040526233121 7 7 7 71010 313 63  3  3  3  3  4  4  2  5  30.10 43106.10
04052723312213101710 3 710 7 77  5  4  6  4  2  3  4  3  40.10 32104.60
04052823312310 3101023232727133  4  2  4  4  9  9 12 12  70.42 30105.20
0405292331243033233723302337237 15 18  9 22  9 15  9 22 150.84 31104.00
0405302331252017133027203337197  7  6  5 15 12  7 18 22 120.73 35102.40
0405312331264323232727172720207 32  9  9 12 12  6 12  7 120.73 34 98.10
0406012331273730333037232730247 22 15 18 15 22  9 12 15 160.94 35 92.50
0406022332 12720202020273030193 12  7  7  7  7 12 15 15 100.63 36 93.00
0406032332 22330201013101327147  9 15  7  4  5  4  5 12  80.42 37 92.60
0406042332 32720101723201317147 12  7  4  6  9  7  5  6  70.42 36 92.00
0406052332 42720132323232737193 12  7  5  9  9  9 12 22 110.63 36 87.00
0406062332 53033272023173020200 15 18 12  7  9  6 15  7 110.63 29 91.00
0406072332 62717131317101337147 12  6  5  5  6  4  5 22  80.42 37 91.20
0406082332 73323102720232317177 18  9  4 12  7  9  9  6  90.52 33 88.60
0406092332 83017233330333023220 15  6  9 18 15 18 15  9 130.84 34 87.90
0406102332 9332317 720 73327167 18  9  6  3  7  3 18 12 100.52 31 85.00
04061123321027101713 71010 3 97 12  4  6  5  3  4  4  2  50.21 24 86.50
040612233211 317131013 3 3 0 63  2  6  5  4  5  2  2  0  30.10 18 90.70
040613233212 0 71010 7101017 70  0  3  4  4  3  4  4  6  40.10 28 98.20
0406142332131010173033272720173  4  4  6 15 18 12 12  7 100.52 35103.10
0406152332142327432743372723250  9 12 32 12 32 22 12  9 181.05 44112.90
040616233215272030131713 713140 12  7 15  5  6  5  3  5  70.42 64115.10
0406172332161023172313202020147  4  9  6  9  5  7  7  7  70.31 62114.90
0406182332171320172333272317173  5  7  6  9 18 12  9  6  90.52 67111.30
040619233218171713131713 3 0 93  6  6  5  5  6  5  2  0  40.21 69116.40
040620233219 7 713 7 71010 7 67  3  3  5  3  3  4  4  3  40.10 86123.00
040621233220 71010 713101010 77  3  4  4  3  5  4  4  4  40.10 87119.60
040622233221 3 7 3 7 3 3 7 7 40  2  3  2  3  2  2  3  3  20.00 76120.50
040623233222 7 3 7 31010 7 7 53  3  2  3  2  4  4  3  3  30.10 61116.20
040624233223 31320 317 3 7 0 67  2  5  7  2  6  2  3  0  30.10 52111.90
040625233224 3 7 3 317 713 7 60  2  3  2  2  6  3  5  3  30.10 37106.30
040626233225 710 71337301720140  3  4  3  5 22 15  6  7  80.42 34102.20
040627233226 7 7 3 7 7 7 717 60  3  3  2  3  3  3  3  6  30.10 31100.40
0406282332272733132723174037217 12 18  5 12  9  6 27 22 140.84 30 92.40
0406292333 14040403027273727267 27 27 27 15 12 12 22 12 191.05 26 87.90
0406302333 22720272320132013163 12  7 12  9  7  5  7  5  80.42 22 84.50
0407012333 32320272323132023173  9  7 12  9  9  5  7  9  80.52 17 84.00
0407022333 41720172020232327167  6  7  6  7  7  9  9 12  80.42 20 83.40
0407032333 523131713171320 7123  9  5  6  5  6  5  7  3  60.31 20 82.20
0407042333 62013131710131020117  7  5  5  6  4  5  4  7  50.21 19 82.10
0407052333 72317 31013132023123  9  6  2  4  5  5  7  9  60.31 16 80.90
0407062333 813231313 710 7 7 93  5  9  5  5  3  4  3  3  50.21 17 81.60
0407072333 9 31310 310 3 7 7 57  2  5  4  2  4  2  3  3  30.10  9 81.90
040708233310 3 3 3 3 7 3 3 3 30  2  2  2  2  3  2  2  2  20.00 11 84.60
040709233311131310 3 3 713 3 67  5  5  4  2  2  3  5  2  40.10 27 89.60
0407102333121020201310171713120  4  7  7  5  4  6  6  5  60.21 38 96.40
0407112333132710103343203750230 12  4  4 18 32  7 22 48 181.05 47107.90
0407122333144027201017132340190 27 12  7  4  6  5  9 27 120.73 54129.20
0407132333154330332320232723223 32 15 18  9  7  9 12  9 140.84 88131.62
0407142333161017171313202317130  4  6  6  5  5  7  9  6  60.31 90142.60
04071523331710 7 7 7 3202730110  4  3  3  3  2  7 12 15  60.31 82150.50
04071623331810 7131323202043150  4  3  5  5  9  7  7 32  90.52 65151.30
0407172333196040432320101317227 80 27 32  9  7  4  5  6 211.15 79154.10
04071823332013202020 7131317123  5  7  7  7  3  5  5  6  60.31 93160.20
040719233321 723131717272030153  3  9  5  6  6 12  7 15  80.42100175.80
0407202333221720131327172727160  6  7  5  5 12  6 12 12  80.42 91180.80
040721233323101717 3 3 7 3 7 67  4  6  6  2  2  3  2  3  40.10 88177.70
04072223332410 3 32737335370237  4  2  2 12 22 18 56132 311.36 84178.40
0407232333256053605353573013380 80 56 80 56 56 67 15  5 521.67 74170.40
0407242333262727433060504057333 12 12 32 15 80 48 27 67 371.46 69151.80
0407252333277073637773807373583132154 941791542071541541542.09 57143.92
0407262334 17337172013203773290154 22  6  7  5  7 22154 471.57 64132.00
0407272334 28377738087836360607236179154207300236 94 801862.19 55121.80
0407282334 33333232033373030240 18 18  9  7 18 22 15 15 150.94 39103.80
0407292334 42023201310131010120  7  9  7  5  4  5  4  4  60.31 24102.80
0407302334 51013131013172333133  4  5  5  4  5  6  9 18  70.42 24 91.40
0407312334 61317131723201723143  5  6  5  6  9  7  6  9  70.31 23 89.00
0408012334 73723101013101720140 22  9  4  4  5  4  6  7  80.42 23 85.80
0408022334 81013232310 31027120  4  5  9  9  4  2  4 12  60.31 28 87.00
0408032334 91713 7 3 7 0 0 3 50  6  5  3  2  3  0  0  2  30.00 30 90.10
040804233410 0 3 7 713 7 3 7 47  0  2  3  3  5  3  2  3  30.00 33 87.90
040805233411 0 7 71320132027107  0  3  3  5  7  5  7 12  50.21 21 91.50
04080623341227 7 7 0 7 71723 93 12  3  3  0  3  3  6  9  50.21 33 93.60
0408072334132727403737201727230 12 12 27 22 22  7  6 12 150.84 44 97.30
040808233414131010 3 7 3 7 3 57  5  4  4  2  3  2  3  2  30.10 39107.70
0408092334152017332013234043210  7  6 18  7  5  9 27 32 140.84 50117.00
0408102334163717172037334033233 22  6  6  7 22 18 27 18 160.94 58124.70
0408112334172313233323233023193  9  5  9 18  9  9 15  9 100.63 63134.30
0408122334183020171717131323150 15  7  6  6  6  5  5  9  70.42 68151.10
040813233419201710 713132327130  7  6  4  3  5  5  9 12  60.31 76152.50
0408142334202017202717132017150  7  6  7 12  6  5  7  6  70.42 68153.10
040815233421 7 7 3 727 3 7 7 67  3  3  2  3 12  2  3  3  40.10 61142.40
040816233422 3 7 31020201720100  2  3  2  4  7  7  6  7  50.21 54137.00
0408172334233013 31323233730173 15  5  2  5  9  9 22 15 100.63 44138.30
0408182334242023301720171727170  7  9 15  6  7  6  6 12  80.52 41143.30
04081923342513 7 31010171017 87  5  3  2  4  4  6  4  6  40.10 36123.50
0408202334263030233733332330240 15 15  9 22 18 18  9 15 150.94 50124.20
0408212334273337402717233037243 18 22 27 12  6  9 15 22 160.94 57122.80
0408222335 13023273323272723213 15  9 12 18  9 12 12  9 120.73 66117.80
0408232335 220131310101310 7 97  7  5  5  4  4  5  4  3  50.21 56111.90
0408242335 313 3 710 710 7 0 57  5  2  3  4  3  4  3  0  30.10 38107.20
0408252335 4 313 713131310 7 80  2  5  3  5  5  5  4  3  40.10 31102.50
0408262335 5 7 3 7 713171723 93  3  2  3  3  5  6  6  9  50.21 24 99.50
0408272335 6171010 313172720117  6  4  4  2  5  6 12  7  60.31 21 92.30
0408282335 717233320 7101313137  6  9 18  7  3  4  5  5  70.42 20 88.90
0408292335 81717 31713131317110  6  6  2  6  5  5  5  6  50.21 16 87.70
0408302335 92320334040575070333  9  7 18 27 27 67 48132 421.57 10 91.60
0408312335105347503033303327303 56 39 48 15 18 15 18 12 281.26  9 89.70
0409012335112317171317172023147  9  6  6  5  6  6  7  9  70.31  8 91.50
04090223351223172017 7101013117  9  6  7  6  3  4  4  5  60.21  8 95.60
04090323351313 7 3 3 3 7 7 0 43  5  3  2  2  2  3  3  0  20.00 18 98.30
040904233514 3 0 710 7 0 310 40  2  0  3  4  3  0  2  4  20.00 20100.90
04090523351510 3131317273310127  4  2  5  5  6 12 18  4  70.42 37104.80
0409062335162717303327372037227 12  6 15 18 12 22  7 22 140.84 32108.20
0409072335173330302723172013193 18 15 15 12  9  6  7  5 110.63 38120.70
0409082335182730271317 7 3 3127 12 15 12  5  6  3  2  2  70.42 47126.30
040909233519 013 3 710 31020 67  0  5  2  3  4  2  4  7  30.10 51132.80
040910233520 7 7 710 7 0 0 0 37  3  3  3  4  3  0  0  0  20.00 44131.80
040911233521 0 0 0 3 710 7 7 33  0  0  0  2  3  4  3  3  20.00 42117.90
04091223352210 7 0 0 313 0 3 37  4  3  0  0  2  5  0  2  20.00 43116.00
040913233523 0 0 0 3 0 34343 93  0  0  0  2  0  2 32 32  80.52 39119.10
0409142335243347434040405340337 18 39 32 27 27 27 56 27 321.36 32116.00
0409152335254730171733302023217 39 15  6  6 18 15  7  9 140.84 39110.80
0409162335263330372737333737270 18 15 22 12 22 18 22 22 191.05 38109.40
0409172335274740373030272740277 39 27 22 15 15 12 12 27 211.15 36105.50
0409182336 14750173023 7 3 0177 39 48  6 15  9  3  2  0 150.94 33103.60
0409192336 2 7 0 7 7 7131330 83  3  0  3  3  3  5  5 15  50.21 34106.10
0409202336 3271347302720 317183 12  5 39 15 12  7  2  6 120.73 27101.30
0409212336 42730231317131013147 12 15  9  5  6  5  4  5  80.42 24 95.60
0409222336 5 710272743403733223  3  4 12 12 32 27 22 18 160.94 17 92.00
0409232336 64343201313101320177 32 32  7  5  5  4  5  7 120.73 10 90.80
0409242336 723201017 7171013117  9  7  4  6  3  6  4  5  60.21 10 89.90
0409252336 8 0 7 317131010 3 63  0  3  2  6  5  4  4  2  30.10 10 89.90
0409262336 910 310 0 0 31713 57  4  2  4  0  0  2  6  5  30.10 15 89.90
040927233610 7 3 010202017 3 80  3  2  0  4  7  7  6  2  40.10 15 90.20
04092823361113272710 3 71327127  5 12 12  4  2  3  5 12  70.31  8 90.20
04092923361213 0 7 713101323 87  5  0  3  3  5  4  5  9  40.10 25 90.00
04093023361317 3 3 0 7 310 3 47  6  2  2  0  3  2  4  2  30.00 31 88.40
041001233614 0 7 7 7 3 71713 60  0  3  3  3  2  3  6  5  30.10 18 88.10
0410022336151727273333202020197  6 12 12 18 18  7  7  7 110.63 16 88.10
0410032336161010202737272340193  4  4  7 12 22 12  9 27 120.73 28 89.10
0410042336173733202320173023203 22 18  7  9  7  6 15  9 120.73 27 90.70
041005233618201713 0 0 3 717 77  7  6  5  0  0  2  3  6  40.10 21 90.80
04100623361910171310 0 0 3 3 57  4  6  5  4  0  0  2  2  30.10 17 92.00
041007233620 710 3 3 3 0 0 3 30  3  4  2  2  2  0  0  2  20.00 22 93.70
041008233621 010171020231020110  0  4  6  4  7  9  4  7  50.21 23 90.40
0410092336223313 7 710 7 710 93 18  5  3  3  4  3  3  4  50.21 10 87.70
0410102336233033101720 71320150 15 18  4  6  7  3  5  7  80.42  0 88.70
0410112336242337231323231733193  9 22  9  5  9  9  6 18 110.63  0 86.60
04101223362530272323 7 7 733157 15 12  9  9  3  3  3 18  90.52 12 87.20
0410132336264350503350404033340 32 48 48 18 48 27 27 18 331.36 20 86.72
0410142336273337374043403723290 18 22 22 27 32 27 22  9 221.15 20 90.20
0410152337 12330132017202320167  9 15  5  7  6  7  9  7  80.42 16 88.60
0410162337 2271710 7 7 0 0 7 73 12  6  4  3  3  0  0  3  40.10 18 91.10
0410172337 3 0 3 7 3 3 3 0 3 23  0  2  3  2  2  2  0  2  20.00 44 91.20
0410182337 4 0 0 0 3 7132313 60  0  0  0  2  3  5  9  5  30.10 54 95.50
0410192337 5 3 7 3 31317 717 70  2  3  2  2  5  6  3  6  40.10 60 98.20
0410202337 61730271333371030197  6 15 12  5 18 22  4 15 120.73 66110.30
0410212337 730332717 7 31313143 15 18 12  6  3  2  5  5  80.42 76111.00
0410222337 827201013101717 7120 12  7  4  5  4  6  6  3  60.31 80121.20
0410232337 9 0 0 0 7 3 7 717 40  0  0  0  3  2  3  3  6  20.00 93130.20
04102423371017 7 31017273723140  6  3  2  4  6 12 22  9  80.42 99138.70
0410252337112733333323231317203 12 18 18 18  9  9  5  6 120.73 90137.92
04102623371210 7 0 3 3 0 0 0 23  4  3  0  2  2  0  0  0  10.00 91135.00
041027233713 0 0 3 317171013 63  0  0  2  2  6  6  4  5  30.10 94127.80
04102823371413 7 0 3 0 3 710 43  5  3  0  2  0  2  3  4  20.00 96131.60
041029233715 0 0 71730203017120  0  0  3  6 15  7 15  6  60.31 89127.00
0410302337164037273023302340250 27 22 12 15  9 15  9 27 170.94 96134.40
0410312337172720132727333030207 12  7  5 12 12 18 15 15 120.73 91137.10
04110123371830 7 7132013 013103 15  3  3  5  7  5  0  5  50.21 76133.40
04110223371913 0101013171710 90  5  0  4  4  5  6  6  4  40.10 74131.00
041103233720 7 3 72313273343157  3  2  3  9  5 12 18 32 100.63 67133.70
0411042337212030231310202027163  7 15  9  5  4  7  7 12  80.42 58133.70
0411052337223010 3 7 0 3 7 0 60 15  4  2  3  0  2  3  0  40.10 55138.80
041106233723 0 0 0 3 3 0 7 0 13  0  0  0  2  2  0  3  0  10.00 62126.50
0411072337241730 73330476380307  6 15  3 18 15 39 94207 501.67 63127.20
0411082337258787837050274353500300300236132 48 12 32 561401.98 57121.70
0411092337265760506070678770520 67 80 48 801321113001321191.98 52138.10
0411102337277783878373635343563179236300236154 94 56 321612.09 32102.60
0411112338 14050433723302343290 27 48 32 22  9 15  9 32 241.26 38 93.00
0411122338 24747404333404340333 39 39 27 32 18 27 32 27 301.36 38 95.40
0411132338 3232023171320 723147  9  7  9  6  5  7  3  9  70.31 42 94.40
0411142338 440272013101310 3137 27 12  7  5  4  5  4  2  80.42 48 98.10
0411152338 5 3 3 7 0 3 3 0 3 23  2  2  3  0  2  2  0  2  20.00 44103.30
0411162338 6 0 7232323272023147  0  3  9  9  9 12  7  9  70.42 41106.00
0411172338 713173023 3 3 3 7100  5  6 15  9  2  2  2  3  60.21 41102.50
0411182338 810 3 0 0 3 7 3 0 27  4  2  0  0  2  3  2  0  20.00 38101.60
0411192338 9 017 7 0 0101723 73  0  6  3  0  0  4  6  9  40.10 35 99.80
0411202338103337274037373727273 18 22 12 27 22 22 22 12 201.05 33 96.90
0411212338112323303737403030250  9  9 15 22 22 27 15 15 170.94 26 98.50
0411222338122027302310101313147  7 12 15  9  4  4  5  5  80.42 29103.70
0411232338132310 717 7171723120  9  4  3  6  3  6  6  9  60.31 28104.20
0411242338143020202320131327167 15  7  7  9  7  5  5 12  80.52 34104.50
0411252338154043302740273330270 27 32 15 12 27 12 18 15 201.05 34106.60
0411262338162730272317272037207 12 15 12  9  6 12  7 22 120.73 34108.20
0411272338171713232020373030190  6  5  9  7  7 22 15 15 110.63 37107.40
0411282338183730331720272727217 22 15 18  6  7 12 12 12 130.73 29109.80
0411292338193030333027303340253 15 15 18 15 12 15 18 27 170.94 28108.40
0411302338204040302023274033253 27 27 15  7  9 12 27 18 181.05 32107.50
0412012338212033402710201327190  7 18 27 12  4  7  5 12 120.73 32107.80
041202233822171010 3 31310 3 70  6  4  4  2  2  5  4  2  40.10 29102.60
041203233823 7 3 3 3 7 71010 50  3  2  2  2  3  3  4  4  30.10 30 97.90
041204233824 0 0 0 0 0 0 0 0 00  0  0  0  0  0  0  0  0  00.00 26 94.60
041205233825 310432017201717147  2  4 32  7  6  7  6  6  90.52 29 93.10
0412062338262330403043373737277  9 15 27 15 32 22 22 22 201.05 24 90.40
0412072338273030302330273730237 15 15 15  9 15 12 22 15 150.84  9 87.10
0412082339 12730271723232033200 12 15 12  6  9  9  7 18 110.63 15 93.60
0412092339 227 7102320202323153 12  3  4  9  7  7  9  9  80.42 13 84.70
0412102339 32023202023302330190  7  9  7  7  9 15  9 15 100.52 15 82.30
0412112339 4 713271043333340207  3  5 12  4 32 18 18 27 150.84 13 87.10
0412122339 54740404030533330313 39 27 27 27 15 56 18 15 281.26 22 87.70
0412132339 643372713 710 3 3143 32 22 12  5  3  4  2  2 100.63 16 87.00
0412142339 7 310232323132320140  2  4  9  9  9  5  9  7  70.31 14 86.50
0412152339 8232020 0 7231320127  9  7  7  0  3  9  5  7  60.31  8 86.50
0412162339 9203323 327233740207  7 18  9  2 12  9 22 27 130.84 10 87.20
0412172339103340333023332333250 18 27 18 15  9 18  9 18 160.94 24 87.10
04121823391143372320302020 7200 32 22  9  7 15  7  7  3 130.73 21 87.70
04121923391213 710 7 0 0 7 7 50  5  3  4  3  0  0  3  3  30.00 12 90.90
04122023391323 7101010 3 713 83  9  3  4  4  4  2  3  5  40.10 11 90.90
04122123391420 7304317272727197  7  3 15 32  6 12 12 12 120.73 15 97.70
0412222339153343434330272023263 18 32 32 32 15 12  7  9 201.05 26 95.60
0412232339162313131013231723137  9  5  5  4  5  9  6  9  60.31 18 93.20
041224233917 7 0 3 31020 713 63  3  0  2  2  4  7  3  5  30.10 22 94.00
0412252339183740402313172323217 22 27 27  9  5  6  9  9 140.84 12 90.00
0412262339192727202017303027197 12 12  7  7  6 15 15 12 110.63 10 88.70
0412272339202023271310102727157  7  9 12  5  4  4 12 12  80.42 10 93.70
0412282339212323202323334743237  9  9  7  9  9 18 39 32 160.94 17101.70
0412292339224337273033271030237 32 22 12 15 18 12  4 15 160.94 12 95.30
0412302339232733473037372027257 12 18 39 15 22 22  7 12 181.05 20 96.70
041231233924272017202013 720143 12  7  6  7  7  5  3  7  70.31 22 95.20
