07010123662613 7102737272023163  5  3  4 12 22 12  7  9  90.52 22 84.10
0701022366274743234047302733290 39 32  9 27 39 15 12 18 241.26 24 87.00
0701032367 12337303743403037277  9 22 15 22 32 27 15 22 201.05 25 84.80
0701042367 23037403330332727257 15 22 27 18 15 18 12 12 170.94 25 86.40
0701052367 32723202330231717180 12  9  7  9 15  9  6  6  90.52 28 86.50
0701062367 41320 7 3 7271313103  5  7  3  2  3 12  5  5  50.21 27 84.40
0701072367 5 3 0 0 3 7 0 0 3 17  2  0  0  2  3  0  0  2  10.00 26 83.90
0701082367 6 713 0 3101013 3 60  3  5  0  2  4  4  5  2  30.10 30 85.10
0701092367 7 0 313 7101317 7 70  0  2  5  3  4  5  6  3  40.10 27 89.10
0701102367 8 323172013271310127  2  9  6  7  5 12  5  4  60.31 24 83.30
0701112367 91323231320171710137  5  9  9  5  7  6  6  4  60.31 23 81.20
07011223671030 3 3 3 3 3 0 0 47 15  2  2  2  2  2  0  0  30.10 16 81.00
070113236711 0 0 0 0 0 0 0 0 00  0  0  0  0  0  0  0  0  00.00 17 78.70
070114236712 0 0 3 317 71320 63  0  0  2  2  6  3  5  7  30.10 11 79.40
0701152367132027303050302710223  7 12 15 15 48 15 12  4 160.94 11 79.30
070116236714 347101320272740187  2 39  4  5  7 12 12 27 140.84 11 76.10
0701172367154337403333274743303 32 22 27 18 18 12 39 32 251.26  9 75.60
0701182367163033333330333340267 15 18 18 18 15 18 18 27 181.05 10 74.40
0701192367173043202027232030213 15 32  7  7 12  9  7 15 130.73 14 73.90
0701202367183020232310131723160 15  7  9  9  4  5  6  9  80.42 11 76.30
07012123671923303020171717 3157  9 15 15  7  6  6  6  2  80.42 11 76.10
070122236720 7 01010 7 717 0 57  3  0  4  4  3  3  6  0  30.10 12 76.00
0701232367211320 310 3 3 0 0 53  5  7  2  4  2  2  0  0  30.00 10 76.80
070124236722 0 0 3 7 31010 7 40  0  0  2  3  2  4  4  3  20.00 11 77.90
070125236723 0 0 310 3 3 317 40  0  0  2  4  2  2  2  6  20.00  8 77.50
070126236724 7 310 710 7 010 53  3  2  4  3  4  3  0  4  30.10  7 77.30
070127236725 720 3 7 7 0 720 70  3  7  2  3  3  0  3  7  40.10  7 78.00
0701282367262320 7 7 3 31317 93  9  7  3  3  2  2  5  6  50.21  8 79.30
0701292367273323302053534740300 18  9 15  7 56 56 39 27 281.26 18 84.10
0701302368 13743403337333740300 22 32 27 18 22 18 22 27 241.15 20 84.90
0701312368 23330333330404033273 18 15 18 18 15 27 27 18 201.05 20 86.60
0702012368 33017232313102327167 15  6  9  9  5  4  9 12  90.52 22 87.30
0702022368 4 7101710 713 710 80  3  4  6  4  3  5  3  4  40.10 24 87.70
0702032368 51717 7 7 0 0 0 0 47  6  6  3  3  0  0  0  0  20.00 21 84.80
0702042368 6 3 31010 0 0 3 7 37  2  2  4  4  0  0  2  3  20.00 17 81.30
0702052368 71013101020172020120  4  5  4  4  7  6  7  7  60.21 16 80.70
0702062368 817272720 31010 7120  6 12 12  7  2  4  4  3  60.31 15 79.60
0702072368 93020273023233727217 15  7 12 15  9  9 22 12 130.73 15 79.80
0702082368102333232020271310170  9 18  9  7  7 12  5  4  90.52  8 76.30
07020923681117272010 3 71310107  6 12  7  4  2  3  5  4  50.21  7 74.60
0702102368122010 3 3 3171710 83  7  4  2  2  2  6  6  4  40.10  7 73.90
070211236813 0 7 0 0 0 01717 40  0  3  0  0  0  0  6  6  20.00  0 72.80
070212236814 3 3 32330272030140  2  2  2  9 15 12  7 15  80.42  0 71.80
0702132368153030232017334357253 15 15  9  7  6 18 32 67 211.15  0 70.90
0702142368164330303323334323260 32 15 15 18  9 18 32  9 181.05  0 70.90
0702152368172743202720233023213 12 32  7 12  7  9 15  9 130.73  0 71.80
0702162368182020171020172330157  7  7  6  4  7  6  9 15  80.42  0 72.90
0702172368192727131327231327170 12 12  5  5 12  9  5 12  90.52  8 73.50
07021823682017 0101713171713103  6  0  4  6  5  6  6  5  50.21  8 74.10
070219236821 0 0 3 71317 3 7 50  0  0  2  3  5  6  2  3  30.00 20 73.20
070220236822 0 3 0 7 3 7 010 30  0  2  0  3  2  3  0  4  20.00 17 73.10
070221236823 3 7 0 0 0 0 0 0 10  2  3  0  0  0  0  0  0  10.00 10 73.20
070222236824 0 0 0 0 713 717 43  0  0  0  0  3  5  3  6  20.00 16 73.90
07022323682517 7 0 0 3 710 7 50  6  3  0  0  2  3  4  3  30.00 15 73.60
07022423682620 0 3 3 3 0 3 3 37  7  0  2  2  2  0  2  2  20.00  8 73.90
07022523682713 7 3 0 7 717 7 60  5  3  2  0  3  3  6  3  30.10  8 75.10
0702262369 130331717 0 0 0 0 97 15 18  6  6  0  0  0  0  60.31 15 73.90
0702272369 2 0 3302013303740173  0  2 15  7  5 15 22 27 120.73 15 73.40
0702282369 33743433727303040287 22 32 32 22 12 15 15 27 221.15  8 74.40
0703012369 4432727202723 7 7180 32 12 12  7 12  9  3  3 110.63  7 73.40
0703022369 5 013201010 71313 87  0  5  7  4  4  3  5  5  40.10  7 74.20
0703032369 6 0 0 3 0 7 7 3 7 27  0  0  2  0  3  3  2  3  20.00  7 72.00
0703042369 7 0 3101010 31320 70  0  2  4  4  4  2  5  7  40.10  8 71.30
0703052369 830 7 73020173723170 15  3  3 15  7  6 22  9 100.63 17 70.80
0703062369 93747233737171033240 22 39  9 22 22  6  4 18 181.05 14 70.80
0703072369103733333330332727253 22 18 18 18 15 18 12 12 170.94  0 71.80
0703082369112720 7 7 3 310 3 80 12  7  3  3  2  2  4  2  40.21  0 71.40
070309236912 0 3 0 0 7 71010 37  0  2  0  0  3  3  4  4  20.00  0 70.60
07031023691317101010 7102010 93  6  4  4  4  3  4  7  4  40.21  0 70.20
070311236914 7 3102723232723143  3  2  4 12  9  9 12  9  80.42  9 70.10
0703122369151323102737273030197  5  9  4 12 22 12 15 15 120.73  8 70.30
0703132369165040404033333030297 48 27 27 27 18 18 15 15 241.26  0 70.60
0703142369173333202730232310200 18 18  7 12 15  9  9  4 120.73  0 69.20
0703152369181323272020202733183  5  9 12  7  7  7 12 18 100.52  0 68.50
0703162369194037101023101737183 27 22  4  4  9  4  6 22 120.73  0 68.00
07031723692030271717171713 0137 15 12  6  6  6  6  5  0  70.42  0 68.60
070318236921 7 3 7 71313 7 7 63  3  2  3  3  5  5  3  3  30.10  0 69.80
070319236922 0 7 310 3 3 3 7 37  0  3  2  4  2  2  2  3  20.00  0 69.50
070320236923 0 0 0 0 3 3 3 3 13  0  0  0  0  2  2  2  2  10.00  0 72.00
070321236924 0 0 7 3 7 3 0 0 20  0  0  3  2  3  2  0  0  10.00  0 72.30
0703222369251010 3 7 313 7 3 57  4  4  2  3  2  5  3  2  30.10  0 72.00
070323236926 313132327332333170  2  5  5  9 12 18  9 18 100.52  8 72.00
0703242369274047373737171313240 27 39 22 22 22  6  5  5 181.05  8 72.40
0703252370 12313204333131013170  9  5  7 32 18  5  4  5 110.63  0 73.30
0703262370 21017131720433023173  4  6  5  6  7 32 15  9 100.63  9 73.50
0703272370 32027273313203317190  7 12 12 18  5  7 18  6 110.63  8 73.00
0703282370 430302013 71010 3123 15 15  7  5  3  4  4  2  70.31  8 74.30
0703292370 510 7 0 3 3 3 713 47  4  3  0  2  2  2  3  5  30.00  8 73.60
0703302370 62717131713 3 0 0 90 12  6  5  6  5  2  0  0  40.21  7 73.90
0703312370 7 0 310 713 7 720 67  0  2  4  3  5  3  3  7  30.10  7 73.10
0704012370 85043433740333743327 48 32 32 22 27 18 22 32 291.36 10 71.60
0704022370 94050403330233333283 27 48 27 18 15  9 18 18 221.15  0 71.10
0704032370103033231717372317197 15 18  9  6  6 22  9  6 110.73  0 70.80
0704042370113333171717131720167 18 18  6  6  6  5  6  7  90.52  0 70.80
070405237012131313 3 7 7 310 70  5  5  5  2  3  3  2  4  40.10  0 71.00
070406237013131710 7 3 31010 73  5  6  4  3  2  2  4  4  40.10  0 71.10
0704072370142710 0 0 7 3 0 3 50 12  4  0  0  3  2  0  2  30.10  0 71.40
070408237015 0 0 7 7 7 7 320 50  0  0  3  3  3  3  2  7  30.00  0 71.30
0704092370163733302313 7 710160 22 18 15  9  5  3  3  4 100.63  0 70.20
07041023701720 3 01727272023137  7  2  0  6 12 12  7  9  70.31  0 69.70
0704112370182320 7 7 3 3 3 3 70  9  7  3  3  2  2  2  2  40.10  0 69.50
07041223701923231727372317 7173  9  9  6 12 22  9  6  3 100.52  0 68.60
070413237020 7 0 3 3 3 0 0 0 17  3  0  2  2  2  0  0  0  10.00  0 68.60
070414237021 010 7 01317 723 77  0  4  3  0  5  6  3  9  40.10  0 68.60
070415237022202013131010 3 0 90  7  7  5  5  4  4  2  0  40.10  0 69.80
070416237023 0 0 0 0 3 0 0 0 03  0  0  0  0  2  0  0  0  00.00  0 69.80
070417237024 010172033272727160  0  4  6  7 18 12 12 12  90.52  7 69.80
0704182370253033101310132327160 15 18  4  5  4  5  9 12  90.52  0 69.30
0704192370262720131010 3 710100 12  7  5  4  4  2  3  4  50.21  0 68.90
0704202370271313 7 0 3 3 013 53  5  5  3  0  2  2  0  5  30.00  0 69.10
0704212371 1 310 0 0 0 3 3 7 27  2  4  0  0  0  2  2  3  20.00  0 69.40
0704222371 22323132020272727180  9  9  5  7  7 12 12 12  90.52  0 69.70
0704232371 340504313 713 3 3173 27 48 32  5  3  5  2  2 160.94  0 69.80
0704242371 413 7 7 7 7101713 80  5  3  3  3  3  4  6  5  40.10  0 74.00
0704252371 52017 7 72320 7 3103  7  6  3  3  9  7  3  2  50.21  8 77.40
0704262371 627 7 71013232017123 12  3  3  4  5  9  7  6  60.31 10 81.50
0704272371 72013 72720374050213  7  5  3 12  7 22 27 48 160.94 11 83.80
0704282371 84737404340373743323 39 22 27 32 27 22 22 32 281.26 14 86.10
0704292371 94040473327233033273 27 27 39 18 12  9 15 18 211.15 20 86.00
0704302371104340402020231310210 32 27 27  7  7  9  5  4 150.84 21 88.20
070501237111232723 710171317137  9 12  9  3  4  6  5  6  70.31 20 87.60
0705022371121010 0 3 3 7 0 3 37  4  4  0  2  2  3  0  2  20.00 20 88.80
070503237113 7 313 7101713 7 77  3  2  5  3  4  6  5  3  40.10 12 84.40
07050423711410 3 010 7 310 0 43  4  2  0  4  3  2  4  0  20.00 11 83.90
070505237115 7 7 7 3 0 0 0 7 30  3  3  3  2  0  0  0  3  20.00 10 82.40
070506237116 3 0 0 0 0 3 3 7 17  2  0  0  0  0  2  2  3  10.00  9 79.40
070507237117 710302330503033213  3  4 15  9 15 48 15 18 160.94  8 77.10
0705082371182340332330232723223  9 27 18  9 15  9 12  9 140.84  9 74.70
0705092371191313171313131010103  5  5  6  5  5  5  4  4  50.21 11 73.50
070510237120 7 0 0 3 3102310 57  3  0  0  2  2  4  9  4  30.10 12 72.60
070511237121 3 3 0 310 710 7 43  2  2  0  2  4  3  4  3  20.00 14 72.90
070512237122 710 310 3 3 0 3 40  3  4  2  4  2  2  0  2  20.00 13 72.90
070513237123 313 7 7 3 3 0 0 37  2  5  3  3  2  2  0  0  20.00 11 75.00
070514237124 3 3 310 3 713 3 47  2  2  2  4  2  3  5  2  30.00 18 74.40
07051523712510 7101313 71313 87  4  3  4  5  5  3  5  5  40.10 18 78.50
070516237126 310 7 7 7 3 713 57  2  4  3  3  3  2  3  5  30.10 19 78.90
0705172371271010 7 710 31727 90  4  4  3  3  4  2  6 12  50.21 24 78.30
0705182372 12317374043302327240  9  6 22 27 32 15  9 12 160.94 25 77.60
0705192372 22023302727273323210  7  9 15 12 12 12 18  9 120.73 22 76.60
0705202372 32717131310101323127 12  6  5  5  4  4  5  9  60.31 14 75.90
0705212372 42310 0 3 3101730 97  9  4  0  2  2  4  6 15  50.21 11 75.00
0705222372 51010131330304340190  4  4  5  5 15 15 32 27 130.84  9 73.70
0705232372 64330475340235050337 32 15 39 56 27  9 48 48 341.46 14 71.90
0705242372 75733332340404747320 67 18 18  9 27 27 39 39 301.36  9 71.70
0705252372 81723303027334023223  6  9 15 15 12 18 27  9 140.84  0 69.90
0705262372 93037233030302320223 15 22  9 15 15 15  9  7 130.84  0 69.50
0705272372102320273023302317193  9  7 12 15  9 15  9  6 100.63  0 68.80
0705282372112317101010 0 3 7 80  9  6  4  4  4  0  2  3  40.10  0 70.50
070529237212 31010 710171010 77  2  4  4  3  4  6  4  4  40.10  7 71.50
0705302372131310 7 7 7 7 3 3 57  5  4  3  3  3  3  2  2  30.10  7 72.60
070531237214 7 3 3 3 3 71320 60  3  2  2  2  2  3  5  7  30.10  7 76.70
0706012372152017 717 7172323130  7  6  3  6  3  6  9  9  60.31 19 81.60
07060223721620202013 7171017123  7  7  7  5  3  6  4  6  60.31 25 85.60
0706032372171717101017334027170  6  6  4  4  6 18 27 12 100.63 31 89.50
07060423721827201013202727 7150 12  7  4  5  7 12 12  3  80.42 34 88.20
070605237219 3 3 3 3 7 7 3 7 37  2  2  2  2  3  3  2  3  20.00 35 83.60
070606237220 0 3 3 3 710 3 3 33  0  2  2  2  3  4  2  2  20.00 33 87.10
070607237221 7 3 3 3 7 7 7 7 43  3  2  2  2  3  3  3  3  30.00 37 88.10
070608237222272017 720201723150 12  7  6  3  7  7  6  9  70.42 34 86.80
0706092372231013201720131320127  4  5  7  6  7  5  5  7  60.31 12 81.00
0706102372243017271710 713 7127 15  6 12  6  4  3  5  3  70.31  9 78.20
07061123722510 0 3 3 310 710 47  4  0  2  2  2  4  3  4  30.00  9 75.60
070612237226 3 7 3 3 3 3 7 7 37  2  3  2  2  2  2  3  3  20.00  8 72.60
070613237227 7 3 71010203320110  3  2  3  4  4  7 18  7  60.31  8 73.10
0706142373 13030234327373337260 15 15  9 32 12 22 18 22 181.05  0 70.60
0706152373 2232723171713 313137  9 12  9  6  6  5  2  5  70.31  0 71.30
0706162373 32320 7 7231713 7117  9  7  3  3  9  6  5  3  60.31  0 70.20
0706172373 417131717231313 7120  6  5  6  6  9  5  5  3  60.31  0 68.90
0706182373 510 71013 7172013 97  4  3  4  5  3  6  7  5  50.21  0 68.80
0706192373 6231313101317 7 3100  9  5  5  4  5  6  3  2  50.21  0 68.50
0706202373 710101310 710 3 7 70  4  4  5  4  3  4  2  3  40.10  0 67.80
0706212373 8 720173333333040213  3  7  6 18 18 18 15 27 140.84  0 67.60
0706222373 93323273320202733217 18  9 12 18  7  7 12 18 130.73  0 67.50
0706232373103027271310101317147 15 12 12  5  4  4  5  6  80.42  0 68.10
0706242373112313101717102010120  9  5  4  6  6  4  7  4  60.31  0 69.10
07062523731213 3 0 31010 310 53  5  2  0  2  4  4  2  4  30.10  7 69.80
070626237313 0 3 31313 3 7 7 50  0  2  2  5  5  2  3  3  30.00  8 72.80
070627237314201713 3 310 713 87  7  6  5  2  2  4  3  5  40.10  8 75.70
07062823731513 7 7 71710 720 87  5  3  3  3  6  4  3  7  40.10  9 77.40
0706292373161010131017204030150  4  4  5  4  6  7 27 15  90.52 18 77.80
070630237317201713 7 7 7 7 7 83  7  6  5  3  3  3  3  3  40.10 18 76.40
070701237318 71010131010 713 80  3  4  4  5  4  4  3  5  40.10 19 76.80
070702237319 3 71010 7 7 0 3 47  2  3  4  4  3  3  0  2  30.00 11 75.10
070703237320 310 71317271737130  2  4  3  5  6 12  6 22  80.42  9 74.20
0707042373213033304330272710230 15 18 15 32 15 12 12  4 150.94  9 74.90
0707052373221313171313 71017103  5  5  6  5  5  3  4  6  50.21  9 73.90
0707062373231010101013171710 97  4  4  4  4  5  6  6  4  50.21  9 73.50
070707237324171713 3 7101320100  6  6  5  2  3  4  5  7  50.21  8 75.50
070708237325171710 7 7 3 7 3 70  6  6  4  3  3  2  3  2  40.10 10 77.60
070709237326 3 3 3 3 3 3 3 0 23  2  2  2  2  2  2  2  0  20.00 14 79.70
070710237327 0 310 3 7 31333 73  0  2  4  2  3  2  5 18  40.21 17 80.80
0707112374 13740475023301713257 22 27 39 48  9 15  6  5 211.15 17 81.10
0707122374 2171723 310 71013100  6  6  9  2  4  3  4  5  50.21 15 79.50
0707132374 3 3 7 3 3 3 71327 67  2  3  2  2  2  3  5 12  40.10 26 80.60
0707142374 41710133033435333233  6  4  5 15 18 32 56 18 191.05 27 78.20
0707152374 54337301713131317183 32 22 15  6  5  5  5  6 120.73 25 77.10
0707162374 610131310 7 710 3 73  4  5  5  4  3  3  4  2  40.10 20 75.30
0707172374 713 7 710 7 7 7 3 60  5  3  3  4  3  3  3  2  30.10 11 74.70
0707182374 8 7 7 7 3 3 3 3 3 37  3  3  3  2  2  2  2  2  20.00  9 71.80
0707192374 9 0 0 3 3 7 7 3 7 30  0  0  2  2  3  3  2  3  20.00  8 70.50
070720237410 313304040231733200  2  5 15 27 27  9  6 18 140.84  0 69.50
0707212374112037231327133013177  7 22  9  5 12  5 15  5 100.63  0 68.60
070722237412 71010 7 3 7 3 0 47  3  4  4  3  2  3  2  0  30.00  0 68.30
070723237413 3 7 710 7 3 713 57  2  3  3  4  3  2  3  5  30.10  0 69.30
070724237414 0 3 3 710 7 3 7 40  0  2  2  3  4  3  2  3  20.00  0 70.20
070725237415 3 3 0 3 7 7 3 0 27  2  2  0  2  3  3  2  0  20.00  0 70.80
070726237416 0 3 3 713373730130  0  2  2  3  5 22 22 15  90.52  0 70.60
070727237417273017132313 3 3130 12 15  6  5  9  5  2  2  70.42  0 70.90
07072823741810 710 3 3 7 720 67  4  3  4  2  2  3  3  7  40.10  9 72.10
0707292374193337202727202737227 18 22  7 12 12  7 12 22 140.84  9 71.10
0707302374203030301313232010170 15 15 15  5  5  9  7  4  90.52  9 71.00
070731237421 7 7201317101017100  3  3  7  5  6  4  4  6  50.21  0 70.10
0708012374223727333027273030240 22 12 18 15 12 12 15 15 150.94  0 70.40
07080223742310102010202013 3107  4  4  7  4  7  7  5  2  50.21  0 71.50
070803237424101310 31310 310 73  4  5  4  2  5  4  2  4  40.10  7 72.40
070804237425 3 3 3 3 3 0 0 7 23  2  2  2  2  2  0  0  3  20.00  7 71.40
070805237426 0 0 0 3 3 31010 30  0  0  0  2  2  2  4  4  20.00  7 70.90
070806237427 7 3171717274057183  3  2  6  6  6 12 27 67 160.94  8 72.00
0708072375 15033402330333733280 48 18 27  9 15 18 22 18 221.15  8 71.00
0708082375 2202720 710 7 710107  7 12  7  3  4  3  3  4  50.21  9 71.00
0708092375 310 31013 3 710 7 63  4  2  4  5  2  3  4  3  30.10  9 69.30
0708102375 4 3 3132343433730197  2  2  5  9 32 32 22 15 150.84  9 69.30
0708112375 52320231720233323183  9  7  9  6  7  9 18  9  90.52  8 69.50
0708122375 6171313201010 7 3 93  6  5  5  7  4  4  3  2  40.21  8 70.00
0708132375 710 7 0 3 3 3 3 7 37  4  3  0  2  2  2  2  3  20.00  8 69.50
0708142375 810 3 7 3 7 7 723 67  4  2  3  2  3  3  3  9  40.10  0 70.30
0708152375 92727131320232017160 12 12  5  5  7  9  7  6  80.42  0 69.30
07081623751020101720 7 713 7100  7  4  6  7  3  3  5  3  50.21  0 69.00
07081723751120 7 0 3 7 71013 67  7  3  0  2  3  3  4  5  30.10  0 69.30
07081823751217 3 0 3 0 0 7 3 33  6  2  0  2  0  0  3  2  20.00  0 69.60
070819237513 0 0 3102717 3 3 63  0  0  2  4 12  6  2  2  40.10  0 69.40
070820237514 7 3 3 3 3 3 710 40  3  2  2  2  2  2  3  4  20.00  0 70.70
07082123751520 7 3101310 3 7 73  7  3  2  4  5  4  2  3  40.10  9 70.90
070822237516 0 3 310171310 0 57  0  2  2  4  6  5  4  0  30.10  8 71.60
070823237517 0 3 3 7 7 0 3 0 23  0  2  2  3  3  0  2  0  20.00  8 72.40
070824237518 0 7 3 3 0 3 3 0 20  0  3  2  2  0  2  2  0  10.00  8 73.20
07082523751923 7 72030172313140  9  3  3  7 15  6  9  5  70.42  8 73.10
0708262375201713171327274030183  6  5  6  5 12 12 27 15 110.63  8 71.60
0708272375213023372020204030220 15  9 22  7  7  7 27 15 140.84  8 70.70
0708282375223023203720102017177 15  9  7 22  7  4  7  6 100.52  8 71.60
07082923752320 7 7 310101717 90  7  3  3  2  4  4  6  6  40.21  8 71.00
070830237524172010 7 7 3 713 83  6  7  4  3  3  2  3  5  40.10  8 73.00
07083123752517101013 7132723120  6  4  4  5  3  5 12  9  60.31 17 72.20
0709012375262013232323232737190  7  5  9  9  9  9 12 22 100.63 14 72.10
0709022375274747303740274023290 39 39 15 22 27 12 27  9 241.15  8 70.60
0709032376 12327202727231327187  9 12  7 12 12  9  5 12 100.52  8 69.10
0709042376 22017171710 71017113  7  6  6  6  4  3  4  6  50.21  8 69.40
0709052376 32730332323132320193 12 15 18  9  9  5  9  7 100.63  8 68.80
0709062376 43023102013272740190 15  9  4  7  5 12 12 27 110.73  0 67.80
0709072376 54337131317271710177 32 22  5  5  6 12  6  4 120.73  0 68.20
0709082376 620172017132017 7130  7  6  7  6  5  7  6  3  60.31  0 67.60
0709092376 7 0 0 3 7 7 7 0 7 30  0  0  2  3  3  3  0  3  20.00  0 67.70
0709102376 8 7 3 7 7 3 3 3 3 37  3  2  3  3  2  2  2  2  20.00  0 67.90
0709112376 9 0 0 7 7 7 7 7 7 40  0  0  3  3  3  3  3  3  20.00  0 67.00
0709122376101010 7 7 3 0 0 3 40  4  4  3  3  2  0  0  2  20.00  0 66.70
070913237611 0 0 0 3 0 010 7 20  0  0  0  2  0  0  4  3  10.00  0 67.20
07091423761210 0 0 7 7232320 90  4  0  0  3  3  9  9  7  40.21  0 67.60
07091523761320 3 3 710131017 83  7  2  2  3  4  5  4  6  40.10  0 68.50
0709162376141310 0 3 3 710 0 47  5  4  0  2  2  3  4  0  20.00  0 67.80
070917237615 0 0 0 3 7 31020 43  0  0  0  2  3  2  4  7  20.00  0 67.60
0709182376163013 0 3 7 3 0 0 57 15  5  0  2  3  2  0  0  30.10  0 67.10
070919237617 317131013 7 3 0 67  2  6  5  4  5  3  2  0  30.10  0 67.40
070920237618 010 31727304033160  0  4  2  6 12 15 27 18 100.63  0 67.40
0709212376192717171320202337173 12  6  6  5  7  7  9 22  90.52  0 67.40
0709222376203027271723273727213 15 12 12  6  9 12 22 12 120.73  0 67.20
0709232376213343402720102033227 18 32 27 12  7  4  7 18 160.94  0 66.80
0709242376223337231323231720190 18 22  9  5  9  9  6  7 110.63  0 66.50
07092523762327171310 7132727140 12  6  5  4  3  5 12 12  70.42  0 66.60
0709262376242013 710 3 010 3 67  7  5  3  4  2  0  4  2  30.10  0 66.80
070927237625 7 0 02717504743190  3  0  0 12  6 48 39 32 181.05  0 67.40
0709282376264037472013274350277 27 22 39  7  5 12 32 48 241.26  9 67.40
0709292376274750504040273733323 39 48 48 27 27 12 22 18 301.36  9 67.80
0709302377 13333372017172723207 18 18 22  7  6  6 12  9 120.73  9 65.10
0710012377 22723172017201317153 12  9  6  7  6  7  5  6  70.42  0 67.80
0710022377 320171710 0 01330107  7  6  6  4  0  0  5 15  50.21  0 66.50
0710032377 43337332340232733250 18 22 18  9 27  9 12 18 170.94  0 67.30
0710042377 537302027202723 3187 22 15  7 12  7 12  9  2 110.63  0 67.40
0710052377 62030201017 717 3123  7 15  7  4  6  3  6  2  60.31  0 67.80
0710062377 7 7 3101310 71313 77  3  2  4  5  4  3  5  5  40.10 11 68.90
0710072377 810 0 7 310 0 0 0 30  4  0  3  2  4  0  0  0  20.00  9 68.10
0710082377 9 0 0 0 0 0 0 3 7 10  0  0  0  0  0  0  2  3  10.00  7 67.90
071009237710 3 3 3 0 0 0 3 0 13  2  2  2  0  0  0  2  0  10.00  0 68.60
071010237711 010 7 0 0 0 0 0 17  0  4  3  0  0  0  0  0  10.00  0 67.90
071011237712 0 0 0 0 0 0 3 7 10  0  0  0  0  0  0  2  3  10.00  0 68.60
071012237713 0 71010 7131723 87  0  3  4  4  3  5  6  9  40.10  0 68.30
071013237714 0 0 3 710 3 713 43  0  0  2  3  4  2  3  5  20.00  0 67.30
071014237715171720171013 3 7103  6  6  7  6  4  5  2  3  50.21  0 66.70
07101523771617 3 3 3 7 3 3 0 40  6  2  2  2  3  2  2  0  20.00  0 66.80
071016237717 0 3 3 71313 3 0 43  0  2  2  3  5  5  2  0  20.00  0 66.70
071017237718 7 0 0 3 0 0 0 0 10  3  0  0  2  0  0  0  0  10.00  0 67.00
0710182377191030273720173027197  4 15 12 22  7  6 15 12 120.73  0 67.70
0710192377203027232737333333243 15 12  9 12 22 18 18 18 160.94  0 66.80
07102023772140373023102327 7197 27 22 15  9  4  9 12  3 130.73  0 66.30
071021237722 713131010 71720 97  3  5  5  4  4  3  6  7  50.21  0 66.60
0710222377231317 3 3 7173027117  5  6  2  2  3  6 15 12  60.31  0 66.00
07102323772433271313171020 3137 18 12  5  5  6  4  7  2  70.42  0 66.40
071024237725 7 3 3 71013 7 3 53  3  2  2  3  4  5  3  2  30.10  0 66.80
071025237726 310 73037434737213  2  4  3 15 22 32 39 22 170.94  0 66.30
0710262377272727202333373720223 12 12  7  9 18 22 22  7 140.84  0 66.70
0710272378 12333203727331727217  9 18  7 22 12 18  6 12 130.73  0 66.20
0710282378 223231020173013 7143  9  9  4  7  6 15  5  3  70.42  0 66.60
0710292378 320 7101017234743177  7  3  4  4  6  9 39 32 130.73  0 66.20
0710302378 4403020101327 710157 27 15  7  4  5 12  3  4 100.52  0 66.30
0710312378 513 71710101017 7 90  5  3  6  4  4  4  6  3  40.21  0 66.10
0711012378 627 71310 31010 7 87 12  3  5  4  2  4  4  3  50.21  0 66.30
0711022378 7 3131010 0 0 3 3 43  2  5  4  4  0  0  2  2  20.00  0 66.80
0711032378 8 7 3 3 710 0 0 0 30  3  2  2  3  4  0  0  0  20.00  0 66.50
0711042378 910 0 3 310231720 87  4  0  2  2  4  9  6  7  40.10  0 66.50
071105237810 7131010 0 0 0 7 47  3  5  4  4  0  0  0  3  20.00  0 66.20
071106237811 0 0 0 0 7 0 0 0 07  0  0  0  0  3  0  0  0  00.00  8 67.30
071107237812 0 0 0 0 0 0 0 3 03  0  0  0  0  0  0  0  2  00.00  0 66.90
071108237813101310 0 3 71313 70  4  5  4  0  2  3  5  5  40.10  0 68.40
07110923781413 7 3 71713 320 83  5  3  2  3  6  5  2  7  40.10  0 68.20
07111023781520 310131313 3 0 77  7  2  4  5  5  5  2  0  40.10  0 68.40
07111123781610 3 7 3 7 0 310 43  4  2  3  2  3  0  2  4  20.00  0 67.70
071112237817 3 0 0 3 3131717 57  2  0  0  2  2  5  6  6  30.10  0 68.30
0711132378183030202027132030190 15 15  7  7 12  5  7 15 100.63  0 68.40
0711142378193027202327301317187 15 12  7  9 12 15  5  6 100.63  0 68.90
0711152378202017 7 720202327140  7  6  3  3  7  7  9 12  70.31  0 67.70
07111623782113 7172020172333150  5  3  6  7  7  6  9 18  80.42 10 69.10
071117237822332323 7101713 3130 18  9  9  3  4  6  5  2  70.42  9 68.20
0711182378231017 0 3 310 0 0 43  4  6  0  2  2  4  0  0  20.00  0 67.20
071119237824 7 0 0 0 0 02027 53  3  0  0  0  0  0  7 12  30.00  0 67.90
0711202378252720274353433337283 12  7 12 32 56 32 18 22 241.26  0 68.00
0711212378263340374030231713233 18 27 22 27 15  9  6  5 160.94  0 67.40
071122237827 727131313373737183  3 12  5  5  5 22 22 22 120.73  0 68.00
0711232379 14033302030202720220 27 18 15  7 15  7 12  7 140.84  0 68.30
0711242379 22720232027403727220 12  7  9  7 12 27 22 12 140.84 10 69.50
0711252379 33030332327332733237 15 15 18  9 12 18 12 18 150.84  8 68.80
0711262379 43030232710101717163 15 15  9 12  4  4  6  6  90.52  7 69.60
0711272379 510271310 7131313107  4 12  5  4  3  5  5  5  50.21  0 69.60
0711282379 620 3 7 71323 710 90  7  2  3  3  5  9  3  4  40.21  0 69.30
0711292379 7 0 3 3 7102013 3 60  0  2  2  3  4  7  5  2  30.10  0 69.30
0711302379 8 0 0 7 7 7 71310 50  0  0  3  3  3  3  5  4  30.00  0 69.20
0712012379 930 3 710 0 0 0 3 53 15  2  3  4  0  0  0  2  30.10 10 69.90
071202237910 010 7 7 0 0 3 7 33  0  4  3  3  0  0  2  3  20.00  9 71.00
071203237911 0 3 0 0 3 0 3 0 10  0  2  0  0  2  0  2  0  10.00  7 70.50
071204237912 3 0 0 3 3 0 3 3 17  2  0  0  2  2  0  2  2  10.00  9 71.50
07120523791320 310 3 3 7 0 0 47  7  2  4  2  2  3  0  0  20.00  8 73.10
071206237914 013 7 313 3 7 7 53  0  5  3  2  5  2  3  3  30.10 16 75.90
071207237915 710 0 0 0 0 3 0 20  3  4  0  0  0  0  2  0  10.00 15 79.80
071208237916 0 0 0 0 0 0 0 7 07  0  0  0  0  0  0  0  3  00.00 25 84.40
07120923791710 7 0 0 7132010 67  4  3  0  0  3  5  7  4  30.10 26 86.20
071210237918 017131720202043150  0  6  5  6  7  7  7 32  90.52 24 84.30
0712112379193330272730333733250 18 15 12 12 15 18 22 18 160.94 24 90.50
0712122379202730333013 71027177 12 15 18 15  5  3  4 12 100.63 28 91.10
07121323792123271010101020 0110  9 12  4  4  4  4  7  0  60.21 30 90.90
071214237922 717 720 71013 3 83  3  6  3  7  3  4  5  2  40.10 24 89.00
071215237923 3 3 310 310 3 3 40  2  2  2  4  2  4  2  2  20.00 22 86.10
071216237924 7 7 3 0 0 7 323 50  3  3  2  0  0  3  2  9  30.00 18 79.10
0712172379252327374040372333260  9 12 22 27 27 22  9 18 181.05 11 76.90
0712182379263737373737333340290 22 22 22 22 22 18 18 27 221.15  7 74.40
0712192379272733232323172323193 12 18  9  9  9  6  9  9 100.63  0 72.10
0712202380 13030232027403327230 15 15  9  7 12 27 18 12 140.84  0 70.20
0712212380 23333302027333013220 18 18 15  7 12 18 15  5 140.84  0 68.70
0712222380 31723131323233323170  6  9  5  5  9  9 18  9  90.52  0 69.10
0712232380 4232323202020 723160  9  9  9  7  7  7  3  9  80.42  0 69.10
0712242380 5 31010 7 3 31013 60  2  4  4  3  2  2  4  5  30.10  0 69.10
0712252380 6 3 0 7 0 7 3 0 0 20  2  0  3  0  3  2  0  0  10.00  0 69.70
0712262380 7 7 0 3 3 7 7 0 7 33  3  0  2  2  3  3  0  3  20.00  0 70.20
0712272380 8 717131010 71720100  3  6  5  4  4  3  6  7  50.21  0 69.70
0712282380 93023 3 3 3 3 7 0 73 15  9  2  2  2  2  3  0  40.21  0 69.50
071229238010 0 0 0 7 3 0 313 27  0  0  0  3  2  0  2  5  20.00  0 70.30
0712302380111717 3101013 7 3 80  6  6  2  4  4  5  3  2  40.10  0 72.50
071231238012 3 7 71013132720100  2  3  3  4  5  5 12  7  50.21  0 74.20
