1201012434161710 7 317171310 93  6  4  3  2  6  6  5  4  40.21 440    3
120102243417 0 0 3 013102323 73  0  0  2  0  5  4  9  9  40.10 57130.30
1201032434183337171313171010150 18 22  6  5  5  6  4  4  90.52 74130.20
12010424341917 0 0 0 7 3 3 7 37  6  0  0  0  3  2  2  3  20.00 78131.60
1201052434201010 7 7271017 7 93  4  4  3  3 12  4  6  3  50.21 67136.60
12010624342110 7 71310202727120  4  3  3  5  4  7 12 12  60.31 70131.00
1201072434222717101010131027123 12  6  4  4  4  5  4 12  60.31 70135.90
120108243423132013 3 3 71710 87  5  7  5  2  2  3  6  4  40.10 64131.40
1201092434242323171713271320153  9  9  6  6  5 12  5  7  70.42 49137.60
120110243425 710 71723131710103  3  4  3  6  9  5  6  4  50.21 43124.60
120111243426202713 7 7171717123  7 12  5  3  3  6  6  6  60.31 39116.10
1201122434272013 01313132320117  7  5  0  5  5  5  9  7  50.21 32113.00
1201132435 127303310 310 3 7123 12 15 18  4  2  4  2  3  80.42 44120.00
1201142435 2 7 3 7 3 3 0 0 3 27  3  2  3  2  2  0  0  2  20.00 73128.00
1201152435 3 313 3 0 3101727 77  2  5  2  0  2  4  6 12  40.10 92129.20
1201162435 42013102333233013167  7  5  4  9 18  9 15  5  90.52 95135.10
1201172435 53020 71010101710113 15  7  3  4  4  4  6  4  60.31 87134.50
1201182435 623 3 310 7 7 710 70  9  2  2  4  3  3  3  4  40.10 78143.40
1201192435 7 310 0 7 013 3 3 40  2  4  0  3  0  5  2  2  20.00 65152.00
1201202435 8202010 3 31013 0 80  7  7  4  2  2  4  5  0  40.10 63136.70
1201212435 92023131720102020143  7  9  5  6  7  4  7  7  60.31 69137.20
120122243510 713433743374747273  3  5 32 22 32 22 39 39 241.26 67136.60
120123243511503723 7 7 7 010140 48 22  9  3  3  3  0  4 120.73 70139.80
1201242435124027131320434337237 27 12  5  5  7 32 32 22 181.05 53131.50
1201252435133040334330201723237 15 27 18 32 15  7  6  9 160.94 47122.50
12012624351423 3202317272013147  9  2  7  9  6 12  7  5  70.42 30124.30
12012724351517173020231713 3140  6  6 15  7  9  6  5  2  70.42 40137.40
120128243516202310 7 7 32327120  7  9  4  3  3  2  9 12  60.31 28111.00
12012924351727231710 0102013120 12  9  6  4  0  4  7  5  60.31 35106.60
120130243518 0 0 7 0 0303737110  0  0  3  0  0 15 22 22  80.42 38111.00
1201312435192313 7 3 3 0 0 7 57  9  5  3  2  2  0  0  3  30.10 46113.10
1202012435202023231717 3 3 7113  7  9  9  6  6  2  2  3  60.21 61114.10
1202022435211317131310 01017 93  5  6  5  5  4  0  4  6  40.21 41114.60
120203243522232013172313 7 3120  9  7  5  6  9  5  3  2  60.31 24107.90
1202042435232327232027202027187  9 12  9  7 12  7  7 12  90.52 26104.00
1202052435242717101727173020163 12  6  4  6 12  6 15  7  80.52 23099.80
120206243525172313 713302313140  6  9  5  3  5 15  9  5  70.42 29108.90
1202072435262027203330234037230  7 12  7 18 15  9 27 22 150.84 22104.30
1202082435274023272023132717190 27  9 12  7  9  5 12  6 110.63  9094.60
1202092436 117 7 01320172710110  6  3  0  5  7  6 12  4  50.21 20096.60
1202102436 2 71013 713 72023100  3  4  5  3  5  3  7  9  50.21 32107.90
1202112436 3271310 3 7 31310 87 12  5  4  2  3  2  5  4  50.21 32109.40
1202122436 41713 0 7 7131010 77  6  5  0  3  3  5  4  4  40.10 34107.60
1202132436 51013302330272027180  4  5 15  9 15 12  7 12 100.63 45105.70
1202142436 62727201720273040207 12 12  7  6  7 12 15 27 120.73 40104.80
1202152436 72353373327303337273  9 56 22 18 12 15 18 22 221.15 37102.00
1202162436 823 0131720 3 0 0 77  9  0  5  6  7  2  0  0  40.10 33100.80
1202172436 9 0 313 7 0 0 0 0 23  0  2  5  3  0  0  0  0  10.00 34101.30
120218243610 0 0 0 3 0 71737 63  0  0  0  2  0  3  6 22  40.10 38101.70
1202192436115057232013172033233 48 67  9  7  5  6  7 18 211.15 48102.90
1202202436123347303033333033270 18 39 15 15 18 18 15 18 201.05 44108.70
12022124361333231717 710 720133 18  9  6  6  3  4  3  7  70.42 41101.00
12022224361433333330231310 3180 18 18 18 15  9  5  4  2 110.63 30102.00
120223243615 0 01010 3 3 723 57  0  0  4  4  2  2  3  9  30.10 38101.20
120224243616173010131317 7 0107  6 15  4  5  5  6  3  0  60.21 40106.70
120225243617 0 7172023132717123  0  3  6  7  9  5 12  6  60.31 33105.90
1202262436182020201013 71730137  7  7  7  4  5  3  6 15  70.31 33104.90
1202272436193723132033435317240 22  9  5  7 18 32 56  6 191.05 30103.50
1202282436201320502310231027177  5  7 48  9  4  9  4 12 120.73 29101.30
120229243621273327 3 0 3 710110 12 18 12  2  0  2  3  4  70.31 14100.20
120301243622 330373730274037240  2 15 22 22 15 12 27 22 170.94 18101.60
1203022436233030271727202020190 15 15 12  6 12  7  7  7 100.63 20106.30
12030324362423232320 7271020153  9  9  9  7  3 12  4  7  80.42 47114.50
1203042436253730302323173017207 22 15 15  9  9  6 15  6 120.73 64118.20
1203052436262720202313172733180 12  7  7  9  5  6 12 18 100.52 80129.50
120306243627302027 727202027177 15  7 12  3 12  7  7 12  90.52 85136.00
1203072437 13747605753534740393 22 39 80 67 56 56 39 27 481.67 79133.70
1203082437 22010175047474040270  7  4  6 48 39 39 27 27 251.26 72137.50
1203092437 34763807367573023440 39 94207154111 67 15  9 871.87 82143.50
1203102437 44747332720303313250 39 39 18 12  7 15 18  5 191.05 77146.90
1203112437 52017101723273033177  7  6  4  6  9 12 15 18 100.52 86129.50
1203122437 63017236360373330293 15  6  9 94 80 22 18 15 321.36 86113.50
1203132437 73733131320172017170 22 18  5  5  7  6  7  6 100.52 71139.00
1203142437 82720101020302023160 12  7  4  4  7 15  7  9  80.42 63117.50
1203152437 93727202047635053317 22 12  7  7 39 94 48 56 361.46 65109.40
1203162437104333304333504037310 32 18 15 32 18 48 27 22 261.26 63097.60
1203172437114040372727434350307 27 27 22 12 12 32 32 48 261.26 65101.40
1203182437124037232317172330210 27 22  9  9  6  6  9 15 130.73 46101.10
1203192437132037201723132327180  7 22  7  6  9  5  9 12 100.52 55100.90
12032024371413 71013 7102020100  5  3  4  5  3  4  7  7  50.21 64098.80
12032124371513 7101017102317107  5  3  4  4  6  4  9  6  50.21 57099.20
120322243716 717 3 3 3 32740103  3  6  2  2  2  2 12 27  70.42 52101.70
12032324371730 71310 71710 0 93 15  3  5  4  3  6  4  0  50.21 53104.20
1203242437181330432720201720190  5 15 32 12  7  7  6  7 110.73 70102.10
12032524371917 7171317 7 0 0 77  6  3  6  5  6  3  0  0  40.10 66100.80
120326243720 7131010 7 7 310 67  3  5  4  4  3  3  2  4  40.10 65101.90
1203272437212027172730303350233  7 12  6 12 15 15 18 48 170.94 62105.20
1203282437224743271723132313207 39 32 12  6  9  5  9  5 150.84 65106.60
120329243723 0 0 0 013 71323 57  0  0  0  0  5  3  5  9  30.00 79111.20
120330243724272013 710 7 0 3 87 12  7  5  3  4  3  0  2  40.21 66110.40
120331243725 3 3 3 7172023 3 80  2  2  2  3  6  7  9  2  40.10 66109.90
1204012437261317101713201720127  5  6  4  6  5  7  6  7  60.31 42107.20
1204022437273330171323171717167 18 15  6  5  9  6  6  6  90.52 51105.90
1204032438 12020 7 3 7 71720100  7  7  3  2  3  3  6  7  50.21 46103.60
1204042438 22023 3 313201730130  7  9  2  2  5  7  6 15  70.31 41102.10
1204052438 33033404027331720240 15 18 27 27 12 18  6  7 160.94 34101.00
1204062438 410 7 3 0 0 3 320 47  4  3  2  0  0  2  2  7  20.00 34097.60
1204072438 52733233323 7 320170 12 18  9 18  9  3  2  7 100.52 19098.70
1204082438 62313101010 7 7 3 83  9  5  4  4  4  3  3  2  40.10 16093.50
1204092438 7 7 7 0 3 3 31720 60  3  3  0  2  2  2  6  7  30.10  9094.90
1204102438 83320101010131320130 18  7  4  4  4  5  5  7  70.31 10093.70
1204112438 91010201313 3 320 93  4  4  7  5  5  2  2  7  40.21 19093.80
120412243810 737231717304737213  3 22  9  6  6 15 39 22 150.94 37095.80
1204132438114750373017272027253 39 48 22 15  6 12  7 12 201.05 35098.30
12041424381233372013202023 7173 18 22  7  5  7  7  9  3 100.52 33098.80
1204152438131017101013102010100  4  6  4  4  5  4  7  4  50.21 58102.40
1204162438141313 3 313131317 90  5  5  2  2  5  5  5  6  40.21 39108.80
12041724381513 3232323233323167  5  2  9  9  9  9 18  9  90.52 51114.70
1204182438163327271317131013153 18 12 12  5  6  5  4  5  80.52 72122.60
1204192438171010 3 3 3 32727 87  4  4  2  2  2  2 12 12  50.21 95139.10
120420243818103333171310 710133  4 18 18  6  5  4  3  4  80.42108143.10
12042124381913 3 310 3173337120  5  2  2  4  2  6 18 22  80.42104150.60
120422243820332717272010 710150 18 12  6 12  7  4  3  4  80.42 94149.50
1204232438211740331023435057273  6 27 18  4  9 32 48 67 261.26 89143.40
1204242438226757472027274350337111 67 39  7 12 12 32 48 411.57 86135.20
1204252438234333374030405337313 32 18 22 27 15 27 56 22 271.26 81128.80
1204262438244347231727132723220 32 39  9  6 12  5 12  9 160.94 75120.70
120427243825302320 717131723150 15  9  7  3  6  5  6  9  80.42 68119.50
12042824382613 7 72010202023120  5  3  3  7  4  7  7  9  60.31 72122.80
1204292438272320 7 7 7 310 3 80  9  7  3  3  3  2  4  2  40.10 71117.70
1204302439 1 3 7 7 7 0 0 3 7 33  2  3  3  3  0  0  2  3  20.00 67115.90
1205012439 2 3 3 7 3 310 717 53  2  2  3  2  2  4  3  6  30.10 69111.60
1205022439 32010 3 7 7 0 323 73  7  4  2  3  3  0  2  9  40.10 68117.40
1205032439 42720171313131030143 12  7  6  5  5  5  4 15  70.42 69115.90
1205042439 52013 0 0 313 7 0 57  7  5  0  0  2  5  3  0  30.00 62115.90
1205052439 6 0 3 31313 7 0 7 47  0  2  2  5  5  3  0  3  20.00 63118.10
1205062439 710 3132017 713 0 83  4  2  5  7  6  3  5  0  40.10 62119.40
1205072439 8 0 3 317 7 7 0 3 40  0  2  2  6  3  3  0  2  20.00 57123.90
1205082439 9 720131320202040153  3  7  5  5  7  7  7 27  80.52 61125.10
1205092439103740403037404743313 22 27 27 15 22 27 39 32 261.26 65129.80
1205102439112330201717132337180  9 15  7  6  6  5  9 22 100.63 69133.30
1205112439123730201713302017183 22 15  7  6  5 15  7  6 100.63 79139.20
1205122439133017171727232023173 15  6  6  6 12  9  7  9  90.52 72132.20
1205132439142733232020172727193 12 18  9  7  7  6 12 12 100.63 75133.30
1205142439152713 3 0 3 3 713 70 12  5  2  0  2  2  3  5  40.10 85132.90
120515243916172013 7 7 0 017 80  6  7  5  3  3  0  0  6  40.10 87131.90
1205162439172313101020232737163  9  5  4  4  7  9 12 22  90.52 98133.90
1205172439181710 7 3 7 31010 67  6  4  3  2  3  2  4  4  40.10 79139.50
1205182439193017131710231723150 15  6  5  6  4  9  6  9  80.42 73135.30
1205192439202013 713101310 7 93  7  5  3  5  4  5  4  3  40.21 78134.10
120520243921304027172713 7 3163 15 27 12  6 12  5  3  2 100.63 83134.00
120521243922 0 3 3 3 0 33713 63  0  2  2  2  0  2 22  5  40.21 79128.20
1205222439232740232337374337267 12 27  9  9 22 22 32 22 191.05 57124.30
1205232439243747402720232320237 22 39 27 12  7  9  9  7 160.94 55120.20
1205242439251717201717201713137  6  6  7  6  6  7  6  5  60.31 62118.50
120525243926201010201323 710113  7  4  4  7  5  9  3  4  50.21 67120.30
12052624392723 7 7 7 3 0 0 0 47  9  3  3  3  2  0  0  0  20.00 57112.90
1205272440 1 313 7 3 310 3 0 43  2  5  3  2  2  4  2  0  20.00 59113.70
1205282440 2 3 3 0 717202310 83  2  2  0  3  6  7  9  4  40.10 78113.30
1205292440 3 713 3 713131723 97  3  5  2  3  5  5  6  9  50.21 56109.30
1205302440 423131017172020 7127  9  5  4  6  6  7  7  3  60.31 52114.10
1205312440 527132020172337 7163 12  5  7  7  6  9 22  3  90.52 64120.60
1206012440 6 717 32017201313110  3  6  2  7  6  7  5  5  50.21 85132.20
1206022440 7 710101313302737147  3  4  4  5  5 15 12 22  90.52106132.90
1206032440 82317172753574313250  9  6  6 12 56 67 32  5 241.26116133.20
1206042440 91327274040233037237  5 12 12 27 27  9 15 22 160.94104131.90
1206052440102337302740303333253  9 22 15 12 27 15 18 18 170.94106142.80
1206062440113337202733304327250 18 22  7 12 18 15 32 12 170.94107156.40
1206072440122017201317172320147  7  6  7  5  6  6  9  7  70.31 89132.10
1206082440131717232710 320 7123  6  6  9 12  4  2  7  3  60.31 75127.90
1206092440141323101717103320143  5  9  4  6  6  4 18  7  70.42 74132.30
120610244015 0 7 3 723201320 93  0  3  2  3  9  7  5  7  40.21 85132.30
1206112440162017271720274053220  7  6 12  6  7 12 27 56 170.94 90138.10
12061224401750371310131010 7150 48 22  5  4  5  4  4  3 120.73 78145.80
12061324401820171010 31010 7 87  7  6  4  4  2  4  4  3  40.10 79147.30
120614244019 7 7 71010 3 7 0 50  3  3  3  4  4  2  3  0  30.00 86153.30
120615244020 0 0 0 3 7 7 7 7 30  0  0  0  2  3  3  3  3  20.00 82149.60
120616244021 3 7 32330273763193  2  3  2  9 15 12 22 94 201.05 74138.80
1206172440223733536060404340367 22 18 56 80 80 27 32 27 431.57 62128.00
1206182440234353302023201310213 32 56 15  7  9  7  5  4 170.94 40121.90
120619244024 0 3 7 0 0 3 3 3 20  0  2  3  0  0  2  2  2  10.00 36113.50
1206202440251013 7 7 3 3 7 0 50  4  5  3  3  2  2  3  0  30.00 21107.10
120621244026 3 7 0 3 7 7 7 7 40  2  3  0  2  3  3  3  3  20.00 11100.90
120622244027 7 717132010 3 0 77  3  3  6  5  7  4  2  0  40.10 13091.40
1206232441 1 3 31010 32013 3 67  2  2  4  4  2  7  5  2  40.10 11086.80
1206242441 217 310 7101010 3 70  6  2  4  3  4  4  4  2  40.10 14088.10
1206252441 31317231733271713160  5  6  9  6 18 12  6  5  80.52 12091.50
1206262441 4202723201310 317133  7 12  9  7  5  4  2  6  60.31 25102.50
1206272441 5 710101023231720120  3  4  4  4  9  9  6  7  60.31 49109.90
1206282441 6131327171710 7 7110  5  5 12  6  6  4  3  3  60.21 61123.70
1206292441 710 710 713101323 93  4  3  4  3  5  4  5  9  50.21 72121.30
1206302441 82330374347403743300  9 15 22 32 39 27 22 32 251.26 73128.20
1207012441 93737333330303033263 22 22 18 18 15 15 15 18 181.05 84137.90
1207022441103337433040403020273 18 22 32 15 27 27 15  7 201.05 85171.40
1207032441112320172720332023183  9  7  6 12  7 18  7  9  90.52 83150.70
1207042441122330172323 7 717147  9 15  6  9  9  3  3  6  80.42 87168.60
1207052441132013103343332730210  7  5  4 18 32 18 12 15 140.84 86170.10
1207062441142027172023374043227  7 12  6  7  9 22 27 32 150.94 88163.00
1207072441152017171713102720140  7  6  6  6  5  4 12  7  70.31 97163.70
1207082441161717173023272343197  6  6  6 15  9 12  9 32 120.73 78183.70
1207092441174737433767533343360 39 22 32 22111 56 18 32 421.57 81179.60
1207102441183720273727202320210 22  7 12 22 12  7  9  7 120.73 71179.20
1207112441192323373010132030187  9  9 22 15  4  5  7 15 110.63 73167.10
120712244120273037301717 713177 12 15 22 15  6  6  3  5 100.63 83170.90
120713244121 3 7 3 7 3 3 3 3 33  2  3  2  3  2  2  2  2  20.00 86152.10
120714244122 3 7 71023305750187  2  3  3  4  9 15 67 48 191.05 83152.80
1207152441234353676053607060467 32 56111 80 56 80132 80 781.87 78145.10
1207162441246353474350472730360 94 56 39 32 48 39 12 15 421.57 68159.50
1207172441253747431720272023233 22 39 32  6  7 12  7  9 170.94 57131.70
12071824412613101310 7101313 90  5  4  5  4  3  4  5  5  40.21 38113.10
120719244127 313171017131710100  2  5  6  4  6  5  6  4  50.21 25103.20
1207202442 11330133023302323187  5 15  5 15  9 15  9  9 100.63 24095.30
1207212442 223172010 7302717150  9  6  7  4  3 15 12  6  80.42 19092.80
1207222442 3 723272317 7 720130  3  9 12  9  6  3  3  7  60.31 19096.70
1207232442 42320101327302027170  9  7  4  5 12 15  7 12  90.52 42099.80
1207242442 523271313272023 7153  9 12  5  5 12  7  9  3  80.42 47105.70
1207252442 63010201310 3 7 7100 15  4  7  5  4  2  3  3  50.21 42108.70
1207262442 7 3 0 7 31010 3 0 37  2  0  3  2  4  4  2  0  20.00 57118.30
1207272442 8 01310 7 710 717 70  0  5  4  3  3  4  3  6  40.10 73127.10
1207282442 9 713201727273733180  3  5  7  6 12 12 22 18 110.63 71130.50
1207292442102317171713 710 3107  9  6  6  6  5  3  4  2  50.21 74135.40
1207302442111317302730433320213  5  6 15 12 15 32 18  7 140.84 80140.10
1207312442121713 7 317131013 93  6  5  3  2  6  5  4  5  40.21 81144.00
1208012442131013101013101720103  4  5  4  4  5  4  6  7  50.21 88154.60
120802244214 3 3 71747504030197  2  2  3  6 39 48 27 15 181.05 95138.60
120803244215272717101010 7 7113 12 12  6  4  4  4  3  3  60.31116143.80
120804244216101013 713201323110  4  4  5  3  5  7  5  9  50.21101142.70
120805244217 3 3 71310131723 90  2  2  3  5  4  5  6  9  40.21 82137.90
1208062442182330172320302027190  9 15  6  9  7 15  7 12 100.63 65137.90
1208072442191710101713101730123  6  4  4  6  5  4  6 15  60.31 81132.10
120808244220471717131723 710150 39  6  6  5  6  9  3  4 100.52 82137.00
12080924422127171013 710 7 7 97 12  6  4  5  3  4  3  3  50.21105134.80
120810244222 310 3 0 3 3 3 7 33  2  4  2  0  2  2  2  3  20.00 87128.80
120811244223 0 3 3 317101720 73  0  2  2  2  6  4  6  7  40.10 72123.00
1208122442241720201017132323143  6  7  7  4  6  5  9  9  70.31 65115.30
120813244225 713171723302717150  3  5  6  6  9 15 12  6  80.42 49110.90
1208142442261720131717131023130  6  7  5  6  6  5  4  9  60.31 22108.50
12081524422713 0101313131723103  5  0  4  5  5  5  6  9  50.21 20103.20
1208162443 12020201027373033197  7  7  7  4 12 22 15 18 120.73 23100.80
1208172443 23723171010101317137 22  9  6  4  4  4  5  6  80.42 33097.50
1208182443 31020172020233730177  4  7  6  7  7  9 22 15 100.52 36099.40
1208192443 41720134033171340193  6  7  5 27 18  6  5 27 130.73 48098.50
1208202443 53330271733172320200 18 15 12  6 18  6  9  7 110.73 53098.50
1208212443 6171010131313 727110  6  4  4  5  5  5  3 12  60.21 47096.40
1208222443 71013 31023131023107  4  5  2  4  9  5  4  9  50.21 46096.90
1208232443 830202020202330 7170 15  7  7  7  7  9 15  3  90.52 47098.80
1208242443 92320131320132027150  9  7  5  5  7  5  7 12  70.42 47106.40
1208252443101320231723232730177  5  7  9  6  9  9 12 15  90.52 51108.10
1208262443111017173033233720187  4  6  6 15 18  9 22  7 110.63 52115.60
120827244312173017 7 7 7 717107  6 15  6  3  3  3  3  6  60.31 50113.70
120828244313 7 3 31310 3 7 7 53  3  2  2  5  4  2  3  3  30.10 53113.40
120829244314101013 7 7 7 0 7 60  4  4  5  3  3  3  0  3  30.10 55120.60
120830244315 3 3 7 710 710 3 50  2  2  3  3  4  3  4  2  30.10 84130.20
120831244316 0 0 3 710 0 0 0 20  0  0  2  3  4  0  0  0  10.00100132.90
120901244317171720171310 717117  6  6  7  6  5  4  3  6  50.21 95148.20
1209022443183027232323273747237 15 12  9  9  9 12 22 39 160.94 93144.70
1209032443193340373057474340327 18 27 22 15 67 39 32 27 311.36112144.00
1209042443203330432020232340233 18 15 32  7  7  9  9 27 160.94104139.90
1209052443215753504020333327313 67 56 48 27  7 18 18 12 321.36 80134.90
1209062443224340 7 7 7302710170 32 27  3  3  3 15 12  4 120.73 76130.00
1209072443231330231320173330180  5 15  9  5  7  6 18 15 100.63 62135.40
1209082443242723131720202010150 12  9  5  6  7  7  7  4  70.42 54130.50
12090924432510101013 7 710 7 73  4  4  4  5  3  3  4  3  40.10 58124.80
12091024432617 710 310 7 7 0 60  6  3  4  2  4  3  3  0  30.10 46112.80
120911244327 0 0 3 3 0 3 0 3 13  0  0  2  2  0  2  0  2  10.00 50106.40
1209122444 11010132013 71020103  4  4  5  7  5  3  4  7  50.21 48103.80
1209132444 2301713 3 31710 7100 15  6  5  2  2  6  4  3  50.21 38100.30
1209142444 3 713 7 713171030103  3  5  3  3  5  6  4 15  60.21 34101.70
1209152444 423201713 7131323130  9  7  6  5  3  5  5  9  60.31 40098.60
1209162444 52327 71710103013137  9 12  3  6  4  4 15  5  70.42 42098.30
1209172444 62017 010 7 3 717 80  7  6  0  4  3  2  3  6  40.10 36102.50
1209182444 7303320172327 310163 15 18  7  6  9 12  2  4  90.52 42105.30
1209192444 81023 71317373747190  4  9  3  5  6 22 22 39 140.84 44110.80
1209202444 93320302320202017183 18  7 15  9  7  7  7  6 100.52 53118.40
12092124441013131313232717 7127  5  5  5  5  9 12  6  3  60.31 55117.80
12092224441117101313 3 3 313 77  6  4  5  5  2  2  2  5  40.10 38125.30
120923244412 0 0 0 0 0 0 3 0  3  0  0  0  0  0  0  2  0  00.00 49134.40
120924244413 0 0 0 0 313 7 7 30  0  0  0  0  2  5  3  3  20.00 66137.40
120925244414 7 7 7 3 3 3 0 0 30  3  3  3  2  2  2  0  0  20.00 89140.60
120926244415 7 3 7 717103023103  3  2  3  3  6  4 15  9  60.31 95139.90
120927244416271713 7 3 3 310 83 12  6  5  3  2  2  2  4  40.21 74133.80
120928244417 0 0 3 0 0 0 0 0  3  0  0  2  0  0  0  0  0  00.00 56138.30
120929244418 01013 7 7 710 7 60  0  4  5  3  3  3  4  3  30.10 52136.40
120930244419 710133030302743190  3  4  5 15 15 15 12 32 130.73 65135.90
1210012444206763372020131013243111 94 22  7  7  5  4  5 321.36 54128.30
12100224442117 3 02320171017107  6  2  0  9  7  6  4  6  50.21 51118.30
121003244422272313 7 7 7 710100 12  9  5  3  3  3  3  4  50.21 44111.80
121004244423 7 3 3 7 0 0 0 0 20  3  2  2  3  0  0  0  0  10.00 43109.50
121005244424 0 0 310 7201023 73  0  0  2  4  3  7  4  9  40.10 42106.10
1210062444252313101323201317133  9  5  4  5  9  7  5  6  60.31 30098.70
121007244426 717 713 3 31727 93  3  6  3  5  2  2  6 12  50.21 28097.90
1210082444273040635740235340347 15 27 94 67 27  9 56 27 401.57 34103.20
1210092445 16760574317203050343111 80 67 32  6  7 15 48 461.57 49105.90
1210102445 23020202323333020200 15  7  7  9  9 18 15  7 110.63 53111.60
1210112445 3272010132013 717127 12  7  4  5  7  5  3  6  60.31 51116.20
1210122445 43340232023302713210 18 27  9  7  9 15 12  5 130.73 58121.30
1210132445 53350575357574337387 18 48 67 56 67 67 32 22 471.57 56124.30
1210142445 64330333740273340283 32 15 18 22 27 12 18 27 211.15 66131.30
1210152445 73727202017 72013160 22 12  7  7  6  3  7  5  90.52 83135.90
1210162445 81013231313171010110  4  5  9  5  5  6  4  4  50.21 80136.10
1210172445 9272023 71310 727133 12  7  9  3  5  4  3 12  70.31 71134.10
12101824451027 7 713 7171010 97 12  3  3  5  3  6  4  4  50.21 76136.50
12101924451123 7 3 0 3 3 3 3 47  9  3  2  0  2  2  2  2  30.00 66140.30
121020244512 0 0 3 3 3 3 7 3 23  0  0  2  2  2  2  3  2  20.00 51150.10
121021244513 7 710 7 7 7 7 3 53  3  3  4  3  3  3  3  2  30.10 57142.80
12102224451413 7 3 0 0 7 7 3 40  5  3  2  0  0  3  3  2  20.00 59153.90
1210232445151723172017172310143  6  9  6  7  6  6  9  4  70.31 64140.10
1210242445161320 7 7 7 3 7 0 63  5  7  3  3  3  2  3  0  30.10 66134.10
1210252445171013 3 7 7 0 313 57  4  5  2  3  3  0  2  5  30.10 55128.50
121026244518 3 317 7 7171017 80  2  2  6  3  3  6  4  6  40.10 54129.10
121027244519171010 7 7 3 3 7 63  6  4  4  3  3  2  2  3  30.10 47120.20
121028244520 0 717 710 3 7 0 50  0  3  6  3  4  2  3  0  30.00 37115.40
121029244521 3 313 3 0 0 010 33  2  2  5  2  0  0  0  4  20.00 48106.90
12103024452217 0 3 3 0 0 3 3 30  6  0  2  2  0  0  2  2  20.00 45104.80
121031244523 0 0 3 310301723 87  0  0  2  2  4 15  6  9  50.21 35102.70
1211012445243030303733474333283 15 15 15 22 18 39 32 18 221.15 33096.80
121102244525232310 3 7101317107  9  9  4  2  3  4  5  6  50.21 32094.90
121103244526 0 0 3 71310 7 3 43  0  0  2  3  5  4  3  2  20.00 31091.80
121104244527 010 3 3 7 3 0 0 27  0  4  2  2  3  2  0  0  20.00 32093.40
1211052446 1 0 0 7 7 717 7 3 47  0  0  3  3  3  6  3  2  20.00 36094.90
1211062446 2 7 3 7 7 7201310 73  3  2  3  3  3  7  5  4  40.10 33096.90
1211072446 32733131330374030223 12 18  5  5 15 22 27 15 150.84 43099.80
1211082446 410 0 310 7 0 313 47  4  0  2  4  3  0  2  5  20.00 46102.20
1211092446 5 0 0 7 0 0 0 3 0 10  0  0  3  0  0  0  2  0  10.00 46112.90
1211102446 6 0 0 0 3 7 3 717 37  0  0  0  2  3  2  3  6  20.00 52119.80
1211112446 7 3 0 0 313 7 0 3 30  2  0  0  2  5  3  0  2  20.00 76130.60
1211122446 813 0 0 0 0131340 80  5  0  0  0  0  5  5 27  50.21 86140.80
1211132446 94733233327333037263 39 18  9 18 12 18 15 22 191.05 85143.10
121114244610576357433720 713297 67 94 67 32 22  7  3  5 371.46 94139.10
12111524461113 7 710 3 3 713 63  5  3  3  4  2  2  3  5  30.10 97138.60
121116244612172010 713202723137  6  7  4  3  5  7 12  9  70.31 94135.20
1211172446131730172020202723173  6 15  6  7  7  7 12  9  90.52 98132.40
121118244614102310101013 017 93  4  9  4  4  4  5  0  6  40.21 93137.70
12111924461513 317102017 310 93  5  2  6  4  7  6  2  4  40.21 85130.70
1211202446162727272320304337233 12 12 12  9  7 15 32 22 150.94 74137.80
12112124461730302317 7101710143 15 15  9  6  3  4  6  4  80.42 75137.00
12112224461810 3 3 3 7 0 313 43  4  2  2  2  3  0  2  5  20.00 67124.50
121123244619 0 3 7 7 3 01347 80  0  2  3  3  2  0  5 39  70.31 55123.50
1211242446204740332030201313217 39 27 18  7 15  7  5  5 150.94 58115.00
121125244621 71710 31313 710 80  3  6  4  2  5  5  3  4  40.10 59118.40
121126244622272013 7 01010 3 90 12  7  5  3  0  4  4  2  50.21 51118.60
121127244623 3101010 71013 7 70  2  4  4  4  3  4  5  3  40.10 54114.00
121128244624 3 3 0 0 0 0 710 23  2  2  0  0  0  0  3  4  10.00 54111.20
121129244625 0 7 310 013 7 3 43  0  3  2  4  0  5  3  2  20.00 55110.00
121130244626 0 0 0 7 0 7 0 3 17  0  0  0  3  0  3  0  2  10.00 49107.50
1212012446271010 3 3 7 72323 87  4  4  2  2  3  3  9  9  40.21 38098.80
1212022447 12727272720 7 3 0137 12 12 12 12  7  3  2  0  80.42 34094.90
1212032447 2 31013 71010 713 73  2  4  5  3  4  4  3  5  40.10 32093.90
1212042447 3132720 3 3 0 3 0 70  5 12  7  2  2  0  2  0  40.10 39093.40
1212052447 4 0 0 0 3 0 0 713 23  0  0  0  2  0  0  3  5  10.00 43092.70
1212062447 5 0 0 0 3 3 0 0 0  7  0  0  0  2  2  0  0  0  00.00 20094.60
1212072447 6 0 0 0 0 0 0 7 0  7  0  0  0  0  0  0  3  0  00.00 22094.20
1212082447 7 0 3 0 3 0 0 0 3 10  0  2  0  2  0  0  0  2  10.00 36098.10
1212092447 8 713 0 7 7101027 80  3  5  0  3  3  4  4 12  40.10 30100.60
1212102447 923 7 7 7 3 3 7 3 60  9  3  3  3  2  2  3  2  30.10 31100.90
1212112447101310 0 0 0 0 7 3 33  5  4  0  0  0  0  3  2  20.00 34100.50
121212244711 0 0 7 3 7 3 0 7 27  0  0  3  2  3  2  0  3  20.00 48108.40
1212132447121710 0 0 3 3 7 3 43  6  4  0  0  2  2  3  2  20.00 49113.00
1212142447131010 7 3 0 31017 60  4  4  3  2  0  2  4  6  30.10 43115.50
1212152447142027171730202323177  7 12  6  6 15  7  9  9  90.52 45118.50
12121624471513 3131717201710110  5  2  5  6  6  7  6  4  50.21 47115.80
121217244716232727373723 7 7187  9 12 12 22 22  9  3  3 120.73 53111.30
121218244717172017231723 313133  6  7  6  9  6  9  2  5  60.31 43112.50
12121924471810231010131010 3 90  4  9  4  4  5  4  4  2  40.21 39109.80
121220244719 317171730302017150  2  6  6  6 15 15  7  6  80.42 40110.40
12122124472023131010 3 7 3 3 73  9  5  4  4  2  3  2  2  40.10 43110.90
121222244721 0 0 3 3 0 3 0 0 10  0  0  2  2  0  2  0  0  10.00 56111.60
121223244722 0 0 0 3 710 3 0 23  0  0  0  2  3  4  2  0  10.00 57110.40
121224244723 0 0 0 3 323 7 3 40  0  0  0  2  2  9  3  2  20.00 41109.40
12122524472410 7 0 3 0 71013 50  4  3  0  2  0  3  4  5  30.00 41109.30
121226244725 317 7 710 0 0 7 50  2  6  3  3  4  0  0  3  30.00 41106.20
121227244726 7 0 0 0 0 0 0 0  7  3  0  0  0  0  0  0  0  00.00 39103.20
121228244727 0 0 0 3 3 010 7 23  0  0  0  2  2  0  4  3  10.00 38102.30
1212292448 1 3131010 3 0 013 53  2  5  4  4  2  0  0  5  30.00 40100.90
1212302448 213 3 713202017 3 97  5  2  3  5  7  7  6  2  50.21 40103.20
1212312448 3 0 0 0 3 0 3 3 3 13  0  0  0  2  0  2  2  2  10.00 64109.80
