1701012502 73337272323302017210 18 22 12  9  9 15  7  6 120.73---070.10
1701022502 8172320171320 3 7120  6  9  7  6  5  7  2  3  60.31---070.60
1701032502 9 317203727302727187  2  6  7 22 12 15 12 12 110.63---071.00
1701042502101017132023233733177  4  6  5  7  9  9 22 18 100.63---070.00
1701052502113333202030373740250 18 18  7  7 15 22 22 27 170.94---070.90
1701062502123737272327272730233 22 22 12  9 12 12 12 15 140.84---069.60
1701072502133730332743403330273 22 15 18 12 32 27 18 15 201.05---069.70
1701082502143027233330273740247 15 12  9 18 15 12 22 27 160.94---069.20
1701092502153323172033331323197 18  9  6  7 18 18  5  9 110.63---068.90
170110250216202020 710373027170  7  7  7  3  4 22 15 12 100.52---070.30
170111250217272017 310232320143 12  7  6  2  4  9  9  7  70.42---072.00
1701122502182023 0 3 0 01317 77  7  9  0  2  0  0  5  6  40.10---073.00
1701132502191010 0 3 7171310 70  4  4  0  2  3  6  5  4  40.10---072.40
170114250220101710 3 710 710 73  4  6  4  2  3  4  3  4  40.10---074.10
170115250221201017 710 720 3 93  7  4  6  3  4  3  7  2  40.21---075.00
170116250222 7 3 3 0 0 0 7 3 23  3  2  2  0  0  0  3  2  20.00---075.80
170117250223 7 0 3 31020 3 3 50  3  0  2  2  4  7  2  2  30.00---076.10
170118250224 327272733333733220  2 12 12 12 18 18 22 18 140.84---076.10
1701192502253327272717201017177 18 12 12 12  6  7  4  6 100.52---077.00
1701202502263033201323102327180 15 18  7  5  9  4  9 12 100.63---080.60
1701212502273313201713173333180 18  5  7  6  5  6 18 18 100.63---083.40
1701222503 13327232023171717177 18 12  9  7  9  6  6  6  90.52---084.00
1701232503 2 0 0 7 7 7202020 80  0  0  3  3  3  7  7  7  40.10---081.50
1701242503 320 7 3 3 0 0 7 7 47  7  3  2  2  0  0  3  3  20.00---079.70
1701252503 420301017 3 0 0 7 87  7 15  4  6  2  0  0  3  50.21---082.50
1701262503 5 0 0202030373727170  0  0  7  7 15 22 22 12 110.63---080.60
1701272503 64343403737331317263 32 32 27 22 22 18  5  6 201.05---077.90
1701282503 730301710 7102033157 15 15  6  4  3  4  7 18  90.52---076.10
1701292503 827231713201713 3133 12  9  6  5  7  6  5  2  60.31---074.40
1701302503 9 310101023201327117  2  4  4  4  9  7  5 12  60.31---074.70
1701312503102730333333434047287 12 15 18 18 18 32 27 39 221.15---073.80
1702012503114333333040503350313 32 18 18 15 27 48 18 48 281.26---073.90
1702022503123337373327373743283 18 22 22 18 12 22 22 32 211.15---073.10
1702032503133337432330333030260 18 22 32  9 15 18 15 15 181.05---073.00
1702042503142333272020172323187  9 18 12  7  7  6  9  9 100.52---071.90
1702052503153037302027333720233 15 22 15  7 12 18 22  7 150.84---070.60
1702062503163030171727302337210 15 15  6  6 12 15  9 22 120.73---070.50
1702072503172723101327171713147 12  9  4  5 12  6  6  5  70.42---070.10
17020825031810 0 71017171013 83  4  0  3  4  6  6  4  5  40.10---071.10
1702092503192013101710202323137  7  5  4  6  4  7  9  9  60.31---071.50
1702102503202310201320231323147  9  4  7  5  7  9  5  9  70.31---072.10
1702112503212710 7 7 3 0 7 3 63 12  4  3  3  2  0  3  2  40.10---073.80
170212250322 7 0 3 3 31317 3 50  3  0  2  2  2  5  6  2  30.00---074.30
1702132503232313 3 7 3201713100  9  5  2  3  2  7  6  5  50.21---073.00
170214250324 0 0 0 0 0 3 7 7 17  0  0  0  0  0  2  3  3  10.00---072.70
170215250325 0 0 7 7 7 713 7 47  0  0  3  3  3  3  5  3  20.00---073.00
170216250326 72023 723332320157  3  7  9  3  9 18  9  7  80.42---072.20
1702172503271737434023332740260  6 22 32 27  9 18 12 27 191.05---072.80
1702182504 14343231713203033223 32 32  9  6  5  7 15 18 160.94---074.90
1702192504 230332310132730 3170 15 18  9  4  5 12 15  2 100.63---076.40
1702202504 3 333171720273013160  2 18  6  6  7 12 15  5  90.52---078.90
1702212504 42020 7 3 3 7 020 80  7  7  3  2  2  3  0  7  40.10---080.70
1702222504 537302323101717 7163 22 15  9  9  4  6  6  3  90.52---081.40
1702232504 61723201723332330187  6  9  7  6  9 18  9 15 100.63---081.60
1702242504 74733304033271727253 39 18 15 27 18 12  6 12 181.05---080.50
1702252504 827271713 7 3 317113 12 12  6  5  3  2  2  6  60.31---078.50
1702262504 9 710 0 3 7 0 0 0 27  3  4  0  2  3  0  0  0  20.00---077.50
170227250410 717101313103027127  3  6  4  5  5  4 15 12  70.31---080.60
1702282504112723171313 72327150 12  9  6  5  5  3  9 12  80.42---080.10
1703012504123030334747435357340 15 15 18 39 39 32 56 67 351.46---079.30
1703022504135343404747334323330 56 32 27 39 39 18 32  9 321.36---077.80
1703032504143340403730402010250 18 27 27 22 15 27  7  4 181.05---076.70
1703042504154340303027302743270 32 27 15 15 12 15 12 32 201.05---073.90
1703052504162727303027304340253 12 12 15 15 12 15 32 27 181.05---071.60
1703062504174030133737335040280 27 15  5 22 22 18 48 27 231.15---071.30
1703072504182733332723333027233 12 18 18 12  9 18 15 12 140.84---070.60
1703082504193013 72027173737187 15  5  3  7 12  6 22 22 120.73---069.60
1703092504203730203327203023220 22 15  7 18 12  7 15  9 130.84---070.30
170310250421203033332310 317170  7 15 18 18  9  4  2  6 100.63---070.00
170311250422 7 313 7 0 71337 87  3  2  5  3  0  3  5 22  50.21---069.10
170312250423333713 72010 7 7133 18 22  5  3  7  4  3  3  80.42---069.20
170313250424 01310 7 7 3 0 0 40  0  5  4  3  3  2  0  0  20.00---069.50
170314250425 313 7 317171010 80  2  5  3  2  6  6  4  4  40.10---068.80
170315250426 713171710 71330113  3  5  6  6  4  3  5 15  60.31---069.10
1703162504272720 0 310 31013 87 12  7  0  2  4  2  4  5  40.21---069.70
1703172505 1 01310 3 0 3 313 47  0  5  4  2  0  2  2  5  20.00---069.90
1703182505 210 0 3 0 0 0 710 30  4  0  2  0  0  0  3  4  20.00---069.60
1703192505 3 0 0 7 7 0 3 3 7 27  0  0  3  3  0  2  2  3  20.00---070.50
1703202505 4 3 0 3 3 0 7 3 0 20  2  0  2  2  0  3  2  0  10.00---072.10
1703212505 51033402330475340277  4 18 27  9 15 39 56 27 241.26---070.50
1703222505 64037273337404343300 27 22 12 18 22 27 32 32 241.26---072.00
1703232505 7403320171020 7 7153 27 18  7  6  4  7  3  3  90.52---071.50
1703242505 8202313 71717 7 3107  7  9  5  3  6  6  3  2  50.21---071.90
1703252505 9 013 3 7 710 310 53  0  5  2  3  3  4  2  4  30.10---073.70
17032625051017 0 3 71010 013 60  6  0  2  3  4  4  0  5  30.10---076.80
1703272505112350475743536340377  9 48 39 67 32 56 94 27 461.57---082.50
1703282505125353333733303330303 56 56 18 22 18 15 18 15 271.26---083.40
1703292505133733403330432033270 22 18 27 18 15 32  7 18 201.05---083.10
1703302505143340271730334043263 18 27 12  6 15 18 27 32 191.05---085.70
1703312505154747433740403033317 39 39 32 22 27 27 15 18 271.26---090.40
1704012505162727303027433023237 12 12 15 15 12 32 15  9 150.94---100.90
17040225051720232013233010 3143  7  9  7  5  9 15  4  2  70.42---111.90
170403250518 3 7 7132013 7 7 77  2  3  3  5  7  5  3  3  40.10---107.90
170404250519273747473013 730237 12 22 39 39 15  5  3 15 191.05---093.90
1704052505201710231313202333153  6  4  9  5  5  7  9 18  80.42---084.70
17040625052113 3101323301713123  5  2  4  5  9 15  6  5  60.31---075.80
17040725052230202017 7 72733160 15  7  7  6  3  3 12 18  90.52---074.10
1704082505233030372720202743233 15 15 22 12  7  7 12 32 150.94---073.30
170409250524404730272323 710207 27 39 15 12  9  9  3  4 150.84---074.70
17041025052523 3 3 320131013 90  9  2  2  2  7  5  4  5  40.21---073.90
1704112505261013273023203723183  4  5 12 15  9  7 22  9 100.63---074.90
17041225052730201310 3 3 3 0 83 15  7  5  4  2  2  2  0  50.21---071.80
1704132506 1 310 3 0 7132313 73  2  4  2  0  3  5  9  5  40.10---073.90
1704142506 23033272027202720203 15 18 12  7 12  7 12  7 110.63---073.30
1704152506 3332017 3 7 713 3103 18  7  6  2  3  3  5  2  60.31---073.50
1704162506 4 7 71310 3 31010 63  3  3  5  4  2  2  4  4  30.10---075.00
1704172506 5 3 313 713 7 710 63  2  2  5  3  5  3  3  4  30.10---075.80
1704182506 623 3 3 710131730107  9  2  2  3  4  5  6 15  60.31---086.40
1704192506 730433313 7203030207 15 32 18  5  3  7 15 15 140.84---081.60
1704202506 84757404733273023303 39 67 27 39 18 12 15  9 281.26---081.40
1704212506 9 31310 317435047187  2  5  4  2  6 32 48 39 170.94---083.10
1704222506105057505050473753393 48 67 48 48 48 39 22 56 471.57---084.50
1704232506114040534350474043357 27 27 56 32 48 39 27 32 361.46---083.40
1704242506123340333720333733267 18 27 18 22  7 18 22 18 191.05---081.10
1704252506132727232030202320190 12 12  9  7 15  7  9  7 100.52---082.30
1704262506142713231317232323163 12  5  9  5  6  9  9  9  80.42---080.60
170427250615232323 7 7 72013123  9  9  9  3  3  3  7  5  60.31---079.30
170428250616101017 713101323103  4  4  6  3  5  4  5  9  50.21---079.10
1704292506171710171310102020117  6  4  6  5  4  4  7  7  50.21---078.20
17043025061813 7 71310172017103  5  3  3  5  4  6  7  6  50.21---078.60
1705012506192320 0 3 3 71320 90  9  7  0  2  2  3  5  7  40.21---076.40
170502250620 320 713 3 7 317 73  2  7  3  5  2  3  2  6  40.10---078.40
170503250621 7 7 3101310 3 0 53  3  3  2  4  5  4  2  0  30.10---076.20
170504250622 01317 7 7 31333 93  0  5  6  3  3  2  5 18  50.21---075.40
1705052506233017 0 310 3 3 3 70 15  6  0  2  4  2  2  2  40.10---074.80
170506250624 717101010 71310 83  3  6  4  4  4  3  5  4  40.10---074.10
17050725062517272713 7133020153  6 12 12  5  3  5 15  7  80.42---073.00
17050825062623 72013 7101710107  9  3  7  5  3  4  6  4  50.21---071.80
1705092506271013101020201013107  4  5  4  4  7  7  4  5  50.21---070.20
1705102507 11710 0 027101027100  6  4  0  0 12  4  4 12  50.21---069.90
1705112507 2132717 710101017110  5 12  6  3  4  4  4  6  60.21---070.50
1705122507 31710232327101313137  6  4  9  9 12  4  5  5  70.31---070.40
1705132507 4 313 710 7 71013 70  2  5  3  4  3  3  4  5  40.10---071.90
1705142507 52017133027201723167  7  6  5 15 12  7  6  9  80.52---072.70
1705152507 6 317233720273727190  2  6  9 22  7 12 22 12 120.73---072.20
1705162507 72723171730131013150 12  9  6  6 15  5  4  5  80.42---073.50
1705172507 82317202013131720143  9  6  7  7  5  5  6  7  60.31---073.10
1705182507 937303013 3101317153 22 15 15  5  2  4  5  6  90.52---073.90
1705192507102327201023373730207  9 12  7  4  9 22 22 15 120.73---074.00
1705202507113737403737433327290 22 22 27 22 22 32 18 12 221.15---074.20
1705212507122327201717132317157  9 12  7  6  6  5  9  6  80.42---075.30
1705222507131720172023233027177  6  7  6  7  9  9 15 12  90.52---076.30
1705232507141330101017132723143  5 15  4  4  6  5 12  9  80.42---077.90
170524250715131010 7 7 3 3 3 57  5  4  4  3  3  2  2  2  30.10---079.90
170525250716 0 3 0 71010 310 43  0  2  0  3  4  4  2  4  20.00---078.10
17052625071710 3 3 7 3 3 7 0 37  4  2  2  3  2  2  3  0  20.00---082.40
170527250718 7 3 0 010332757137  3  2  0  0  4 18 12 67 130.84---084.10
17052825071960706050371710 7310 80132 80 48 22  6  4  3 471.57---081.00
170529250720 3 3 717403323 7133  2  2  3  6 27 18  9  3  90.52---077.90
170530250721203310 7 3 7 3 7 90  7 18  4  3  2  3  2  3  50.21---075.70
170531250722 013 3 31310 717 67  0  5  2  2  5  4  3  6  30.10---076.20
170601250723 3 7 7 313272327110  2  3  3  2  5 12  9 12  60.31---077.90
1706022507241713 71010 71010 83  6  5  3  4  4  3  4  4  40.10---080.40
170603250725 3 3172033371710140  2  2  6  7 18 22  6  4  80.52---080.20
170604250726 7 7 3 3 3 0 3 3 30  3  3  2  2  2  0  2  2  20.00---079.90
170605250727 710 31027131013 93  3  4  2  4 12  5  4  5  50.21---081.80
1706062508 1202010 710 7 3 7 83  7  7  4  3  4  3  2  3  40.10---077.60
1706072508 2 71717 71010 313 83  3  6  6  3  4  4  2  5  40.10---077.80
1706082508 310 7 3 313 7 310 57  4  3  2  2  5  3  2  4  30.10---076.20
1706092508 42310 0 3 7 7 7 3 60  9  4  0  2  3  3  3  2  30.10---076.00
1706102508 51310 3 7 3 3 7 7 53  5  4  2  3  2  2  3  3  30.10---077.00
1706112508 6 320231330503727203  2  7  9  5 15 48 22 12 150.84---076.60
1706122508 7131310 723202323133  5  5  4  3  9  7  9  9  60.31---077.50
1706132508 827171023132010 3123 12  6  4  9  5  7  4  2  60.31---077.20
1706142508 9 0 71323202010 7100  0  3  5  9  7  7  4  3  50.21---076.40
1706152508101710 310 7 310 3 63  6  4  2  4  3  2  4  2  30.10---079.90
1706162508111020403747373350273  4  7 27 22 39 22 18 48 231.15---075.80
1706172508123737132020204033220 22 22  5  7  7  7 27 18 140.84---077.20
1706182508133330202023172320187 18 15  7  7  9  6  9  7 100.52---077.30
1706192508141320171717 3 3 3 93  5  7  6  6  6  2  2  2  40.21---076.00
170620250815 0 710 3 310 0 0 33  0  3  4  2  2  4  0  0  20.00---076.90
170621250816 0 3 3 310101717 63  0  2  2  2  4  4  6  6  30.10---076.20
1706222508172310 7 3 3 32310 83  9  4  3  2  2  2  9  4  40.21---076.10
17062325081810 3 710 7 72023 87  4  2  3  4  3  3  7  9  40.21---076.10
1706242508191313172723202727167  5  5  6 12  9  7 12 12  80.52---076.60
1706252508202020332323201720177  7  7 18  9  9  7  6  7  90.52---076.20
1706262508212317 72017172013133  9  6  3  7  6  6  7  5  60.31---076.20
1706272508221713 7101310 7 7 83  6  5  3  4  5  4  3  3  40.10---076.60
17062825082313171013 7 3 0 3 67  5  6  4  5  3  2  0  2  30.10---074.50
170629250824 3172017 7 7 7 7 83  2  6  7  6  3  3  3  3  40.10---074.20
170630250825 0 3 7 710 7 717 57  0  2  3  3  4  3  3  6  30.10---073.90
1707012508261733271727303320203  6 18 12  6 12 15 18  7 120.73---073.10
1707022508272727434327173033247 12 12 32 32 12  6 15 18 170.94---073.60
1707032509 117201313 710 717103  6  7  5  5  3  4  3  6  50.21---074.10
1707042509 2101310 3 3 31017 70  4  5  4  2  2  2  4  6  40.10---074.20
1707052509 3 3 3 0 3 3 0 3 7 23  2  2  0  2  2  0  2  3  20.00---075.50
1707062509 4 7 7131017171330113  3  3  5  4  6  6  5 15  60.31---078.50
1707072509 52013 3 3 7101013 80  7  5  2  2  3  4  4  5  40.10---082.20
1707082509 610 3 3 7 3 3 7 3 40  4  2  2  3  2  2  3  2  20.00---089.50
1707092509 75030205320304033277 48 15  7 56  7 15 27 18 241.26---094.00
1707102509 833371710 710 717137 18 22  6  4  3  4  3  6  80.42---098.20
1707112509 91723231317201013137  6  9  9  5  6  7  4  5  60.31---094.10
17071225091010 7 7 71013 7 7 67  4  3  3  3  4  5  3  3  40.10---093.20
170713250911 7 7 3 313 7 710 57  3  3  2  2  5  3  3  4  30.10---095.30
170714250912 3 3 3 3 7 7 3 3 33  2  2  2  2  3  3  2  2  20.00---097.00
170715250913 710 7 3 3 7 710 53  3  4  3  2  2  3  3  4  30.10---094.60
1707162509142010475357536047347  7  4 39 56 67 56 80 39 441.57---089.30
1707172509153043404043571717287 15 32 27 27 32 67  6  6 261.26---088.40
1707182509162330171010 7 313113  9 15  6  4  4  3  2  5  60.31---080.80
170719250917 3 7 3 7 31013 7 53  2  3  2  3  2  4  5  3  30.10---075.50
170720250918 7 7 7 713203027117  3  3  3  3  5  7 15 12  60.31---072.50
1707212509193733231323331330207 22 18  9  5  9 18  5 15 130.73---071.60
1707222509203023434317232323227 15  9 32 32  6  9  9  9 150.94---071.80
1707232509212720272727232340213 12  7 12 12 12  9  9 27 120.73---072.80
1707242509222027301723231733190  7 12 15  6  9  9  6 18 100.63---072.30
1707252509232313202327202330180  9  5  7  9 12  7  9 15  90.52---072.00
17072625092437234013201313 0160 22  9 27  5  7  5  5  0 100.63---070.70
170727250925 31010 71327 723100  2  4  4  3  5 12  3  9  50.21---070.50
1707282509261310 71320272717133  5  4  3  5  7 12 12  6  70.31---071.60
170729250927 3101310 710 3 7 63  2  4  5  4  3  4  2  3  30.10---072.10
1707302510 11010 7 7 3 710 0 53  4  4  3  3  2  3  4  0  30.10---071.70
1707312510 2 010 3 710 3 3 7 43  0  4  2  3  4  2  2  3  20.00---074.40
1708012510 3 7 713172310 3 7 87  3  3  5  6  9  4  2  3  40.21---075.70
1708022510 410 7 3101717 710 80  4  3  2  4  6  6  3  4  40.10---076.60
1708032510 5 3 7 31017373737150  2  3  2  4  6 22 22 22 100.63---077.30
1708042510 62333374343433327283  9 18 22 32 32 32 18 12 221.15---076.30
1708052510 72737272027373330237 12 22 12  7 12 22 18 15 150.84---076.30
1708062510 83320234323132720203 18  7  9 32  9  5 12  7 120.73---075.60
1708072510 9 717172017 7 3 7 93  3  6  6  7  6  3  2  3  40.21---074.80
170808251010 3 7 710101720 7 80  2  3  3  4  4  6  7  3  40.10---073.00
170809251011 0 3101013101310 70  0  2  4  4  5  4  5  4  40.10---073.40
170810251012 01013132010 317 87  0  4  5  5  7  4  2  6  40.10---073.00
1708112510131717131313173013133  6  6  5  5  5  6 15  5  70.31---071.70
1708122510142733201013 72727163 12 18  7  4  5  3 12 12  90.52---072.20
1708132510152320171320131720143  9  7  6  5  7  5  6  7  60.31---070.00
1708142510162010 31013101010 87  7  4  2  4  5  4  4  4  40.10---074.90
170815251017 710 3 3 0 3 310 40  3  4  2  2  0  2  2  4  20.00---076.10
17081625101813 7101313132020110  5  3  4  5  5  5  7  7  50.21---079.20
1708172510192720474747303737290 12  7 39 39 39 15 22 22 241.26---078.50
1708182510204330173037304727260 32 15  6 15 22 15 39 12 201.05---082.00
1708192510214333474340473043327 32 18 39 32 27 39 15 32 291.36---088.90
1708202510224350302323333030263 32 48 15  9  9 18 15 15 201.05---088.00
1708212510232323302717132027180  9  9 15 12  6  5  7 12  90.52---093.50
1708222510244743301727232033240 39 32 15  6 12  9  7 18 170.94---092.30
1708232510253037302343474727283 15 22 15  9 32 39 39 12 231.15---087.00
170824251026303730172317 3 3160 15 22 15  6  9  6  2  2 100.52---080.50
170825251027 0 713131710 717 83  0  3  5  5  6  4  3  6  40.10---082.50
1708262511 1 3 310 3 71310 7 57  2  2  4  2  3  5  4  3  30.10---079.20
1708272511 22310 31713273030153  9  4  2  6  5 12 15 15  80.52---079.80
1708282511 3 7 7 7 7 3 7 0 7 43  3  3  3  3  2  3  0  3  20.00---083.20
1708292511 41013131010234023143  4  5  5  4  4  9 27  9  80.52---085.90
1708302511 5202010 3 0 3 7 0 63  7  7  4  2  0  2  3  0  30.10---088.60
1708312511 61730535350403727307  6 15 56 56 48 27 22 12 301.36---093.60
1709012511 73333204037202037240 18 18  7 27 22  7  7 22 160.94---095.10
1709022511 83747473017272730260 22 39 39 15  6 12 12 15 201.05---101.70
1709032511 92323 7172720 720143  9  9  3  6 12  7  3  7  70.42---122.20
1709042511103733172017273747233 22 18  6  7  6 12 22 39 160.94---185.50
1709052511114030231720232713193 27 15  9  6  7  9 12  5 110.63---122.50
170906251112131313273017 333150  5  5  5 12 15  6  2 18  80.52---134.90
1709072511132737373727202777287 12 22 22 22 12  7 12179 361.46---130.40
1709082511148047435083736347487207 39 32 48236154 94 391061.98---118.50
1709092511152317 3 3 7 3 0 0 57  9  6  2  2  3  2  0  0  30.10---108.70
170910251116 0 0 0 0 3272030 80  0  0  0  0  2 12  7 15  40.21---101.60
1709112511173327232027202727203 18 12  9  7 12  7 12 12 110.63---080.90
1709122511182017232027234053223  7  6  9  7 12  9 27 56 170.94---076.40
17091325111953273723171317 0187 56 12 22  9  6  5  6  0 140.84---076.00
1709142511202020102740534043253  7  7  4 12 27 56 27 32 221.15---075.10
1709152511215737433040335347340 67 22 32 15 27 18 56 39 341.46---073.60
1709162511225053333340403030310 48 56 18 18 27 27 15 15 281.26---072.90
1709172511233033202337402313220 15 18  7  9 22 27  9  5 140.84---072.90
1709182511244337404027272733273 32 22 27 27 12 12 12 18 201.05---072.90
1709192511252317101713202723150  9  6  4  6  5  7 12  9  70.42---071.30
17092025112630332020201020 7160 15 18  7  7  7  4  7  3  80.52---074.50
170921251127 713231317 31317107  3  5  9  5  6  2  5  6  50.21---073.60
1709222512 1131010 310102323103  5  4  4  2  4  4  9  9  50.21---078.10
1709232512 2 71310 710 72310 87  3  5  4  3  4  3  9  4  40.21---081.70
1709242512 31017 7 710172327117  4  6  3  3  4  6  9 12  60.31---087.40
1709252512 4232310 7 3 3 3 3 77  9  9  4  3  2  2  2  2  40.10---090.40
1709262512 5 3 71310 3 0 320 60  2  3  5  4  2  0  2  7  30.10---091.10
1709272512 63027474037375763337 15 12 39 27 22 22 67 94 371.46---091.30
1709282512 75363674737403747390 56 94111 39 22 27 22 39 511.67---091.20
1709292512 83023232733172027200 15  9  9 12 18  6  7 12 110.63---090.00
1709302512 92027332033402330227  7 12 18  7 18 27  9 15 140.84---089.60
1710012512103317272017331730193 18  6 12  7  6 18  6 15 110.63---085.90
1710022512111333131713 3 3 0 97  5 18  5  6  5  2  2  0  50.21---086.10
17100325121223302710 0 3 310107  9 15 12  4  0  2  2  4  60.31---086.50
1710042512132023 3 3 3 31720 93  7  9  2  2  2  2  6  7  50.21---086.80
17100525121430 7 3 0 0101033 93 15  3  2  0  0  4  4 18  60.31---084.70
1710062512152727131320171323153 12 12  5  5  7  6  5  9  80.42---084.00
17100725121613 3 3 3 7 71710 63  5  2  2  2  3  3  6  4  30.10---079.50
1710082512171317 3 0 3 3 3 7 50  5  6  2  0  2  2  2  3  30.00---076.50
17100925121820 0 0 3 0 0 0 3 27  7  0  0  2  0  0  0  2  10.00---072.10
171010251219 0 0 0 3 3 3 320 33  0  0  0  2  2  2  2  7  20.00---070.70
1710112512203340473740474037320 18 27 39 22 27 39 27 22 281.26---069.30
1710122512215033404343333037310 48 18 27 32 32 18 15 22 261.26---069.90
1710132512222743203357475753337 12 32  7 18 67 39 67 56 371.46---069.40
1710142512235043475037403027323 48 32 39 48 22 27 15 12 301.36---068.60
17101525122443532740433730 7280 32 56 12 27 32 22 15  3 251.26---069.90
1710162512252030171713102723157  7 15  6  6  5  4 12  9  80.42---070.40
1710172512261310131317101310100  5  4  5  5  6  4  5  4  50.21---069.80
1710182512271017 7 710 01023 83  4  6  3  3  4  0  4  9  40.10---072.70
1710192513 13023232023372727210 15  9  9  7  9 22 12 12 120.73---072.80
1710202513 23720171317 31317137 22  7  6  5  6  2  5  6  70.42---075.10
1710212513 31317171723232330163  5  6  6  6  9  9  9 15  80.42---075.70
1710222513 43017 3 710 71317103 15  6  2  3  4  3  5  6  60.21---076.50
1710232513 523 7 71710 7 310 83  9  3  3  6  4  3  2  4  40.10---077.20
1710242513 617 7202743472347230  6  3  7 12 32 39  9 39 181.05---076.70
1710252513 73737473323233033263 22 22 39 18  9  9 15 18 191.05---077.90
1710262513 83323372737433013243 18  9 22 12 22 32 15  5 170.94---076.40
1710272513 920131010 3 01313 83  7  5  4  4  2  0  5  5  40.10---075.00
17102825131013171320 71310 7100  5  6  5  7  3  5  4  3  50.21---074.40
171029251311 717 0 3 7 3 7 3 47  3  6  0  2  3  2  3  2  30.00---074.30
171030251312 710 0 3 0 3 0 7 30  3  4  0  2  0  2  0  3  20.00---074.50
17103125131313 0 0 317 0 0 0 33  5  0  0  2  6  0  0  0  20.00---074.20
17110125131413 0 0 710 010 7 47  5  0  0  3  4  0  4  3  20.00---071.50
1711022513152720131317131330147 12  7  5  5  6  5  5 15  80.42---072.40
1711032513163320202327 71313157 18  7  7  9 12  3  5  5  80.42---072.00
1711042513171010 7 310 7 313 63  4  4  3  2  4  3  2  5  30.10---070.90
171105251318 3 0 0 0 0 3 7 3 17  2  0  0  0  0  2  3  2  10.00---069.90
171106251319 7 0 0 0 0 0 0 3 10  3  0  0  0  0  0  0  2  10.00---068.10
171107251320 727334737376357307  3 12 18 39 22 22 94 67 351.46---067.00
1711082513215763334350433347370 67 94 18 32 48 32 18 39 441.57---066.40
1711092513223733273330373337267 22 18 12 18 15 22 18 22 181.05---064.60
1711102513233033373737403030273 15 18 22 22 22 27 15 15 201.05---067.20
171111251324302320201313 710137 15  9  7  7  5  5  3  4  70.31---065.90
1711122513251017 71010101723103  4  6  3  4  4  4  6  9  50.21---068.00
17111325132613231317102310 3113  5  9  5  6  4  9  4  2  60.21---070.60
1711142513273030271320302327200 15 15 12  5  7 15  9 12 110.63---072.80
1711152514 12027273023332320203  7 12 12 15  9 18  9  7 110.63---072.60
1711162514 24043332310172027213 27 32 18  9  4  6  7 12 140.84---071.60
1711172514 31017132317 0 010 90  4  6  5  9  6  0  0  4  40.10---074.70
1711182514 41717201717171017130  6  6  7  6  6  6  4  6  60.31---074.30
1711192514 5 7172313 7 310 3 83  3  6  9  5  3  2  4  2  40.10---072.70
1711202514 6 7 3 3 3 3202337100  3  2  2  2  2  7  9 22  60.31---071.80
1711212514 74350473330373737313 32 48 39 18 15 22 22 22 271.26---071.40
1711222514 82330172030202720187  9 15  6  7 15  7 12  7 100.52---071.60
1711232514 92310202723172027167  9  4  7 12  9  6  7 12  80.42---070.60
171124251410302020 7 3 33333150 15  7  7  3  2  2 18 18  90.52---072.20
17112525141133271310 010 7 3103 18 12  5  4  0  4  3  2  60.31---072.40
171126251412 0 010 0 7 710 7 40  0  0  4  0  3  3  4  3  20.00---073.50
1711272514131713 7 320101310 93  6  5  3  2  7  4  5  4  40.21---071.70
1711282514143323131717 310 7123 18  9  5  6  6  2  4  3  70.31---070.00
171129251415101017 7 0101320 87  4  4  6  3  0  4  5  7  40.10---070.60
1711302514162340101323301323177  9 27  4  5  9 15  5  9 100.63---069.80
17120125141713271310132723 7133  5 12  5  4  5 12  9  3  70.31---068.30
171202251418 7 0 3 0 323 3 7 47  3  0  2  0  2  9  2  3  30.00---069.50
171203251419 0 0 0 3 3 0 0 7 13  0  0  0  2  2  0  0  3  10.00---067.00
171204251420 0 0171023303340153  0  0  6  4  9 15 18 27 100.63---066.40
1712052514213330404750433737317 18 15 27 39 48 32 22 22 281.26---066.00
1712062514223340331730273023233 18 27 18  6 15 12 15  9 150.84---066.30
1712072514232020231033302323183  7  7  9  4 18 15  9  9 100.52---065.90
1712082514241313201317 710 7100  5  5  7  5  6  3  4  3  50.21---067.80
171209251425 7 0 3 3171710 3 60  3  0  2  2  6  6  4  2  30.10---069.00
171210251426 0 010 0 7 7 313 40  0  0  4  0  3  3  2  5  20.00---069.80
1712112514271027232333232317180  4 12  9  9 18  9  9  6 100.52---070.10
1712122515 12327232313274030207  9 12  9  9  5 12 27 15 120.73---069.20
1712132515 2 7 0131017202723117  3  0  5  4  6  7 12  9  60.31---069.90
1712142515 32710 3 3 3 010 7 63 12  4  2  2  2  0  4  3  40.10---069.80
1712152515 4 0 0 3101310 713 57  0  0  2  4  5  4  3  5  30.10---069.50
1712162515 5 0 0 7 7 7 7 320 50  0  0  3  3  3  3  2  7  30.00---069.00
1712172515 62730473033374737287 12 15 39 15 18 22 39 22 231.15---068.80
1712182515 740374333302317 7230 27 22 32 18 15  9  6  3 160.94---069.40
1712192515 8 710 3 310171723 90  3  4  2  2  4  6  6  9  40.21---066.60
1712202515 920201017 71317 0103  7  7  4  6  3  5  6  0  50.21---071.80
171221251510 3 3 710 7 7 0 0 37  2  2  3  4  3  3  0  0  20.00---073.60
171222251511 0 3 3 0 3 0 010 20  0  2  2  0  2  0  0  4  10.00---072.90
17122325151213271317 7 0 7 7 90  5 12  5  6  3  0  3  3  50.21---073.70
1712242515131320202333332330197  5  7  7  9 18 18  9 15 110.63---073.60
17122525151430 7202713203020167 15  3  7 12  5  7 15  7  90.52---073.20
1712262515152727131713173730180 12 12  5  6  5  6 22 15 100.63---069.50
1712272515161723131310271727147  6  9  5  5  4 12  6 12  70.42---068.60
17122825151710 3131017131017 93  4  2  5  4  6  5  4  6  40.21---068.80
171229251518 710 3 3 71023 7 70  3  4  2  2  3  4  9  3  40.10---069.10
171230251519 313 3 0 710 317 57  2  5  2  0  3  4  2  6  30.10---068.10
171231251520 3 0 0 3 3 71320 50  2  0  0  2  2  3  5  7  30.00---068.30
