00110100   342
00110101   246
00110102   133
00110103   127
00110104   127
00110105   182
00110106   222
00110107    85
00110108    31
00110109    35
00110110    35
00110111    39
00110112    52
00110113    48
00110114    54
00110115    60
00110116    66
00110117   255
00110118   259
00110119   174
00110120   109
00110121   102
00110122   223
00110123   392
00110200   187
00110201   208
00110202   166
00110203    67
00110204    30
00110205    38
00110206    33
00110207    28
00110208    37
00110209    34
00110210    40
00110211    70
00110212   117
00110213   192
00110214   234
00110215    77
00110216    56
00110217    52
00110218    51
00110219    66
00110220    33
00110221    34
00110222    41
00110223    33
00110300    35
00110301    27
00110302    25
00110303    20
00110304    21
00110305    18
00110306    16
00110307    23
00110308    35
00110309    32
00110310    31
00110311    40
00110312    66
00110313   217
00110314   270
00110315   192
00110316    68
00110317    32
00110318    33
00110319    47
00110320   135
00110321   325
00110322   207
00110323    78
00110400    43
00110401    35
00110402    39
00110403   178
00110404   189
00110405   791
00110406   379
00110407   465
00110408   548
00110409   447
00110410   406
00110411   258
00110412   451
00110413   659
00110414   289
00110415   110
00110416   125
00110417   606
00110418   695
00110419   692
00110420   754
00110421   450
00110422   206
00110423    98
00110500    95
00110501   344
00110502   310
00110503   165
00110504   236
00110505   235
00110506   115
00110507    48
00110508    38
00110509    58
00110510    42
00110511    44
00110512    56
00110513   143
00110514   312
00110515   560
00110516   344
00110517   280
00110518   683
00110519   829
00110520   675
00110521   375
00110522   437
00110523   261
00110600   465
00110601   301
00110602   304
00110603   296
00110604   318
00110605   407
00110606   415
00110607   327
00110608   187
00110609   291
00110610   893
00110611   818
00110612   591
00110613   658
00110614  1154
00110615   685
00110616  1093
00110617   874
00110618   919
00110619   900
00110620   818
00110621   569
00110622   228
00110623   192
00110700   432
00110701   563
00110702   721
00110703   839
00110704  1062
00110705   678
00110706   741
00110707   912
00110708   831
00110709   908
00110710   470
00110711   532
00110712   571
00110713   373
00110714   330
00110715   237
00110716   136
00110717   120
00110718   123
00110719   127
00110720   104
00110721    43
00110722    39
00110723    27
00110800    28
00110801    24
00110802    19
00110803    53
00110804    24
00110805    18
00110806    76
00110807    27
00110808    46
00110809    25
00110810    90
00110811    96
00110812   124
00110813   102
00110814   106
00110815   118
00110816   102
00110817   145
00110818   183
00110819   114
00110820   176
00110821   202
00110822   156
00110823   142
00110900   178
00110901   203
00110902   206
00110903   174
00110904   108
00110905   135
00110906    85
00110907   150
00110908   198
00110909   131
00110910   146
00110911   211
00110912   312
00110913   632
00110914   590
00110915   504
00110916   162
00110917   170
00110918   352
00110919   466
00110920   402
00110921   468
00110922   476
00110923   599
00111000   635
00111001   277
00111002   301
00111003   337
00111004   515
00111005   386
00111006   362
00111007   843
00111008   659
00111009   678
00111010   906
00111011   959
00111012  1081
00111013   403
00111014   250
00111015   216
00111016   124
00111017   170
00111018   341
00111019   444
00111020   221
00111021   138
00111022   173
00111023   288
00111100   262
00111101   169
00111102   178
00111103   198
00111104   234
00111105   311
00111106   107
00111107    46
00111108    46
00111109    47
00111110   144
00111111   246
00111112   418
00111113   415
00111114   384
00111115   359
00111116   302
00111117   499
00111118   410
00111119   385
00111120   425
00111121   287
00111122   259
00111123   360
00111200   469
00111201   338
00111202   240
00111203   375
00111204   410
00111205   298
00111206   316
00111207   425
00111208   150
00111209   379
00111210   590
00111211   242
00111212   121
00111213   104
00111214   379
00111215   705
00111216   372
00111217   343
00111218   227
00111219   179
00111220   216
00111221   293
00111222   187
00111223   109
00111300    64
00111301    48
00111302    67
00111303    93
00111304   158
00111305   104
00111306    53
00111307    40
00111308    37
00111309    50
00111310    75
00111311   140
00111312   172
00111313   177
00111314   122
00111315   232
00111316   188
00111317    91
00111318   185
00111319   215
00111320   231
00111321   230
00111322   163
00111323   114
00111400    95
00111401    77
00111402    78
00111403   135
00111404    55
00111405    49
00111406    39
00111407    32
00111408    38
00111409    23
00111410    51
00111411    80
00111412    76
00111413    92
00111414    49
00111415    65
00111416    49
00111417    36
00111418    26
00111419    48
00111420    37
00111421   137
00111422   140
00111423    46
00111500    33
00111501    37
00111502    35
00111503    49
00111504    34
00111505    40
00111506    37
00111507   104
00111508   207
00111509   173
00111510    64
00111511    48
00111512    45
00111513    43
00111514    54
00111515    50
00111516    45
00111517    34
00111518    31
00111519   162
00111520   142
00111521    71
00111522    43
00111523    27
00111600    20
00111601    35
00111602    22
00111603    19
00111604    16
00111605    16
00111606    23
00111607    21
00111608    21
00111609    16
00111610    15
00111611    24
00111612    28
00111613    30
00111614    29
00111615    32
00111616    56
00111617    30
00111618    43
00111619    81
00111620   105
00111621   234
00111622   138
00111623    68
00111700    38
00111701    41
00111702    44
00111703    51
00111704    31
00111705    37
00111706    48
00111707    65
00111708    50
00111709    67
00111710   143
00111711   115
00111712    67
00111713    36
00111714    55
00111715    64
00111716   134
00111717    58
00111718    32
00111719    25
00111720    24
00111721    23
00111722    21
00111723    21
00111800    17
00111801    16
00111802    18
00111803    18
00111804    16
00111805    14
00111806    20
00111807    20
00111808    16
00111809    16
00111810    19
00111811    25
00111812    33
00111813    40
00111814    40
00111815    37
00111816    40
00111817    29
00111818    94
00111819   207
00111820   457
00111821   329
00111822   242
00111823   200
00111900   180
00111901   225
00111902   196
00111903   131
00111904   136
00111905   227
00111906   204
00111907   181
00111908    83
00111909   108
00111910   359
00111911   432
00111912   194
00111913   168
00111914   143
00111915   182
00111916   184
00111917   119
00111918    58
00111919   195
00111920    93
00111921    50
00111922   123
00111923   169
00112000    60
00112001    39
00112002    32
00112003    38
00112004    57
00112005    56
00112006   105
00112007   479
00112008   296
00112009   283
00112010   402
00112011   462
00112012   382
00112013   341
00112014   438
00112015   617
00112016   477
00112017   523
00112018   509
00112019   329
00112020   139
00112021    92
00112022    41
00112023    23
00112100    43
00112101   132
00112102   283
00112103    91
00112104    20
00112105    23
00112106    31
00112107    73
00112108   206
00112109    83
00112110    48
00112111   136
00112112   235
00112113   253
00112114   340
00112115   306
00112116   150
00112117   172
00112118   464
00112119   817
00112120   609
00112121   354
00112122   199
00112123   163
00112200   225
00112201   154
00112202   132
00112203    94
00112204   175
00112205   129
00112206   129
00112207   118
00112208    69
00112209    94
00112210   175
00112211   228
00112212   493
00112213   392
00112214   463
00112215   505
00112216   519
00112217   465
00112218   269
00112219    96
00112220    33
00112221    23
00112222    90
00112223   140
00112300   158
00112301    97
00112302   109
00112303   196
00112304   281
00112305   100
00112306    53
00112307    70
00112308   140
00112309   151
00112310   333
00112311   404
00112312   248
00112313   233
00112314   171
00112315   237
00112316   225
00112317   172
00112318   113
00112319    48
00112320    30
00112321    23
00112322    26
00112323    23
00112400    25
00112401    28
00112402    45
00112403    61
00112404    82
00112405    53
00112406    65
00112407   112
00112408    82
00112409   158
00112410    89
00112411    78
00112412    44
00112413    38
00112414    47
00112415    66
00112416    97
00112417    59
00112418   131
00112419   305
00112420   499
00112421   614
00112422   470
00112423   337
00112500   280
00112501   143
00112502   141
00112503   199
00112504   129
00112505    94
00112506    38
00112507    25
00112508    36
00112509    38
00112510    53
00112511    51
00112512    52
00112513    56
00112514    66
00112515   129
00112516   155
00112517   226
00112518   297
00112519   174
00112520    61
00112521    45
00112522    60
00112523   101
00112600    61
00112601    58
00112602    66
00112603    79
00112604    67
00112605    61
00112606   180
00112607   141
00112608   234
00112609   148
00112610   104
00112611    87
00112612   158
00112613   145
00112614   112
00112615   283
00112616   445
00112617   265
00112618   402
00112619   768
00112620   954
00112621   413
00112622   533
00112623   583
00112700   535
00112701   946
00112702   359
00112703   245
00112704   643
00112705   324
00112706   222
00112707   531
00112708  1210
00112709   442
00112710   227
00112711   236
00112712   221
00112713   362
00112714   549
00112715   472
00112716   411
00112717   391
00112718   671
00112719   588
00112720   449
00112721   173
00112722   112
00112723   316
00112800   355
00112801   273
00112802   280
00112803   389
00112804   482
00112805   529
00112806   921
00112807   755
00112808   537
00112809   541
00112810   309
00112811   553
00112812   379
00112813  1076
00112814   804
00112815   653
00112816   301
00112817   163
00112818   297
00112819   523
00112820   913
00112821   900
00112822   741
00112823   570
00112900   350
00112901   766
00112902   485
00112903   506
00112904   983
00112905   702
00112906   841
00112907   596
00112908   614
00112909   461
00112910   373
00112911   482
00112912   737
00112913   540
00112914   882
00112915   499
00112916   565
00112917   188
00112918    84
00112919    65
00112920    78
00112921   175
00112922   274
00112923   118
00113000    59
00113001    71
00113002    54
00113003    99
00113004    94
00113005    48
00113006    58
00113007    49
00113008   146
00113009   244
00113010   155
00113011    84
00113012    77
00113013    80
00113014    83
00113015   236
00113016   228
00113017   109
00113018    75
00113019    53
00113020    50
00113021    46
00113022    50
00113023   126

Fri Ju 2
