00030100    33
00030101    49
00030102    54
00030103    52
00030104   135
00030105   571
00030106   739
00030107   611
00030108   568
00030109   510
00030110   704
00030111   550
00030112   428
00030113   598
00030114   728
00030115   605
00030116   632
00030117   305
00030118   246
00030119   426
00030120   195
00030121   213
00030122   282
00030123   550
00030200   826
00030201   381
00030202   296
00030203   392
00030204   177
00030205   129
00030206   101
00030207    63
00030208    94
00030209   101
00030210   112
00030211    49
00030212    76
00030213    96
00030214    77
00030215    61
00030216    47
00030217    38
00030218    36
00030219    34
00030220    41
00030221    62
00030222   140
00030223   133
00030300    40
00030301    37
00030302    34
00030303    31
00030304    23
00030305    28
00030306    27
00030307    23
00030308    20
00030309    26
00030310    38
00030311    91
00030312   157
00030313   162
00030314   244
00030315   142
00030316    52
00030317    63
00030318   113
00030319    97
00030320   265
00030321   159
00030322   110
00030323    76
00030400    52
00030401    39
00030402    35
00030403    29
00030404    22
00030405    21
00030406    24
00030407    24
00030408    24
00030409    34
00030410    41
00030411    42
00030412    50
00030413    53
00030414    86
00030415   160
00030416   223
00030417    78
00030418    43
00030419    42
00030420    41
00030421    36
00030422    35
00030423    39
00030500    35
00030501    31
00030502    31
00030503    46
00030504   182
00030505   180
00030506    69
00030507    51
00030508    55
00030509   181
00030510   165
00030511   132
00030512    63
00030513    52
00030514    60
00030515   142
00030516   157
00030517   279
00030518   194
00030519   192
00030520   209
00030521   275
00030522   299
00030523   186
00030600    87
00030601    57
00030602    39
00030603    87
00030604    87
00030605   239
00030606   207
00030607   140
00030608   270
00030609   232
00030610   128
00030611   148
00030612   331
00030613   268
00030614    90
00030615   106
00030616   219
00030617   356
00030618   440
00030619   401
00030620   375
00030621   337
00030622   186
00030623   288
00030700   322
00030701   375
00030702   291
00030703   325
00030704   305
00030705   247
00030706   470
00030707   349
00030708   329
00030709   378
00030710   384
00030711   465
00030712   236
00030713   329
00030714   402
00030715   507
00030716   233
00030717   112
00030718    72
00030719   350
00030720   547
00030721   456
00030722   367
00030723   322
00030800   233
00030801   280
00030802   141
00030803   183
00030804   344
00030805   210
00030806   117
00030807   107
00030808   283
00030809   265
00030810   441
00030811   330
00030812   363
00030813   450
00030814   411
00030815   534
00030816   583
00030817   642
00030818   871
00030819   740
00030820   754
00030821   399
00030822   151
00030823   110
00030900   266
00030901   144
00030902   112
00030903    70
00030904    60
00030905    56
00030906    33
00030907    34
00030908    33
00030909    33
00030910    39
00030911    68
00030912   180
00030913   261
00030914    57
00030915    49
00030916    41
00030917    41
00030918    74
00030919    54
00030920    38
00030921    47
00030922    80
00030923   100
00031000    43
00031001    28
00031002    24
00031003    33
00031004    19
00031005    27
00031006    28
00031007    47
00031008   116
00031009   295
00031010   303
00031011   333
00031012   486
00031013   480
00031014   484
00031015   369
00031016   324
00031017   654
00031018   744
00031019   760
00031020   600
00031021   420
00031022   352
00031023   554
00031100   458
00031101   403
00031102   394
00031103   336
00031104   144
00031105   108
00031106   355
00031107   495
00031108   343
00031109   292
00031110   346
00031111   369
00031112   288
00031113   454
00031114   478
00031115   216
00031116   345
00031117   465
00031118   397
00031119   321
00031120   412
00031121   333
00031122   196
00031123   283
00031200   361
00031201   356
00031202   327
00031203   121
00031204   172
00031205   328
00031206   344
00031207   350
00031208   406
00031209   339
00031210   203
00031211   218
00031212   401
00031213   135
00031214    56
00031215    72
00031216    67
00031217   196
00031218    82
00031219    82
00031220    34
00031221    54
00031222   207
00031223   348
00031300   324
00031301   186
00031302   160
00031303   162
00031304   141
00031305    77
00031306    47
00031307    59
00031308    57
00031309    86
00031310    49
00031311    40
00031312    40
00031313    29
00031314    33
00031315    36
00031316    26
00031317    26
00031318    60
00031319   117
00031320   141
00031321   171
00031322   195
00031323   233
00031400   299
00031401   178
00031402   104
00031403    96
00031404   164
00031405   246
00031406   148
00031407    85
00031408   193
00031409   196
00031410   352
00031411   175
00031412    82
00031413   111
00031414   187
00031415   157
00031416   252
00031417   151
00031418    38
00031419    76
00031420   226
00031421   224
00031422   200
00031423   192
00031500    98
00031501    89
00031502    63
00031503    48
00031504    33
00031505    32
00031506    44
00031507    91
00031508   112
00031509    66
00031510    99
00031511   127
00031512    75
00031513    52
00031514    40
00031515    43
00031516    44
00031517    97
00031518   117
00031519    46
00031520    19
00031521    32
00031522    43
00031523    44
00031600    39
00031601    35
00031602    32
00031603    26
00031604    29
00031605    33
00031606    37
00031607    38
00031608    36
00031609    44
00031610    44
00031611    40
00031612    45
00031613    45
00031614    49
00031615    56
00031616    54
00031617    43
00031618    33
00031619    36
00031620    35
00031621    37
00031622    47
00031623    43
00031700    37
00031701    32
00031702    28
00031703    24
00031704    25
00031705    39
00031706    58
00031707    60
00031708    66
00031709    91
00031710   240
00031711   104
00031712    46
00031713    53
00031714    57
00031715    39
00031716    35
00031717    31
00031718    17
00031719    14
00031720    25
00031721    32
00031722    34
00031723    35
00031800    34
00031801    34
00031802    31
00031803    30
00031804    27
00031805    31
00031806    34
00031807    41
00031808    50
00031809    48
00031810    70
00031811   104
00031812    62
00031813   142
00031814   137
00031815   100
00031816   135
00031817    64
00031818    70
00031819   200
00031820   299
00031821   149
00031822    68
00031823    64
00031900    78
00031901    76
00031902   206
00031903   208
00031904    76
00031905   197
00031906   288
00031907   379
00031908   389
00031909   268
00031910   226
00031911   223
00031912   192
00031913   223
00031914   224
00031915   137
00031916    83
00031917    76
00031918   175
00031919    92
00031920    41
00031921    48
00031922    44
00031923    37
00032000    31
00032001    34
00032002    38
00032003    33
00032004    31
00032005    33
00032006    30
00032007    39
00032008    41
00032009    65
00032010   193
00032011   355
00032012   298
00032013   129
00032014    69
00032015    47
00032016    41
00032017    35
00032018    28
00032019    32
00032020    34
00032021    37
00032022    37
00032023    36
00032100    34
00032101    36
00032102    40
00032103    37
00032104    38
00032105    41
00032106    38
00032107    42
00032108    41
00032109    54
00032110    64
00032111    64
00032112    66
00032113    63
00032114    63
00032115    59
00032116    66
00032117    70
00032118    50
00032119    48
00032120    47
00032121    42
00032122    49
00032123    49
00032200    46
00032201    49
00032202   103
00032203    85
00032204   206
00032205   179
00032206    73
00032207   119
00032208   130
00032209   172
00032210    86
00032211    82
00032212   104
00032213   112
00032214   135
00032215   137
00032216   164
00032217   156
00032218   219
00032219   274
00032220   111
00032221   182
00032222   315
00032223   158
00032300    99
00032301   322
00032302   254
00032303   161
00032304   204
00032305   225
00032306   301
00032307   240
00032308   153
00032309   119
00032310   174
00032311   321
00032312   449
00032313   405
00032314   412
00032315   441
00032316   379
00032317   169
00032318    54
00032319    57
00032320    47
00032321    55
00032322    60
00032323    64
00032400   100
00032401   133
00032402   243
00032403   193
00032404    57
00032405    51
00032406    43
00032407    46
00032408    52
00032409    51
00032410    67
00032411   134
00032412   421
00032413   731
00032414   519
00032415   267
00032416   308
00032417   243
00032418    66
00032419    55
00032420    59
00032421    87
00032422    50
00032423    59
00032500   101
00032501   144
00032502   141
00032503   181
00032504   189
00032505   113
00032506   229
00032507   288
00032508   145
00032509   129
00032510   268
00032511   307
00032512   113
00032513    58
00032514    40
00032515    69
00032516   202
00032517   375
00032518   338
00032519    97
00032520    37
00032521    36
00032522    34
00032523    34
00032600    35
00032601    41
00032602    48
00032603    51
00032604    44
00032605    42
00032606    47
00032607    46
00032608    53
00032609    57
00032610    61
00032611    57
00032612    57
00032613    58
00032614    52
00032615   113
00032616   226
00032617    93
00032618    32
00032619    46
00032620    65
00032621    65
00032622   135
00032623    67
00032700    66
00032701    60
00032702    54
00032703    89
00032704    75
00032705    51
00032706    59
00032707    50
00032708    49
00032709    51
00032710    58
00032711    55
00032712    67
00032713    53
00032714    65
00032715    45
00032716    58
00032717    64
00032718    79
00032719    49
00032720    40
00032721    55
00032722    56
00032723    47
00032800    61
00032801    48
00032802    51
00032803    71
00032804    76
00032805   182
00032806   177
00032807   137
00032808    83
00032809    63
00032810   157
00032811    90
00032812    55
00032813    61
00032814    55
00032815    51
00032816    43
00032817    42
00032818    33
00032819    32
00032820    25
00032821    32
00032822    47
00032823    48
00032900    46
00032901    46
00032902    54
00032903    57
00032904    60
00032905    71
00032906    59
00032907    51
00032908    54
00032909    59
00032910    65
00032911    63
00032912    59
00032913    69
00032914    62
00032915    54
00032916    46
00032917    47
00032918    90
00032919   283
00032920   371
00032921   457
00032922   728
00032923   272
00033000   125
00033001    95
00033002    91
00033003    87
00033004   123
00033005   124
00033006    54
00033007    61
00033008   124
00033009   188
00033010   160
00033011    97
00033012    68
00033013    61
00033014    93
00033015   186
00033016   304
00033017   479
00033018   488
00033019   660
00033020   556
00033021   358
00033022   127
00033023    68
00033100    66
00033101   230
00033102   399
00033103   414
00033104   319
00033105   356
00033106   436
00033107   611
00033108   643
00033109   493
00033110   355
00033111   530
00033112   554
00033113   730
00033114   803
00033115   632
00033116   700
00033117   599
00033118   478
00033119   572
00033120   649
00033121   414
00033122   336
00033123   375

Fri Ju 2
