15090100   151
15090101    89
15090102    45
15090103    56
15090104    66
15090105   182
15090106   132
15090107    61
15090108    45
15090109    56
15090110   202
15090111   191
15090112   231
15090113   115
15090114    60
15090115    60
15090116    54
15090117    57
15090118    63
15090119    78
15090120    80
15090121   174
15090122   111
15090123    51
15090200    63
15090201   126
15090202   214
15090203    74
15090204    29
15090205    39
15090206    32
15090207    27
15090208    37
15090209    45
15090210    61
15090211    72
15090212    85
15090213    92
15090214    87
15090215    85
15090216    78
15090217   161
15090218   276
15090219   366
15090220   233
15090221   272
15090222   300
15090223   197
15090300   315
15090301   217
15090302   173
15090303   196
15090304   481
15090305   456
15090306   294
15090307   165
15090308   146
15090309   100
15090310    62
15090311    71
15090312    76
15090313   130
15090314   223
15090315   154
15090316   155
15090317   154
15090318   163
15090319   164
15090320   265
15090321   110
15090322   123
15090323   447
15090400   437
15090401   466
15090402   423
15090403   559
15090404   573
15090405   422
15090406   612
15090407   787
15090408   530
15090409   583
15090410   297
15090411   330
15090412   567
15090413   381
15090414   175
15090415   257
15090416   187
15090417   239
15090418   324
15090419   392
15090420   219
15090421   163
15090422   193
15090423   353
15090500   141
15090501    79
15090502    59
15090503   196
15090504   284
15090505   183
15090506   189
15090507   459
15090508   285
15090509   184
15090510   433
15090511   208
15090512   233
15090513   225
15090514   395
15090515   378
15090516   408
15090517   539
15090518   261
15090519    81
15090520    53
15090521    76
15090522   158
15090523   148
15090600    91
15090601   235
15090602   318
15090603    80
15090604   214
15090605   394
15090606   393
15090607   261
15090608   101
15090609   192
15090610   441
15090611   318
15090612   376
15090613   647
15090614   336
15090615    97
15090616   126
15090617   118
15090618   369
15090619   802
15090620   527
15090621   103
15090622    58
15090623   111
15090700    78
15090701   137
15090702    56
15090703   172
15090704   393
15090705   586
15090706   668
15090707   564
15090708   444
15090709   407
15090710   216
15090711   164
15090712   135
15090713   416
15090714  1126
15090715  1301
15090716  1811
15090717  1033
15090718  1053
15090719  1189
15090720   884
15090721  1021
15090722   820
15090723   865
15090800  1048
15090801  1083
15090802   878
15090803   619
15090804   235
15090805   100
15090806    57
15090807    92
15090808    39
15090809    52
15090810    56
15090811    41
15090812    60
15090813   126
15090814   100
15090815   159
15090816   212
15090817   127
15090818    59
15090819    39
15090820    50
15090821    83
15090822   346
15090823   495
15090900   270
15090901   631
15090902  1144
15090903  1183
15090904  1028
15090905   817
15090906   868
15090907   950
15090908   706
15090909   883
15090910   737
15090911   809
15090912   699
15090913   880
15090914  1042
15090915   959
15090916   716
15090917   504
15090918   865
15090919  1050
15090920   868
15090921   480
15090922   802
15090923   769
15091000   294
15091001   106
15091002   129
15091003    57
15091004    29
15091005    25
15091006    50
15091007    49
15091008   257
15091009   229
15091010   167
15091011    89
15091012    63
15091013    90
15091014   147
15091015    91
15091016   505
15091017   740
15091018   646
15091019   710
15091020   169
15091021   102
15091022   245
15091023    92
15091100   189
15091101   255
15091102   112
15091103   109
15091104   547
15091105   713
15091106   240
15091107   314
15091108   922
15091109   904
15091110   568
15091111   537
15091112   771
15091113   654
15091114   862
15091115   909
15091116   664
15091117   351
15091118    97
15091119    99
15091120   163
15091121   295
15091122   587
15091123   516
15091200   376
15091201   534
15091202   319
15091203   209
15091204   463
15091205   269
15091206   210
15091207   643
15091208   606
15091209   733
15091210   503
15091211   255
15091212   200
15091213   278
15091214   192
15091215   118
15091216   469
15091217   248
15091218   207
15091219    82
15091220    60
15091221   101
15091222    96
15091223    68
15091300    43
15091301    38
15091302    59
15091303    61
15091304    49
15091305    47
15091306    56
15091307    77
15091308   319
15091309   505
15091310   411
15091311   551
15091312   539
15091313   454
15091314   487
15091315   808
15091316   717
15091317   487
15091318   508
15091319    94
15091320   108
15091321   125
15091322   170
15091323   320
15091400   124
15091401    40
15091402    37
15091403    53
15091404   152
15091405   285
15091406   145
15091407    83
15091408   151
15091409   300
15091410   536
15091411   247
15091412   184
15091413   102
15091414   217
15091415   863
15091416   897
15091417   672
15091418   432
15091419   162
15091420    81
15091421   117
15091422   283
15091423   378
15091500   377
15091501   688
15091502   636
15091503   424
15091504   210
15091505    85
15091506    54
15091507   101
15091508   373
15091509   342
15091510   207
15091511   426
15091512   718
15091513   440
15091514   152
15091515   313
15091516   653
15091517   415
15091518   165
15091519   102
15091520   272
15091521   262
15091522   350
15091523   282
15091600   276
15091601   191
15091602    46
15091603   171
15091604   163
15091605   190
15091606   191
15091607   158
15091608   184
15091609   115
15091610    82
15091611   134
15091612   119
15091613   104
15091614   265
15091615   223
15091616   168
15091617   578
15091618   234
15091619    47
15091620   129
15091621   199
15091622   246
15091623   450
15091700   731
15091701   177
15091702   227
15091703   279
15091704   159
15091705   150
15091706   236
15091707   243
15091708   387
15091709   423
15091710   459
15091711   178
15091712   126
15091713    61
15091714    55
15091715    58
15091716    43
15091717    40
15091718    49
15091719    30
15091720    33
15091721    59
15091722   331
15091723   558
15091800   210
15091801   114
15091802   174
15091803   229
15091804    58
15091805   110
15091806   314
15091807   566
15091808   546
15091809   567
15091810   711
15091811   601
15091812   403
15091813   313
15091814   283
15091815   283
15091816   145
15091817   255
15091818   408
15091819   247
15091820   110
15091821   180
15091822   248
15091823   424
15091900   514
15091901   521
15091902   348
15091903   321
15091904   441
15091905   150
15091906   331
15091907   660
15091908   493
15091909   604
15091910   349
15091911   200
15091912   121
15091913    82
15091914    64
15091915    31
15091916    32
15091917    34
15091918    28
15091919    47
15091920    63
15091921    77
15091922   227
15091923   317
15092000   204
15092001    85
15092002   143
15092003   499
15092004   533
15092005   243
15092006   530
15092007  1224
15092008   860
15092009   735
15092010   627
15092011   406
15092012   500
15092013   635
15092014   815
15092015   873
15092016   751
15092017   393
15092018   432
15092019   197
15092020   133
15092021    90
15092022   160
15092023   389
15092100   489
15092101   257
15092102   438
15092103   323
15092104   185
15092105   136
15092106   177
15092107    79
15092108    42
15092109    38
15092110    73
15092111    37
15092112    40
15092113    58
15092114    47
15092115    28
15092116    61
15092117   121
15092118    44
15092119    61
15092120    27
15092121    26
15092122    24
15092123    27
15092200    38
15092201    44
15092202    54
15092203    78
15092204   119
15092205    90
15092206   109
15092207   420
15092208   515
15092209   142
15092210    61
15092211    60
15092212    45
15092213   161
15092214   196
15092215   131
15092216    91
15092217   110
15092218   209
15092219   189
15092220    64
15092221    38
15092222    38
15092223    24
15092300    41
15092301    34
15092302    35
15092303    31
15092304    30
15092305    32
15092306    35
15092307    78
15092308   431
15092309   602
15092310   548
15092311   504
15092312   324
15092313    68
15092314    99
15092315    88
15092316   219
15092317   971
15092318   470
15092319   162
15092320    25
15092321    43
15092322    28
15092323    36
15092400    57
15092401    58
15092402   256
15092403   443
15092404   273
15092405   227
15092406   166
15092407    86
15092408    52
15092409    85
15092410   110
15092411   105
15092412   137
15092413    66
15092414    63
15092415    63
15092416   161
15092417   106
15092418   143
15092419    99
15092420   103
15092421   217
15092422   103
15092423    84
15092500    71
15092501    78
15092502   127
15092503    59
15092504    38
15092505    54
15092506    80
15092507    54
15092508    37
15092509   171
15092510   485
15092511   682
15092512   345
15092513   443
15092514   273
15092515    77
15092516    34
15092517    26
15092518    22
15092519    21
15092520    30
15092521    29
15092522    83
15092523    73
15092600    62
15092601    38
15092602    40
15092603    43
15092604    56
15092605    53
15092606    20
15092607    15
15092608    17
15092609    21
15092610    28
15092611    34
15092612    30
15092613    27
15092614    36
15092615    46
15092616    60
15092617   198
15092618   268
15092619   159
15092620   250
15092621    40
15092622    23
15092623    66
15092700    39
15092701    36
15092702    26
15092703    35
15092704    85
15092705    68
15092706    28
15092707    62
15092708    65
15092709    37
15092710    32
15092711    36
15092712    44
15092713    49
15092714    39
15092715    35
15092716    42
15092717    33
15092718    32
15092719    41
15092720    84
15092721    41
15092722    33
15092723    67
15092800    26
15092801    36
15092802    37
15092803    25
15092804    17
15092805    17
15092806    13
15092807    17
15092808    21
15092809    24
15092810    24
15092811    19
15092812    25
15092813    47
15092814    80
15092815   108
15092816    41
15092817    52
15092818   147
15092819   153
15092820    54
15092821    62
15092822   159
15092823   257
15092900   230
15092901   154
15092902   170
15092903   268
15092904   257
15092905   153
15092906    76
15092907    66
15092908   114
15092909   252
15092910    46
15092911    36
15092912    35
15092913    36
15092914    42
15092915    46
15092916    43
15092917    40
15092918    33
15092919    34
15092920    29
15092921    27
15092922    32
15092923    31
15093000    35
15093001    33
15093002    29
15093003    25
15093004    22
15093005    22
15093006    18
15093007    29
15093008    25
15093009    28
15093010    68
15093011    44
15093012    65
15093013    45
15093014    47
15093015    56
15093016    53
15093017    47
15093018    36
15093019    29
15093020    37
15093021    29
15093022    26
15093023    35

Thu De 1
