15120100    69
15120101    68
15120102   127
15120103   182
15120104    60
15120105    30
15120106    49
15120107   100
15120108    68
15120109   342
15120110   315
15120111   463
15120112   541
15120113   393
15120114   431
15120115   676
15120116   652
15120117   579
15120118   276
15120119   350
15120120   452
15120121   321
15120122   419
15120123   358
15120200   126
15120201   174
15120202   155
15120203   117
15120204   133
15120205    73
15120206   117
15120207   114
15120208   336
15120209   167
15120210   322
15120211   469
15120212   362
15120213   292
15120214   370
15120215   322
15120216   256
15120217   206
15120218   142
15120219   235
15120220   281
15120221    96
15120222    53
15120223    41
15120300    52
15120301    37
15120302    34
15120303    24
15120304    32
15120305    79
15120306    43
15120307    46
15120308   104
15120309   106
15120310    51
15120311    32
15120312    24
15120313    27
15120314    43
15120315    41
15120316    55
15120317    52
15120318    34
15120319    27
15120320    84
15120321    84
15120322    74
15120323    70
15120400    31
15120401    30
15120402    30
15120403    49
15120404    82
15120405    47
15120406   116
15120407   152
15120408   118
15120409    85
15120410    74
15120411    78
15120412    67
15120413    90
15120414   142
15120415   137
15120416    98
15120417    62
15120418    31
15120419    27
15120420    16
15120421    25
15120422    70
15120423   181
15120500   145
15120501    66
15120502    40
15120503    94
15120504   115
15120505    59
15120506    63
15120507    86
15120508   488
15120509   632
15120510   138
15120511    87
15120512   108
15120513   360
15120514   269
15120515   295
15120516   785
15120517   521
15120518   211
15120519   362
15120520   523
15120521   189
15120522   370
15120523   362
15120600   189
15120601   180
15120602   153
15120603   318
15120604   579
15120605   419
15120606   405
15120607   353
15120608   405
15120609   199
15120610   316
15120611   902
15120612   888
15120613   829
15120614   224
15120615   408
15120616   484
15120617   225
15120618   339
15120619   602
15120620   412
15120621   257
15120622   232
15120623   471
15120700   433
15120701    97
15120702    82
15120703   126
15120704   155
15120705   393
15120706   257
15120707   196
15120708   257
15120709   568
15120710   605
15120711   343
15120712   523
15120713   633
15120714   521
15120715   431
15120716   232
15120717   475
15120718   436
15120719   273
15120720   327
15120721   158
15120722    83
15120723   168
15120800   528
15120801   274
15120802   122
15120803   135
15120804   231
15120805   137
15120806    91
15120807    88
15120808    87
15120809   190
15120810   250
15120811   329
15120812   416
15120813    78
15120814   153
15120815    87
15120816   146
15120817   189
15120818   181
15120819    41
15120820    35
15120821    64
15120822   136
15120823    98
15120900    87
15120901   139
15120902   126
15120903    72
15120904   131
15120905   134
15120906    29
15120907    28
15120908    27
15120909    27
15120910    32
15120911    52
15120912   183
15120913   138
15120914   339
15120915   328
15120916   269
15120917    99
15120918    80
15120919   290
15120920   486
15120921    92
15120922    47
15120923    68
15121000   233
15121001   369
15121002   255
15121003   324
15121004   681
15121005   210
15121006   162
15121007   278
15121008   714
15121009   598
15121010   164
15121011   105
15121012   278
15121013   352
15121014   274
15121015   365
15121016   502
15121017   432
15121018   332
15121019   400
15121020   254
15121021   161
15121022   270
15121023   547
15121100   324
15121101    80
15121102   132
15121103   185
15121104   223
15121105   211
15121106   297
15121107   384
15121108   475
15121109   448
15121110   607
15121111   318
15121112   302
15121113   368
15121114   485
15121115   695
15121116   407
15121117   519
15121118   218
15121119   349
15121120   488
15121121   403
15121122   228
15121123   281
15121200   145
15121201   103
15121202   196
15121203   388
15121204   244
15121205   170
15121206   210
15121207   179
15121208   154
15121209   384
15121210   136
15121211    46
15121212    78
15121213   199
15121214   339
15121215   292
15121216   378
15121217   301
15121218    92
15121219    62
15121220    93
15121221   177
15121222   120
15121223    69
15121300    95
15121301   164
15121302    78
15121303    69
15121304   131
15121305   244
15121306   130
15121307   157
15121308   176
15121309   172
15121310   232
15121311   162
15121312   103
15121313   119
15121314    90
15121315   137
15121316    78
15121317    47
15121318    35
15121319    58
15121320    76
15121321    96
15121322    49
15121323    32
15121400    31
15121401    40
15121402    57
15121403    71
15121404    37
15121405    27
15121406    35
15121407    85
15121408    98
15121409   199
15121410    84
15121411    58
15121412    43
15121413    90
15121414   204
15121415   661
15121416  1250
15121417  1008
15121418   879
15121419   413
15121420   207
15121421   406
15121422   709
15121423   243
15121500   305
15121501   473
15121502   372
15121503   404
15121504   187
15121505   190
15121506   136
15121507   145
15121508    57
15121509    79
15121510   166
15121511   212
15121512   123
15121513   122
15121514   455
15121515   432
15121516   188
15121517    72
15121518    71
15121519    46
15121520    49
15121521   196
15121522   172
15121523   168
15121600   457
15121601   460
15121602   169
15121603   223
15121604   105
15121605   161
15121606    47
15121607    43
15121608    45
15121609    36
15121610   123
15121611    53
15121612    24
15121613    22
15121614    26
15121615    34
15121616    41
15121617    41
15121618    33
15121619    42
15121620    22
15121621    17
15121622    23
15121623    18
15121700    15
15121701    15
15121702    18
15121703    27
15121704    25
15121705    22
15121706    21
15121707    26
15121708    28
15121709    18
15121710    29
15121711   182
15121712   184
15121713   182
15121714   197
15121715   219
15121716   273
15121717   242
15121718   426
15121719   492
15121720   425
15121721    60
15121722   120
15121723    63
15121800    86
15121801    86
15121802    57
15121803    30
15121804    61
15121805    64
15121806    60
15121807    67
15121808    53
15121809    40
15121810    25
15121811    26
15121812    29
15121813    39
15121814    53
15121815    51
15121816    78
15121817    60
15121818    47
15121819    33
15121820    28
15121821   231
15121822   171
15121823    40
15121900    52
15121901    76
15121902    58
15121903    75
15121904    56
15121905    53
15121906    54
15121907    54
15121908    51
15121909    38
15121910    80
15121911   119
15121912    49
15121913    36
15121914    91
15121915   129
15121916   370
15121917   197
15121918   315
15121919   293
15121920   245
15121921   594
15121922   488
15121923   262
15122000   179
15122001   183
15122002   383
15122003   285
15122004   659
15122005  1253
15122006  1129
15122007   750
15122008   711
15122009   633
15122010   417
15122011   643
15122012  1396
15122013   907
15122014   467
15122015   680
15122016  1375
15122017   895
15122018   822
15122019   892
15122020   695
15122021   903
15122022   681
15122023   479
15122100   681
15122101   430
15122102   386
15122103   472
15122104   402
15122105   645
15122106   431
15122107   399
15122108   458
15122109   511
15122110   267
15122111   481
15122112   197
15122113   338
15122114   311
15122115   153
15122116   110
15122117   232
15122118   160
15122119    96
15122120   147
15122121   236
15122122   238
15122123   163
15122200   135
15122201   209
15122202   157
15122203   118
15122204    77
15122205    73
15122206   100
15122207   134
15122208   152
15122209   154
15122210   372
15122211   593
15122212   223
15122213    72
15122214    46
15122215    60
15122216    46
15122217    39
15122218    93
15122219   307
15122220   216
15122221   142
15122222   147
15122223    98
15122300   117
15122301    83
15122302    61
15122303    76
15122304   112
15122305    78
15122306    97
15122307   143
15122308   218
15122309   123
15122310    71
15122311   192
15122312   156
15122313   166
15122314   262
15122315   249
15122316   166
15122317   284
15122318   562
15122319   333
15122320   133
15122321    91
15122322   262
15122323   162
15122400   168
15122401   153
15122402   113
15122403   112
15122404   102
15122405   139
15122406   310
15122407   296
15122408    68
15122409    36
15122410    37
15122411   173
15122412   294
15122413   378
15122414   250
15122415   110
15122416    68
15122417    59
15122418   101
15122419   345
15122420   190
15122421   163
15122422   107
15122423   170
15122500    75
15122501    51
15122502    77
15122503    77
15122504    47
15122505    74
15122506   102
15122507    95
15122508   246
15122509   144
15122510    78
15122511    78
15122512   160
15122513   118
15122514   176
15122515   136
15122516    93
15122517    89
15122518    46
15122519    45
15122520    53
15122521    68
15122522    82
15122523    50
15122600   107
15122601    91
15122602   112
15122603    70
15122604    41
15122605    63
15122606    54
15122607    84
15122608   177
15122609   100
15122610    62
15122611    65
15122612    52
15122613   135
15122614   481
15122615   389
15122616    99
15122617    83
15122618   234
15122619   217
15122620   274
15122621   577
15122622   336
15122623   180
15122700   113
15122701   180
15122702   125
15122703    69
15122704    63
15122705   119
15122706   129
15122707   376
15122708   267
15122709   377
15122710   365
15122711   183
15122712    85
15122713   199
15122714   317
15122715   210
15122716   111
15122717   103
15122718   111
15122719   125
15122720    53
15122721    47
15122722    34
15122723    62
15122800    49
15122801    43
15122802    55
15122803    37
15122804    32
15122805    29
15122806    25
15122807    28
15122808    51
15122809    49
15122810   191
15122811   152
15122812   130
15122813   285
15122814   137
15122815   140
15122816    46
15122817   101
15122818    52
15122819    34
15122820    28
15122821    55
15122822   125
15122823    83
15122900   166
15122901    74
15122902    59
15122903    32
15122904    40
15122905    45
15122906    33
15122907    40
15122908    34
15122909    21
15122910    32
15122911    53
15122912   202
15122913   191
15122914   287
15122915   235
15122916   114
15122917   132
15122918   195
15122919   199
15122920   279
15122921   293
15122922   180
15122923    33
15123000    39
15123001    32
15123002    33
15123003    29
15123004    20
15123005    27
15123006    41
15123007    45
15123008    57
15123009    84
15123010    32
15123011    33
15123012    21
15123013    58
15123014   287
15123015   237
15123016    96
15123017    41
15123018    66
15123019    96
15123020    68
15123021    68
15123022   114
15123023   138
15123100    49
15123101    48
15123102    43
15123103   142
15123104   164
15123105   263
15123106   285
15123107   172
15123108   435
15123109   792
15123110   461
15123111   517
15123112  1373
15123113  1179
15123114  1147
15123115   606
15123116   410
15123117   286
15123118   240
15123119   349
15123120   837
15123121  1114
15123122   781
15123123   806

Wed Ju 6
