15020100   413
15020101   288
15020102   382
15020103   206
15020104    79
15020105    28
15020106   104
15020107   117
15020108    94
15020109   136
15020110   162
15020111   133
15020112   115
15020113    91
15020114   135
15020115    98
15020116   215
15020117   441
15020118   317
15020119   150
15020120   370
15020121   718
15020122   422
15020123   367
15020200   361
15020201   520
15020202   529
15020203   417
15020204   541
15020205   495
15020206   417
15020207   588
15020208   331
15020209   259
15020210   353
15020211   411
15020212   265
15020213   199
15020214   215
15020215   523
15020216   710
15020217   375
15020218   401
15020219   546
15020220   164
15020221   178
15020222   162
15020223   219
15020300   468
15020301   430
15020302   334
15020303   275
15020304   401
15020305   201
15020306   178
15020307   204
15020308    86
15020309   100
15020310   253
15020311   119
15020312    60
15020313    66
15020314   221
15020315   277
15020316   139
15020317   297
15020318   262
15020319   288
15020320   153
15020321   377
15020322   217
15020323   117
15020400   169
15020401   237
15020402   160
15020403   127
15020404   108
15020405    93
15020406    96
15020407    93
15020408   162
15020409   267
15020410   266
15020411   200
15020412   242
15020413   397
15020414   352
15020415   123
15020416   255
15020417   178
15020418   105
15020419    97
15020420    67
15020421    84
15020422    83
15020423    75
15020500   110
15020501   143
15020502   108
15020503   142
15020504   174
15020505    74
15020506    46
15020507    65
15020508    76
15020509   122
15020510   379
15020511   229
15020512   432
15020513   407
15020514   229
15020515   727
15020516   510
15020517   121
15020518   135
15020519   166
15020520   103
15020521   203
15020522   179
15020523    70
15020600    37
15020601    32
15020602    45
15020603    45
15020604    32
15020605   120
15020606    50
15020607   104
15020608    73
15020609    73
15020610    87
15020611    60
15020612    51
15020613    79
15020614    50
15020615    84
15020616    56
15020617    86
15020618   124
15020619   144
15020620    80
15020621    71
15020622    70
15020623    69
15020700    23
15020701    18
15020702    20
15020703    25
15020704    29
15020705    34
15020706    78
15020707   234
15020708   522
15020709   509
15020710   568
15020711   230
15020712   102
15020713    73
15020714   251
15020715   295
15020716   268
15020717   400
15020718   161
15020719   125
15020720   103
15020721    79
15020722    89
15020723   114
15020800   164
15020801    71
15020802    60
15020803   117
15020804   264
15020805   269
15020806   234
15020807   342
15020808   438
15020809   178
15020810    58
15020811    54
15020812    54
15020813    70
15020814    91
15020815    82
15020816   234
15020817   367
15020818   360
15020819   110
15020820   309
15020821   159
15020822    64
15020823   113
15020900   231
15020901   153
15020902    63
15020903    42
15020904    32
15020905    38
15020906    40
15020907    43
15020908    39
15020909    51
15020910    99
15020911    62
15020912    64
15020913    84
15020914   368
15020915   276
15020916    99
15020917    57
15020918    65
15020919   188
15020920   154
15020921   349
15020922   202
15020923    73
15021000    46
15021001    41
15021002    35
15021003   138
15021004   224
15021005   134
15021006    56
15021007    38
15021008    36
15021009    31
15021010    47
15021011    37
15021012    30
15021013    41
15021014   117
15021015    93
15021016   122
15021017    38
15021018    87
15021019   160
15021020    89
15021021   314
15021022   237
15021023    85
15021100    56
15021101    60
15021102   115
15021103   271
15021104    94
15021105    35
15021106    31
15021107    42
15021108    44
15021109    49
15021110    29
15021111    57
15021112   341
15021113   419
15021114   207
15021115    66
15021116    73
15021117    45
15021118    52
15021119    37
15021120    30
15021121    25
15021122    27
15021123    38
15021200    62
15021201    26
15021202    36
15021203    26
15021204    35
15021205    42
15021206    46
15021207    35
15021208    35
15021209    50
15021210    40
15021211    30
15021212   139
15021213   264
15021214   220
15021215   387
15021216   265
15021217   269
15021218   211
15021219   114
15021220   101
15021221    72
15021222    45
15021223    32
15021300    30
15021301    21
15021302    26
15021303    32
15021304    31
15021305    29
15021306    29
15021307    37
15021308    48
15021309    48
15021310    42
15021311   134
15021312    64
15021313    45
15021314    58
15021315    39
15021316    36
15021317    55
15021318    59
15021319    29
15021320    34
15021321    69
15021322    36
15021323    29
15021400    23
15021401    18
15021402    25
15021403    45
15021404    69
15021405    93
15021406    77
15021407    49
15021408    31
15021409    32
15021410    39
15021411    33
15021412    33
15021413    36
15021414    41
15021415    33
15021416    34
15021417    29
15021418    37
15021419    40
15021420    30
15021421    29
15021422    28
15021423    26
15021500    18
15021501    26
15021502    29
15021503    49
15021504    54
15021505    39
15021506    48
15021507   168
15021508   131
15021509   168
15021510   144
15021511    64
15021512    74
15021513   215
15021514   335
15021515   201
15021516    90
15021517    67
15021518   188
15021519   144
15021520    43
15021521    40
15021522    55
15021523    32
15021600    29
15021601    24
15021602    29
15021603    22
15021604    32
15021605    60
15021606   108
15021607    62
15021608    67
15021609    58
15021610    37
15021611    40
15021612    45
15021613    42
15021614    37
15021615    41
15021616    40
15021617    36
15021618    27
15021619    28
15021620    68
15021621   398
15021622   284
15021623   221
15021700   306
15021701   293
15021702   367
15021703   215
15021704   152
15021705   153
15021706   304
15021707   343
15021708   387
15021709   324
15021710   335
15021711   398
15021712   159
15021713    55
15021714    52
15021715    66
15021716   283
15021717   638
15021718   739
15021719   512
15021720   236
15021721   471
15021722   398
15021723   517
15021800   579
15021801   401
15021802   306
15021803   409
15021804   140
15021805   246
15021806   459
15021807   508
15021808   374
15021809   330
15021810   264
15021811   250
15021812   373
15021813   202
15021814    69
15021815   104
15021816   270
15021817   357
15021818   298
15021819   134
15021820   170
15021821   238
15021822   289
15021823    90
15021900   140
15021901   242
15021902   336
15021903   295
15021904   248
15021905   180
15021906   117
15021907   352
15021908   137
15021909    68
15021910    48
15021911    55
15021912   134
15021913   117
15021914    57
15021915   167
15021916   131
15021917    48
15021918    44
15021919    60
15021920   333
15021921   187
15021922    46
15021923    40
15022000    32
15022001    26
15022002    43
15022003    90
15022004   181
15022005    81
15022006    78
15022007   142
15022008   139
15022009   218
15022010   220
15022011   128
15022012   240
15022013   224
15022014    74
15022015    66
15022016    64
15022017    53
15022018    44
15022019    52
15022020   163
15022021   298
15022022   404
15022023   343
15022100   262
15022101   321
15022102   225
15022103   264
15022104   116
15022105    25
15022106    24
15022107    38
15022108    98
15022109   156
15022110   116
15022111    52
15022112    37
15022113    51
15022114    92
15022115    48
15022116    41
15022117    47
15022118    89
15022119   176
15022120   112
15022121    64
15022122    87
15022123   253
15022200   272
15022201   227
15022202   221
15022203   165
15022204   122
15022205    97
15022206    76
15022207    30
15022208    26
15022209    47
15022210   124
15022211   166
15022212   219
15022213   199
15022214   100
15022215    66
15022216    38
15022217   135
15022218   146
15022219   102
15022220    33
15022221    34
15022222    53
15022223   133
15022300   245
15022301   369
15022302   131
15022303    60
15022304   102
15022305    88
15022306   246
15022307   345
15022308   240
15022309   383
15022310   538
15022311   334
15022312   298
15022313   295
15022314   126
15022315   225
15022316   419
15022317   548
15022318   291
15022319   270
15022320   264
15022321   370
15022322   315
15022323   530
15022400   246
15022401   192
15022402   704
15022403  1150
15022404   780
15022405   535
15022406   651
15022407   471
15022408   363
15022409   274
15022410   469
15022411   449
15022412   343
15022413   415
15022414   145
15022415   104
15022416    77
15022417    93
15022418    43
15022419    27
15022420    36
15022421    58
15022422   252
15022423    49
15022500    28
15022501    24
15022502    36
15022503    66
15022504    48
15022505    59
15022506    78
15022507   308
15022508   301
15022509   215
15022510   321
15022511   370
15022512   202
15022513   129
15022514   323
15022515   174
15022516   115
15022517   407
15022518   226
15022519    42
15022520    24
15022521    22
15022522    23
15022523    27
15022600    52
15022601   104
15022602    38
15022603    22
15022604    34
15022605    41
15022606   105
15022607   145
15022608   316
15022609   221
15022610   122
15022611    66
15022612   129
15022613   120
15022614    53
15022615    46
15022616    39
15022617    52
15022618    31
15022619    17
15022620    65
15022621    86
15022622    19
15022623    22
15022700    20
15022701    20
15022702    18
15022703    17
15022704    15
15022705    16
15022706    21
15022707    26
15022708    20
15022709    24
15022710    33
15022711    35
15022712    39
15022713    56
15022714    75
15022715    83
15022716    73
15022717    61
15022718    26
15022719    34
15022720    58
15022721   167
15022722    69
15022723    45
15022800    36
15022801    40
15022802    48
15022803   107
15022804    88
15022805    97
15022806   366
15022807   122
15022808   188
15022809   231
15022810   105
15022811   128
15022812   192
15022813   174
15022814   111
15022815   217
15022816   831
15022817   612
15022818   486
15022819   398
15022820   586
15022821   376
15022822   176
15022823   186

Wed Ap 8
