16090100   316
16090101   548
16090102   786
16090103   600
16090104   606
16090105   727
16090106   730
16090107   972
16090108   771
16090109   721
16090110   250
16090111   111
16090112   128
16090113   243
16090114   734
16090115   302
16090116    89
16090117   158
16090118   312
16090119   539
16090120  1128
16090121  1033
16090122   704
16090123   744
16090200   773
16090201   845
16090202   911
16090203   566
16090204   878
16090205   761
16090206   208
16090207   138
16090208    79
16090209   114
16090210   396
16090211   634
16090212   611
16090213   507
16090214   815
16090215   652
16090216   838
16090217   687
16090218   258
16090219   161
16090220   256
16090221   702
16090222   700
16090223   377
16090300   487
16090301   708
16090302   673
16090303   784
16090304  1033
16090305   650
16090306   571
16090307   560
16090308   804
16090309   619
16090310   713
16090311   664
16090312   626
16090313   877
16090314   339
16090315   532
16090316   604
16090317   772
16090318   509
16090319   577
16090320   864
16090321   721
16090322   546
16090323   772
16090400   706
16090401   535
16090402   252
16090403   195
16090404   545
16090405   485
16090406   569
16090407   302
16090408   692
16090409   457
16090410   570
16090411   641
16090412   353
16090413   791
16090414   210
16090415   103
16090416   125
16090417   424
16090418   245
16090419   279
16090420   709
16090421   299
16090422   392
16090423   335
16090500   350
16090501   364
16090502   372
16090503   294
16090504   417
16090505   697
16090506   349
16090507   219
16090508   416
16090509   442
16090510   397
16090511   317
16090512   185
16090513    74
16090514    80
16090515   131
16090516   378
16090517   812
16090518   790
16090519   708
16090520   502
16090521   221
16090522   197
16090523   146
16090600    43
16090601    61
16090602   222
16090603   371
16090604   155
16090605    60
16090606   363
16090607   563
16090608   369
16090609    66
16090610    83
16090611   319
16090612   379
16090613   173
16090614    96
16090615   116
16090616   144
16090617   228
16090618   122
16090619   218
16090620   396
16090621   123
16090622    81
16090623   248
16090700   259
16090701   147
16090702   272
16090703   370
16090704    93
16090705   117
16090706    84
16090707    81
16090708    84
16090709    45
16090710   144
16090711   458
16090712   631
16090713   288
16090714   117
16090715   569
16090716   778
16090717   394
16090718   218
16090719   114
16090720    58
16090721    45
16090722    68
16090723   162
16090800   384
16090801   373
16090802   446
16090803   426
16090804   584
16090805   474
16090806   327
16090807   440
16090808   342
16090809   383
16090810   447
16090811   639
16090812   376
16090813   343
16090814   459
16090815   526
16090816   455
16090817   228
16090818   210
16090819   208
16090820    92
16090821   103
16090822   122
16090823    51
16090900    78
16090901   134
16090902    39
16090903    15
16090904    14
16090905    27
16090906    71
16090907    71
16090908    22
16090909    19
16090910    26
16090911    41
16090912    46
16090913    85
16090914    60
16090915    50
16090916    64
16090917   146
16090918    78
16090919    31
16090920    31
16090921    27
16090922    36
16090923    94
16091000    95
16091001    53
16091002    39
16091003    62
16091004   116
16091005   156
16091006   136
16091007   277
16091008   147
16091009   111
16091010    99
16091011    69
16091012    50
16091013    48
16091014    45
16091015    42
16091016    36
16091017    36
16091018    43
16091019    28
16091020    35
16091021    61
16091022   131
16091023   210
16091100    46
16091101    22
16091102    24
16091103    38
16091104    53
16091105   101
16091106   218
16091107   209
16091108   129
16091109    43
16091110   162
16091111   180
16091112   218
16091113   134
16091114   194
16091115   333
16091116   318
16091117   286
16091118   152
16091119   174
16091120   177
16091121   181
16091122   180
16091123   198
16091200   269
16091201   301
16091202   140
16091203    64
16091204    24
16091205    38
16091206    52
16091207    93
16091208    48
16091209    46
16091210    52
16091211    55
16091212    59
16091213    58
16091214    50
16091215    42
16091216    36
16091217    42
16091218    32
16091219    30
16091220    39
16091221    50
16091222   157
16091223   184
16091300   100
16091301   207
16091302   176
16091303   202
16091304   196
16091305   185
16091306    88
16091307   150
16091308   124
16091309   157
16091310   196
16091311   279
16091312   177
16091313   157
16091314    80
16091315    63
16091316    96
16091317    96
16091318    35
16091319    18
16091320    25
16091321    47
16091322   129
16091323   164
16091400   166
16091401   214
16091402   229
16091403    50
16091404    68
16091405   127
16091406   165
16091407   196
16091408    73
16091409    46
16091410    40
16091411    47
16091412   174
16091413   379
16091414   306
16091415   323
16091416   243
16091417   275
16091418   260
16091419   459
16091420   547
16091421   438
16091422   448
16091423   472
16091500   544
16091501   506
16091502   418
16091503   433
16091504   430
16091505   496
16091506   404
16091507   372
16091508   421
16091509   379
16091510   237
16091511   137
16091512    90
16091513    69
16091514    73
16091515   108
16091516    97
16091517    62
16091518    26
16091519    21
16091520    29
16091521    36
16091522    24
16091523    21
16091600    18
16091601    19
16091602    18
16091603    13
16091604    11
16091605    18
16091606    25
16091607    28
16091608    26
16091609    35
16091610    40
16091611    40
16091612    45
16091613    41
16091614    41
16091615    44
16091616   141
16091617   203
16091618    99
16091619    69
16091620    48
16091621    33
16091622    30
16091623    27
16091700    49
16091701    67
16091702    55
16091703    27
16091704    16
16091705    13
16091706    14
16091707    19
16091708    30
16091709    44
16091710    41
16091711    37
16091712    42
16091713    42
16091714    38
16091715    40
16091716    31
16091717    26
16091718    25
16091719    34
16091720    38
16091721    35
16091722    41
16091723    37
16091800    30
16091801    32
16091802    15
16091803    22
16091804    48
16091805    93
16091806   117
16091807    97
16091808    72
16091809   112
16091810   440
16091811   272
16091812   155
16091813    74
16091814   275
16091815   478
16091816   248
16091817   236
16091818   208
16091819    89
16091820    43
16091821    51
16091822    49
16091823    46
16091900    55
16091901    51
16091902    22
16091903    20
16091904    12
16091905    20
16091906    64
16091907   155
16091908   416
16091909   506
16091910   471
16091911   504
16091912   207
16091913   357
16091914   350
16091915   283
16091916   151
16091917    83
16091918    39
16091919    55
16091920    34
16091921   100
16091922   102
16091923    84
16092000   167
16092001   440
16092002   481
16092003   300
16092004   354
16092005   127
16092006   320
16092007   563
16092008   377
16092009   317
16092010   449
16092011   196
16092012    79
16092013    65
16092014    47
16092015    64
16092016   175
16092017   243
16092018    57
16092019    53
16092020   117
16092021   107
16092022    41
16092023    71
16092100   443
16092101   425
16092102    87
16092103   122
16092104   101
16092105   214
16092106   163
16092107   134
16092108   176
16092109   409
16092110   155
16092111    39
16092112    76
16092113   120
16092114    93
16092115    29
16092116    28
16092117    25
16092118    25
16092119    30
16092120    26
16092121    33
16092122    64
16092123   110
16092200    97
16092201    54
16092202    23
16092203    38
16092204    40
16092205    86
16092206    88
16092207   171
16092208   243
16092209   133
16092210    40
16092211    38
16092212    41
16092213    46
16092214    39
16092215    36
16092216    37
16092217    35
16092218    31
16092219    30
16092220    32
16092221    21
16092222    18
16092223    17
16092300    17
16092301    20
16092302    22
16092303    27
16092304    39
16092305    33
16092306    54
16092307    30
16092308    26
16092309    34
16092310    37
16092311    44
16092312    45
16092313    46
16092314    42
16092315    36
16092316    31
16092317    29
16092318    24
16092319    22
16092320    26
16092321    25
16092322    22
16092323    20
16092400    18
16092401    20
16092402    23
16092403    24
16092404    23
16092405    19
16092406    18
16092407    22
16092408    32
16092409    52
16092410    57
16092411    50
16092412    50
16092413    48
16092414    44
16092415    59
16092416    77
16092417    55
16092418    67
16092419   142
16092420   263
16092421   304
16092422   403
16092423   198
16092500   247
16092501   375
16092502   386
16092503   512
16092504   481
16092505    91
16092506    41
16092507    15
16092508    33
16092509    61
16092510   262
16092511   495
16092512   288
16092513    94
16092514    56
16092515    38
16092516    44
16092517   172
16092518   417
16092519   564
16092520   644
16092521   330
16092522   218
16092523   634
16092600   556
16092601   431
16092602   237
16092603   468
16092604   362
16092605   301
16092606   253
16092607   482
16092608   265
16092609    80
16092610    78
16092611   341
16092612   583
16092613   567
16092614   572
16092615   650
16092616   741
16092617   653
16092618   602
16092619   417
16092620   576
16092621   308
16092622   141
16092623   462
16092700   795
16092701   656
16092702   818
16092703   409
16092704   184
16092705   145
16092706   134
16092707   293
16092708   687
16092709   914
16092710   515
16092711   264
16092712   365
16092713   537
16092714   960
16092715   937
16092716   213
16092717   249
16092718   284
16092719   288
16092720   195
16092721   140
16092722   291
16092723   539
16092800   617
16092801   524
16092802   830
16092803   528
16092804   393
16092805   241
16092806   344
16092807   485
16092808   457
16092809   321
16092810  1057
16092811   566
16092812   538
16092813   702
16092814   647
16092815  1024
16092816   884
16092817   927
16092818  1052
16092819   688
16092820  1101
16092821   546
16092822   228
16092823   363
16092900   188
16092901   250
16092902   598
16092903   649
16092904   720
16092905   532
16092906   700
16092907  1085
16092908   791
16092909   886
16092910   817
16092911   667
16092912   664
16092913   889
16092914   735
16092915  1250
16092916   680
16092917   358
16092918   552
16092919   339
16092920   145
16092921   229
16092922   308
16092923   402
16093000   455
16093001   559
16093002   192
16093003   352
16093004   293
16093005   238
16093006   483
16093007   323
16093008   203
16093009   607
16093010   373
16093011   274
16093012   265
16093013   161
16093014   353
16093015   351
16093016   467
16093017   816
16093018   740
16093019   534
16093020   526
16093021   437
16093022   311
16093023   422

Tue Ja 3
