16040100    44
16040101    43
16040102    34
16040103    28
16040104    29
16040105    26
16040106    37
16040107    41
16040108    28
16040109    32
16040110    32
16040111    39
16040112    34
16040113    41
16040114    38
16040115    35
16040116    14
16040117    22
16040118    32
16040119    55
16040120   156
16040121    38
16040122    45
16040123    42
16040200    53
16040201   111
16040202    46
16040203    36
16040204    34
16040205    29
16040206    31
16040207    32
16040208    28
16040209    27
16040210    33
16040211    32
16040212    71
16040213    97
16040214    80
16040215    83
16040216   686
16040217  1269
16040218   738
16040219   600
16040220   716
16040221   759
16040222   601
16040223   511
16040300   608
16040301   358
16040302   250
16040303   132
16040304   140
16040305   414
16040306   437
16040307   347
16040308   144
16040309   172
16040310   439
16040311   357
16040312   174
16040313   109
16040314    75
16040315   240
16040316   386
16040317   404
16040318   390
16040319   372
16040320   382
16040321   605
16040322   326
16040323   141
16040400   241
16040401   219
16040402   214
16040403   211
16040404   178
16040405   129
16040406   191
16040407   194
16040408   200
16040409   134
16040410    51
16040411    51
16040412    31
16040413   120
16040414   325
16040415   148
16040416   104
16040417    31
16040418    44
16040419    45
16040420    47
16040421   107
16040422    68
16040423    40
16040500    49
16040501    61
16040502    84
16040503    85
16040504    84
16040505    70
16040506    81
16040507    65
16040508    47
16040509    51
16040510    89
16040511    85
16040512   185
16040513   339
16040514   181
16040515   144
16040516   163
16040517   177
16040518   197
16040519   229
16040520   316
16040521   124
16040522   156
16040523   110
16040600    56
16040601   130
16040602   140
16040603   131
16040604   109
16040605    63
16040606    43
16040607    40
16040608    85
16040609   307
16040610   274
16040611    86
16040612   150
16040613   146
16040614   280
16040615   332
16040616   261
16040617   235
16040618   225
16040619   188
16040620   188
16040621   170
16040622   183
16040623   160
16040700   114
16040701   173
16040702    89
16040703    49
16040704    54
16040705    44
16040706    55
16040707    46
16040708    36
16040709    38
16040710    61
16040711    83
16040712    84
16040713   112
16040714    80
16040715    48
16040716    46
16040717   179
16040718   397
16040719   565
16040720   639
16040721  1012
16040722   863
16040723   656
16040800   736
16040801   400
16040802   212
16040803   126
16040804   135
16040805   116
16040806   172
16040807    94
16040808    37
16040809    28
16040810    26
16040811    32
16040812    36
16040813    44
16040814    35
16040815    34
16040816    30
16040817    35
16040818    37
16040819    87
16040820    33
16040821    28
16040822    21
16040823    20
16040900    22
16040901    26
16040902    26
16040903    23
16040904    20
16040905    31
16040906    37
16040907    37
16040908    31
16040909    34
16040910    39
16040911    38
16040912    50
16040913    69
16040914    68
16040915    62
16040916   125
16040917    98
16040918    71
16040919    31
16040920    32
16040921    38
16040922    39
16040923    31
16041000    32
16041001    32
16041002    31
16041003    68
16041004    97
16041005   135
16041006   193
16041007   273
16041008   516
16041009   145
16041010    76
16041011    62
16041012    56
16041013    43
16041014    34
16041015    31
16041016    28
16041017    26
16041018    27
16041019    21
16041020    28
16041021    97
16041022   151
16041023    57
16041100    42
16041101    39
16041102    39
16041103    39
16041104    31
16041105    32
16041106    40
16041107    42
16041108    39
16041109    47
16041110   109
16041111    92
16041112   100
16041113    83
16041114   152
16041115   190
16041116   494
16041117   339
16041118   130
16041119    37
16041120    42
16041121    61
16041122   107
16041123    76
16041200    45
16041201    94
16041202   239
16041203   209
16041204   101
16041205    97
16041206   134
16041207    98
16041208   117
16041209   259
16041210   281
16041211   233
16041212   434
16041213   447
16041214   506
16041215   632
16041216   697
16041217   499
16041218   641
16041219   668
16041220   220
16041221   560
16041222   710
16041223   462
16041300   654
16041301   745
16041302   456
16041303   345
16041304   409
16041305   428
16041306   623
16041307   473
16041308   212
16041309   280
16041310   247
16041311   729
16041312   541
16041313   504
16041314   989
16041315   715
16041316   420
16041317   314
16041318   371
16041319   503
16041320   516
16041321   281
16041322   307
16041323   483
16041400   466
16041401   453
16041402   471
16041403   505
16041404   309
16041405   214
16041406   102
16041407   140
16041408   314
16041409   294
16041410   776
16041411   757
16041412   965
16041413   795
16041414   814
16041415   842
16041416   679
16041417   571
16041418   685
16041419   597
16041420   708
16041421   590
16041422   228
16041423   316
16041500   457
16041501   417
16041502   436
16041503   196
16041504   110
16041505    68
16041506    49
16041507    37
16041508    30
16041509    38
16041510    37
16041511    63
16041512    44
16041513    52
16041514    59
16041515    52
16041516    40
16041517    32
16041518    25
16041519    40
16041520    33
16041521    54
16041522   121
16041523    57
16041600    36
16041601    30
16041602    27
16041603    27
16041604    28
16041605    28
16041606    58
16041607   230
16041608   385
16041609   387
16041610   474
16041611   320
16041612   125
16041613   166
16041614   190
16041615   305
16041616   459
16041617   636
16041618   806
16041619   987
16041620   982
16041621   869
16041622   371
16041623   170
16041700   494
16041701   185
16041702   131
16041703   101
16041704   433
16041705   736
16041706   736
16041707   609
16041708   545
16041709   568
16041710   579
16041711   564
16041712   488
16041713   349
16041714   258
16041715   654
16041716   669
16041717   454
16041718   450
16041719   521
16041720   387
16041721   314
16041722   206
16041723    52
16041800    62
16041801    85
16041802    58
16041803    40
16041804    33
16041805    30
16041806    33
16041807    41
16041808    49
16041809    61
16041810    50
16041811    80
16041812    46
16041813    37
16041814    53
16041815    42
16041816    45
16041817    58
16041818    36
16041819    42
16041820    44
16041821    34
16041822    32
16041823    46
16041900    40
16041901    38
16041902    38
16041903    43
16041904    38
16041905    32
16041906    49
16041907    84
16041908    37
16041909    35
16041910    34
16041911    29
16041912    47
16041913    69
16041914    49
16041915    22
16041916    24
16041917    20
16041918    20
16041919    19
16041920    24
16041921    30
16041922    33
16041923    36
16042000    35
16042001    44
16042002    45
16042003    67
16042004   120
16042005   184
16042006   263
16042007   180
16042008   289
16042009   430
16042010   264
16042011   125
16042012    58
16042013    49
16042014    30
16042015    20
16042016    20
16042017    26
16042018    38
16042019    42
16042020    40
16042021    58
16042022    66
16042023    34
16042100    42
16042101    41
16042102    54
16042103    97
16042104    64
16042105    35
16042106    42
16042107    47
16042108    45
16042109    56
16042110    56
16042111    70
16042112    59
16042113    54
16042114    60
16042115    54
16042116    51
16042117    89
16042118   188
16042119    48
16042120    45
16042121    42
16042122    40
16042123    54
16042200    43
16042201   107
16042202   161
16042203    74
16042204    34
16042205   154
16042206   142
16042207    76
16042208    49
16042209   120
16042210   128
16042211    75
16042212    63
16042213   139
16042214   354
16042215   365
16042216   227
16042217    64
16042218    35
16042219    36
16042220   124
16042221   488
16042222   142
16042223    44
16042300    47
16042301    37
16042302   132
16042303   201
16042304    71
16042305    48
16042306    44
16042307    48
16042308    47
16042309    49
16042310   114
16042311   142
16042312   307
16042313   312
16042314   185
16042315    86
16042316    44
16042317    82
16042318   167
16042319   209
16042320   126
16042321   630
16042322   567
16042323   162
16042400   108
16042401    60
16042402    84
16042403    40
16042404    44
16042405    48
16042406    70
16042407    93
16042408    60
16042409    76
16042410   115
16042411    75
16042412   147
16042413   158
16042414   173
16042415   427
16042416   680
16042417   182
16042418    99
16042419   304
16042420   196
16042421    46
16042422    51
16042423    46
16042500    53
16042501    45
16042502    43
16042503    47
16042504    68
16042505   116
16042506   179
16042507   130
16042508   172
16042509   110
16042510   276
16042511   199
16042512    56
16042513    45
16042514    75
16042515   106
16042516   131
16042517   139
16042518    74
16042519    62
16042520    50
16042521    35
16042522    35
16042523    39
16042600    39
16042601    41
16042602    46
16042603    91
16042604    55
16042605    46
16042606    48
16042607   126
16042608   115
16042609   151
16042610   120
16042611   155
16042612   141
16042613    91
16042614   197
16042615   188
16042616    69
16042617    55
16042618    35
16042619   115
16042620   294
16042621   428
16042622   107
16042623    57
16042700    51
16042701    39
16042702    31
16042703    96
16042704   210
16042705   250
16042706   160
16042707   127
16042708   347
16042709   155
16042710    40
16042711    52
16042712   180
16042713   215
16042714   275
16042715   566
16042716   106
16042717    49
16042718    79
16042719   107
16042720   287
16042721   299
16042722   163
16042723   115
16042800    82
16042801    69
16042802   145
16042803    74
16042804    49
16042805    33
16042806    41
16042807    83
16042808   220
16042809   272
16042810   228
16042811    96
16042812    82
16042813    30
16042814    53
16042815    52
16042816    69
16042817    25
16042818    35
16042819    46
16042820    40
16042821    28
16042822    34
16042823    43
16042900    49
16042901    43
16042902    35
16042903    38
16042904    40
16042905    33
16042906    35
16042907    41
16042908    41
16042909    38
16042910    39
16042911    41
16042912    45
16042913    43
16042914    31
16042915    23
16042916    19
16042917    29
16042918    30
16042919    43
16042920    38
16042921    67
16042922    42
16042923    43
16043000    37
16043001    34
16043002    37
16043003    40
16043004    37
16043005    56
16043006    64
16043007    57
16043008    78
16043009   190
16043010   100
16043011   123
16043012   154
16043013   181
16043014   340
16043015   305
16043016   262
16043017   378
16043018   396
16043019   306
16043020   420
16043021   374
16043022   324
16043023   484

Wed Ju 6
