16120100    22
16120101    27
16120102    26
16120103    26
16120104    67
16120105   112
16120106    54
16120107    39
16120108    46
16120109   101
16120110    88
16120111    49
16120112    23
16120113    26
16120114    22
16120115    37
16120116    26
16120117    16
16120118    18
16120119    14
16120120    13
16120121    10
16120122    11
16120123    12
16120200    12
16120201    12
16120202    14
16120203    23
16120204    24
16120205    62
16120206    53
16120207    57
16120208    53
16120209    97
16120210   106
16120211    63
16120212    56
16120213    95
16120214   104
16120215   180
16120216   178
16120217    44
16120218    38
16120219    35
16120220    99
16120221   104
16120222    38
16120223    23
16120300    26
16120301    24
16120302    28
16120303    28
16120304    31
16120305    61
16120306   129
16120307    75
16120308    57
16120309    56
16120310    39
16120311    52
16120312    40
16120313    28
16120314    45
16120315    82
16120316    75
16120317    34
16120318    63
16120319   137
16120320    22
16120321    22
16120322    22
16120323    25
16120400    26
16120401    26
16120402    28
16120403    30
16120404    31
16120405    31
16120406    30
16120407    29
16120408    31
16120409    41
16120410    67
16120411   122
16120412    95
16120413    91
16120414    34
16120415    21
16120416    32
16120417    35
16120418    27
16120419    28
16120420    24
16120421    31
16120422    34
16120423    32
16120500   102
16120501    75
16120502    41
16120503    36
16120504    27
16120505    26
16120506    22
16120507    20
16120508    19
16120509    16
16120510    14
16120511    20
16120512    24
16120513    22
16120514    26
16120515    28
16120516    81
16120517   162
16120518    98
16120519    37
16120520    88
16120521    88
16120522    47
16120523    29
16120600    23
16120601    26
16120602    24
16120603    24
16120604    25
16120605    26
16120606    23
16120607    23
16120608    32
16120609    39
16120610    60
16120611   114
16120612   368
16120613   694
16120614   284
16120615    93
16120616    76
16120617    53
16120618    36
16120619    45
16120620   153
16120621   242
16120622   175
16120623    38
16120700    35
16120701    21
16120702    50
16120703    51
16120704    80
16120705   118
16120706   106
16120707   263
16120708   451
16120709   244
16120710   243
16120711   287
16120712   105
16120713    49
16120714   134
16120715   235
16120716   471
16120717   529
16120718   287
16120719   414
16120720   219
16120721    84
16120722   171
16120723   172
16120800   459
16120801   411
16120802   293
16120803   344
16120804   449
16120805   304
16120806   130
16120807    86
16120808    52
16120809   183
16120810   329
16120811   334
16120812   190
16120813   189
16120814   427
16120815   733
16120816   148
16120817   237
16120818   287
16120819   290
16120820   678
16120821   487
16120822   353
16120823   322
16120900   438
16120901   259
16120902    71
16120903    49
16120904    42
16120905   113
16120906   214
16120907   489
16120908   345
16120909   140
16120910   209
16120911   684
16120912   343
16120913   242
16120914   147
16120915   128
16120916   175
16120917   431
16120918   714
16120919   778
16120920   443
16120921   702
16120922   593
16120923   304
16121000   142
16121001   188
16121002   279
16121003   254
16121004   126
16121005   150
16121006   128
16121007   135
16121008   233
16121009   518
16121010   170
16121011   152
16121012   357
16121013   353
16121014   313
16121015   218
16121016   347
16121017   314
16121018   363
16121019   392
16121020   312
16121021   100
16121022    90
16121023   227
16121100   312
16121101   117
16121102    76
16121103   165
16121104   359
16121105   224
16121106   117
16121107   189
16121108   142
16121109   401
16121110   398
16121111   286
16121112   179
16121113   137
16121114   270
16121115   339
16121116   341
16121117   146
16121118   256
16121119   246
16121120    92
16121121    46
16121122    40
16121123    96
16121200   166
16121201    85
16121202   102
16121203   158
16121204    84
16121205    79
16121206   124
16121207   107
16121208    76
16121209    31
16121210    23
16121211    15
16121212    16
16121213    21
16121214    20
16121215    27
16121216    40
16121217    29
16121218    81
16121219    36
16121220    27
16121221    35
16121222    78
16121223    68
16121300    47
16121301    39
16121302    53
16121303    59
16121304    44
16121305    33
16121306    26
16121307    16
16121308    18
16121309    26
16121310    75
16121311   125
16121312    60
16121313    35
16121314    55
16121315    55
16121316    29
16121317    33
16121318    32
16121319    37
16121320    62
16121321   125
16121322    41
16121323    41
16121400    50
16121401    48
16121402    50
16121403    37
16121404    31
16121405    49
16121406    44
16121407    52
16121408    49
16121409    42
16121410    44
16121411   206
16121412   112
16121413    50
16121414    32
16121415    43
16121416    31
16121417    42
16121418   139
16121419    98
16121420    44
16121421    43
16121422    31
16121423    33
16121500    32
16121501    27
16121502    25
16121503    22
16121504    25
16121505    23
16121506    30
16121507    29
16121508    33
16121509    32
16121510    63
16121511    84
16121512    64
16121513    56
16121514    35
16121515    29
16121516    30
16121517    35
16121518    49
16121519    63
16121520    43
16121521    30
16121522    23
16121523    25
16121600    26
16121601    31
16121602    26
16121603    28
16121604    32
16121605    20
16121606    23
16121607    23
16121608    31
16121609    19
16121610    31
16121611    26
16121612    18
16121613    19
16121614    20
16121615    16
16121616    17
16121617    20
16121618    80
16121619    25
16121620    32
16121621   105
16121622    37
16121623    26
16121700    24
16121701    21
16121702    22
16121703    27
16121704    32
16121705    33
16121706    62
16121707   103
16121708    31
16121709    28
16121710    25
16121711    20
16121712    76
16121713   162
16121714   217
16121715   109
16121716   109
16121717   214
16121718   162
16121719    92
16121720   126
16121721   301
16121722   303
16121723   232
16121800   294
16121801   289
16121802   127
16121803   279
16121804   240
16121805   269
16121806   330
16121807   302
16121808    78
16121809    48
16121810    40
16121811    51
16121812   179
16121813   260
16121814   220
16121815   111
16121816   147
16121817   184
16121818   173
16121819   268
16121820    59
16121821    62
16121822    56
16121823    67
16121900    81
16121901    42
16121902    40
16121903    65
16121904   118
16121905   167
16121906    71
16121907    64
16121908   152
16121909   272
16121910   181
16121911   186
16121912   241
16121913   192
16121914   154
16121915   212
16121916   239
16121917   181
16121918   131
16121919   159
16121920    89
16121921    50
16121922    30
16121923    28
16122000    33
16122001    34
16122002    33
16122003    33
16122004    30
16122005    41
16122006    84
16122007   137
16122008   150
16122009   410
16122010   253
16122011   131
16122012   142
16122013    97
16122014   108
16122015   310
16122016   386
16122017   171
16122018    50
16122019    38
16122020    40
16122021    56
16122022   254
16122023   273
16122100   261
16122101    65
16122102    40
16122103    62
16122104   114
16122105   133
16122106   107
16122107   107
16122108   132
16122109   175
16122110   481
16122111   438
16122112   445
16122113   469
16122114   920
16122115  1095
16122116  1607
16122117   471
16122118   180
16122119   337
16122120   558
16122121   458
16122122   377
16122123   443
16122200   160
16122201   342
16122202   497
16122203   199
16122204   114
16122205   373
16122206   271
16122207   421
16122208   485
16122209   505
16122210   504
16122211   365
16122212   376
16122213   414
16122214   431
16122215   510
16122216   419
16122217   313
16122218   611
16122219   415
16122220   478
16122221   335
16122222   454
16122223   294
16122300   336
16122301   272
16122302   352
16122303   391
16122304   553
16122305   336
16122306   156
16122307   117
16122308   440
16122309   431
16122310   648
16122311   592
16122312   456
16122313   585
16122314   315
16122315   416
16122316   450
16122317   593
16122318   485
16122319   596
16122320   777
16122321   465
16122322   276
16122323   273
16122400   246
16122401   185
16122402   248
16122403   156
16122404    81
16122405   179
16122406   171
16122407   395
16122408   397
16122409   266
16122410   271
16122411   174
16122412   145
16122413   447
16122414   265
16122415   226
16122416   183
16122417   578
16122418   350
16122419   119
16122420   106
16122421   140
16122422   147
16122423    64
16122500    52
16122501    99
16122502   248
16122503   143
16122504    52
16122505   111
16122506   129
16122507   138
16122508   149
16122509   408
16122510   376
16122511   615
16122512   521
16122513   467
16122514   555
16122515   359
16122516   740
16122517   556
16122518   359
16122519   197
16122520   122
16122521   224
16122522   258
16122523   277
16122600   299
16122601   560
16122602   402
16122603   359
16122604   227
16122605   302
16122606   264
16122607   228
16122608   459
16122609   326
16122610   411
16122611   453
16122612   304
16122613   288
16122614   380
16122615   600
16122616   374
16122617   126
16122618   174
16122619   128
16122620    97
16122621   180
16122622   283
16122623   484
16122700   351
16122701   333
16122702   127
16122703   121
16122704   171
16122705   100
16122706    87
16122707    66
16122708   137
16122709   287
16122710   227
16122711   109
16122712   165
16122713   257
16122714   157
16122715   179
16122716    66
16122717   100
16122718   144
16122719   265
16122720   104
16122721    70
16122722   175
16122723   195
16122800   100
16122801    85
16122802    79
16122803    82
16122804    66
16122805    54
16122806    39
16122807    81
16122808    63
16122809    50
16122810   151
16122811   198
16122812    59
16122813    26
16122814    56
16122815   124
16122816   201
16122817   185
16122818    47
16122819    35
16122820    33
16122821    47
16122822    36
16122823    41
16122900    39
16122901    84
16122902    84
16122903    65
16122904    42
16122905    59
16122906    66
16122907    62
16122908    76
16122909   149
16122910   236
16122911   155
16122912   197
16122913   264
16122914   271
16122915   328
16122916   372
16122917   222
16122918    82
16122919    65
16122920    66
16122921    52
16122922    36
16122923    28
16123000    41
16123001    42
16123002    40
16123003    43
16123004    42
16123005    24
16123006    14
16123007    14
16123008    44
16123009    54
16123010    37
16123011   172
16123012    53
16123013    45
16123014    70
16123015    45
16123016    41
16123017    68
16123018    90
16123019    55
16123020    42
16123021    35
16123022    41
16123023    52
16123100    50
16123101    57
16123102    61
16123103    59
16123104    60
16123105    63
16123106    60
16123107    80
16123108    97
16123109   129
16123110   421
16123111   483
16123112   394
16123113   500
16123114   343
16123115   559
16123116   507
16123117   493
16123118   452
16123119   457
16123120   466
16123121   255
16123122   171
16123123   102

Tue Ja 3
