16010100   686
16010101   574
16010102   788
16010103   710
16010104   909
16010105  1058
16010106   843
16010107   336
16010108   617
16010109   635
16010110   371
16010111   186
16010112    99
16010113    94
16010114   217
16010115   155
16010116    68
16010117    75
16010118   169
16010119   106
16010120    92
16010121    89
16010122    49
16010123    50
16010200    52
16010201   144
16010202    67
16010203    85
16010204    64
16010205   106
16010206   135
16010207   133
16010208   113
16010209   194
16010210   383
16010211   296
16010212   154
16010213    93
16010214    65
16010215   155
16010216   171
16010217   124
16010218    93
16010219    83
16010220    98
16010221    98
16010222    55
16010223    40
16010300    35
16010301    34
16010302    24
16010303    28
16010304    26
16010305    94
16010306   201
16010307   175
16010308    75
16010309    47
16010310    45
16010311    83
16010312   168
16010313    76
16010314    58
16010315   152
16010316   287
16010317   338
16010318   163
16010319   113
16010320   109
16010321   215
16010322   214
16010323    52
16010400    25
16010401    28
16010402    49
16010403    32
16010404    44
16010405    73
16010406   206
16010407   216
16010408    65
16010409    32
16010410    24
16010411    26
16010412    26
16010413    33
16010414    25
16010415    19
16010416    62
16010417   214
16010418    83
16010419    64
16010420    50
16010421    72
16010422    35
16010423    32
16010500    22
16010501    22
16010502    24
16010503    32
16010504    23
16010505    34
16010506    44
16010507    30
16010508    36
16010509    89
16010510    90
16010511    37
16010512    31
16010513    22
16010514    25
16010515    20
16010516    20
16010517    33
16010518    45
16010519   184
16010520   112
16010521    39
16010522    28
16010523    47
16010600   351
16010601   588
16010602   193
16010603   120
16010604    85
16010605    76
16010606    80
16010607   142
16010608   449
16010609   677
16010610   654
16010611   537
16010612   277
16010613   102
16010614   153
16010615   255
16010616    75
16010617    45
16010618    47
16010619   148
16010620   242
16010621   277
16010622   270
16010623   404
16010700   108
16010701   422
16010702   600
16010703   281
16010704   101
16010705    97
16010706    82
16010707   318
16010708   229
16010709   208
16010710   573
16010711   297
16010712   307
16010713   246
16010714   266
16010715   270
16010716   119
16010717   150
16010718   381
16010719   309
16010720   117
16010721    67
16010722    74
16010723    64
16010800    45
16010801    36
16010802    72
16010803   100
16010804   134
16010805    49
16010806    48
16010807   146
16010808   254
16010809   283
16010810   114
16010811   281
16010812   364
16010813   212
16010814   356
16010815   118
16010816    53
16010817    92
16010818   195
16010819    91
16010820    43
16010821    56
16010822    84
16010823   120
16010900    59
16010901    36
16010902    43
16010903    22
16010904    40
16010905    56
16010906    94
16010907   108
16010908   100
16010909    91
16010910   126
16010911   249
16010912   276
16010913   171
16010914   118
16010915   113
16010916   130
16010917   133
16010918    58
16010919    37
16010920    31
16010921    31
16010922    26
16010923    44
16011000    87
16011001    91
16011002    38
16011003    92
16011004    60
16011005    40
16011006    36
16011007    69
16011008   122
16011009   225
16011010   367
16011011   215
16011012   347
16011013   165
16011014    93
16011015    91
16011016   115
16011017    53
16011018    46
16011019    58
16011020   330
16011021   343
16011022    55
16011023    30
16011100    29
16011101    38
16011102    49
16011103    61
16011104    98
16011105   147
16011106   111
16011107    85
16011108   227
16011109   214
16011110    54
16011111    74
16011112   165
16011113   105
16011114   161
16011115   298
16011116   357
16011117   488
16011118   444
16011119   519
16011120   137
16011121   298
16011122   558
16011123   355
16011200   395
16011201   259
16011202   115
16011203    82
16011204    61
16011205    66
16011206   145
16011207   289
16011208   124
16011209    50
16011210    64
16011211   114
16011212   220
16011213   100
16011214    41
16011215    95
16011216   131
16011217    63
16011218   204
16011219   413
16011220   477
16011221   398
16011222   145
16011223   266
16011300   618
16011301   571
16011302   231
16011303   295
16011304   124
16011305    87
16011306    47
16011307    50
16011308   195
16011309   159
16011310    59
16011311    42
16011312   114
16011313   250
16011314   262
16011315   242
16011316   124
16011317   220
16011318   440
16011319   171
16011320    55
16011321    42
16011322    32
16011323    30
16011400    34
16011401    35
16011402    62
16011403    45
16011404    37
16011405    54
16011406    68
16011407    57
16011408   237
16011409   240
16011410    57
16011411    47
16011412    97
16011413   312
16011414   288
16011415   292
16011416   312
16011417   394
16011418   230
16011419    87
16011420   114
16011421   195
16011422   176
16011423    67
16011500    64
16011501    83
16011502   103
16011503    72
16011504    41
16011505    27
16011506    33
16011507    78
16011508   122
16011509   112
16011510    66
16011511   104
16011512   137
16011513   120
16011514   137
16011515   110
16011516    62
16011517   124
16011518   109
16011519    54
16011520    46
16011521    34
16011522    36
16011523    34
16011600    33
16011601    27
16011602    24
16011603    33
16011604    32
16011605    43
16011606    67
16011607    86
16011608    69
16011609    45
16011610   105
16011611   126
16011612    35
16011613    28
16011614    31
16011615    31
16011616    33
16011617    30
16011618    31
16011619    22
16011620    17
16011621    15
16011622    16
16011623    16
16011700    16
16011701    17
16011702    15
16011703    16
16011704    19
16011705    23
16011706    27
16011707    51
16011708   166
16011709    95
16011710    28
16011711    36
16011712    62
16011713   239
16011714   180
16011715   144
16011716   204
16011717   272
16011718   185
16011719   118
16011720    69
16011721    51
16011722    31
16011723    18
16011800    16
16011801    17
16011802    20
16011803    23
16011804    24
16011805    29
16011806    32
16011807    33
16011808    33
16011809    32
16011810    35
16011811    70
16011812   243
16011813   185
16011814    90
16011815    94
16011816   233
16011817   264
16011818    89
16011819    88
16011820    95
16011821    65
16011822   109
16011823   204
16011900   567
16011901   447
16011902   348
16011903   310
16011904   223
16011905   161
16011906   140
16011907   176
16011908   392
16011909   227
16011910   147
16011911   179
16011912    62
16011913    40
16011914    33
16011915    30
16011916    34
16011917    32
16011918    35
16011919    30
16011920    28
16011921    27
16011922    31
16011923    27
16012000    30
16012001    28
16012002    24
16012003    23
16012004    29
16012005   108
16012006   254
16012007   369
16012008   626
16012009   446
16012010   516
16012011   404
16012012   433
16012013   355
16012014   700
16012015  1245
16012016   765
16012017   485
16012018   548
16012019   712
16012020   689
16012021   627
16012022   412
16012023   312
16012100   264
16012101   419
16012102   332
16012103   209
16012104   316
16012105   555
16012106   473
16012107   287
16012108   176
16012109   272
16012110   390
16012111   369
16012112   148
16012113   226
16012114   161
16012115   306
16012116   569
16012117   444
16012118   451
16012119   296
16012120   504
16012121   682
16012122   590
16012123   273
16012200   277
16012201   351
16012202   130
16012203    74
16012204   303
16012205   273
16012206   264
16012207   150
16012208   131
16012209   192
16012210   137
16012211   187
16012212   318
16012213   257
16012214   125
16012215   159
16012216    91
16012217    48
16012218   108
16012219   160
16012220   237
16012221   219
16012222   123
16012223    59
16012300    40
16012301    71
16012302    60
16012303   134
16012304   246
16012305   217
16012306   136
16012307   330
16012308   420
16012309   134
16012310    37
16012311    86
16012312   236
16012313   411
16012314   226
16012315   155
16012316   348
16012317   410
16012318   125
16012319   116
16012320    96
16012321    58
16012322    65
16012323    70
16012400   224
16012401   173
16012402   194
16012403   193
16012404   101
16012405    33
16012406    79
16012407    52
16012408    46
16012409    81
16012410    89
16012411    34
16012412   106
16012413   213
16012414   260
16012415   194
16012416    76
16012417    50
16012418   487
16012419   560
16012420   129
16012421    53
16012422    25
16012423    49
16012500    37
16012501    31
16012502    28
16012503    23
16012504    24
16012505    38
16012506    52
16012507    53
16012508    67
16012509    34
16012510    28
16012511    34
16012512    22
16012513    23
16012514    24
16012515    24
16012516    24
16012517    27
16012518    37
16012519    32
16012520    31
16012521    23
16012522    26
16012523    27
16012600    24
16012601    21
16012602    20
16012603    21
16012604    26
16012605    31
16012606    35
16012607    45
16012608    34
16012609    33
16012610    77
16012611    37
16012612    68
16012613    33
16012614    51
16012615    57
16012616    35
16012617    33
16012618    31
16012619    33
16012620    29
16012621    29
16012622    46
16012623    63
16012700    41
16012701    27
16012702    28
16012703    35
16012704    31
16012705    28
16012706    27
16012707    27
16012708    37
16012709    25
16012710    22
16012711    23
16012712    70
16012713    96
16012714   125
16012715   109
16012716    84
16012717    32
16012718    37
16012719    26
16012720    23
16012721    43
16012722    46
16012723    34
16012800    23
16012801    21
16012802    19
16012803    17
16012804    22
16012805    35
16012806    23
16012807    99
16012808   319
16012809   424
16012810   448
16012811   322
16012812   167
16012813    62
16012814    47
16012815    56
16012816    50
16012817   165
16012818   214
16012819    96
16012820    45
16012821    45
16012822    35
16012823    23
16012900    25
16012901    27
16012902    24
16012903    24
16012904    16
16012905    17
16012906    17
16012907    46
16012908    96
16012909   143
16012910    35
16012911    38
16012912    32
16012913   100
16012914   110
16012915    93
16012916   107
16012917   121
16012918    75
16012919    72
16012920    45
16012921    39
16012922    48
16012923    29
16013000    22
16013001    22
16013002    20
16013003    22
16013004    27
16013005    42
16013006    40
16013007    78
16013008    75
16013009    60
16013010    86
16013011    97
16013012    96
16013013    46
16013014    45
16013015    60
16013016   116
16013017    51
16013018    28
16013019    20
16013020    20
16013021    25
16013022    34
16013023    56
16013100   150
16013101   118
16013102   110
16013103    91
16013104   114
16013105   204
16013106   215
16013107   204
16013108   361
16013109   386
16013110   387
16013111   328
16013112   385
16013113   271
16013114   187
16013115   254
16013116   356
16013117   337
16013118   397
16013119   414
16013120   619
16013121   620
16013122   567
16013123   409

Wed Ju 6
