16080100    52
16080101    76
16080102    84
16080103    41
16080104    39
16080105    34
16080106    43
16080107    75
16080108   102
16080109    75
16080110    43
16080111    42
16080112    55
16080113    39
16080114    50
16080115    69
16080116    82
16080117    63
16080118    56
16080119    65
16080120    49
16080121    62
16080122    83
16080123    60
16080200    50
16080201    41
16080202    39
16080203    30
16080204    20
16080205    59
16080206   128
16080207   112
16080208    70
16080209    68
16080210    61
16080211    72
16080212    90
16080213    85
16080214    78
16080215    63
16080216    61
16080217    57
16080218    41
16080219    55
16080220    67
16080221   269
16080222   623
16080223   894
16080300   681
16080301   698
16080302   228
16080303   120
16080304    90
16080305   681
16080306  1007
16080307   547
16080308   246
16080309   937
16080310  1126
16080311   627
16080312   323
16080313   662
16080314   320
16080315   389
16080316   289
16080317   666
16080318   352
16080319   176
16080320   141
16080321   160
16080322   231
16080323   293
16080400   576
16080401   257
16080402   273
16080403   246
16080404   487
16080405   486
16080406   116
16080407   237
16080408   306
16080409   472
16080410   210
16080411   399
16080412   521
16080413   590
16080414   940
16080415   709
16080416   474
16080417   482
16080418   639
16080419   429
16080420   171
16080421   130
16080422    67
16080423   118
16080500   101
16080501   111
16080502    55
16080503    72
16080504   171
16080505   537
16080506   551
16080507   267
16080508   329
16080509   704
16080510   459
16080511   420
16080512   466
16080513   376
16080514   219
16080515   274
16080516   259
16080517   268
16080518   143
16080519    90
16080520   196
16080521   442
16080522   513
16080523   536
16080600   285
16080601   422
16080602   203
16080603   209
16080604    87
16080605    96
16080606   193
16080607   361
16080608   436
16080609   657
16080610   763
16080611   515
16080612   453
16080613   132
16080614   105
16080615   213
16080616   314
16080617   180
16080618    73
16080619    85
16080620   151
16080621   268
16080622   455
16080623   253
16080700   616
16080701   697
16080702   265
16080703    90
16080704    49
16080705    68
16080706    84
16080707    94
16080708   128
16080709    64
16080710    63
16080711    66
16080712   146
16080713   207
16080714   377
16080715   391
16080716   387
16080717   212
16080718   159
16080719   118
16080720    55
16080721   176
16080722   343
16080723   588
16080800   689
16080801   666
16080802   459
16080803   485
16080804   409
16080805   248
16080806   148
16080807    91
16080808   155
16080809   259
16080810    61
16080811   117
16080812   112
16080813   117
16080814   299
16080815   675
16080816   729
16080817   622
16080818   260
16080819   122
16080820    64
16080821    47
16080822    48
16080823    43
16080900    42
16080901    49
16080902    89
16080903   313
16080904   424
16080905   165
16080906   119
16080907    68
16080908   106
16080909   405
16080910   557
16080911   502
16080912   302
16080913   366
16080914   464
16080915   570
16080916   336
16080917   190
16080918    78
16080919    62
16080920    58
16080921   282
16080922   519
16080923   379
16081000   538
16081001   301
16081002   333
16081003   398
16081004   363
16081005   310
16081006   501
16081007   343
16081008   657
16081009   538
16081010   801
16081011   295
16081012   238
16081013   231
16081014   133
16081015   414
16081016   403
16081017   222
16081018   118
16081019   239
16081020   518
16081021   515
16081022   344
16081023   259
16081100   176
16081101   122
16081102    57
16081103    34
16081104    51
16081105    53
16081106   153
16081107   145
16081108   209
16081109   141
16081110   204
16081111   169
16081112    79
16081113    84
16081114    72
16081115    72
16081116   279
16081117   611
16081118   582
16081119   241
16081120   198
16081121   172
16081122   332
16081123   207
16081200    73
16081201   380
16081202   713
16081203   477
16081204   489
16081205   524
16081206   243
16081207    80
16081208   103
16081209   293
16081210   156
16081211   121
16081212   357
16081213   494
16081214   310
16081215   186
16081216   138
16081217   143
16081218   165
16081219    84
16081220   100
16081221    67
16081222    69
16081223    66
16081300    70
16081301   103
16081302   124
16081303   174
16081304   121
16081305   214
16081306   196
16081307   171
16081308   153
16081309   189
16081310   167
16081311   231
16081312   229
16081313   294
16081314   201
16081315   207
16081316   371
16081317   327
16081318   317
16081319    86
16081320    84
16081321    92
16081322    87
16081323    70
16081400    74
16081401    82
16081402    72
16081403    41
16081404    35
16081405    34
16081406    90
16081407    61
16081408    64
16081409    53
16081410    58
16081411    84
16081412   290
16081413   187
16081414    51
16081415    42
16081416    44
16081417    47
16081418    54
16081419    80
16081420    83
16081421    51
16081422    56
16081423    53
16081500    58
16081501    53
16081502    41
16081503    62
16081504    91
16081505   104
16081506   114
16081507   250
16081508   248
16081509   160
16081510   140
16081511   177
16081512    86
16081513    47
16081514    88
16081515   142
16081516    89
16081517    80
16081518    76
16081519    72
16081520    61
16081521   105
16081522   107
16081523    57
16081600    45
16081601    41
16081602    43
16081603    55
16081604    66
16081605    94
16081606    80
16081607   121
16081608    64
16081609    86
16081610    80
16081611   106
16081612   185
16081613   169
16081614   247
16081615   115
16081616   231
16081617   151
16081618    79
16081619    67
16081620    82
16081621   177
16081622   333
16081623   267
16081700   183
16081701    96
16081702   114
16081703   298
16081704   576
16081705   352
16081706   182
16081707    86
16081708    76
16081709    70
16081710    62
16081711    90
16081712   174
16081713   125
16081714    78
16081715    60
16081716    51
16081717    60
16081718   124
16081719   124
16081720   224
16081721   307
16081722   206
16081723   216
16081800   237
16081801   219
16081802   300
16081803   453
16081804   372
16081805   272
16081806   286
16081807   252
16081808   210
16081809   148
16081810    82
16081811    83
16081812   164
16081813   139
16081814   151
16081815   113
16081816   125
16081817    51
16081818    60
16081819    70
16081820   110
16081821   200
16081822    95
16081823    69
16081900    38
16081901    28
16081902    49
16081903    39
16081904    32
16081905    37
16081906    54
16081907    88
16081908   277
16081909   236
16081910   103
16081911    75
16081912   117
16081913   192
16081914   174
16081915   173
16081916   115
16081917   112
16081918   292
16081919   144
16081920    65
16081921    74
16081922    72
16081923   125
16082000   294
16082001   170
16082002   243
16082003   280
16082004    87
16082005    88
16082006   219
16082007   317
16082008   134
16082009    81
16082010    50
16082011    48
16082012    70
16082013    49
16082014    50
16082015    48
16082016    63
16082017    35
16082018    37
16082019    50
16082020    61
16082021    68
16082022    53
16082023    48
16082100    34
16082101    29
16082102    28
16082103    24
16082104    28
16082105    39
16082106    49
16082107    55
16082108    68
16082109    67
16082110    52
16082111    53
16082112    45
16082113    41
16082114    85
16082115   309
16082116   104
16082117   165
16082118    71
16082119    46
16082120    75
16082121   252
16082122   247
16082123   149
16082200    93
16082201    65
16082202    83
16082203    87
16082204    73
16082205    74
16082206   180
16082207   156
16082208    83
16082209    72
16082210    53
16082211    44
16082212    60
16082213    44
16082214    78
16082215   153
16082216   200
16082217   211
16082218   155
16082219   119
16082220    97
16082221   145
16082222   249
16082223   218
16082300   113
16082301    87
16082302   112
16082303   222
16082304   165
16082305    59
16082306    37
16082307    35
16082308    36
16082309    49
16082310    43
16082311   124
16082312   499
16082313   816
16082314   799
16082315   542
16082316   534
16082317   459
16082318   800
16082319   864
16082320   822
16082321   742
16082322   461
16082323   173
16082400   269
16082401   471
16082402   593
16082403   255
16082404    84
16082405   230
16082406   209
16082407   182
16082408   117
16082409   114
16082410   437
16082411   696
16082412   600
16082413   114
16082414    52
16082415    82
16082416   221
16082417   151
16082418    55
16082419   140
16082420   188
16082421   534
16082422   185
16082423   105
16082500   105
16082501   183
16082502   169
16082503    69
16082504    65
16082505    66
16082506   203
16082507   359
16082508   610
16082509   454
16082510   153
16082511   116
16082512   172
16082513   164
16082514   260
16082515   230
16082516   233
16082517   309
16082518   337
16082519   134
16082520   107
16082521   186
16082522   555
16082523   389
16082600   465
16082601   215
16082602   237
16082603   173
16082604    68
16082605    39
16082606    27
16082607    25
16082608    43
16082609    36
16082610    48
16082611    54
16082612    73
16082613    83
16082614   101
16082615   106
16082616   152
16082617   248
16082618   262
16082619   135
16082620    70
16082621    87
16082622   123
16082623    58
16082700    77
16082701    99
16082702   134
16082703   175
16082704   262
16082705   245
16082706    89
16082707    48
16082708    56
16082709   158
16082710   254
16082711   377
16082712   101
16082713    44
16082714    74
16082715    65
16082716    70
16082717    36
16082718    51
16082719    58
16082720    58
16082721    45
16082722    56
16082723    66
16082800    58
16082801    58
16082802    62
16082803    56
16082804    62
16082805    72
16082806    65
16082807    61
16082808    51
16082809    39
16082810   175
16082811   294
16082812   254
16082813   112
16082814    34
16082815    36
16082816    35
16082817    36
16082818    38
16082819    44
16082820    52
16082821    54
16082822    56
16082823    58
16082900    51
16082901    52
16082902    68
16082903    54
16082904    53
16082905    41
16082906    34
16082907    31
16082908    41
16082909    53
16082910    60
16082911    65
16082912   142
16082913   189
16082914   262
16082915   235
16082916   178
16082917   168
16082918   292
16082919   221
16082920   187
16082921   242
16082922    66
16082923    63
16083000    79
16083001   206
16083002   389
16083003   168
16083004   183
16083005   119
16083006   236
16083007   243
16083008   308
16083009   126
16083010    98
16083011   133
16083012   427
16083013   530
16083014   714
16083015   690
16083016   576
16083017   307
16083018   468
16083019   533
16083020   377
16083021   340
16083022   441
16083023   217
16083100   123
16083101   106
16083102   107
16083103    83
16083104    79
16083105    67
16083106    65
16083107    80
16083108   107
16083109    68
16083110    53
16083111    62
16083112    79
16083113   108
16083114   129
16083115    44
16083116    50
16083117    88
16083118    76
16083119   234
16083120   281
16083121   396
16083122   515
16083123   393

Tue Ja 3
