33 1 11365252730172327304330227 12 15  6  9 12 15 32 15 140.84  0  0.03
33 1 21365263727272317132327193 22 12 12  9  6  5  9 12 110.63  0  0.03
33 1 31365272720101017 7 710107 12  7  4  4  6  3  3  4  50.21  8  0.03
33 1 41366 120 0 0 7 3 7 3 3 43  7  0  0  3  2  3  2  2  20.00 15  0.03
33 1 51366 2 0 010 7 0 3 3 0 23  0  0  4  3  0  2  2  0  10.00 17  0.03
33 1 61366 31037403740231720223  4 22 27 22 27  9  6  7 160.94 17  0.03
33 1 71366 4303310 0 73023 7140 15 18  4  0  3 15  9  3  80.52 19  0.03
33 1 81366 51323172013 7 317113  5  9  6  7  5  3  2  6  50.21 20  0.03
33 1 91366 61013 7 313131010 80  4  5  3  2  5  5  4  4  40.10 16  0.03
33 1101366 7 3 7 0 3 0 3 3 0 20  2  3  0  2  0  2  2  0  10.00 18  0.03
33 1111366 8 0 0 710 3 0 3 0 23  0  0  3  4  2  0  2  0  10.00 17  0.03
33 1121366 9 7 0 0 313 71010 50  3  0  0  2  5  3  4  4  30.00 26  0.03
33 11313661017 01010 7 310 7 63  6  0  4  4  3  2  4  3  30.10 42  0.03
33 11413661117 0 3 0 0 32733 83  6  0  2  0  0  2 12 18  50.21 36  0.03
33 1151366123047474020101733243 15 39 39 27  7  4  6 18 191.05 27  0.03
33 116136613302727232013 3 0143 15 12 12  9  7  5  2  0  80.42 14  0.03
33 1171366141010273317 7 3 7113  4  4 12 18  6  3  2  3  60.31  7  0.03
33 118136615 713 717 3 01713 77  3  5  3  6  2  0  6  5  40.10  0  0.03
33 119136616 327231733432023190  2 12  9  6 18 32  7  9 120.73  0  0.03
33 12013661730503717 7 7 017163 15 48 22  6  3  3  0  6 130.73  0  0.03
33 121136618 7 0 3 3 3 01010 37  3  0  2  2  2  0  4  4  20.00  0  0.03
33 122136619 727301327404040223  3 12 15  5 12 27 27 27 160.94  0  0.03
33 1231366203327272327233740237 18 12 12  9 12  9 22 27 150.94  0  0.03
33 1241366215027233033201320217 48 12  9 15 18  7  5  7 150.94  0  0.03
33 1251366224023302330332333237 27  9 15  9 15 18  9 18 150.84  0  0.03
33 1261366234337273033303327260 32 22 12 15 18 15 18 12 181.05  0  0.03
33 1271366244737273027403750293 39 22 12 15 12 27 22 48 251.26  0  0.03
33 1281366254040273037373340283 27 27 12 15 22 22 18 27 211.15  9  0.03
33 1291366263327172327332723210 18 12  6  9 12 18 12  9 120.73 12  0.03
33 1301366273040202713272027203 15 27  7 12  5 12  7 12 120.73 25  0.03
33 1311367 13020171320231013147 15  7  6  5  7  9  4  5  70.42 35  0.03
33 2 11367 210 0 3 7 3 3 317 47  4  0  2  3  2  2  2  6  30.00 45  0.03
33 2 21367 32323302323302317193  9  9 15  9  9 15  9  6 100.63 48  0.03
33 2 31367 4 7 3 0 7 7101327 73  3  2  0  3  3  4  5 12  40.10 67  0.03
33 2 41367 517 0 31313131710 87  6  0  2  5  5  5  6  4  40.10 59  0.03
33 2 51367 6232317 7 7 3 0 3 83  9  9  6  3  3  2  0  2  40.10 62  0.03
33 2 61367 72017 3 0 0 0 3 7 50  7  6  2  0  0  0  2  3  20.00 67  0.03
33 2 71367 8 723173023131313140  3  9  6 15  9  5  5  5  70.42 53  0.03
33 2 81367 9 0 7131710 31717 83  0  3  5  6  4  2  6  6  40.10 53  0.03
33 2 913671027301013 7102013130 12 15  4  5  3  4  7  5  70.31 47  0.03
33 2101367112320 3 3 3 3 017 73  9  7  2  2  2  2  0  6  40.10 33  0.03
33 211136712 3 0 0 0 0 710 3 23  2  0  0  0  0  3  4  2  10.00 33  0.03
33 212136713 7 713201710 0 0 73  3  3  5  7  6  4  0  0  40.10 16  0.03
33 213136714 0 0 0 0 7 3 017 27  0  0  0  0  3  2  0  6  10.00 11  0.03
33 2141367151320202020103717157  5  7  7  7  7  4 22  6  80.42  8  0.03
33 2151367162033202723331720193  7 18  7 12  9 18  6  7 100.63  0  0.03
33 216136717 7 310 7 7 3 0 3 40  3  2  4  3  3  2  0  2  20.00  0  0.03
33 217136718 0 0 0 3 0 0 3 0  7  0  0  0  2  0  0  2  0  00.00  0  0.03
33 218136719 0 0 0 013131720 63  0  0  0  0  5  5  6  7  30.10  0  0.03
33 2191367203027234347374357307 15 12  9 32 39 22 32 67 281.26  0  0.03
33 2201367215727234337302737280 67 12  9 32 22 15 12 22 241.26  0  0.03
33 2211367223753333047533750340 22 56 18 15 39 56 22 48 341.46  0  0.03
33 2221367235347433037404743340 56 39 32 15 22 27 39 32 331.36  0  0.03
33 2231367244340432037504743323 32 27 32  7 22 48 39 32 301.36  0  0.03
33 2241367253733404737434753337 22 18 27 39 22 32 39 56 321.36  0  0.03
33 2251367263037303723273743263 15 22 15 22  9 12 22 32 191.05  0  0.03
33 2261367274743333330203343283 39 32 18 18 15  7 18 32 221.15  0  0.03
33 2271368 13333232717131733197 18 18  9 12  6  5  6 18 120.73  8  0.03
33 2281368 2272013 7 3 7 323103 12  7  5  3  2  3  2  9  50.21 11  0.03
33 3 11368 32320132020132020150  9  7  5  7  7  5  7  7  70.31 10  0.03
33 3 21368 427 7101713 72320123 12  3  4  6  5  3  9  7  60.31 10  0.03
33 3 31368 51317201320272313147  5  6  7  5  7 12  9  5  70.42 10  0.03
33 3 41368 620231317 7 313 7103  7  9  5  6  3  2  5  3  50.21 13  0.03
33 3 51368 7 0 313 7 310 7 0 43  0  2  5  3  2  4  3  0  20.00 11  0.03
33 3 61368 810 3 7 32010 3 3 60  4  2  3  2  7  4  2  2  30.10 11  0.03
33 3 71368 9 0 0 3 710 7 713 47  0  0  2  3  4  3  3  5  20.00 11  0.03
33 3 813681023 0 3 71313 717 83  9  0  2  3  5  5  3  6  40.10 14  0.03
33 3 91368111710 7 3 3 0 310 53  6  4  3  2  2  0  2  4  30.10  9  0.03
33 3101368122327 3 7 7102023120  9 12  2  3  3  4  7  9  60.31  8  0.03
33 3111368134330101723131310160 32 15  4  6  9  5  5  4 100.63  7  0.03
33 312136814 717232017132017133  3  6  9  7  6  5  7  6  60.31  7  0.03
33 3131368151330202723302013177  5 15  7 12  9 15  7  5  90.52  0  0.03
33 314136816133730131720 7 3140  5 22 15  5  6  7  3  2  80.42  0  0.03
33 315136817 717171720 7 0 7 90  3  6  6  6  7  3  0  3  40.10  0  0.03
33 31613681817 7 7 7 0 310 3 53  6  3  3  3  0  2  4  2  30.10  0  0.03
33 317136819 3 0 31020101713 77  2  0  2  4  7  4  6  5  40.10  0  0.03
33 3181368203350402727403063310 18 48 27 12 12 27 15 94 321.36  0  0.03
33 3191368215033172327435357303 48 18  6  9 12 32 56 67 311.36  0  0.03
33 3201368226043373730475340347 80 32 22 22 15 39 56 27 371.46  0  0.03
33 3211368233343334733332347293 18 32 18 39 18 18  9 39 241.26  0  0.03
33 3221368245343334733333727307 56 32 18 39 18 18 22 12 271.26 12  0.03
33 3231368253750373030504743323 22 48 22 15 15 48 39 32 301.36 14  0.03
33 3241368264053433330474043330 27 56 32 18 15 39 27 32 311.36 14  0.03
33 3251368273340403020231317217 18 27 27 15  7  9  5  6 140.84 24  0.03
33 3261369 117103327 723 713137  6  4 18 12  3  9  3  5  80.42 29  0.03
33 3271369 21017373043403020227  4  6 22 15 32 27 15  7 160.94 26  0.03
33 3281369 32740172030333037233 12 27  6  7 15 18 15 22 150.94 28  0.03
33 3291369 42327273323232330210  9 12 12 18  9  9  9 15 120.73 22  0.03
33 3301369 5302717201717 727160 15 12  6  7  6  6  3 12  80.52 13  0.03
33 3311369 63030102713132327173 15 15  4 12  5  5  9 12 100.52 10  0.03
33 4 11369 72733202017202323183 12 18  7  7  6  7  9  9  90.52  9  0.03
33 4 21369 82017132010103023143  7  6  5  7  4  4 15  9  70.42  0  0.03
33 4 31369 92333273737132320213  9 18 12 22 22  5  9  7 130.73  0  0.03
33 4 41369104337272010 72013177 32 22 12  7  4  3  7  5 120.73  0  0.03
33 4 51369112320101313171313123  9  7  4  5  5  6  5  5  60.31  0  0.03
33 4 61369122723272017172727183 12  9 12  7  6  6 12 12 100.52  0  0.03
33 4 71369131730172730404030230  6 15  6 12 15 27 27 15 150.94  0  0.03
33 4 81369142320271713373023190  9  7 12  6  5 22 15  9 110.63  0  0.03
33 4 91369152717303730271013190 12  6 15 22 15 12  4  5 110.73  0  0.03
33 41013691613232320273027 3167  5  9  9  7 12 15 12  2  90.52  0  0.03
33 411136917 3 317131010 7 7 70  2  2  6  5  4  4  3  3  40.10  0  0.03
33 412136918 710 0 3 0 7 3 0 30  3  4  0  2  0  3  2  0  20.00  0  0.03
33 413136919 3 3 317 7 3 7 3 47  2  2  2  6  3  2  3  2  30.00  0  0.03
33 414136920 0 3 31320232020103  0  2  2  5  7  9  7  7  50.21  0  0.03
33 415136921 737272727274743240  3 22 12 12 12 12 39 32 181.05  0  0.03
33 4161369223340272730234740267 18 27 12 12 15  9 39 27 201.05  0  0.03
33 4171369234743333757373037320 39 32 18 22 67 22 15 22 301.36 13  0.03
33 4181369244747332330303037277 39 39 18  9 15 15 15 22 221.15 13  0.03
33 4191369254333373040334050307 32 18 22 15 27 18 27 48 261.26 20  0.03
33 4201369262040433330334330273  7 27 32 18 15 18 32 15 201.05 10  0.03
33 4211369273733273023273757270 22 18 12 15  9 12 22 67 221.15  8  0.03
33 4221370 13330433033373733277 18 15 32 15 18 22 22 18 201.05  0  0.03
33 4231370 22740432037233727253 12 27 32  7 22  9 22 12 181.05  0  0.03
33 4241370 33323171317232033180 18  9  6  5  6  9  7 18 100.52  0  0.03
33 4251370 41720202027231317157  6  7  7  7 12  9  5  6  70.42  0  0.03
33 4261370 53310231727233313180 18  4  9  6 12  9 18  5 100.63  0  0.03
33 4271370 61017 3 7 7 32333103  4  6  2  3  3  2  9 18  60.31  0  0.03
33 4281370 73720101313 71723140 22  7  4  5  5  3  6  9  80.42  0  0.03
33 4291370 817 7101010 31010 77  6  3  4  4  4  2  4  4  40.10  7  0.03
33 4301370 9 710 71013404753187  3  4  3  4  5 27 39 56 181.05  0  0.03
33 5 11370103320273070777767400 18  7 12 15132179179111 821.87  0  0.03
33 5 21370116323302713131730217 94  9 15 12  5  5  6 15 201.05  8  0.03
33 5 31370123027333027203720223 15 12 18 15 12  7 22  7 140.84  0  0.03
33 5 41370132730301720375010220 12 15 15  6  7 22 48  4 160.94  0  0.03
33 5 51370141733301730233333217  6 18 15  6 15  9 18 18 130.84  0  0.03
33 5 61370154740233033172743260 39 27  9 15 18  6 12 32 201.05  0  0.03
33 5 7137016432027232013 310160 32  7 12  9  7  5  2  4 100.52  0  0.03
33 5 813701713131313171717 7110  5  5  5  5  6  6  6  3  50.21  0  0.03
33 5 9137018 0 3 71010 7 3 3 43  0  2  3  4  4  3  2  2  20.00  3  0.03
33 510137019 3172313 7 3 3 3 73  2  6  9  5  3  2  2  2  40.10  8  0.03
33 5111370201713 7 7101013 0 77  6  5  3  3  4  4  5  0  40.10  0  0.03
33 512137021 3 7 0 0 0 3 717 37  2  3  0  0  0  2  3  6  20.00  0  0.03
33 5131370221030201717 72327150  4 15  7  6  6  3  9 12  80.42  0  0.03
33 51413702333 7132010234340190 18  3  5  7  4  9 32 27 130.84  0  0.03
33 5151370242040302717232737220  7 27 15 12  6  9 12 22 140.84  0  0.03
33 5161370253010 71313173023143 15  4  3  5  5  6 15  9  80.42  0  0.03
33 51713702627 7171717233037173 12  3  6  6  6  9 15 22 100.63  0  0.03
33 5181370274047433327202720257 27 39 32 18 12  7 12  7 191.05  0  0.03
33 5191371 12017172027133023167  7  6  6  7 12  5 15  9  80.52  3  0.03
33 5201371 2101717 7 7 7 317 83  4  6  6  3  3  3  2  6  40.10 12  0.03
33 5211371 3171723 7 7 71017103  6  6  9  3  3  3  4  6  50.21 12  0.03
33 5221371 42017171013 7 720110  7  6  6  4  5  3  3  7  50.21 11  0.03
33 5231371 5 71313101013 717 90  3  5  5  4  4  5  3  6  40.21 17  0.03
33 5241371 6 310101010 71013 73  2  4  4  4  4  3  4  5  40.10 12  0.03
33 5251371 727 3 3 717101713 97 12  2  2  3  6  4  6  5  50.21  8  0.03
33 5261371 8 7 0 3 7 3 3 0 0 23  3  0  2  3  2  2  0  0  20.00  0  0.03
33 5271371 9 3 3 7 310233033113  2  2  3  2  4  9 15 18  70.31  0  0.03
33 5281371104020 7 71010 710110 27  7  3  3  4  4  3  4  70.31  0  0.03
33 529137111 3 3201323304037170  2  2  7  5  9 15 27 22 110.63  0  0.03
33 5301371124033272327373727250 27 18 12  9 12 22 22 12 170.94  0  0.03
33 5311371132043372750372337273  7 32 22 12 48 22  9 22 221.15  0  0.03
33 6 11371144350402033273020263 32 48 27  7 18 12 15  7 211.15  0  0.03
33 6 21371152020172720171710147  7  7  6 12  7  6  6  4  70.31  7  0.03
33 6 31371161713272013171313133  6  5 12  7  5  6  5  5  60.31  7  0.03
33 6 413711717 710131010 710 83  6  3  4  5  4  4  3  4  40.10  7  0.03
33 6 513711820 7 3 310 3 3 3 53  7  3  2  2  4  2  2  2  30.10  7  0.03
33 6 6137119 3 713 3 3 3 3 7 43  2  3  5  2  2  2  2  3  30.00 14  0.03
33 6 7137120 71320 71010 710 83  3  5  7  3  4  4  3  4  40.10  2  0.03
33 6 81371211027203017134033190  4 12  7 15  6  5 27 18 120.73  0  0.03
33 6 9137122333033172017 713170 18 15 18  6  7  6  3  5 100.52  0  0.03
33 61013712317 3 31017201710 97  6  2  2  4  6  7  6  4  50.21  0  0.03
33 611137124 713101013 3 7 3 67  3  5  4  4  5  2  3  2  40.10  0  0.03
33 6121371251717 0 0 3 71030 83  6  6  0  0  2  3  4 15  40.21  0  0.03
33 6131371265353372740374057343 56 56 22 12 27 22 27 67 361.46 12  0.03
33 6141371275027332720201727220 48 12 18 12  7  7  6 12 150.94 16  0.03
33 6151372 14327171310101020150 32 12  6  5  4  4  4  7  90.52 19  0.03
33 6161372 2 71013 7 3 71010 67  3  4  5  3  2  3  4  4  40.10 14  0.03
33 6171372 3101317 71710 710 90  4  5  6  3  6  4  3  4  40.21 10  0.03
33 6181372 4 7 71710 7 3 713 70  3  3  6  4  3  2  3  5  40.10  8  0.03
33 6191372 51717202723131723157  6  6  7 12  9  5  6  9  80.42  8  0.03
33 6201372 64043333027231730243 27 32 18 15 12  9  6 15 170.94  8  0.03
33 6211372 71317231720131023137  5  6  9  6  7  5  4  9  60.31  8  0.03
33 6221372 82017 7 3 3 713 0 70  7  6  3  2  2  3  5  0  40.10  9  0.03
33 6231372 9 0 0 0 3 3 71023 47  0  0  0  2  2  3  4  9  20.00  0  0.03
33 624137210 7 710 7 3 7 7 3 50  3  3  4  3  2  3  3  2  30.10  0  0.03
33 625137211 310 32310274033150  2  4  2  9  4 12 27 18 100.52  0  0.03
33 62613721223231723 713 3 7117  9  9  6  9  3  5  2  3  60.31  0  0.03
33 627137213 0 7273037331320167  0  3 12 15 22 18  5  7 100.63  0  0.03
33 6281372143730271337303730240 22 15 12  5 22 15 22 15 160.94  0  0.03
33 6291372153033232323301317193 15 18  9  9  9 15  5  6 110.63  0  0.03
33 6301372162027132017131013133  7 12  5  7  6  5  4  5  60.31  0  0.03
33 7 113721710 7131010132333120  4  3  5  4  4  5  9 18  60.31  0  0.03
33 7 21372182717201010101013117 12  6  7  4  4  4  4  5  60.31  0  0.03
33 7 31372192713101013131710113 12  5  4  4  5  5  6  4  60.31  0  0.03
33 7 41372201320131020102010117  5  7  5  4  7  4  7  4  50.21  0  0.03
33 7 513722120171717 713 3 7100  7  6  6  6  3  5  2  3  50.21  0  0.03
33 7 613722213201017101010 3 93  5  7  4  6  4  4  4  2  40.21  7  0.03
33 7 7137223 0 7 710 710 313 57  0  3  3  4  3  4  2  5  30.10 17  0.03
33 7 81372241310 710 7133037127  5  4  3  4  3  5 15 22  80.42 17  0.03
33 7 91372253720375037203013243 22  7 22 48 22  7 15  5 181.05 18  0.03
33 7101372261327172313173030170  5 12  6  9  5  6 15 15  90.52 14  0.03
33 7111372273313232327301317180 18  5  9  9 12 15  5  6 100.63  8  0.03
33 7121373 13030171013 71017133 15 15  6  4  5  3  4  6  70.42  7  0.03
33 7131373 213 7 713 317 310 73  5  3  3  5  2  6  2  4  40.10  0  0.03
33 7141373 3201317 7 3 3 710 80  7  5  6  3  2  2  3  4  40.10  0  0.03
33 7151373 4 7 310 3 3 7 7 7 47  3  2  4  2  2  3  3  3  30.00  0  0.03
33 7161373 5 3 3 31313101313 73  2  2  2  5  5  4  5  5  40.10  0  0.03
33 7171373 61313202333232723177  5  5  7  9 18  9 12  9  90.52  0  0.03
33 7181373 733302727232027 7193 18 15 12 12  9  7 12  3 110.63  0  0.03
33 7191373 8 71320 71310 717 93  3  5  7  3  5  4  3  6  40.21  0  0.03
33 7201373 9271717271713 7 7130 12  6  6 12  6  5  3  3  70.31  0  0.03
33 72113731010201310 7 7 7 3 77  4  7  5  4  3  3  3  2  40.10  0  0.03
33 722137311231313 713 71010 97  9  5  5  3  5  3  4  4  50.21  0  0.03
33 72313731220 7 33050373347227  7  3  2 15 48 22 18 39 191.05  0  0.03
33 724137313404753373753 713287 27 39 56 22 22 56  3  5 291.36  0  0.03
33 72513731410 317232720 720127  4  2  6  9 12  7  3  7  60.31  0  0.03
33 726137315 71017 710201030110  3  4  6  3  4  7  4 15  60.31  0  0.03
33 7271373162727202723132047203 12 12  7 12  9  5  7 39 130.73  0  0.03
33 72813731713131317 7 71310 93  5  5  5  6  3  3  5  4  40.21  0  0.03
33 7291373181010 3102013 7 7 80  4  4  2  4  7  5  3  3  40.10  0  0.03
33 730137319 7 7101013 3 717 73  3  3  4  4  5  2  3  6  40.10  0  0.03
33 73113732010 7101317101310 90  4  3  4  5  6  4  5  4  40.21  0  0.03
33 8 1137321 710 3 3 3 3 3 7 40  3  4  2  2  2  2  2  3  20.00  0  0.03
33 8 2137322 710 310 7 7 317 63  3  4  2  4  3  3  2  6  30.10  0  0.03
33 8 31373231010 7 3 3 7 3 7 50  4  4  3  2  2  3  2  3  30.10  0  0.03
33 8 4137324 3 0 3 3 3 31017 43  2  0  2  2  2  2  4  6  20.00  0  0.03
33 8 51373251320273353536737303  5  7 12 18 56 56111 22 361.46  0  0.03
33 8 613732653473327302730 7253 56 39 18 12 15 12 15  3 211.15  0  0.03
33 8 7137327232010131310 323117  9  7  4  5  5  4  2  9  60.31  0  0.03
33 8 81374 1201710131717 720120  7  6  4  5  6  6  3  7  60.21  0  0.03
33 8 91374 2 7 7 0 7 7 3 713 50  3  3  0  3  3  2  3  5  30.00  0  0.03
33 8101374 31710 7 7 7 3 3 7 60  6  4  3  3  3  2  2  3  30.10  0  0.03
33 8111374 4 7 713 3 0 0 3 7 40  3  3  5  2  0  0  2  3  20.00  0  0.03
33 8121374 5 7 0 0 7 3 71313 50  3  0  0  3  2  3  5  5  30.00  7  0.03
33 8131374 610 7203030375747237  4  3  7 15 15 22 67 39 221.15  0  0.03
33 8141374 73330272027201327197 18 15 12  7 12  7  5 12 110.63  0  0.03
33 8151374 81723232020173310163  6  9  9  7  7  6 18  4  80.42  0  0.03
33 8161374 9201320 3 7 71317100  7  5  7  2  3  3  5  6  50.21  0  0.03
33 8171374102327402333202720213  9 12 27  9 18  7 12  7 130.73  0  0.03
33 8181374111723331720474340240  6  9 18  6  7 39 32 27 181.05  0  0.03
33 8191374124033402727131713210 27 18 27 12 12  5  6  5 140.84  0  0.03
33 8201374131723271327273743213  6  9 12  5 12 12 22 32 140.84  0  0.03
33 8211374142327303337474020257  9 12 15 18 22 39 27  7 191.05  0  0.03
33 82213741517 72320 7 310 3 90  6  3  9  7  3  2  4  2  40.21  0  0.03
33 823137416 310333340273730213  2  4 18 18 27 12 22 15 150.84  0  0.03
33 8241374172020373720333727230  7  7 22 22  7 18 22 12 150.84  0  0.03
33 8251374183333331310 71713160 18 18 18  5  4  3  6  5 100.52  0  0.03
33 8261374193033231723171310167 15 18  9  6  9  6  5  4  90.52  0  0.03
33 8271374201323132310 3 713107  5  9  5  9  4  2  3  5  50.21  0  0.03
33 828137421 7 7 3 7 7 71013 60  3  3  2  3  3  3  4  5  30.10  0  0.03
33 82913742210 723 7 7 7 3 0 63  4  3  9  3  3  3  2  0  30.10  0  0.03
33 83013742313 713 7 710 3 7 67  5  3  5  3  3  4  2  3  40.10  0  0.03
33 831137424 3 3 0 3 710 313 43  2  2  0  2  3  4  2  5  20.00  0  0.03
33 9 11374252320101320171720140  9  7  4  5  7  6  6  7  60.31  0  0.03
33 9 21374262320231710171730157  9  7  9  6  4  6  6 15  80.42  7  0.03
33 9 31374271713171010101313103  6  5  6  4  4  4  5  5  50.21  7  0.03
33 9 41375 11717171320 72310123  6  6  6  5  7  3  9  4  60.31  7  0.03
33 9 51375 210 713 3 3 3 710 57  4  3  5  2  2  2  3  4  30.10  0  0.03
33 9 61375 3 0102017 7 71017 87  0  4  7  6  3  3  4  6  40.10 15  0.03
33 9 71375 4172020 71717 717120  6  7  7  3  6  6  3  6  60.21 19  0.03
33 9 81375 52720302317132730187 12  7 15  9  6  5 12 15 100.63 12  0.03
33 9 91375 62767676347373337377 12111111 94 39 22 18 22 541.67 11  0.03
33 9101375 74347333330302027263 32 39 18 18 15 15  7 12 201.05  7  0.03
33 9111375 82720302323201027180 12  7 15  9  9  7  4 12  90.52  0  0.03
33 9121375 9334027272313 7 7177 18 27 12 12  9  5  3  3 110.63  0  0.03
33 913137510 0 7102747506037237  0  3  4 12 39 48 80 22 261.26  0  0.03
33 9141375114317233330374737267 32  6  9 18 15 22 39 22 201.05  0  0.03
33 9151375123760373343302330293 22 80 22 18 32 15  9 15 271.26  0  0.03
33 9161375133327203317333033227 18 12  7 18  6 18 15 18 140.84  0  0.03
33 9171375143323272317203020193 18  9 12  9  6  7 15  7 100.63  0  0.03
33 9181375154337233327101013197 32 22  9 18 12  4  4  5 130.84  0  0.03
33 9191375161720231723372740203  6  7  9  6  9 22 12 27 120.73  0  0.03
33 9201375173737101317271313167 22 22  4  5  6 12  5  5 100.63  0  0.03
33 9211375183033132320101327170 15 18  5  9  7  4  5 12  90.52  7  0.03
33 922137519302013172013 020133 15  7  5  6  7  5  0  7  60.31 11  0.03
33 9231375202320301010131320140  9  7 15  4  4  5  5  7  70.42 11  0.03
33 9241375212717201313101010120 12  6  7  5  5  4  4  4  60.31  8  0.03
33 9251375221720131323332730177  6  7  5  5  9 18 12 15 100.52  0  0.03
33 9261375232010101313131033123  7  4  4  5  5  5  4 18  60.31  0  0.03
33 9271375242033171313132317150  7 18  6  5  5  5  9  6  80.42  0  0.03
33 9281375253317131717 33340173 18  6  5  6  6  2 18 27 110.63 11  0.03
33 929137526302717 7 72320 7137 15 12  6  3  3  9  7  3  70.42 12  0.03
33 930137527 3 7 71317232720117  2  3  3  5  6  9 12  7  60.31  8  0.03
3310 11376 1 7 7 3 3 3 3 710 43  3  3  2  2  2  2  3  4  30.00  0  0.03
3310 21376 21720202017 3 7 7110  6  7  7  7  6  2  3  3  50.21  0  0.03
3310 31376 3 7 3 3 3 3 7 717 50  3  2  2  2  2  3  3  6  30.10  0  0.03
3310 41376 41723171013232030153  6  9  6  4  5  9  7 15  80.42  0  0.03
3310 51376 54337304737172333267 32 22 15 39 22  6  9 18 201.05  0  0.03
3310 61376 633403737302013 7217 18 27 22 22 15  7  5  3 150.84  0  0.03
3310 71376 73740434727474027307 22 27 32 39 12 39 27 12 261.26  0  0.03
3310 81376 83737373320302320237 22 22 22 18  7 15  9  7 150.94  0  0.03
3310 91376 93043332323274043263 15 32 18  9  9 12 27 32 191.05  0  0.03
3310101376104333333320334027263 32 18 18 18  7 18 27 12 191.05  8  0.03
3310111376113027272720102037197 15 12 12 12  7  4  7 22 110.73  0  0.03
3310121376125350332727 7 3 3203 56 48 18 12 12  3  2  2 191.05  2  0.03
331013137613 0 3133047471743200  0  2  5 15 39 39  6 32 170.94  0  0.03
3310141376144323274033374023267 32  9 12 27 18 22 27  9 201.05  0  0.03
3310151376152030101023202017150  7 15  4  4  9  7  7  6  70.42  0  0.03
3310161376161713202317171310130  6  5  7  9  6  6  5  4  60.31  0  0.03
33101713761713 7171010171723113  5  3  6  4  4  6  6  9  50.21  0  0.03
3310181376183037473337302723263 15 22 39 18 22 15 12  9 191.05  0  0.03
331019137619301010 7 710 717 97 15  4  4  3  3  4  3  6  50.21  0  0.03
331020137620 7 7271310131020107  3  3 12  5  4  5  4  7  50.21  0  0.03
33102113762120 310101313 7 3 80  7  2  4  4  5  5  3  2  40.10  0  0.03
331022137622 3132320 7 3 010 80  2  5  9  7  3  2  0  4  40.10  0  0.03
331023137623 7 7 710 7 3 323 67  3  3  3  4  3  2  2  9  40.10  0  0.03
331024137624 7 7132330332723163  3  3  5  9 15 18 12  9  90.52  0  0.03
3310251376254040303013272027227 27 27 15 15  5 12  7 12 150.84  0  0.03
331026137626231740 720271037180  9  6 27  3  7 12  4 22 110.63  7  0.03
331027137627302717 7 7 7 0 7100 15 12  6  3  3  3  0  3  60.31 20  0.03
3310281377 11713171313 3 7 3 87  6  5  6  5  5  2  3  2  40.10 19  0.03
3310291377 21017 310 7 3 3 3 57  4  6  2  4  3  2  2  2  30.10 14  0.03
3310301377 3 713 3 71020 7 3 70  3  5  2  3  4  7  3  2  40.10 13  0.03
3310311377 4 3 0 3101713 7 0 53  2  0  2  4  6  5  3  0  30.00 10  0.03
3311 11377 5 717201723101710120  3  6  7  6  9  4  6  4  60.31 10  0.03
3311 21377 610 7173013232013133  4  3  6 15  5  9  7  5  70.31  0  0.03
3311 31377 71027131713274027173  4 12  5  6  5 12 27 12 100.63  0  0.03
3311 41377 82327201733334033227  9 12  7  6 18 18 27 18 140.84  8  0.03
3311 51377 9 720231723232033167  3  7  9  6  9  9  7 18  80.52  0  0.03
3311 61377103733302750473737297 22 18 15 12 48 39 22 22 251.26  0  0.03
3311 71377114330304030404340297 32 15 15 27 15 27 32 27 241.15  0  0.03
3311 81377124747473743303340323 39 39 39 22 32 15 18 27 291.36  0  0.03
3311 91377132330332323273033223  9 15 18  9  9 12 15 18 130.84  0  0.03
3311101377141340232320271723187  5 27  9  9  7 12  6  9 100.63  0  0.03
3311111377153343334037272727267 18 32 18 27 22 12 12 12 191.05  0  0.03
3311121377162723131317172020150 12  9  5  5  6  6  7  7  70.42  0  0.03
33111313771717131317 72010 7103  6  5  5  6  3  7  4  3  50.21  0  0.03
331114137718 3102010 3131310 83  2  4  7  4  2  5  5  4  40.10  0  0.03
3311151377191720 7 3 71310 7 83  6  7  3  2  3  5  4  3  40.10  0  0.03
331116137720 32017101710 710 93  2  7  6  4  6  4  3  4  40.21  0  0.03
33111713772113 3 3 7 31010 7 57  5  2  2  3  2  4  4  3  30.10  0  0.03
33111813772217272317231713 7143  6 12  9  6  9  6  5  3  70.42  0  0.03
3311191377231323131710131337140  5  9  5  6  4  5  5 22  80.42  0  0.03
33112013772433 7 0 7 0 32033103 18  3  0  3  0  2  7 18  60.31  0  0.03
3311211377254017 71723371730187 27  6  3  6  9 22  6 15 120.73  0  0.03
33112213772630171717101017 7123 15  6  6  6  4  4  6  3  60.31  0  0.03
3311231377271337101010202727153  5 22  4  4  4  7 12 12  90.52  0  0.03
3311241378 1102010 7 310 3 3 67  4  7  4  3  2  4  2  2  40.10  0  0.03
3311251378 217 3 0 7 7101710 70  6  2  0  3  3  4  6  4  40.10  0  0.03
3311261378 310 7 7 7 3 3 3 7 47  4  3  3  3  2  2  2  3  30.00  0  0.03
3311271378 41013 7 7 7273733140  4  5  3  3  3 12 22 18  90.52  0  0.03
3311281378 520133723301713 3157  7  5 22  9 15  6  5  2  90.52  0  0.03
3311291378 61723131713171310123  6  9  5  6  5  6  5  4  60.31  0  0.03
3311301378 720 7 0 7 3 32013 73  7  3  0  3  2  2  7  5  40.10  0  0.03
3312 11378 813 01310 713 3 0 60  5  0  5  4  3  5  2  0  30.10  0  0.03
3312 21378 91323 7 710131323110  5  9  3  3  4  5  5  9  50.21  0  0.03
3312 313781023 3104040203733207  9  2  4 27 27  7 22 18 140.84  0  0.03
3312 41378112040434743302720270  7 27 32 39 32 15 12  7 211.15  0  0.03
3312 51378122043403747433327290  7 32 27 22 39 32 18 12 241.15  0  0.03
3312 61378133723272023271320190 22  9 12  7  9 12  5  7 100.63  0  0.03
3312 71378142720272040133317197 12  7 12  7 27  5 18  6 120.73  0  0.03
3312 813781520 3 7 313101313 83  7  2  3  2  5  4  5  5  40.10  0  0.03
3312 913781610 0 71340434047200  4  0  3  5 27 32 27 39 170.94  0  0.03
3312101378173323202727403343247 18  9  7 12 12 27 18 32 170.94  0  0.03
331211137818232713 710131713123  9 12  5  3  4  5  6  5  60.31  8  0.03
33121213781913 0 0 3 3131310 57  5  0  0  2  2  5  5  4  30.10  0  0.03
3312131378202310 0 0101710 7 77  9  4  0  0  4  6  4  3  40.10  0  0.03
331214137821 7 3 71710 310 7 63  3  2  3  6  4  2  4  3  30.10  0  0.03
331215137822 3 3 01310101310 63  2  2  0  5  4  4  5  4  30.10  0  0.03
331216137823 7 7 0 7 7132013 73  3  3  0  3  3  5  7  5  40.10  0  0.03
33121713782410 7101727101317110  4  3  4  6 12  4  5  6  60.21  0  0.03
3312181378252730171710103740187 12 15  6  6  4  4 22 27 120.73  0  0.03
3312191378263723232017171313163 22  9  9  7  6  6  5  5  90.52  0  0.03
33122013782713 3 31010131720 90  5  2  2  4  4  5  6  7  40.21  0  0.03
3312211379 110 313 7 3 320 3 63  4  2  5  3  2  2  7  2  30.10  0  0.03
3312221379 2 320 71013171020100  2  7  3  4  5  6  4  7  50.21  0  0.03
3312231379 3 7 0 010 717 710 57  3  0  0  4  3  6  3  4  30.10  0  0.03
3312241379 4 7 0 7 7 0 7 3 7 37  3  0  3  3  0  3  2  3  20.00  0  0.03
3312251379 5 31010 7 0172313 83  2  4  4  3  0  6  9  5  40.10  0  0.03
3312261379 62013171010 71720113  7  5  6  4  4  3  6  7  50.21  0  0.03
3312271379 720 7 7 0 71713 7 77  7  3  3  0  3  6  5  3  40.10  0  0.03
3312281379 8 7 0 3 3 7 71037 73  3  0  2  2  3  3  4 22  50.21  0  0.03
3312291379 94027 7 3 0 710 7100 27 12  3  2  0  3  4  3  70.31  0  0.03
331230137910 3 0 0 0 3 3 0 7 17  2  0  0  0  2  2  0  3  10.00  0  0.03
331231137911 3 7 3 7 713 7 0 47  2  3  2  3  3  5  3  0  30.00  0  0.03
