37 1 11420 110 3 3 3 7 3 3 0 33  4  2  2  2  3  2  2  0  20.00144  0.03
37 1 21420 2 0 7 32010 32340107  0  3  2  7  4  2  9 27  70.31156  0.03
37 1 31420 32737132017 7 0 7127 12 22  5  7  6  3  0  3  70.42109  0.03
37 1 41420 420302320101317 7140  7 15  9  7  4  5  6  3  70.42107  0.03
37 1 51420 5 31717 3 31013 3 70  2  6  6  2  2  4  5  2  40.10 83  0.03
37 1 61420 6131710 710 3 3 7 70  5  6  4  3  4  2  2  3  40.10 82  0.03
37 1 71420 71313171317305743203  5  5  6  5  6 15 67 32 181.05 94  0.03
37 1 81420 83713 7 7 3 31010 90 22  5  3  3  2  2  4  4  60.31103  0.03
37 1 91420 91323304030233743240  5  9 15 27 15  9 22 32 170.94 97  0.03
37 1101420103327303740303343273 18 12 15 22 27 15 18 32 201.05 85  0.03
37 1111420112730302020232040210 12 15 15  7  7  9  7 27 120.73 97  0.03
37 1121420122320201727332323187  9  7  7  6 12 18  9  9 100.52 91  0.03
37 1131420133733272020 71717177 22 18 12  7  7  3  6  6 100.63 80  0.03
37 11414201417 71720 7 3 713 90  6  3  6  7  3  2  3  5  40.21 93  0.03
37 115142015 3 0 3 7 7 3 0 3 27  2  0  2  3  3  2  0  2  20.00 87  0.03
37 11614201613101010 7 3 0 0 53  5  4  4  4  3  2  0  0  30.00104  0.03
37 117142017 3 3 72010 31017 73  2  2  3  7  4  2  4  6  40.10108  0.03
37 1181420181010 7 3 7 7 3 7 53  4  4  3  2  3  3  2  3  30.10108  0.03
37 119142019 3 0 0 7 7 71013 47  2  0  0  3  3  3  4  5  20.00101  0.03
37 120142020 7 0 0 317273017100  3  0  0  2  6 12 15  6  60.21128  0.03
37 1211420212320172733333740230  9  7  6 12 18 18 22 27 150.84127  0.03
37 1221420222310131013 310 3 87  9  4  5  4  5  2  4  2  40.21163  0.03
37 123142023 7 7 7 3 7 310 3 47  3  3  3  2  3  2  4  2  30.00155  0.03
37 124142024 0 3 7 710 0 0 7 33  0  2  3  3  4  0  0  3  20.00178  0.03
37 125142025 3 3 7 710 0 0 0 30  2  2  3  3  4  0  0  0  20.00181  0.03
37 126142026 0 01713 3 3 3 3 43  0  0  6  5  2  2  2  2  20.00200  0.03
37 127142027 310374040233023207  2  4 22 27 27  9 15  9 140.84180  0.03
37 1281421 12733232327203027210 12 18  9  9 12  7 15 12 120.73201  0.03
37 1291421 23330231717 3 710140 18 15  9  6  6  2  3  4  80.42200  0.03
37 1301421 3 3 7172027432720163  2  3  6  7 12 32 12  7 100.63233  0.03
37 1311421 4 7 3101710 7 3 0 57  3  2  4  6  4  3  2  0  30.10233  0.03
37 2 11421 530272723171310 3150 15 12 12  9  6  5  4  2  80.42211  0.03
37 2 21421 6 0 313131010 740 97  0  2  5  5  4  4  3 27  60.31224  0.03
37 2 31421 76360574030476733397 94 80 67 27 15 39111 18 561.67181  0.03
37 2 41421 83023203333233327223 15  9  7 18 18  9 18 12 130.84152  0.03
37 2 51421 93337371723273740250 18 22 22  6  9 12 22 27 170.94146  0.03
37 2 61421102737203727233030230 12 22  7 22 12  9 15 15 140.84128  0.03
37 2 71421112327272323131320170  9 12 12  9  9  5  5  7  80.52 98  0.03
37 2 8142112 3 71710 7101323 90  2  3  6  4  3  4  5  9  40.21 90  0.03
37 2 91421133320272740404343273 18  7 12 12 27 27 32 32 211.15 75  0.03
37 2101421143030272340232730230 15 15 12  9 27  9 12 15 140.84 85  0.03
37 2111421153033331727233020213 15 18 18  6 12  9 15  7 120.73 70  0.03
37 2121421162013232020303040197  7  5  9  7  7 15 15 27 120.73 77  0.03
37 2131421171013302740303037217  4  5 15 12 27 15 15 22 140.84 87  0.03
37 21414211833231713 3203340183 18  9  6  5  2  7 18 27 120.73 87  0.03
37 2151421193720202023203023193 22  7  7  7  9  7 15  9 100.63 90  0.03
37 2161421203723233027301320203 22  9  9 15 12 15  5  7 120.73101  0.03
37 2171421211320172733272323183  5  7  6 12 18 12  9  9 100.52 92  0.03
37 2181421222723101723133740190 12  9  4  6  9  5 22 27 120.73 88  0.03
37 2191421234330373743534030313 32 15 22 22 32 56 27 15 281.26111  0.03
37 2201421242330203027332717207  9 15  7 15 12 18 12  6 120.73114  0.03
37 2211421251337201727233727200  5 22  7  6 12  9 22 12 120.73130  0.03
37 2221421261013273033271317170  4  5 12 15 18 12  5  6 100.52190  0.03
37 223142127201010 310 7 713 80  7  4  4  2  4  3  3  5  40.10155  0.03
37 2241422 1102037271710 713140  4  7 22 12  6  4  3  5  80.42187  0.03
37 2251422 223272727131010 3140  9 12 12 12  5  4  4  2  80.42162  0.03
37 2261422 3 32023232310 3 3110  2  7  9  9  9  4  2  2  60.21167  0.03
37 2271422 427331323201313 7150 12 18  5  9  7  5  5  3  80.42149  0.03
37 2281422 52010202023202017150  7  4  7  7  9  7  7  6  70.31150  0.03
37 3 11422 63017303727234057260 15  6 15 22 12  9 27 67 221.15154  0.03
37 3 21422 74340472733373720283 32 27 39 12 18 22 22  7 221.15154  0.03
37 3 31422 820 7 3 3 3 0 3 0 40  7  3  2  2  2  0  2  0  20.00109  0.03
37 3 41422 9 3 713 730 7 317 87  2  3  5  3 15  3  2  6  50.21 65  0.03
37 3 51422102037405753433343327  7 22 27 67 56 32 18 32 331.36 76  0.03
37 3 61422113720101313 0 713113 22  7  4  5  5  0  3  5  60.31 71  0.03
37 3 7142212 0 3 3 3 7 710 3 37  0  2  2  2  3  3  4  2  20.00105  0.03
37 3 8142213 0 3 7 7 0 010 7 33  0  2  3  3  0  0  4  3  20.00115  0.03
37 3 91422142730101313131717140 12 15  4  5  5  5  6  6  70.42107  0.03
37 3101422151713101317171010107  6  5  4  5  6  6  4  4  50.21 99  0.03
37 31114221610 7 3 7 3101313 67  4  3  2  3  2  4  5  5  40.10 98  0.03
37 312142217 0 0 3 3 0 0 0 3 10  0  0  2  2  0  0  0  2  10.00 59  0.03
37 313142218 01310 3 7171750117  0  5  4  2  3  6  6 48  90.52 42  0.03
37 3141422195050273013302017237 48 48 12 15  5 15  7  6 201.05 21  0.03
37 3151422203030404757331713267 15 15 27 39 67 18  6  5 241.26 20  0.03
37 31614222123 710 3 7172320110  9  3  4  2  3  6  9  7  50.21 23  0.03
37 3171422223027202010102030167 15 12  7  7  4  4  7 15  90.52 22  0.03
37 31814222313172313 713 723117  5  6  9  5  3  5  3  9  60.31 37  0.03
37 31914222417 713 7 3 31013 73  6  3  5  3  2  2  4  5  40.10 33  0.03
37 3201422251320 7 7 7 7 717 83  5  7  3  3  3  3  3  6  40.10 42  0.03
37 321142226 0 7 7 3 7232027 93  0  3  3  2  3  9  7 12  50.21 62  0.03
37 3221422273033274043333340280 15 18 12 27 32 18 18 27 211.15 74  0.03
37 3231423 133372020331713 3177 18 22  7  7 18  6  5  2 110.63107  0.03
37 3241423 22017171313172730153  7  6  6  5  5  6 12 15  80.42 94  0.03
37 3251423 313 3233313 71010113  5  2  9 18  5  3  4  4  60.31 87  0.03
37 3261423 410 3171723133340157  4  2  6  6  9  5 18 27 100.52 80  0.03
37 3271423 54343334050433737327 32 32 18 27 48 32 22 22 291.36118  0.03
37 3281423 64747433023171730253 39 39 32 15  9  6  6 15 201.05131  0.03
37 3291423 7272717 710 0 723117 12 12  6  3  4  0  3  9  60.31117  0.03
37 3301423 8202717 720204013163  7 12  6  3  7  7 27  5  90.52135  0.03
37 3311423 92353735337474750383  9 56154 56 22 39 39 48 531.67143  0.03
37 4 11423102713131317132327147 12  5  5  5  6  5  9 12  70.42138  0.03
37 4 21423113037304320335037280 15 22 15 32  7 18 48 22 221.15128  0.03
37 4 31423123750403737303737303 22 48 27 22 22 15 22 22 251.26112  0.03
37 4 41423132720232023102320167 12  7  9  7  9  4  9  7  80.42137  0.03
37 4 51423141320 710131710 3 93  5  7  3  4  5  6  4  2  40.21147  0.03
37 4 6142315131713132010 3 7 97  5  6  5  5  7  4  2  3  50.21112  0.03
37 4 7142316 7 71010 7231320 97  3  3  4  4  3  9  5  7  50.21119  0.03
37 4 8142317 710 3 7 7 3 0 7 43  3  4  2  3  3  2  0  3  20.00 94  0.03
37 4 914231813 3 3 0 3 0 0 0 23  5  2  2  0  2  0  0  0  10.00 85  0.03
37 410142319 0 0 3 3 3 3 313 30  0  0  2  2  2  2  2  5  20.00 71  0.03
37 41114232037332013 72017 3150 22 18  7  5  3  7  6  2  90.52 82  0.03
37 412142321 3 7232043434740227  2  3  9  7 32 32 39 27 191.05 62  0.03
37 41314232237 7272017132323167 22  3 12  7  6  5  9  9  90.52 38  0.03
37 414142323 32013 3 3 01013 67  2  7  5  2  2  0  4  5  30.10 28  0.03
37 415142324 31010 7132020 7 90  2  4  4  3  5  7  7  3  40.21 53  0.03
37 416142325 3 3 7231310 710 77  2  2  3  9  5  4  3  4  40.10 64  0.03
37 4171423261017131010133020123  4  6  5  4  4  5 15  7  60.31 63  0.03
37 4181423274030202723171727200 27 15  7 12  9  6  6 12 120.73 76  0.03
37 4191424 12023171720203337187  7  9  6  6  7  7 18 22 100.63 94  0.03
37 4201424 23030232020131310160 15 15  9  7  7  5  5  4  80.52127  0.03
37 4211424 34037332720171010193 27 22 18 12  7  6  4  4 120.73127  0.03
37 4221424 4 7 317 313131020 87  3  2  6  2  5  5  4  7  40.10146  0.03
37 4231424 5131010 313133017110  5  4  4  2  5  5 15  6  60.31144  0.03
37 4241424 61723202740475380307  6  9  7 12 27 39 56207 451.57157  0.03
37 4251424 77037371710607373377132 22 22  6  4 80154154 721.87190  0.03
37 4261424 85747332320506783380 67 39 18  9  7 48111236 671.77157  0.03
37 4271424 97060402320176370363132 80 27  9  7  6 94132 611.77161  0.03
37 4281424107080807367675053540132207207154111111 48 561281.98149  0.03
37 4291424112320373337374037263  9  7 22 18 22 22 27 22 191.05123  0.03
37 4301424123340334033303737283 18 27 18 27 18 15 22 22 211.15 94  0.03
37 5 11424134347303023203027250 32 39 15 15  9  7 15 12 181.05 89  0.03
37 5 2142414232317 310171720130  9  9  6  2  4  6  6  7  60.31 91  0.03
37 5 314241513172313 3302727153  5  6  9  5  2 15 12 12  80.42 77  0.03
37 5 414241627301313 7304747213 12 15  5  5  3 15 39 39 170.94 56  0.03
37 5 51424176763705350571313387111 94132 56 48 67  5  5 651.77 59  0.03
37 5 61424181717 0 0 7 0 3 3 47  6  6  0  0  3  0  2  2  20.00 46  0.03
37 5 7142419 713 010131310 7 73  3  5  0  4  5  5  4  3  40.10 47  0.03
37 5 8142420 7 01010 3 71023 70  3  0  4  4  2  3  4  9  40.10 50  0.03
37 5 91424211720173043303040227  6  7  6 15 32 15 15 27 150.94 68  0.03
37 5101424223333201727132727197 18 18  7  6 12  5 12 12 110.63103  0.03
37 51114242340372023202710 3180 27 22  7  9  7 12  4  2 110.63 99  0.03
37 512142424132713 710101010100  5 12  5  3  4  4  4  4  50.21 91  0.03
37 513142425 31727 713201017113  2  6 12  3  5  7  4  6  60.31102  0.03
37 514142426 717272327333023187  3  6 12  9 12 18 15  9 100.63123  0.03
37 5151424273030231023231720177 15 15  9  4  9  9  6  7  90.52140  0.03
37 5161425 14020231323232327193 27  7  9  5  9  9  9 12 110.63183  0.03
37 5171425 217131310101713 7100  6  5  5  4  4  6  5  3  50.21188  0.03
37 5181425 3 010171010171717 97  0  4  6  4  4  6  6  6  40.21158  0.03
37 5191425 410233327231310 3143  4  9 18 12  9  5  4  2  80.42158  0.03
37 5201425 5 0 3101310 3 7 7 53  0  2  4  5  4  2  3  3  30.10177  0.03
37 5211425 6 0 3 7 713402717113  0  2  3  3  5 27 12  6  70.42154  0.03
37 5221425 7 0 3 730171717 7 97  0  2  3 15  6  6  6  3  50.21194  0.03
37 5231425 81020271017172013133  4  7 12  4  6  6  7  5  60.31202  0.03
37 5241425 910 3 7 710102723 97  4  2  3  3  4  4 12  9  50.21213  0.03
37 5251425103040273323273337250 15 27 12 18  9 12 18 22 170.94171  0.03
37 5261425114047371717203023230 27 39 22  6  6  7 15  9 160.94130  0.03
37 5271425122320273040335053277  9  7 12 15 27 18 48 56 241.26 93  0.03
37 5281425134753404757475757403 39 56 27 39 67 39 67 67 501.67 71  0.03
37 5291425145347434317233037293 56 39 32 32  6  9 15 22 261.26 83  0.03
37 5301425152730232023202327193 12 15  9  7  9  7  9 12 100.63103  0.03
37 531142516373310 7 3132330157 22 18  4  3  2  5  9 15 100.52 98  0.03
37 6 114251730332723201327 7180 15 18 12  9  7  5 12  3 100.63 79  0.03
37 6 21425182017132020231320147  7  6  5  7  7  9  5  7  70.31 89  0.03
37 6 3142519331017131010 710110 18  4  6  5  4  4  3  4  60.31 92  0.03
37 6 41425201010101330272323147  4  4  4  5 15 12  9  9  80.42116  0.03
37 6 51425212727232730274353257 12 12  9 12 15 12 32 56 201.05128  0.03
37 6 61425225350575047503033370 56 48 67 48 39 48 15 18 421.57121  0.03
37 6 71425233013172327272327187 15  5  6  9 12 12  9 12 100.63102  0.03
37 6 81425242017171713132033150  7  6  6  6  5  5  7 18  80.42 64  0.03
37 6 91425252713101713 7 7 7100 12  5  4  6  5  3  3  3  50.21 73  0.03
37 610142526 340332010101023150  2 27 18  7  4  4  4  9  90.52 98  0.03
37 611142527231720132010 7 3113  9  6  7  5  7  4  3  2  50.21 96  0.03
37 6121426 1 3 3 0 7 7 71710 53  2  2  0  3  3  3  6  4  30.10134  0.03
37 6131426 21027304350372717240  4 12 15 32 48 22 12  6 191.05166  0.03
37 6141426 32730371020131727180 12 15 22  4  7  5  6 12 100.63185  0.03
37 6151426 42317331720 71020147  9  6 18  6  7  3  4  7  80.42191  0.03
37 6161426 53733201320273027207 22 18  7  5  7 12 15 12 120.73174  0.03
37 6171426 64030333030203023237 27 15 18 15 15  7 15  9 150.94190  0.03
37 6181426 72720302027272320193 12  7 15  7 12 12  9  7 100.63194  0.03
37 6191426 817201310 3101713103  6  7  5  4  2  4  6  5  50.21185  0.03
37 6201426 93343432033305040293 18 32 32  7 18 15 48 27 251.26183  0.03
37 621142610373317 7 3173023167 22 18  6  3  2  6 15  9 100.63186  0.03
37 6221426112713174340333733243 12  5  6 32 27 18 22 18 181.05199  0.03
37 623142612231713102313 713120  9  6  5  4  9  5  3  5  60.31163  0.03
37 6241426132023332037403723233  7  9 18  7 22 27 22  9 150.94133  0.03
37 6251426143033202723231723197 15 18  7 12  9  9  6  9 110.63108  0.03
37 62614261520131313 3 3 3 0 70  7  5  5  5  2  2  2  0  40.10116  0.03
37 6271426162333274043535347320  9 18 12 27 32 56 56 39 311.36 91  0.03
37 6281426173030333723231723217 15 15 18 22  9  9  6  9 130.73 80  0.03
37 629142618332317172017 720153 18  9  6  6  7  6  3  7  80.42 80  0.03
37 630142619172017 710 32717117  6  7  6  3  4  2 12  6  60.31 93  0.03
37 7 11426203020231733132720183 15  7  9  6 18  5 12  7 100.63 69  0.03
37 7 2142621172013 7 7202320127  6  7  5  3  3  7  9  7  60.31 91  0.03
37 7 314262213172713 7 0 013 90  5  6 12  5  3  0  0  5  40.21 74  0.03
37 7 41426231710 3 717 71013 83  6  4  2  3  6  3  4  5  40.10 65  0.03
37 7 51426242727172327272323193 12 12  6  9 12 12  9  9 100.63 91  0.03
37 7 614262537 3103337373033220 22  2  4 18 22 22 15 18 150.94108  0.03
37 7 71426263733402320202320217 22 18 27  9  7  7  9  7 130.84143  0.03
37 7 8142627 7 7 71313131713 90  3  3  3  5  5  5  6  5  40.21185  0.03
37 7 91427 11020132350302040207  4  7  5  9 48 15  7 27 150.94181  0.03
37 7101427 250402713 7 3 0 7147 48 27 12  5  3  2  0  3 120.73192  0.03
37 7111427 3 713101033373340183  3  5  4  4 18 22 18 27 130.73202  0.03
37 7121427 440201710 3 310 3107 27  7  6  4  2  2  4  2  70.31223  0.03
37 7131427 5 310 3 720 71037 97  2  4  2  3  7  3  4 22  60.31188  0.03
37 7141427 62333434050535023317  9 18 32 27 48 56 48  9 311.36215  0.03
37 7151427 73027272320303023210 15 12 12  9  7 15 15  9 120.73204  0.03
37 7161427 81317 71023271713127  5  6  3  4  9 12  6  5  60.31180  0.03
37 7171427 9232330 710132020147  9  9 15  3  4  5  7  7  70.42152  0.03
37 71814271010 7 3 310132327 97  4  3  2  2  4  5  9 12  50.21167  0.03
37 7191427111010131040436030217  4  4  5  4 27 32 80 15 211.15155  0.03
37 7201427124050373323202330257 27 48 22 18  9  7  9 15 191.05149  0.03
37 7211427132723272727132327193 12  9 12 12 12  5  9 12 100.63150  0.03
37 7221427144043575033304347343 27 32 67 48 18 15 32 39 351.46145  0.03
37 7231427153033303027434740280 15 18 15 15 12 32 39 27 221.15139  0.03
37 7241427166053473330274037327 80 56 39 18 15 12 27 22 341.36126  0.03
37 7251427174743272737374030287 39 32 12 12 22 22 27 15 231.15124  0.03
37 72614271830303020302710 7183 15 15 15  7 15 12  4  3 110.63115  0.03
37 7271427191310171313131313107  5  4  6  5  5  5  5  5  50.21143  0.03
37 728142720171317 7 7 71010 87  6  5  6  3  3  3  4  4  40.10124  0.03
37 729142721 310 3 3 3101317 63  2  4  2  2  2  4  5  6  30.10128  0.03
37 73014272210102010232310 7113  4  4  7  4  9  9  4  3  60.21139  0.03
37 731142723 3 310 710231720 93  2  2  4  3  4  9  6  7  50.21131  0.03
37 8 11427242320171717232330170  9  7  6  6  6  9  9 15  80.52176  0.03
37 8 21427254060635057473330380 27 80 94 48 67 39 18 15 481.67180  0.03
37 8 31427262023302330202753227  7  9 15  9 15  7 12 56 160.94207  0.03
37 8 41427276340433320203010260 94 27 32 18  7  7 15  4 261.26197  0.03
37 8 51428 13713131010172320143 22  5  5  4  4  6  9  7  80.42205  0.03
37 8 61428 22023201717232337180  7  9  7  6  6  9  9 22  90.52176  0.03
37 8 71428 33030273023131713183 15 15 12 15  9  5  6  5 100.63135  0.03
37 8 81428 413271310 3 3 3 3 77  5 12  5  4  2  2  2  2  40.10154  0.03
37 8 91428 5 713131313171010 97  3  5  5  5  5  6  4  4  50.21173  0.03
37 8101428 6 7201313 71313 3 90  3  7  5  5  3  5  5  2  40.21183  0.03
37 8111428 7 7 7 713 3 71723 83  3  3  3  5  2  3  6  9  40.10140  0.03
37 8121428 8171717 3 7 717 7 90  6  6  6  2  3  3  6  3  40.21144  0.03
37 8131428 9131710 3 710 7 7 73  5  6  4  2  3  4  3  3  40.10114  0.03
37 81414281013 717 3 3 31727 90  5  3  6  2  2  2  6 12  50.21124  0.03
37 8151428112730271320 7 710140 12 15 12  5  7  3  3  4  80.42128  0.03
37 816142812 3 3 710 3 3 310 43  2  2  3  4  2  2  2  4  30.00119  0.03
37 817142813 713 7131010 310 73  3  5  3  5  4  4  2  4  40.10 75  0.03
37 81814281413 713 7 7 717 3 73  5  3  5  3  3  3  6  2  40.10 82  0.03
37 81914281513 710 3 7231020 93  5  3  4  2  3  9  4  7  50.21 88  0.03
37 82014281613 010 3 31017 7 63  5  0  4  2  2  4  6  3  30.10 96  0.03
37 82114281717171713 7 7 323103  6  6  6  5  3  3  2  9  50.21 80  0.03
37 8221428181360807757304323383  5 80207179 67 15 32  9 741.87103  0.03
37 823142819271017 713 71010100 12  4  6  3  5  3  4  4  50.21139  0.03
37 824142820 7 3 3 3 3 3 7 3 33  3  2  2  2  2  2  3  2  20.00150  0.03
37 825142821 013 7 0 7 313 3 47  0  5  3  0  3  2  5  2  20.00137  0.03
37 8261428221717201313102017127  6  6  7  5  5  4  7  6  60.31144  0.03
37 8271428232333231723433337233  9 18  9  6  9 32 18 22 150.94143  0.03
37 8281428243020203740201020197 15  7  7 22 27  7  4  7 120.73130  0.03
37 82914282530371723 3 7 710133 15 22  6  9  2  3  3  4  80.42110  0.03
37 83014282620 710 3 0 3 0 0 43  7  3  4  2  0  2  0  0  20.00109  0.03
37 83114282710 3 71310 3 310 60  4  2  3  5  4  2  2  4  30.10128  0.03
37 9 11429 11313201730372333187  5  5  7  6 15 22  9 18 110.63108  0.03
37 9 21429 22310 7 7 7 3 3 0 60  9  4  3  3  3  2  2  0  30.10106  0.03
37 9 31429 310131717 7 3 313 83  4  5  6  6  3  2  2  5  40.10124  0.03
37 9 41429 41330271017131713140  5 15 12  4  6  5  6  5  70.42 82  0.03
37 9 51429 53733272320 71010167 22 18 12  9  7  3  4  4 100.63 79  0.03
37 9 61429 61317101323231717133  5  6  4  5  9  9  6  6  60.31 85  0.03
37 9 71429 71717202013131713130  6  6  7  7  5  5  6  5  60.31101  0.03
37 9 81429 81310 31010132013 93  5  4  2  4  4  5  7  5  40.21104  0.03
37 9 91429 910231310 713 717100  4  9  5  4  3  5  3  6  50.21119  0.03
37 9101429101320171310234360200  5  7  6  5  4  9 32 80 181.05119  0.03
37 9111429115757433333301713283 67 67 32 18 18 15  6  5 281.26110  0.03
37 912142912 310 713 7 31013 67  2  4  3  5  3  2  4  5  40.10100  0.03
37 9131429132317332723202030193  9  6 18 12  9  7  7 15 100.63110  0.03
37 9141429142037334020171720203  7 22 18 27  7  6  6  7 120.73101  0.03
37 9151429153323232017 31013143 18  9  9  7  6  2  4  5  80.42 99  0.03
37 916142916 723332013203020167  3  9 18  7  5  7 15  7  90.52 76  0.03
37 9171429172340301723203010193  9 27 15  6  9  7 15  4 120.73 58  0.03
37 9181429182727 7 7 3302733160 12 12  3  3  2 15 12 18 100.52 82  0.03
37 9191429193730 3 720 310 3113 22 15  2  3  7  2  4  2  70.42 88  0.03
37 920142920 3 0 3 3 7 3 727 53  2  0  2  2  3  2  3 12  30.10 88  0.03
37 9211429214030 7 3 7 31723130 27 15  3  2  3  2  6  9  80.52 73  0.03
37 92214292213 7132720171313123  5  3  5 12  7  6  5  5  60.31102  0.03
37 9231429232317132013131730147  9  6  5  7  5  5  6 15  70.42128  0.03
37 924142924304337202013 717187 15 32 22  7  7  5  3  6 120.73120  0.03
37 9251429252017 7 7 3 7 310 73  7  6  3  3  2  3  2  4  40.10127  0.03
37 92614292613 7302723231013147  5  3 15 12  9  9  4  5  80.42104  0.03
37 92714292730133317172020 3153 15  5 18  6  6  7  7  2  80.42 80  0.03
37 9281430 1 320231317131310113  2  7  9  5  6  5  5  4  50.21101  0.03
37 9291430 21310 7 7 3 3 0 0 43  5  4  3  3  2  2  0  0  20.00126  0.03
37 9301430 3 0 3 71740536760247  0  2  3  6 27 56111 80 361.46121  0.03
3710 11430 45343503327334330313 56 32 48 18 12 18 32 15 291.36131  0.03
3710 21430 530203320 7 3 7 0120 15  7 18  7  3  2  3  0  70.31170  0.03
3710 31430 62327203743404353287  9 12  7 22 32 27 32 56 251.26214  0.03
3710 41430 77073774033373033393132154179 27 18 22 15 18 711.87206  0.03
3710 51430 82313131030271023150  9  5  5  4 15 12  4  9  80.42175  0.03
3710 61430 92023203330272313190  7  9  7 18 15 12  9  5 100.63182  0.03
3710 71430102740402740373743290 12 27 27 12 27 22 22 32 231.15173  0.03
3710 81430115767503323472317317 67111 48 18  9 39  9  6 381.46157  0.03
3710 9143012 313333763635743313  2  5 18 22 94 94 67 32 421.57153  0.03
3710101430134747605740272340340 39 39 80 67 27 12  9 27 381.46161  0.03
3710111430142730334070605340353 12 15 18 27132 80 56 27 461.57148  0.03
3710121430153317435030175353297 18  6 32 48 15  6 56 56 301.36137  0.03
371013143016372733333730 7 3207 22 12 18 18 22 15  3  2 140.84142  0.03
37101414301713473730201717 7187  5 39 22 15  7  6  6  3 130.73138  0.03
3710151430181020404340275020250  4  7 27 32 27 12 48  7 201.05113  0.03
37101614301917 3302320232017153  6  2 15  9  7  9  7  6  80.42127  0.03
371017143020172013 7 3101017 97  6  7  5  3  2  4  4  6  50.21127  0.03
3710181430212717172313 0 713117 12  6  6  9  5  0  3  5  60.31121  0.03
371019143022 7 7 723231023 7107  3  3  3  9  9  4  9  3  50.21114  0.03
371020143023 3 3 3 010 0 0 0 20  2  2  2  0  4  0  0  0  10.00 89  0.03
371021143024 3 3202320202023133  2  2  7  9  7  7  7  9  60.31 72  0.03
3710221430251020233333233337213  4  7  9 18 18  9 18 22 130.84 58  0.03
3710231430263333434037433763330 18 18 32 27 22 32 22 94 331.36 63  0.03
3710241430276323334347403740327 94  9 18 32 39 27 22 27 341.36 75  0.03
3710251431 13330302337332023230 18 15 15  9 22 18  7  9 140.84 69  0.03
3710261431 23350504030404037320 18 48 48 27 15 27 27 22 291.36 59  0.03
3710271431 32737404043372730280 12 22 27 27 32 22 12 15 211.15 58  0.03
3710281431 43027333023303040243 15 12 18 15  9 15 15 27 160.94104  0.03
3710291431 52323231013271717153  9  9  9  4  5 12  6  6  80.42 90  0.03
3710301431 627 71710 3 010 7 80 12  3  6  4  2  0  4  3  40.10113  0.03
3710311431 717 7131317 317 7 93  6  3  5  5  6  2  6  3  40.21133  0.03
3711 11431 8 0 0 71013101313 67  0  0  3  4  5  4  5  5  30.10104  0.03
3711 21431 933302327 7132320177 18 15  9 12  3  5  9  7 100.52115  0.03
3711 314311020132710 0 3 7 3 83  7  5 12  4  0  2  3  2  40.21105  0.03
3711 4143111 0 320 713 7 0 0 50  0  2  7  3  5  3  0  0  20.00 67  0.03
3711 5143112 0172010 7 710 3 73  0  6  7  4  3  3  4  2  40.10 68  0.03
3711 6143113 3 31010 7 3 3 7 47  2  2  4  4  3  2  2  3  30.00 49  0.03
3711 71431141323171713273033173  5  9  6  6  5 12 15 18 100.52 34  0.03
3711 81431154733232323303337250 39 18  9  9  9 15 18 22 170.94 47  0.03
3711 91431163030373043271020227 15 15 22 15 32 12  4  7 150.94 68  0.03
371110143117131310132323 010107  5  5  4  5  9  9  0  4  50.21 85  0.03
3711111431181020173723173327183  4  7  6 22  9  6 18 12 100.63 79  0.03
3711121431193027202713132723180 15 12  7 12  5  5 12  9 100.52 83  0.03
371113143120 7171713 3202310110  3  6  6  5  2  7  9  4  50.21100  0.03
371114143121172310202010 0 3103  6  9  4  7  7  4  0  2  50.21106  0.03
371115143122 0 0 0 7 3 0 7 0 17  0  0  0  3  2  0  3  0  10.00 74  0.03
371116143123 3 0 0 0 0 0 0 0  3  2  0  0  0  0  0  0  0  00.00 69  0.03
371117143124 710231310201717117  3  4  9  5  4  7  6  6  60.21 93  0.03
3711181431253047334743404343327 15 39 18 39 32 27 32 32 291.36 90  0.03
3711191431262720374747433027277 12  7 22 39 39 32 15 12 221.15 74  0.03
3711201431272330403743402023257  9 15 27 22 32 27  7  9 181.05 82  0.03
3711211432 12330232733203027213  9 15  9 12 18  7 15 12 120.73 62  0.03
3711221432 22733335037404030290 12 18 18 48 22 27 27 15 231.15 62  0.03
3711231432 33337373740403733293 18 22 22 22 27 27 22 18 221.15 59  0.03
3711241432 42737403040203323250 12 22 27 15 27  7 18  9 170.94 50  0.03
3711251432 523 0231713132017127  9  0  9  6  5  5  7  6  60.31 61  0.03
3711261432 6131717 3 013 013 77  5  6  6  2  0  5  0  5  40.10 70  0.03
3711271432 7 3 0 3 713173033107  2  0  2  3  5  6 15 18  60.31 96  0.03
3711281432 82337403340332733267  9 22 27 18 27 18 12 18 191.05 64  0.03
3711291432 93720274340435733300 22  7 12 32 27 32 67 18 271.26 68  0.03
3711301432102337303740475350317  9 22 15 22 27 39 56 48 301.36 47  0.03
3712 114321150434330272327 3247 48 32 32 15 12  9 12  2 201.05 14  0.03
3712 21432123037402717131013187 15 22 27 12  6  5  4  5 120.73 33  0.03
3712 31432131720271323 31717137  6  7 12  5  9  2  6  6  70.31 34  0.03
3712 414321420171317 7 3 7 7 90  7  6  5  6  3  2  3  3  40.21 29  0.03
3712 5143215 0 3 7 3 71720 7 63  0  2  3  2  3  6  7  3  30.10 54  0.03
3712 61432162030 32323171723157  7 15  2  9  9  6  6  9  80.42 50  0.03
3712 71432172027333020373720223  7 12 18 15  7 22 22  7 140.84 67  0.03
3712 81432182730171730332323200 12 15  6  6 15 18  9  9 110.63 49  0.03
3712 91432192727 71310172323147 12 12  3  5  4  6  9  9  80.42 56  0.03
3712101432202723201733232327193 12  9  7  6 18  9  9 12 100.63 56  0.03
3712111432213040373033172017223 15 27 22 15 18  6  7  6 140.84 72  0.03
371212143222271710 3 3 710 3 80 12  6  4  2  2  3  4  2  40.21 70  0.03
371213143223 3 71320 3 3 7 7 63  2  3  5  7  2  2  3  3  30.10107  0.03
371214143224 3 713 0 3 7 0 3 37  2  3  5  0  2  3  0  2  20.00112  0.03
371215143225 0 0 31717 7 7 0 50  0  0  2  6  6  3  3  0  20.00141  0.03
3712161432261713 0 0 0 0 3 3 37  6  5  0  0  0  0  2  2  20.00155  0.03
371217143227 0 3 013 720 3 7 53  0  2  0  5  3  7  2  3  30.00115  0.03
3712181433 11330273333474337263  5 15 12 18 18 39 32 22 201.05109  0.03
3712191433 23730434030434327293 22 15 32 27 15 32 32 12 231.15124  0.03
3712201433 32737273030403723250 12 22 12 15 15 27 22  9 170.94107  0.03
3712211433 4232013 3 3232323133  9  7  5  2  2  9  9  9  60.31 86  0.03
3712221433 52023372730201717190  7  9 22 12 15  7  6  6 100.63 90  0.03
3712231433 62723374363575013313 12  9 22 32 94 67 48  5 361.46107  0.03
3712241433 713 710 310404733163  5  3  4  2  4 27 39 18 130.73116  0.03
3712251433 81723303327 31027170  6  9 15 18 12  2  4 12 100.52124  0.03
3712261433 9304033373723 7 7213 15 27 18 22 22  9  3  3 150.84114  0.03
37122714331017131710 0 0 0 0 57  6  5  6  4  0  0  0  0  30.00125  0.03
371228143311 0 7 7 71710 010 57  0  3  3  3  6  4  0  4  30.10103  0.03
3712291433122013 3 0 3 3 3 7 53  7  5  2  0  2  2  2  3  30.10111  0.03
371230143313 3 0 7232010 313 80  2  0  3  9  7  4  2  5  40.10110  0.03
3712311433141313 7 330303333163  5  5  3  2 15 15 18 18 100.63112  0.03
