39 1 11447 210 713101010 0 7 67  4  3  5  4  4  4  0  3  30.10 41  0.03
39 1 21447 3 317132017 710 7 93  2  6  5  7  6  3  4  3  40.21 42  0.03
39 1 31447 41717131013 3 3 3 80  6  6  5  4  5  2  2  2  40.10 60  0.03
39 1 41447 5 01010 3 0 71013 53  0  4  4  2  0  3  4  5  30.00 76  0.03
39 1 51447 61733172027232333193  6 18  6  7 12  9  9 18 110.63 58  0.03
39 1 61447 72013101717232727153  7  5  4  6  6  9 12 12  80.42 90  0.03
39 1 71447 82317132717172723163  9  6  5 12  6  6 12  9  80.42 68  0.03
39 1 81447 93033171713133323180 15 18  6  6  5  5 18  9 100.63 78  0.03
39 1 91447102327373017172030200  9 12 22 15  6  6  7 15 120.73 55  0.03
39 1101447112033202330202320190  7 18  7  9 15  7  9  7 100.63134  0.03
39 1111447122020171720202730170  7  7  6  6  7  7 12 15  80.52118  0.03
39 1121447132020201023101013127  7  7  7  4  9  4  4  5  60.31111  0.03
39 1131447141013 0101713 013 77  4  5  0  4  6  5  0  5  40.10103  0.03
39 1141447153327132330301037203 18 12  5  9 15 15  4 22 120.73 84  0.03
39 115144716103023231717 7 7133  4 15  9  9  6  6  3  3  70.31 86  0.03
39 11614471713 0 71710203027123  5  0  3  6  4  7 15 12  60.31 55  0.03
39 1171447184340273333132323237 32 27 12 18 18  5  9  9 160.94 71  0.03
39 1181447192730331010 7 323143 12 15 18  4  4  3  2  9  80.52 63  0.03
39 1191447201013171310 71727113  4  5  6  5  4  3  6 12  60.31 70  0.03
39 12014472130333023 3132317173 15 18 15  9  2  5  9  6 100.63 74  0.03
39 1211447222317202037333713200  9  6  7  7 22 18 22  5 120.73 86  0.03
39 1221447231020201317173740173  4  7  7  5  6  6 22 27 100.63 83  0.03
39 1231447242733233030201710190 12 18  9 15 15  7  6  4 110.63 77  0.03
39 1241447251033301313 3 720130  4 18 15  5  5  2  3  7  70.42 90  0.03
39 1251447262323201713 0 710113  9  9  7  6  5  0  3  4  50.21102  0.03
39 126144727 0 0 3 7 7 0 0 0 17  0  0  2  3  3  0  0  0  10.00 86  0.03
39 1271448 1 0 0 3 0 3 3 0 0 10  0  0  2  0  2  2  0  0  10.00102  0.03
39 1281448 2 0 7 3 710202020 87  0  3  2  3  4  7  7  7  40.10103  0.03
39 1291448 33013 3 7 0 0 310 67 15  5  2  3  0  0  2  4  40.10 72  0.03
39 1301448 41013171013 7 7 7 83  4  5  6  4  5  3  3  3  40.10 76  0.03
39 1311448 5 327102313 7 3 3 90  2 12  4  9  5  3  2  2  50.21 76  0.03
39 2 11448 62010101730304040197  7  4  4  6 15 15 27 27 130.84 79  0.03
39 2 21448 74737272023334040267 39 22 12  7  9 18 27 27 201.05 90  0.03
39 2 31448 82333232320172733200  9 18  9  9  7  6 12 18 110.63 97  0.03
39 2 41448 92727233727 71313173 12 12  9 22 12  3  5  5 100.63 67  0.03
39 2 51448101720202723204037203  6  7  7 12  9  7 27 22 120.73 56  0.03
39 2 61448113040435353535350377 15 27 32 56 56 56 56 48 431.57 82  0.03
39 2 71448124747333340273020277 39 39 18 18 27 12 15  7 221.15 76  0.03
39 2 81448132010 71317132030130  7  4  3  5  6  5  7 15  60.31 85  0.03
39 2 91448142017102723233337190  7  6  4 12  9  9 18 22 110.63 64  0.03
39 2101448153333202033373027233 18 18  7  7 18 22 15 12 150.84 44  0.03
39 2111448164347273020 710 3187 32 39 12 15  7  3  4  2 140.84 49  0.03
39 212144817 7 3 7 310 7 0 0 37  3  2  3  2  4  3  0  0  20.00 73  0.03
39 213144818 3 0 7 3 3102330 80  2  0  3  2  2  4  9 15  50.21 86  0.03
39 2141448191713271720172313147  6  5 12  6  7  6  9  5  70.42 76  0.03
39 2151448203333272333302013213 18 18 12  9 18 15  7  5 130.73 56  0.03
39 2161448212340372333332030240  9 27 22  9 18 18  7 15 160.94 62  0.03
39 2171448221730333033373323237  6 15 18 15 18 22 18  9 150.94 62  0.03
39 2181448233013372320301733203 15  5 22  9  7 15  6 18 120.73 61  0.03
39 2191448242733332330173017210 12 18 18  9 15  6 15  6 120.73 62  0.03
39 2201448252030 7 713271313130  7 15  3  3  5 12  5  5  70.31 82  0.03
39 2211448261323 0 7 0 0 0 0 43  5  9  0  3  0  0  0  0  20.00 92  0.03
39 222144827 0 01317131013 7 73  0  0  5  6  5  4  5  3  40.10 96  0.03
39 2231449 12720 71023102027143 12  7  3  4  9  4  7 12  70.42 98  0.03
39 2241449 22737202733607073347 12 22  7 12 18 80132154 551.67 93  0.03
39 2251449 37357676057504043447154 67111 80 67 48 27 32 731.87112  0.03
39 2261449 4171710 7 7131327110  6  6  4  3  3  5  5 12  60.21 74  0.03
39 2271449 5 7 7 7 72313 7 7 77  3  3  3  3  9  5  3  3  40.10101  0.03
39 2281449 61020201720402327177  4  7  7  6  7 27  9 12 100.63 92  0.03
39 3 11449 72727303737403350280 12 12 15 22 22 27 18 48 221.15102  0.03
39 3 21449 85357374033132023277 56 67 22 27 18  5  7  9 261.26 92  0.03
39 3 31449 92337333333372747270  9 22 18 18 18 22 12 39 201.05 70  0.03
39 3 41449105050373037274043313 48 48 22 15 22 12 27 32 281.26 75  0.03
39 3 51449113320203023303733227 18  7  7 15  9 15 22 18 140.84 60  0.03
39 3 61449123030333330332727243 15 15 18 18 15 18 12 12 150.94 52  0.03
39 3 71449133327 71313101023137 18 12  3  5  5  4  4  9  80.42 52  0.03
39 3 81449143043373020173017223 15 32 22 15  7  6 15  6 150.84 44  0.03
39 3 91449152737503730273017253 12 22 48 22 15 12 15  6 191.05 61  0.03
39 3101449163323171330202030187 18  9  6  5 15  7  7 15 100.63 47  0.03
39 3111449171017333023402030203  4  6 18 15  9 27  7 15 130.73 49  0.03
39 3121449183330232720303330227 18 15  9 12  7 15 18 15 140.84 55  0.03
39 3131449192313273323 7 0 7133  9  5 12 18  9  3  0  3  70.42 55  0.03
39 314144920 713203327231020153  3  5  7 18 12  9  4  7  80.42 46  0.03
39 315144921 727303327432727220  3 12 15 18 12 32 12 12 140.84 58  0.03
39 3161449224343374037303333297 32 32 22 27 22 15 18 18 231.15 55  0.03
39 3171449233740371020233010207 22 27 22  4  7  9 15  4 140.84 83  0.03
39 31814492423131320 7 7 0 3 87  9  5  5  7  3  3  0  2  40.10112  0.03
39 319144925 3 710 3 3 32320 73  2  3  4  2  2  2  9  7  40.10133  0.03
39 320144926403713131323 3 7150 27 22  5  5  5  9  2  3 100.52112  0.03
39 321144927 327475027304713243  2 12 39 48 12 15 39  5 221.15 89  0.03
39 3221450 13043404040434037313 15 32 27 27 27 32 27 22 261.26 77  0.03
39 3231450 24337273730403043287 32 22 12 22 15 27 15 32 221.15 74  0.03
39 3241450 32323272030201730190  9  9 12  7 15  7  6 15 100.63 66  0.03
39 3251450 41727201717 71030143  6 12  7  6  6  3  4 15  70.42 48  0.03
39 3261450 53027232317173333203 15 12  9  9  6  6 18 18 120.73 49  0.03
39 3271450 64340273013275350283 32 27 12 15  5 12 56 48 261.26 41  0.03
39 3281450 73740333753636367393 22 27 18 22 56 94 94111 561.67 35  0.03
39 3291450 85763606057535753460 67 94 80 80 67 56 67 56 711.87 41  0.03
39 3301450 94340373333435350333 32 27 22 18 18 32 56 48 321.36 36  0.03
39 3311450104343233330303040273 32 32  9 18 15 15 15 27 201.05 35  0.03
39 4 11450114047403033404743320 27 39 27 15 18 27 39 32 281.26 34  0.03
39 4 21450123740202330333343260 22 27  7  9 15 18 18 32 181.05 85  0.03
39 4 31450132733403327233030243 12 18 27 18 12  9 15 15 160.94 83  0.03
39 4 41450143333302017205040243 18 18 15  7  6  7 48 27 181.05 82  0.03
39 4 51450154043373340202013247 27 32 22 18 27  7  7  5 181.05 74  0.03
39 4 6145016 7303717171013 3133  3 15 22  6  6  4  5  2  80.42 70  0.03
39 4 714501710132013172310 7113  4  5  7  5  6  9  4  3  50.21 63  0.03
39 4 81450181023201320234030180  4  9  7  5  7  9 27 15 100.63 86  0.03
39 4 91450193323202030303733227 18  9  7  7 15 15 22 18 140.84 89  0.03
39 4101450205343504350404753380 56 32 48 32 48 27 39 56 421.57 98  0.03
39 4111450215033334730474340323 48 18 18 39 15 39 32 27 301.36102  0.03
39 4121450223347373333132027243 18 39 22 18 18  5  7 12 170.94100  0.03
39 4131450232720401723172013177 12  7 27  6  9  6  7  5 100.63112  0.03
39 4141450242327172323272323187  9 12  6  9  9 12  9  9  90.52126  0.03
39 4151450251020171717101010110  4  7  6  6  6  4  4  4  50.21121  0.03
39 416145026 71010 7 3 3 330 73  3  4  4  3  2  2  2 15  40.21141  0.03
39 4171450275773806777736763557 67154207111179154111 941351.98109  0.03
39 4181451 12323604057535047353  9  9 80 27 67 56 48 39 421.57102  0.03
39 4191451 24040472757675040367 27 27 39 12 67111 48 27 451.57 94  0.03
39 4201451 34340503737433330313 32 27 48 22 22 32 18 15 271.26125  0.03
39 4211451 44037403337433733300 27 22 27 18 22 32 22 18 241.15125  0.03
39 4221451 54030 31737404733247 27 15  2  6 22 27 39 18 201.05115  0.03
39 4231451 63770776363676037473 22132179 94 94111 80 22 921.98152  0.03
39 4241451 73323202313708773343 18  9  7  9  5132300154 791.87151  0.03
39 4251451 87353534753504747423154 56 56 39 56 48 39 39 611.77134  0.03
39 4261451 9433010 310171013137 32 15  4  2  4  6  4  5  90.52134  0.03
39 427145110 7 71013 720 760130  3  3  4  5  3  7  3 80 140.84146  0.03
39 4281451114340302027232733243 32 27 15  7 12  9 12 18 160.94145  0.03
39 4291451122337303327303027237  9 22 15 18 12 15 15 12 150.84136  0.03
39 43014511320 710 723273713143  7  3  4  3  9 12 22  5  80.42140  0.03
39 5 11451142013336067476363367  7  5 18 80111 39 94 94 561.67163  0.03
39 5 21451156053634743433740387 80 56 94 39 32 32 22 27 481.67157  0.03
39 5 31451164737433727333730290 39 22 32 22 12 18 22 15 231.15119  0.03
39 5 41451172723172710231710153 12  9  6 12  4  9  6  4  80.42141  0.03
39 5 51451182033333023336050283  7 18 18 15  9 18 80 48 271.26124  0.03
39 5 61451194033333757504760357 27 18 18 22 67 48 39 80 401.46115  0.03
39 5 71451206760575040403340387111 80 67 48 27 27 18 27 511.67133  0.03
39 5 81451215743503747304037340 67 32 48 22 39 15 27 22 341.36105  0.03
39 5 91451224057374333372023290 27 67 22 32 18 22  7  9 261.26103  0.03
39 5101451232320201317372010160  9  7  7  5  6 22  7  4  80.52128  0.03
39 5111451241720133023 710 3123  6  7  5 15  9  3  4  2  60.31101  0.03
39 5121451251017171320131317120  4  6  6  5  7  5  5  6  60.21142  0.03
39 513145126 317332330171323160  2  6 18  9 15  6  5  9  90.52121  0.03
39 514145127 71017 717131713100  3  4  6  3  6  5  6  5  50.21148  0.03
39 5151452 12027302030231723190  7 12 15  7 15  9  6  9 100.63139  0.03
39 5161452 23347504027172017250 18 39 48 27 12  6  7  6 201.05118  0.03
39 5171452 32017232020274033200  7  6  9  7  7 12 27 18 120.73 93  0.03
39 5181452 43330202023271733203 18 15  7  7  9 12  6 18 120.73 79  0.03
39 5191452 533403313 7132733200 18 27 18  5  3  5 12 18 130.84 79  0.03
39 5201452 64047373023231723240 27 39 22 15  9  9  6  9 170.94 68  0.03
39 5211452 72317172333434343243  9  6  6  9 18 32 32 32 181.05 87  0.03
39 5221452 84740474730332353320 39 27 39 39 15 18  9 56 301.36 85  0.03
39 5231452 93337403027334753300 18 22 27 15 12 18 39 56 261.26 93  0.03
39 5241452105350301730404743310 56 48 15  6 15 27 39 32 301.36106  0.03
39 5251452114347303027504047313 32 39 15 15 12 48 27 39 281.26107  0.03
39 5261452124340373030403327280 32 27 22 15 15 27 18 12 211.15 97  0.03
39 5271452133030172013103040190 15 15  6  7  5  4 15 27 120.73104  0.03
39 5281452145343433020102037257 56 32 32 15  7  4  7 22 221.15138  0.03
39 5291452154347534347404333350 32 39 56 32 39 27 32 18 341.46172  0.03
39 5301452161317172720 7 710117  5  6  6 12  7  3  3  4  60.31157  0.03
39 53114521717232310 3 31327120  6  9  9  4  2  2  5 12  60.31146  0.03
39 6 11452182017131337473727210  7  6  5  5 22 39 22 12 150.84129  0.03
39 6 21452194047333037403330290 27 39 18 15 22 27 18 15 231.15120  0.03
39 6 31452202730333737302723243 12 15 18 22 22 15 12  9 160.94113  0.03
39 6 41452213337332740372723257 18 22 18 12 27 22 12  9 181.05 97  0.03
39 6 51452222330332733271323210  9 15 18 12 18 12  5  9 120.73104  0.03
39 6 61452232023201010131017123  7  9  7  4  4  5  4  6  60.31124  0.03
39 6 7145224171013 71713 7 3 87  6  4  5  3  6  5  3  2  40.10127  0.03
39 6 8145225171713 7171313 3100  6  6  5  3  6  5  5  2  50.21113  0.03
39 6 9145226 713101010 3 020 73  3  5  4  4  4  2  0  7  40.10116  0.03
39 610145227303013172313 710143 15 15  5  6  9  5  3  4  80.42104  0.03
39 6111453 11013172317 71020117  4  5  6  9  6  3  4  7  60.21119  0.03
39 6121453 2172017101710 317110  6  7  6  4  6  4  2  6  50.21102  0.03
39 6131453 32727232023333740230 12 12  9  7  9 18 22 27 140.84107  0.03
39 6141453 45753677047433740413 67 56111132 39 32 22 27 611.77112  0.03
39 6151453 53030272030232030210 15 15 12  7 15  9  7 15 120.73101  0.03
39 6161453 64347536730302013303 32 39 56111 15 15  7  5 351.46 97  0.03
39 6171453 71310 7 3 7102033103  5  4  3  2  3  4  7 18  60.31 92  0.03
39 6181453 83337333337333340280 18 22 18 18 22 18 18 27 201.05 91  0.03
39 6191453 93740403033332340277 22 27 27 15 18 18  9 27 201.05 89  0.03
39 6201453104337372733202023240 32 22 22 12 18  7  7  9 160.94 56  0.03
39 6211453113740403030334030280 22 27 27 15 15 18 27 15 211.15 68  0.03
39 6221453122737332313232023200 12 22 18  9  5  9  7  9 110.73 68  0.03
39 6231453133330233330233030233 18 15  9 18 15  9 15 15 140.84 65  0.03
39 6241453143330201320171327173 18 15  7  5  7  6  5 12  90.52 74  0.03
39 625145315172017 717101017113  6  7  6  3  6  4  4  6  50.21 61  0.03
39 6261453162327202013174740207  9 12  7  7  5  6 39 27 140.84 84  0.03
39 6271453173333334733331720250 18 18 18 39 18 18  6  7 181.05109  0.03
39 6281453181020172033403743220  4  7  6  7 18 27 22 32 150.94137  0.03
39 6291453193050403740432020280 15 48 27 22 27 32  7  7 231.15134  0.03
39 6301453203727334030272733253 22 12 18 27 15 12 12 18 170.94118  0.03
39 7 11453212320333727171723197  9  7 18 22 12  6  6  9 110.63103  0.03
39 7 21453222730332023232323203 12 15 18  7  9  9  9  9 110.63 97  0.03
39 7 31453233340405067505730367 18 27 27 48111 48 67 15 451.57112  0.03
39 7 41453243330202343536367333 18 15  7  9 32 56 94111 431.57128  0.03
39 7 51453255363636767736347497 56 94 94111111154 94 39 941.98130  0.03
39 7 61453264747333710 7 713200 39 39 18 22  4  3  3  5 170.94122  0.03
39 7 714532710 3 3 310 310 3 47  4  2  2  2  4  2  4  2  30.00151  0.03
39 7 81454 110 3 0 713173013 93  4  2  0  3  5  6 15  5  50.21167  0.03
39 7 91454 22710 3 7 7 7 3 7 70 12  4  2  3  3  3  2  3  40.10130  0.03
39 7101454 3201310 3 7 7 7 3 70  7  5  4  2  3  3  3  2  40.10143  0.03
39 7111454 4 310 72347303710167  2  4  3  9 39 15 22  4 120.73131  0.03
39 7121454 5 713132743473027207  3  5  5 12 32 39 15 12 150.94118  0.03
39 7131454 6171713 310132017110  6  6  5  2  4  5  7  6  50.21101  0.03
39 7141454 72030504753432747317  7 15 48 39 56 32 12 39 311.36 97  0.03
39 7151454 84027272727202027213 27 12 12 12 12  7  7 12 130.73 87  0.03
39 7161454 92733333333475340300 12 18 18 18 18 39 56 27 261.26 74  0.03
39 7171454104033432727302333257 27 18 32 12 12 15  9 18 181.05 85  0.03
39 7181454113030232020272317190 15 15  9  7  7 12  9  6 100.63 86  0.03
39 7191454122320231717172350190  9  7  9  6  6  6  9 48 120.73 95  0.03
39 7201454134357504760504043390 32 67 48 39 80 48 27 32 471.57113  0.03
39 7211454142723 35073433033283 12  9  2 48154 32 15 18 361.46106  0.03
39 7221454154347303737332327277 32 39 15 22 22 18  9 12 211.15 96  0.03
39 72314541640232713202013 7163 27  9 12  5  7  7  5  3  90.52 80  0.03
39 7241454172313231333202723177  9  5  9  5 18  7 12  9  90.52 67  0.03
39 72514541823404730201713 7197  9 27 39 15  7  6  5  3 140.84 62  0.03
39 7261454191357574743433333327  5 67 67 39 32 32 18 18 351.46 53  0.03
39 7271454202733301727302033217 12 18 15  6 12 15  7 18 130.73 50  0.03
39 7281454212017332317232023177  7  6 18  9  6  9  7  9  90.52 57  0.03
39 72914542217172023131717 7130  6  6  7  9  5  6  6  3  60.31 71  0.03
39 73014542313271310 313 3 3 87  5 12  5  4  2  5  2  2  50.21 68  0.03
39 7311454241320231013101720127  5  7  9  4  5  4  6  7  60.31 46  0.03
39 8 1145425232313 7 710 710100  9  9  5  3  3  4  3  4  50.21 67  0.03
39 8 2145426 71013 3 0 0 3 0 37  3  4  5  2  0  0  2  0  20.00 78  0.03
39 8 3145427 0 0 3 3 7 3 3 7 27  0  0  2  2  3  2  2  3  20.00 73  0.03
39 8 41455 1 310 310 710 710 60  2  4  2  4  3  4  3  4  30.10 94  0.03
39 8 51455 2 7101010 7101017 80  3  4  4  4  3  4  4  6  40.10 90  0.03
39 8 61455 310 7 7 7 3 7 3 7 50  4  3  3  3  2  3  2  3  30.10112  0.03
39 8 71455 413 7 71013 7 7 3 67  5  3  3  4  5  3  3  2  40.10106  0.03
39 8 81455 513 7 0 3 3132710 77  5  3  0  2  2  5 12  4  40.10141  0.03
39 8 91455 6 0 3 313 3 0 7 3 33  0  2  2  5  2  0  3  2  20.00157  0.03
39 8101455 7 013134727333323190  0  5  5 39 12 18 18  9 130.84151  0.03
39 8111455 8201313 327333057197  7  5  5  2 12 18 15 67 160.94157  0.03
39 8121455 96077736750374757467 80179154111 48 22 39 67 881.87170  0.03
39 8131455106053373733433733333 80 56 22 22 18 32 22 18 341.36159  0.03
39 814145511273733171010 7 7147 12 22 18  6  4  4  3  3  90.52138  0.03
39 815145512 7 7 7 310271317 90  3  3  3  2  4 12  5  6  50.21146  0.03
39 8161455131327333773774757363  5 12 18 22154179 39 67 621.77122  0.03
39 8171455145047373027301710247 48 39 22 15 12 15  6  4 201.05128  0.03
39 8181455151313 71717201323123  5  5  3  6  6  7  5  9  60.31111  0.03
39 81914551610172720234713 7163  4  6 12  7  9 39  5  3 110.63110  0.03
39 8201455171320201317132320140  5  7  7  5  6  5  9  7  60.31104  0.03
39 8211455181313102323131340150  5  5  4  9  9  5  5 27  90.52 94  0.03
39 8221455197777475073707377543179179 39 481541321541791331.98 86  0.03
39 8231455207773676760404037460179154111111 80 27 27 22 891.87 72  0.03
39 8241455214020333033231320213 27  7 18 15 18  9  5  7 130.84 75  0.03
39 8251455223333202323131720183 18 18  7  9  9  5  6  7 100.63 58  0.03
39 8261455231013172320101320127  4  5  6  9  7  4  5  7  60.31 69  0.03
39 8271455242723132330202023180 12  9  5  9 15  7  7  9  90.52 86  0.03
39 8281455251010132717131013113  4  4  5 12  6  5  4  5  60.31 85  0.03
39 8291455263017 713 7 310 0 87 15  6  3  5  3  2  4  0  50.21 69  0.03
39 830145527 0 7101320302317120  0  3  4  5  7 15  9  6  60.31 76  0.03
39 8311456 1 3 3 0 3 7171710 60  2  2  0  2  3  6  6  4  30.10 95  0.03
39 9 11456 2 31010 7 717 3 0 57  2  4  4  3  3  6  2  0  30.10103  0.03
39 9 21456 31017171013202047153  4  6  6  4  5  7  7 39 100.52116  0.03
39 9 31456 46060474730333340350 80 80 39 39 15 18 18 27 401.46124  0.03
39 9 41456 527271017171010 0117 12 12  4  6  6  4  4  0  60.31119  0.03
39 9 51456 6 010 7 3 3 31323 63  0  4  3  2  2  2  5  9  30.10136  0.03
39 9 61456 72717231313102730160 12  6  9  5  5  4 12 15  80.52136  0.03
39 9 71456 83027232020101013153 15 12  9  7  7  4  4  5  80.42114  0.03
39 9 81456 91717103010131317127  6  6  4 15  4  5  5  6  60.31145  0.03
39 9 91456103337534040333333303 18 22 56 27 27 18 18 18 261.26159  0.03
39 9101456113340332040273717247 18 27 18  7 27 12 22  6 170.94168  0.03
39 911145612272327 717131710140 12  9 12  3  6  5  6  4  70.42136  0.03
39 9121456133733332717132033213 22 18 18 12  6  5  7 18 130.84150  0.03
39 9131456142313 72320131027137  9  5  3  9  7  5  4 12  70.31127  0.03
39 9141456153330173323271723203 18 15  6 18  9 12  6  9 120.73 92  0.03
39 9151456162313101313131327127  9  5  4  5  5  5  5 12  60.31 96  0.03
39 9161456172713101323172017140 12  5  4  5  9  6  7  6  70.31 83  0.03
39 9171456182753503747607050393 12 56 48 22 39 80132 48 551.67 69  0.03
39 918145619332713232017 7 3143 18 12  5  9  7  6  3  2  80.42 67  0.03
39 9191456202337434343534350337  9 22 32 32 32 56 32 48 331.36 88  0.03
39 9201456215053504733373727333 48 56 48 39 18 22 22 12 331.36 70  0.03
39 9211456222730232723202723200 12 15  9 12  9  7 12  9 110.63 89  0.03
39 9221456232327273323332027213  9 12 12 18  9 18  7 12 120.73 88  0.03
39 92314562413 31313 3 71020 83  5  2  5  5  2  3  4  7  40.10 88  0.03
39 9241456251733231717 313 7130  6 18  9  6  6  2  5  3  70.31107  0.03
39 9251456261013133023272330170  4  5  5 15  9 12  9 15  90.52106  0.03
39 9261456274753303723234027280 39 56 15 22  9  9 27 12 241.15 98  0.03
39 9271457 11313 7 3 3133023107  5  5  3  2  2  5 15  9  60.31105  0.03
39 9281457 2231017 7101010 0 87  9  4  6  3  4  4  4  0  40.10131  0.03
39 9291457 3 0 31010 310 710 53  0  2  4  4  2  4  3  4  30.10131  0.03
39 9301457 4 7 7173010133330147  3  3  6 15  4  5 18 15  90.52137  0.03
3910 11457 5332010 717272320157 18  7  4  3  6 12  9  7  80.42144  0.03
3910 21457 6 71017 710131720100  3  4  6  3  4  5  6  7  50.21143  0.03
3910 31457 72720374353475757340 12  7 22 32 56 39 67 67 381.46109  0.03
3910 41457 87373373040273317330154154 22 15 27 12 18  6 511.67 92  0.03
3910 51457 92727203733204320227 12 12  7 22 18  7 32  7 150.84 90  0.03
3910 61457104363503730303727317 32 94 48 22 15 15 22 12 321.36 82  0.03
3910 71457112010 71727374737200  7  4  3  6 12 22 39 22 140.84 91  0.03
3910 8145712333017 717133027173 18 15  6  3  6  5 15 12 100.63 91  0.03
3910 91457133730673353273013290 22 15111 18 56 12 15  5 321.36 77  0.03
391010145714 71013132010 323100  3  4  5  5  7  4  2  9  50.21 67  0.03
3910111457152730131723103333187 12 15  5  6  9  4 18 18 110.63 56  0.03
3910121457163017 7 3 3 7 3 7 77 15  6  3  2  2  3  2  3  40.21 74  0.03
3910131457175057634037577780460 48 67 94 27 22 67179207 891.87 85  0.03
3910141457185360676760605037453 56 80111111 80 80 48 22 741.87 68  0.03
3910151457196780673333474030397111207111 18 18 39 27 15 681.77 73  0.03
3910161457203740403043575047343 22 27 27 15 32 67 48 39 351.46 68  0.03
3910171457214053474037505037353 27 56 39 27 22 48 48 22 361.46 79  0.03
3910181457224037404037434737320 27 22 27 27 22 32 39 22 271.26 74  0.03
3910191457234047404727303723290 27 39 27 39 12 15 22  9 241.15 92  0.03
39102014572423172323 3 7 7 0103  9  6  9  9  2  3  3  0  50.21 95  0.03
391021145725 323302030203337197  2  9 15  7 15  7 18 22 120.73 86  0.03
391022145726231320 710103327143  9  5  7  3  4  4 18 12  80.42 94  0.03
391023145727 320303040432327217  2  7 15 15 27 32  9 12 150.84 94  0.03
3910241458 137232010 7 713 7123 22  9  7  4  3  3  5  3  70.42112  0.03
3910251458 21720201323 7 7 0107  6  7  7  5  9  3  3  0  50.21112  0.03
3910261458 3 7 72013 7 73020110  3  3  7  5  3  3 15  7  60.31100  0.03
3910271458 4 710 7101020 3 7 73  3  4  3  4  4  7  2  3  40.10 80  0.03
3910281458 5 310233027102027150  2  4  9 15 12  4  7 12  80.42 64  0.03
3910291458 63333231717132313173 18 18  9  6  6  5  9  5 100.52 81  0.03
3910301458 73023131320171723157 15  9  5  5  7  6  6  9  80.42 85  0.03
3910311458 830202013201313 7137 15  7  7  5  7  5  5  3  70.31 74  0.03
3911 11458 92317232720203013173  9  6  9 12  7  7 15  5  90.52 81  0.03
3911 214581013272017171013 7123  5 12  7  6  6  4  5  3  60.31 88  0.03
3911 31458112017202023131720150  7  6  7  7  9  5  6  7  70.31 72  0.03
3911 41458122713202010 71013120 12  5  7  7  4  3  4  5  60.31 61  0.03
3911 514581313 71330131317 3110  5  3  5 15  5  5  6  2  60.31 58  0.03
3911 6145814 713131313132327123  3  5  5  5  5  5  9 12  60.31 62  0.03
3911 714581523171717 7232013137  9  6  6  6  3  9  7  5  60.31 66  0.03
3911 8145816 7 7101020 313 3 73  3  3  4  4  7  2  5  2  40.10 37  0.03
3911 9145817 7232017 710 7 7 97  3  9  7  6  3  4  3  3  50.21 40  0.03
3911101458181020 7 7 71013 7 80  4  7  3  3  3  4  5  3  40.10 46  0.03
3911111458191723 7 7 3102023110  6  9  3  3  2  4  7  9  50.21 66  0.03
3911121458203713 73330231720180 22  5  3 18 15  9  6  7 110.63 82  0.03
3911131458214053505353404743380 27 56 48 56 56 27 39 32 431.57 84  0.03
3911141458224740303027302740270 39 27 15 15 12 15 12 27 201.05 99  0.03
3911151458233023271720302710183 15  9 12  6  7 15 12  4 100.63 87  0.03
391116145824201013 7101713 7 97  7  4  5  3  4  6  5  3  50.21111  0.03
391117145825 7 3131310102013 90  3  2  5  5  4  4  7  5  40.21 94  0.03
391118145826 7132017 7 7 7 7 83  3  5  7  6  3  3  3  3  40.10103  0.03
391119145827 3 3 32030333020143  2  2  2  7 15 18 15  7  80.52 75  0.03
3911201459 133272010 3 31717130 18 12  7  4  2  2  6  6  70.42 50  0.03
3911211459 21013202020 7 7 0 97  4  5  7  7  7  3  3  0  40.21 67  0.03
3911221459 3 0 3 3 0 3 3 010 23  0  2  2  0  2  2  0  4  20.00 66  0.03
3911231459 4 3101310 7 3 7 7 60  2  4  5  4  3  2  3  3  30.10 62  0.03
3911241459 5 713 3 727172733133  3  5  2  3 12  6 12 18  80.42 61  0.03
3911251459 63347402727304050293 18 39 27 12 12 15 27 48 251.26 58  0.03
3911261459 73337333730203320243 18 22 18 22 15  7 18  7 160.94 59  0.03
3911271459 81333202317132010150  5 18  7  9  6  5  7  4  80.42 62  0.03
3911281459 9 7301720231017 3127  3 15  6  7  9  4  6  2  60.31 61  0.03
3911291459101313172317201323140  5  5  6  9  6  7  5  9  60.31 43  0.03
391130145911 727171313131720127  3 12  6  5  5  5  6  7  60.31 43  0.03
3912 11459122030372317102317177  7 15 22  9  6  4  9  6 100.52 54  0.03
3912 214591317132713 7132327140  6  5 12  5  3  5  9 12  70.42 40  0.03
3912 314591413172010 3 71333117  5  6  7  4  2  3  5 18  60.31 43  0.03
3912 4145915332017 3 7 0 310 93 18  7  6  2  3  0  2  4  50.21 27  0.03
3912 51459161010 7 723373333160  4  4  3  3  9 22 18 18 100.63 18  0.03
3912 61459173720201320105353227 22  7  7  5  7  4 56 56 201.05 17  0.03
3912 71459185760534050474040387 67 80 56 27 48 39 27 27 461.57 23  0.03
3912 81459193347473337534037327 18 39 39 18 22 56 27 22 301.36 47  0.03
3912 91459204323333337303717253 32  9 18 18 22 15 22  6 181.05 45  0.03
3912101459211723202030232027180  6  9  7  7 15  9  7 12  90.52 52  0.03
3912111459223020272017101317153 15  7 12  7  6  4  5  6  80.42 49  0.03
3912121459232717131710272333167 12  6  5  6  4 12  9 18  90.52 56  0.03
391213145924232720132017 0 0120  9 12  7  5  7  6  0  0  60.31 48  0.03
39121414592520 313 7 7 7 3 7 67  7  2  5  3  3  3  2  3  40.10 62  0.03
3912151459262027231317272020167  7 12  9  5  6 12  7  7  80.42 58  0.03
3912161459271317 71010271347143  5  6  3  4  4 12  5 39 100.52 53  0.03
3912171460 130131717 7101010113 15  5  6  6  3  4  4  4  60.31 52  0.03
3912181460 21710 7 3 0 3 0 3 43  6  4  3  2  0  2  0  2  20.00 61  0.03
3912191460 3 013 3 3 0 0 0 0 20  0  5  2  2  0  0  0  0  10.00 44  0.03
3912201460 4 3 0 3 0 7102017 60  2  0  2  0  3  4  7  6  30.10 46  0.03
3912211460 52030433740333030263  7 15 32 22 27 18 15 15 191.05 46  0.03
3912221460 64737372747403333300 39 22 22 12 39 27 18 18 251.26 47  0.03
3912231460 72037302713171327183  7 22 15 12  5  6  5 12 100.63 35  0.03
3912241460 83030302723232327213 15 15 15 12  9  9  9 12 120.73 41  0.03
3912251460 93327201320101720160 18 12  7  5  7  4  6  7  80.42 32  0.03
3912261460101727201710 31013117  6 12  7  6  4  2  4  5  60.31 37  0.03
3912271460111730273023303720213  6 15 12 15  9 15 22  7 130.73 32  0.03
3912281460122020202323203027183  7  7  7  9  9  7 15 12  90.52 31  0.03
3912291460133327202320302723203 18 12  7  9  7 15 12  9 110.63 28  0.03
3912301460143020131713231010137 15  7  5  6  5  9  4  4  70.31 47  0.03
39123114601510201010 7 0 3 0 60  4  7  4  4  3  0  2  0  30.10 34  0.03
