43 1 11501 5 0 0 0 3 0132730 73  0  0  0  2  0  5 12 15  40.10  8  0.03
43 1 21501 617 3171310271710113  6  2  6  5  4 12  6  4  60.31  8  0.03
43 1 31501 71320 71027271727147  5  7  3  4 12 12  6 12  80.42  8  0.03
43 1 41501 82727275053504333310 12 12 12 48 56 48 32 18 301.36  8  0.03
43 1 51501 94733332710302737243 39 18 18 12  4 15 12 22 181.05  0  0.03
43 1 61501103323272723232323203 18  9 12 12  9  9  9  9 110.63 16  0.03
43 1 71501111310 7 3 3 7 310 57  5  4  3  2  2  3  2  4  30.10 10  0.03
43 1 8150112 313 0 010172330 97  2  5  0  0  4  6  9 15  50.21 14  0.03
43 1 915011330273333 713 710160 15 12 18 18  3  5  3  4 100.52 12  0.03
43 110150114 713131313101330113  3  5  5  5  5  4  5 15  60.31 18  0.03
43 111150115131310 3 317 717 83  5  5  4  2  2  6  3  6  40.10 14  0.03
43 11215011613272710 7 3 717110  5 12 12  4  3  2  3  6  60.31 13  0.03
43 113150117171310 7 7 7 713 80  6  5  4  3  3  3  3  5  40.10 12  0.03
43 114150118 310 7 0 0 0 3 3 27  2  4  3  0  0  0  2  2  20.00  9  0.03
43 115150119 0 3 3 0 0 71010 33  0  2  2  0  0  3  4  4  20.00  0  0.03
43 116150120 3 0 3 717272020 97  2  0  2  3  6 12  7  7  50.21  0  0.03
43 1171501213320305343434030293 18  7 15 56 32 32 27 15 251.26 11  0.03
43 11815012227233323231727 7180 12  9 18  9  9  6 12  3 100.52 19  0.03
43 1191501232020201020231720150  7  7  7  4  7  9  6  7  70.31 26  0.03
43 1201501241723373327506763317  6  9 22 18 12 48111 94 401.46 21  0.03
43 1211501254740404743332043313 39 27 27 39 32 18  7 32 281.26 25  0.03
43 1221501265723303737474037307 67  9 15 22 22 39 27 22 281.26 25  0.03
43 1231501273327232320131723180 18 12  9  9  7  5  6  9  90.52 15  0.03
43 1241502 13327173023172320190 18 12  6 15  9  6  9  7 100.63 25  0.03
43 1251502 2201720101310 7 3100  7  6  7  4  5  4  3  2  50.21 27  0.03
43 1261502 33037334317331023227 15 22 18 32  6 18  4  9 160.94 10  0.03
43 1271502 42010 320303013 3130  7  4  2  7 15 15  5  2  70.42  8  0.03
43 1281502 5 320233023302713170  2  7  9 15  9 15 12  5  90.52  9  0.03
43 1291502 62010 71017 71720107  7  4  3  4  6  3  6  7  50.21  7  0.03
43 1301502 7373017 7 7 71023137 22 15  6  3  3  3  4  9  80.42  0  0.03
43 1311502 81017101013201717113  4  6  4  4  5  7  6  6  50.21  8  0.03
43 2 11502 9271010 710131027113 12  4  4  3  4  5  4 12  60.31 10  0.03
43 2 21502101313201320171017123  5  5  7  5  7  6  4  6  60.31 11  0.03
43 2 31502112327272727172723197  9 12 12 12 12  6 12  9 100.63 20  0.03
43 2 41502123040274027172023223 15 27 12 27 12  6  7  9 140.84 16  0.03
43 2 51502133020302730273313210 15  7 15 12 15 12 18  5 120.73  7  0.03
43 2 61502143717232327302330210 22  6  9  9 12 15  9 15 120.73  0  0.03
43 2 715021520201310 7101717113  7  7  5  4  3  4  6  6  50.21  0  0.03
43 2 81502162017101010102713117  7  6  4  4  4  4 12  5  60.31 25  0.03
43 2 91502172017201310 72313123  7  6  7  5  4  3  9  5  60.31 38  0.03
43 210150218 0 7101010131313 77  0  3  4  4  4  5  5  5  40.10 37  0.03
43 2111502192730372317 01010153 12 15 22  9  6  0  4  4  90.52 37  0.03
43 2121502201320 71013 71720107  5  7  3  4  5  3  6  7  50.21 31  0.03
43 2131502212330372730232323217  9 15 22 12 15  9  9  9 120.73 21  0.03
43 2141502222320202310 0 313113  9  7  7  9  4  0  2  5  50.21 29  0.03
43 21515022317102020 7 313 3 93  6  4  7  7  3  2  5  2  40.21 16  0.03
43 216150224 3 310 3 3172017 77  2  2  4  2  2  6  7  6  40.10 16  0.03
43 2171502253047536740334340353 15 39 56111 27 18 32 27 411.57 11  0.03
43 218150226333737303013 723210 18 22 22 15 15  5  3  9 140.84 15  0.03
43 21915022733172323232713 7167 18  6  9  9  9 12  5  3  90.52 11  0.03
43 2201503 1 020 3232020 3 3 93  0  7  2  9  7  7  2  2  40.21 20  0.03
43 2211503 2 0 01013 7 71313 63  0  0  4  5  3  3  5  5  30.10 31  0.03
43 2221503 3 3 0 32013101317 80  2  0  2  7  5  4  5  6  40.10 54  0.03
43 2231503 41717202013173027160  6  6  7  7  5  6 15 12  80.42 62  0.03
43 2241503 52730202017101723163 12 15  7  7  6  4  6  9  80.42 60  0.03
43 2251503 6 720 31313304040167  3  7  2  5  5 15 27 27 110.73 63  0.03
43 2261503 75050273017373730277 48 48 12 15  6 22 22 15 241.15 61  0.03
43 2271503 83737132717101720177 22 22  5 12  6  4  6  7 100.63 50  0.03
43 2281503 913201310 7 710 3 83  5  7  5  4  3  3  4  2  40.10 56  0.03
43 3 1150310 017 71023301710113  0  6  3  4  9 15  6  4  60.31 46  0.03
43 3 21503111327534327131310200  5 12 56 32 12  5  5  4 160.94 38  0.03
43 3 31503121010203327102333167  4  4  7 18 12  4  9 18 100.52 16  0.03
43 3 41503132730404033233747277 12 15 27 27 18  9 22 39 211.15 10  0.03
43 3 51503143337402720372727247 18 22 27 12  7 22 12 12 160.94 16  0.03
43 3 61503152713201017133017147 12  5  7  4  6  5 15  6  80.42 19  0.03
43 3 71503162017101013132320127  7  6  4  4  5  5  9  7  60.31 37  0.03
43 3 81503173333202017201723183 18 18  7  7  6  7  6  9 100.52 32  0.03
43 3 91503183317202017131723160 18  6  7  7  6  5  6  9  80.42 39  0.03
43 31015031917 7 71010131017 90  6  3  3  4  4  5  4  6  40.21 39  0.03
43 3111503203020 71320275037203 15  7  3  5  7 12 48 22 150.84 53  0.03
43 3121503214047173033433730277 27 39  6 15 18 32 22 15 221.15 46  0.03
43 3131503222310 3 017 3 310 70  9  4  2  0  6  2  2  4  40.10 44  0.03
43 314150323233323231723 313160  9 18  9  9  6  9  2  5  80.52 21  0.03
43 31515032410 7 0 7 317 7 7 57  4  3  0  3  2  6  3  3  30.10 29  0.03
43 3161503252330405733304743303  9 15 27 67 18 15 39 32 281.26 11  0.03
43 3171503264010173733 7 320167 27  4  6 22 18  3  2  7 110.63  0  0.03
43 31815032713102720 7232013133  5  4 12  7  3  9  7  5  60.31 10  0.03
43 3191504 110 7202310333340177  4  3  7  9  4 18 18 27 110.63 11  0.03
43 3201504 22330504333375713287  9 15 48 32 18 22 67  5 271.26 21  0.03
43 3211504 31723203317232013167  6  9  7 18  6  9  7  5  80.52 37  0.03
43 3221504 41723173023334347233  6  9  6 15  9 18 32 39 170.94 25  0.03
43 3231504 55350473733274027313 56 48 39 22 18 12 27 12 291.36 35  0.03
43 3241504 6171730173037 7 3157  6  6 15  6 15 22  3  2  90.52 34  0.03
43 3251504 7103013 7 3 3 3 7 77  4 15  5  3  2  2  2  3  40.21 28  0.03
43 3261504 8201717 7 313 720103  7  6  6  3  2  5  3  7  50.21 25  0.03
43 3271504 917 3 310 3172713 93  6  2  2  4  2  6 12  5  50.21 24  0.03
43 328150410 0 01010 7 31713 60  0  0  4  4  3  2  6  5  30.10 20  0.03
43 3291504112330172330407063297  9 15  6  9 15 27132 94 381.46 26  0.03
43 3301504125047333733304340313 48 39 18 22 18 15 32 27 271.26 25  0.03
43 3311504134033201020433043240 27 18  7  4  7 32 15 32 181.05 33  0.03
43 4 11504143337272320303023223 18 22 12  9  7 15 15  9 130.84 24  0.03
43 4 21504153727371330231327207 22 12 22  5 15  9  5 12 130.73 22  0.03
43 4 31504165757474033433040347 67 67 39 27 18 32 15 27 361.46 22  0.03
43 4 41504174040303040304727283 27 27 15 15 27 15 39 12 221.15 30  0.03
43 4 51504185033273030572743297 48 18 12 15 15 67 12 32 271.26 24  0.03
43 4 61504194023404753402337303 27  9 27 39 56 27  9 22 271.26 24  0.03
43 4 71504205043272333173323250 48 32 12  9 18  6 18  9 191.05 12  0.03
43 4 81504213020302017 7 7 7137 15  7 15  7  6  3  3  3  70.42 14  0.03
43 4 9150422 7 7 3 310 71717 70  3  3  2  2  4  3  6  6  40.10 19  0.03
43 4101504231740404343234743297  6 27 27 32 32  9 39 32 261.26 26  0.03
43 4111504245063604027273337337 48 94 80 27 12 12 18 22 391.46 31  0.03
43 41215042523 7 710171010 7 90  9  3  3  4  6  4  4  3  40.21 33  0.03
43 413150426 01010 7 313 313 60  0  4  4  3  2  5  2  5  30.10 20  0.03
43 414150427 3 7 3 7 710 7 7 50  2  3  2  3  3  4  3  3  30.10 20  0.03
43 4151505 1 310102023272730150  2  4  4  7  9 12 12 15  80.42 28  0.03
43 4161505 23030373727232717227 15 15 22 22 12  9 12  6 140.84 27  0.03
43 4171505 32317302317201013153  9  6 15  9  6  7  4  5  80.42 32  0.03
43 4181505 417302013 713 710117  6 15  7  5  3  5  3  4  60.31 35  0.03
43 4191505 52317 71317 710 3 97  9  6  3  5  6  3  4  2  50.21 41  0.03
43 4201505 6 017132733331027160  0  6  5 12 18 18  4 12  90.52 36  0.03
43 4211505 74343374733333713287 32 32 22 39 18 18 22  5 241.15 38  0.03
43 4221505 8132037271013 313137  5  7 22 12  4  5  2  5  80.42 45  0.03
43 4231505 9 0 7 7 7 7 7 3 7 43  0  3  3  3  3  3  2  3  20.00 41  0.03
43 424150510 3 3 0 710 3 3 7 37  2  2  0  3  4  2  2  3  20.00 36  0.03
43 4251505112730231717302747217 12 15  9  6  6 15 12 39 140.84 34  0.03
43 4261505126057533727272733320 80 67 56 22 12 12 12 18 351.46 22  0.03
43 427150513371317 7172313 3130 22  5  6  3  6  9  5  2  70.42 20  0.03
43 428150514101710 3 7102733117  4  6  4  2  3  4 12 18  70.31  8  0.03
43 4291505153320372327232023207 18  7 22  9 12  9  7  9 120.73 10  0.03
43 4301505162743335030232727260 12 32 18 48 15  9 12 12 201.05 10  0.03
43 5 11505174363636040475357427 32 94 94 80 27 39 56 67 611.77  9  0.03
43 5 21505185033404330432020280 48 18 27 32 15 32  7  7 231.15 13  0.03
43 5 315051930 7 71013372040163 15  3  3  4  5 22  7 27 110.63 12  0.03
43 5 41505202333271313201723170  9 18 12  5  5  7  6  9  90.52  9  0.03
43 5 51505211717233030271717177  6  6  9 15 15 12  6  6  90.52  8  0.03
43 5 615052227 7 0171717 3 7 93 12  3  0  6  6  6  2  3  50.21  8  0.03
43 5 71505232327131010 7 713110  9 12  5  4  4  3  3  5  60.31  8  0.03
43 5 815052410 7 0 3 710 7 3 47  4  3  0  2  3  4  3  2  30.00  8  0.03
43 5 9150525 3 710 7 710 7 7 57  2  3  4  3  3  4  3  3  30.10 18  0.03
43 510150526 7 3101317271710103  3  2  4  5  6 12  6  4  50.21  7  0.03
43 511150527 71317 710332027133  3  5  6  3  4 18  7 12  70.42  7  0.03
43 5121506 12347331713 71717173  9 39 18  6  5  3  6  6 120.73 13  0.03
43 5131506 22020403737401733243  7  7 27 22 22 27  6 18 170.94 14  0.03
43 5141506 33733173313201330197 22 18  6 18  5  7  5 15 120.73 17  0.03
43 5151506 45753403723202330283 67 56 27 22  9  7  9 15 261.26 14  0.03
43 5161506 5 7 3 73737304020180  3  2  3 22 22 15 27  7 130.73 21  0.03
43 5171506 63323303023375747280 18  9 15 15  9 22 67 39 241.26 37  0.03
43 5181506 75757504740303040350 67 67 48 39 27 15 15 27 381.46 47  0.03
43 5191506 83750402030203027253 22 48 27  7 15  7 15 12 191.05 34  0.03
43 5201506 92010101320 71013103  7  4  4  5  7  3  4  5  50.21 20  0.03
43 521150610131017171010 7 0 83  5  4  6  6  4  4  3  0  40.10 13  0.03
43 522150611 3 71310 3 3 310 53  2  3  5  4  2  2  2  4  30.10 13  0.03
43 5231506121020233023202330180  4  7  9 15  9  7  9 15  90.52 10  0.03
43 5241506136043272330374343307 80 32 12  9 15 22 32 32 291.36 10  0.03
43 5251506144330432743273327273 32 15 32 12 32 12 18 12 211.15 10  0.03
43 5261506152317131317232727160  9  6  5  5  6  9 12 12  80.42 10  0.03
43 5271506163733301313202743217 22 18 15  5  5  7 12 32 140.84 11  0.03
43 5281506175047403730403740320 48 39 27 22 15 27 22 27 281.26  9  0.03
43 5291506182737272720172717197 12 22 12 12  7  6 12  6 110.63  9  0.03
43 5301506192320331017131720153  9  7 18  4  6  5  6  7  80.42  9  0.03
43 53115062010 7131013131320100  4  3  5  4  5  5  5  7  50.21 10  0.03
43 6 11506211717232317102330160  6  6  9  9  6  4  9 15  80.42  9  0.03
43 6 21506221013133027101010123  4  5  5 15 12  4  4  4  70.31  7  0.03
43 6 3150623 71023 71010 713 87  3  4  9  3  4  4  3  5  40.21  0  0.03
43 6 41506241717131013 7 0 0 77  6  6  5  4  5  3  0  0  40.10  0  0.03
43 6 51506251710 71017172023120  6  4  3  4  6  6  7  9  60.31  7  0.03
43 6 6150626374030131710 7 7160 22 27 15  5  6  4  3  3 110.63  0  0.03
43 6 7150627 313133040302037187  2  5  5 15 27 15  7 22 120.73  0  0.03
43 6 81507 12740374743474040320 12 27 22 39 32 39 27 27 281.26 16  0.03
43 6 91507 23047374733333027283 15 39 22 39 18 18 15 12 221.15  8  0.03
43 6101507 31337403723401340243  5 22 27 22  9 27  5 27 181.05  8  0.03
43 6111507 4 7 3173343402023187  3  2  6 18 32 27  7  9 130.73  8  0.03
43 6121507 51027373030173020200  4 12 22 15 15  6 15  7 120.73  8  0.03
43 6131507 65737201730334033267 67 22  7  6 15 18 27 18 221.15 19  0.03
43 6141507 740333333232310 7203 27 18 18 18  9  9  4  3 130.84 19  0.03
43 6151507 8 7171310 7 3 713 77  3  6  5  4  3  2  3  5  40.10 14  0.03
43 6161507 910 7 710 7 7 310 60  4  3  3  4  3  3  2  4  30.10 18  0.03
43 6171507101310 3 0 7 7 3 0 43  5  4  2  0  3  3  2  0  20.00 15  0.03
43 618150711 0 7 710 7 71010 57  0  3  3  4  3  3  4  4  30.10  7  0.03
43 6191507121013103027332743193  4  5  4 15 12 18 12 32 130.73  0  0.03
43 6201507135347233327272737273 56 39  9 18 12 12 12 22 221.15  7  0.03
43 6211507143730273740433337283 22 15 12 22 27 32 18 22 211.15  0  0.03
43 6221507153043473327303727273 15 32 39 18 12 15 22 12 211.15  0  0.03
43 6231507163033302743403740280 15 18 15 12 32 27 22 27 211.15 10  0.03
43 6241507174043433333433327297 27 32 32 18 18 32 18 12 241.15 13  0.03
43 6251507183030303023302330227 15 15 15 15  9 15  9 15 140.84 10  0.03
43 6261507191720101013101020110  6  7  4  4  5  4  4  7  50.21 10  0.03
43 6271507202710131713171037143 12  4  5  6  5  6  4 22  80.42  8  0.03
43 6281507212333473037304030270  9 18 39 15 22 15 27 15 201.05  7  0.03
43 62915072227332013 7 7 3 3113 12 18  7  5  3  3  2  2  60.31  0  0.03
43 6301507231013101313 7 3 7 77  4  5  4  5  5  3  2  3  40.10  0  0.03
43 7 1150724 71020 3 7 3 3 7 60  3  4  7  2  3  2  2  3  30.10  0  0.03
43 7 2150725 310171010 31027 90  2  4  6  4  4  2  4 12  50.21  0  0.03
43 7 31507262743432723201717217 12 32 32 12  9  7  6  6 140.84  0  0.03
43 7 41507272020233337475343277  7  7  9 18 22 39 56 32 241.15  0  0.03
43 7 51508 15353504047505350397 56 56 48 27 39 48 56 48 471.57  0  0.03
43 7 61508 25350475747404040373 56 48 39 67 39 27 27 27 411.57  0  0.03
43 7 71508 33333303723302733247 18 18 15 22  9 15 12 18 160.94  8  0.03
43 7 81508 43330474740303317277 18 15 39 39 27 15 18  6 221.15 16  0.03
43 7 91508 53033574737435333333 15 18 67 39 22 32 56 18 331.36 34  0.03
43 7101508 63047374740372317277 15 39 22 39 27 22  9  6 221.15 32  0.03
43 7111508 72337473740272337270  9 22 39 22 27 12  9 22 201.05 28  0.03
43 7121508 83337373320273033250 18 22 22 18  7 12 15 18 160.94 30  0.03
43 7131508 94030302330373723250 27 15 15  9 15 22 22  9 170.94 32  0.03
43 71415081023 3 3 7 3 717 3 67  9  2  2  3  2  3  6  2  40.10 21  0.03
43 715150811 713202023232320150  3  5  7  7  9  9  9  7  70.42 19  0.03
43 7161508123030201723202723190 15 15  7  6  9  7 12  9 100.63 17  0.03
43 7171508134017101020132733170 27  6  4  4  7  5 12 18 100.63 14  0.03
43 7181508142330234043374333273  9 15  9 27 32 22 32 18 201.05 13  0.03
43 7191508153333371720302733230 18 18 22  6  7 15 12 18 140.84  9  0.03
43 7201508163017202020231720167 15  6  7  7  7  9  6  7  80.42  8  0.03
43 7211508173327303033302330237 18 12 15 15 18 15  9 15 150.84  8  0.03
43 7221508182727333327232730227 12 12 18 18 12  9 12 15 140.84  8  0.03
43 7231508191717271717201713143  6  6 12  6  6  7  6  5  70.31  0  0.03
43 724150820172317 710 7 3 0 83  6  9  6  3  4  3  2  0  40.10  8  0.03
43 725150821 713 7 3 7 7 713 63  3  5  3  2  3  3  3  5  30.10 12  0.03
43 7261508221310172317103320143  5  4  6  9  6  4 18  7  70.42 12  0.03
43 7271508233323202027231013170 18  9  7  7 12  9  4  5  90.52 17  0.03
43 728150824 313131317101013 93  2  5  5  5  6  4  4  5  40.21 21  0.03
43 729150825172010 7 0 3 313 73  6  7  4  3  0  2  2  5  40.10 19  0.03
43 7301508262333304737404027277  9 18 15 39 22 27 27 12 211.15 16  0.03
43 7311508273017234023132340210 15  6  9 27  9  5  9 27 130.84  8  0.03
43 8 11509 13323333040434327273 18  9 18 15 27 32 32 12 201.05 10  0.03
43 8 21509 23033473037404737300 15 18 39 15 22 27 39 22 251.26 17  0.03
43 8 31509 35737403740234337313 67 22 27 22 27  9 32 22 281.26  8  0.03
43 8 41509 43037373343434333300 15 22 22 18 32 32 32 18 241.26  8  0.03
43 8 51509 54333403337303023270 32 18 27 18 22 15 15  9 201.05 18  0.03
43 8 61509 62320372720304320220  9  7 22 12  7 15 32  7 140.84 18  0.03
43 8 71509 7202030574033 710217  7  7 15 67 27 18  3  4 181.05 17  0.03
43 8 81509 82743335367736373433 12 32 18 56111154 94154 791.87 27  0.03
43 8 91509 97763432730302340333179 94 32 12 15 15  9 27 481.67 25  0.03
43 8101509103733201710 71023157 22 18  7  6  4  3  4  9  90.52 18  0.03
43 8111509112317171310101720127  9  6  6  5  4  4  6  7  60.31 19  0.03
43 812150912231323 710132040150  9  5  9  3  4  5  7 27  90.52 19  0.03
43 8131509133350505757435360403 18 48 48 67 67 32 56 80 521.67 19  0.03
43 8141509144330303740405047317 32 15 15 22 27 27 48 39 281.26 26  0.03
43 8151509153030332333404340273 15 15 18  9 18 27 32 27 201.05 25  0.03
43 8161509163733505333373033307 22 18 48 56 18 22 15 18 271.26 25  0.03
43 8171509175347502727273737303 56 39 48 12 12 12 22 22 281.26 32  0.03
43 8181509183337506350403317323 18 22 48 94 48 27 18  6 351.46 41  0.03
43 8191509191023475040505050320  4  9 39 48 27 48 48 48 341.36 53  0.03
43 8201509205747475337303743350 67 39 39 56 22 15 22 32 361.46 49  0.03
43 8211509214047403327171323240 27 39 27 18 12  6  5  9 181.05 36  0.03
43 822150922201010 713 71313 93  7  4  4  3  5  3  5  5  40.21 22  0.03
43 8231509231720101030132740167  6  7  4  4 15  5 12 27 100.63 20  0.03
43 8241509243753502023372327270 22 56 48  7  9 22  9 12 231.15  9  0.03
43 8251509254043332327333033263 27 32 18  9 12 18 15 18 191.05  0  0.03
43 8261509263337503023273017247 18 22 48 15  9 12 15  6 181.05  0  0.03
43 827150927132310 710 71713100  5  9  4  3  4  3  6  5  50.21 11  0.03
43 8281510 11730234070533760330  6 15  9 27132 56 22 80 431.57 12  0.03
43 8291510 24743404053534727350 39 32 27 27 56 56 39 12 361.46 10  0.03
43 8301510 35363575767606770493 56 94 67 67111 80111132 901.87  7  0.03
43 8311510 47083737377706347557132236154154179132 94 391402.09  0  0.03
43 9 11510 55743374343504727347 67 32 22 32 32 48 39 12 361.46  0  0.03
43 9 21510 64747334053334743343 39 39 18 27 56 18 39 32 341.36  0  0.03
43 9 31510 74753535353473357397 39 56 56 56 56 39 18 67 481.67  0  0.03
43 9 41510 83350504740333720310 18 48 48 39 27 18 22  7 281.26  0  0.03
43 9 51510 94047304027403730290 27 39 15 27 12 27 22 15 231.15  0  0.03
43 9 615101033303027132723 7190 18 15 15 12  5 12  9  3 110.63  0  0.03
43 9 71510113323131317131720150 18  9  5  5  6  5  6  7  80.42 19  0.03
43 9 81510122720272723436050277 12  7 12 12  9 32 80 48 261.26 29  0.03
43 9 91510136047374340334053353 80 39 22 32 27 18 27 56 381.46 31  0.03
43 9101510145347375037403040333 56 39 22 48 22 27 15 27 321.36 26  0.03
43 9111510154747332337373043297 39 39 18  9 22 22 15 32 241.26 29  0.03
43 9121510164023204320304330250 27  9  7 32  7 15 32 15 181.05 22  0.03
43 9131510174750304033434323310 39 48 15 27 18 32 32  9 281.26  0  0.03
43 9141510184040274333234040287 27 27 12 32 18  9 27 27 221.15  0  0.03
43 9151510193727302023273037230 22 12 15  7  9 12 15 22 140.84  0  0.03
43 9161510202320131723402723187  9  7  5  6  9 27 12  9 100.63  0  0.03
43 9171510212740271017172027183 12 27 12  4  6  6  7 12 110.63  0  0.03
43 91815102217231010 7 32047137  6  9  4  4  3  2  7 39  90.52 23  0.03
43 9191510233737332720131713197 22 22 18 12  7  5  6  5 120.73 20  0.03
43 9201510241020101027201727140  4  7  4  4 12  7  6 12  70.42 13  0.03
43 9211510253733404737304030293 22 18 27 39 22 15 27 15 231.15 12  0.03
43 9221510264047402040402323273 27 39 27  7 27 27  9  9 221.15 10  0.03
43 9231510273337333017202020210 18 22 18 15  6  7  7  7 120.73  7  0.03
43 9241511 13320131010 72017130 18  7  5  4  4  3  7  6  70.31  0  0.03
43 9251511 21737403327201013197  6 22 27 18 12  7  4  5 130.73  0  0.03
43 9261511 32037434060534747347  7 22 32 27 80 56 39 39 381.46  9  0.03
43 9271511 44743434740375347357 39 32 32 39 27 22 56 39 361.46 11  0.03
43 9281511 56057474353433350387 80 67 39 32 56 32 18 48 461.57 13  0.03
43 9291511 64057575367476047427 27 67 67 56111 39 80 39 611.77 13  0.03
43 9301511 75363477050405360437 56 94 39132 48 27 56 80 661.77 14  0.03
4310 11511 85057404053474753387 48 67 27 27 56 39 39 56 451.57 15  0.03
4310 21511 95740374747505747380 67 27 22 39 39 48 67 39 441.57 15  0.03
4310 31511104340535347533753380 32 27 56 56 39 56 22 56 431.57 17  0.03
4310 41511114343374337372023283 32 32 22 32 22 22  7  9 221.15 19  0.03
4310 51511123327201317102317160 18 12  7  5  6  4  9  6  80.52 14  0.03
4310 615111320271710 7 7 3 7 97  7 12  6  4  3  3  2  3  50.21 13  0.03
4310 71511143323102040333043233 18  9  4  7 27 18 15 32 160.94 11  0.03
4310 81511154023275747434050327 27  9 12 67 39 32 27 48 331.36 10  0.03
4310 91511163750634737535340380 22 48 94 39 22 56 56 27 461.57 13  0.03
4310101511173030372333572717253 15 15 22  9 18 67 12  6 201.05 10  0.03
4310111511182017333330173030210  7  6 18 18 15  6 15 15 120.73  8  0.03
43101215111933373320 3173030203 18 22 18  7  2  6 15 15 130.73  0  0.03
431013151120272710102310 713127 12 12  4  4  9  4  3  5  70.31  0  0.03
43101415112120 7 710 7 720 7 83  7  3  3  4  3  3  7  3  40.10  0  0.03
431015151122 3 3 01310 3 7 3 43  2  2  0  5  4  2  3  2  20.00  0  0.03
4310161511231017 7 71310 720 90  4  6  3  3  5  4  3  7  40.21  0  0.03
431017151124 723333733202330207  3  9 18 22 18  7  9 15 130.73  0  0.03
43101815112510 3101010272730127  4  2  4  4  4 12 12 15  70.42  7  0.03
4310191511263027232323172010173 15 12  9  9  9  6  7  4  90.52  9  0.03
431020151127 713101317375330180  3  5  4  5  6 22 56 15 140.84  0  0.03
4310211512 1432720 7 3 3 7 7117 32 12  7  3  2  2  3  3  80.42  0  0.03
4310221512 21317335037433347273  5  6 18 48 22 32 18 39 241.15  0  0.03
4310231512 34327171030131027177 32 12  6  4 15  5  4 12 110.63  0  0.03
4310241512 43733306753474747360 22 18 15111 56 39 39 39 421.57  9  0.03
4310251512 55743504347434740370 67 32 48 32 39 32 39 27 401.46  9  0.03
4310261512 65057575357474340403 48 67 67 56 67 39 32 27 501.67  9  0.03
4310271512 73743503720335353327 22 32 48 22  7 18 56 56 331.36  9  0.03
4310281512 85760433737534743377 67 80 32 22 22 56 39 32 441.57  9  0.03
4310291512 94747434753435340373 39 39 32 39 56 32 56 27 401.46 14  0.03
4310301512104340474050403747343 32 27 39 27 48 27 22 39 331.36 11  0.03
4310311512113753375050375040353 22 56 22 48 48 22 48 27 371.46 10  0.03
4311 11512123733404350434323313 22 18 27 32 48 32 32  9 281.26 10  0.03
4311 215121323172323 32013 7130  9  6  9  9  2  7  5  3  60.31 10  0.03
4311 3151214101713 3 7 31020 83  4  6  5  2  3  2  4  7  40.10 10  0.03
4311 41512151013 7 71310 720 87  4  5  3  3  5  4  3  7  40.10  9  0.03
4311 51512162033303037272317217  7 18 15 15 22 12  9  6 130.73  8  0.03
4311 61512172033302337604747297  7 18 15  9 22 80 39 39 291.36  0  0.03
4311 71512183323403010104033220 18  9 27 15  4  4 27 18 150.94  0  0.03
4311 81512192333373320232027217  9 18 22 18  7  9  7 12 130.73  0  0.03
4311 9151220332740 710172020173 18 12 27  3  4  6  7  7 100.63  0  0.03
4311101512212313131313174030163  9  5  5  5  5  6 27 15 100.52  0  0.03
431111151222131710 3 3 310 3 63  5  6  4  2  2  2  4  2  30.10  0  0.03
431112151223 0 3 320231713 7 87  0  2  2  7  9  6  5  3  40.10  0  0.03
431113151224 0 0 0 7 7132020 67  0  0  0  3  3  5  7  7  30.10 10  0.03
431114151225132013 3 71717 7 97  5  7  5  2  3  6  6  3  50.21 13  0.03
431115151226 310 3 3 7132013 73  2  4  2  2  3  5  7  5  40.10 22  0.03
4311161512272740171730273033220 12 27  6  6 15 12 15 18 140.84 25  0.03
4311171513 110 3 7 3 3 3 3 7 40  4  2  3  2  2  2  2  3  20.00 25  0.03
4311181513 21013172027302713157  4  5  6  7 12 15 12  5  80.42  0  0.03
4311191513 31347676060434060390  5 39111 80 80 32 27 80 571.77  0  0.03
4311201513 45057535040534330377 48 67 56 48 27 56 32 15 441.57  0  0.03
4311211513 55347474747504337370 56 39 39 39 39 48 32 22 391.46 11  0.03
4311221513 63040373340503737303 15 27 22 18 27 48 22 22 251.26 15  0.03
4311231513 73743404043506060373 22 32 27 27 32 48 80 80 441.57 13  0.03
4311241513 85040403750475040353 48 27 27 22 48 39 48 27 361.46 15  0.03
4311251513 94043434750506050383 27 32 32 39 48 48 80 48 441.57 16  0.03
4311261513103047433353574753363 15 39 32 18 56 67 39 56 401.57 13  0.03
4311271513115363574343304043373 56 94 67 32 32 15 27 32 441.57 20  0.03
4311281513124037475017204030280 27 22 39 48  6  7 27 15 241.26 19  0.03
4311291513134050433343374020307 27 48 32 18 32 22 27  7 271.26 20  0.03
431130151314201720133033 7 7147  7  6  7  5 15 18  3  3  80.42 21  0.03
4312 1151315 0 0101717302733133  0  0  4  6  6 15 12 18  80.42 22  0.03
4312 21513161727172020475340240  6 12  6  7  7 39 56 27 201.05 21  0.03
4312 31513173340372043474340303 18 27 22  7 32 39 32 27 261.26 18  0.03
4312 41513183733272740303737267 22 18 12 12 27 15 22 22 191.05 17  0.03
4312 51513193050302330332317237 15 48 15  9 15 18  9  6 170.94 14  0.03
4312 6151320 3 0 0 3 0 7 0 3 17  2  0  0  2  0  3  0  2  10.00 21  0.03
4312 715132113 7 71713 7 3 3 70  5  3  3  6  5  3  2  2  40.10 29  0.03
4312 815132210171013132313 3103  4  6  4  5  5  9  5  2  50.21 14  0.03
4312 91513232027302317271717177  7 12 15  9  6 12  6  6  90.52 19  0.03
431210151324271717202723 710147 12  6  6  7 12  9  3  4  70.42 24  0.03
431211151325 7 7 713101010 3 67  3  3  3  5  4  4  4  2  40.10 14  0.03
431212151326 7 0 3 7 3101317 60  3  0  2  3  2  4  5  6  30.10 12  0.03
4312131513273013 3 7 3 020 7 83 15  5  2  3  2  0  7  3  50.21 11  0.03
4312141514 1 0 3 71730371313120  0  2  3  6 15 22  5  5  70.42 28  0.03
4312151514 217 3 3 7 3102737107  6  2  2  3  2  4 12 22  70.31 32  0.03
4312161514 33720505757434343350 22  7 48 67 67 32 32 32 381.46 32  0.03
4312171514 45050375043473040347 48 48 22 48 32 39 15 27 351.46 37  0.03
4312181514 54337333347304023287 32 22 18 18 39 15 27  9 221.15 48  0.03
4312191514 64033434340606040360 27 18 32 32 27 80 80 27 401.57 30  0.03
4312201514 74727374343473747327 39 12 22 32 32 39 22 39 301.36 41  0.03
4312211514 84727172733175050267 39 12  6 12 18  6 48 48 241.15 27  0.03
4312221514 93733274033403337280 22 18 12 27 18 27 18 22 201.05 22  0.03
4312231514102327303337203023223  9 12 15 18 22  7 15  9 130.84 22  0.03
4312241514112327202020172317167  9 12  7  7  7  6  9  6  80.42 17  0.03
4312251514121343233310102723183  5 32  9 18  4  4 12  9 120.73 12  0.03
4312261514133313172730433333230 18  5  6 12 15 32 18 18 160.94  0  0.03
4312271514141327172023101310133  5 12  6  7  9  4  5  4  60.31  0  0.03
431228151415201320 3 0 0 0 3 60  7  5  7  2  0  0  0  2  30.10  0  0.03
43122915141610201730 7273017157  4  7  6 15  3 12 15  6  80.52  0  0.03
43123015141710 7 7 72717 710 90  4  3  3  3 12  6  3  4  50.21  0  0.03
431231151418 7 7233030333047207  3  3  9 15 15 18 15 39 150.84  0  0.03
