44 1 11514193017202350433727247 15  6  7  9 48 32 22 12 191.05  7  0.03
44 1 2151420202020 717232313143  7  7  7  3  6  9  9  5  70.31  0  0.03
44 1 315142110 3 71020 0 3 3 57  4  2  3  4  7  0  2  2  30.10  0  0.03
44 1 4151422202010 7 3131727117  7  7  4  3  2  5  6 12  60.31  0  0.03
44 1 51514234730272710332320217 39 15 12 12  4 18  9  7 140.84  0  0.03
44 1 6151424 7 7 3 317132327100  3  3  2  2  6  5  9 12  50.21  0  0.03
44 1 715142520201010 7131010100  7  7  4  4  3  5  4  4  50.21  0  0.03
44 1 815142610171317102017 7110  4  6  5  6  4  7  6  3  50.21  0  0.03
44 1 91514272713 310 723 723113 12  5  2  4  3  9  3  9  60.31  0  0.03
44 1101515 11310172020232757187  5  4  6  7  7  9 12 67 150.84  0  0.03
44 1111515 23343274727575727317 18 32 12 39 12 67 67 12 321.36  0  0.03
44 1121515 33043433747433030303 15 32 32 22 39 32 15 15 251.26  0  0.03
44 1131515 45040434047304337330 48 27 32 27 39 15 32 22 301.36  0  0.03
44 1141515 54037303740574730317 27 22 15 22 27 67 39 15 291.36  0  0.03
44 1151515 64340332033374747300 32 27 18  7 18 22 39 39 251.26  0  0.03
44 1161515 74327404347432730300 32 12 27 32 39 32 12 15 251.26  0  0.03
44 1171515 83333373743373733290 18 18 22 22 32 22 22 18 221.15  0  0.03
44 1181515 92030304733404030270  7 15 15 39 18 27 27 15 201.05  0  0.03
44 1191515103333301710372727213 18 18 15  6  4 22 12 12 130.84  0  0.03
44 1201515112717232323302733203 12  6  9  9  9 15 12 18 110.63  0  0.03
44 1211515122723 7 720172010130 12  9  3  3  7  6  7  4  60.31  0  0.03
44 122151513301317 7131320 7120 15  5  6  3  5  5  7  3  60.31  8  0.03
44 12315151417231017 0 01033110  6  9  4  6  0  0  4 18  60.31  8  0.03
44 124151515271013 3103010 0103 12  4  5  2  4 15  4  0  60.31  8  0.03
44 125151516 0 7 3101723 727 93  0  3  2  4  6  9  3 12  50.21  8  0.03
44 126151517 3 0 71727333037153  2  0  3  6 12 18 15 22 100.52  8  0.03
44 1271515183027273027233027220 15 12 12 15 12  9 15 12 130.73 13  0.03
44 1281515193023272310172310163 15  9 12  9  4  6  9  4  80.52 18  0.03
44 1291515201710101323171717123  6  4  4  5  9  6  6  6  60.31 19  0.03
44 130151521 720 31010101013 83  3  7  2  4  4  4  4  5  40.10  9  0.03
44 1311515221310 7 7 7272323117  5  4  3  3  3 12  9  9  60.31  8  0.03
44 2 11515232310 01013 717 7 87  9  4  0  4  5  3  6  3  40.10  7  0.03
44 2 2151524 3272713 7 71320117  2 12 12  5  3  3  5  7  60.31  7  0.03
44 2 31515251010 3 7 7 310 7 57  4  4  2  3  3  2  4  3  30.10  0  0.03
44 2 4151526 720131727272710147  3  7  5  6 12 12 12  4  80.42  0  0.03
44 2 5151527 31017 710132020100  2  4  6  3  4  5  7  7  50.21  0  0.03
44 2 61516 120 7 71010 7 7 3 70  7  3  3  4  4  3  3  2  40.10  0  0.03
44 2 71516 22020335060535053340  7  7 18 48 80 56 48 56 401.46  0  0.03
44 2 81516 35040373037374053323 48 27 22 15 22 22 27 56 301.36  0  0.03
44 2 91516 41327473743403323263  5 12 39 22 32 27 18  9 201.05  0  0.03
44 2101516 52740374330334023273 12 27 22 32 15 18 27  9 201.05  0  0.03
44 2111516 64033334037333030277 27 18 18 27 22 18 15 15 201.05  0  0.03
44 2121516 73337302737303013237 18 22 15 12 22 15 15  5 160.94  0  0.03
44 2131516 81310271717302750190  5  4 12  6  6 15 12 48 140.84  0  0.03
44 2141516 95363675043333030370 56 94111 48 32 18 15 15 491.67  0  0.03
44 2151516104337273040404040297 32 22 12 15 27 27 27 27 241.15  0  0.03
44 216151611302330232020 723177 15  9 15  9  7  7  3  9  90.52  0  0.03
44 21715161220 7 71320131020110  7  3  3  5  7  5  4  7  50.21  0  0.03
44 218151613 710 32013 3 0 0 57  3  4  2  7  5  2  0  0  30.10  0  0.03
44 219151614 310131710 7 0 0 60  2  4  5  6  4  3  0  0  30.10  0  0.03
44 220151615 7 7103747373037210  3  3  4 22 39 22 15 22 160.94  0  0.03
44 2211516163727202713201720180 22 12  7 12  5  7  6  7 100.52  0  0.03
44 222151617272710 3 3 7 7 3 87 12 12  4  2  2  3  3  2  50.21  0  0.03
44 223151618 72013 713 7 717 90  3  7  5  3  5  3  3  6  40.21  0  0.03
44 2241516191013 3 7 3 31020 70  4  5  2  3  2  2  4  7  40.10  0  0.03
44 2251516202010 7 3 3 3 0 7 53  7  4  3  2  2  2  0  3  30.10  0  0.03
44 226151621 7 71013 3 31010 63  3  3  4  5  2  2  4  4  30.10  0  0.03
44 22715162220 3 7 7 7 3 3 3 53  7  2  3  3  3  2  2  2  30.10  0  0.03
44 2281516231713101313 31710 97  6  5  4  5  5  2  6  4  50.21  0  0.03
44 229151624 723201720202323153  3  9  7  6  7  7  9  9  70.42  0  0.03
44 3 1151625172323 7 3 71020110  6  9  9  3  2  3  4  7  50.21  8  0.03
44 3 21516262733 71327203013170 12 18  3  5 12  7 15  5 100.52  0  0.03
44 3 315162723201310 0 3 3 7 80  9  7  5  4  0  2  2  3  40.10  8  0.03
44 3 41517 12327475747302727283  9 12 39 67 39 15 12 12 261.26  7  0.03
44 3 51517 21710 72020333027163  6  4  3  7  7 18 15 12  90.52  0  0.03
44 3 61517 33347303733304333287 18 39 15 22 18 15 32 18 221.15  0  0.03
44 3 71517 44747373350532033320 39 39 22 18 48 56  7 18 311.36  0  0.03
44 3 81517 52337232743375030270  9 22  9 12 32 22 48 15 211.15  0  0.03
44 3 91517 64347235040403740320 32 39  9 48 27 27 22 27 291.36  0  0.03
44 3101517 74047504753474743373 27 39 48 39 56 39 39 32 401.46  0  0.03
44 3111517 82737303717174020223 12 22 15 22  6  6 27  7 150.84  0  0.03
44 3121517 93040333337504043307 15 27 18 18 22 48 27 32 261.26  0  0.03
44 3131517104033272343401710233 27 18 12  9 32 27  6  4 170.94  0  0.03
44 31415171127373733201330 7203 12 22 22 18  7  5 15  3 130.73  7  0.03
44 315151712 72713 713 32027117  3 12  5  3  5  2  7 12  60.31  0  0.03
44 316151713273713232020 3 3147 12 22  5  9  7  7  2  2  80.42  8  0.03
44 317151714 3 3 3 3 3 3 3 3 27  2  2  2  2  2  2  2  2  20.00 14  0.03
44 318151715 0 0201013204053157  0  0  7  4  5  7 27 56 130.84 29  0.03
44 3191517166353233733133747307 94 56  9 22 18  5 22 39 331.36 31  0.03
44 3201517173310272313 31710137 18  4 12  9  5  2  6  4  80.42 33  0.03
44 3211517181730 7 3 7101730120  6 15  3  2  3  4  6 15  70.31 27  0.03
44 3221517193337233033231713210 18 22  9 15 18  9  6  5 130.73 36  0.03
44 3231517201027201310173030157  4 12  7  5  4  6 15 15  80.52 36  0.03
44 324151721 7 3 7101013 0 0 50  3  2  3  4  4  5  0  0  30.00 22  0.03
44 325151722 310102020233333153  2  4  4  7  7  9 18 18  90.52 14  0.03
44 3261517233743534760232053337 22 32 56 39 80  9  7 56 381.46 14  0.03
44 3271517247370575733303723380154132 67 67 18 15 22  9 601.77 12  0.03
44 3281517251713132323272340180  6  5  5  9  9 12  9 27 100.63 12  0.03
44 3291517264750503723272720280 39 48 48 22  9 12 12  7 251.26 15  0.03
44 3301517273727331723332047237 22 12 18  6  9 18  7 39 160.94  7  0.03
44 3311518 13030302323 01017163 15 15 15  9  9  0  4  6  90.52  0  0.03
44 4 11518 227 7101717134043173 12  3  4  6  6  5 27 32 120.73  0  0.03
44 4 21518 34350808360405040447 32 48207236 80 27 48 27 881.87  0  0.03
44 4 31518 45050372020203030257 48 48 22  7  7  7 15 15 211.15  0  0.03
44 4 41518 53033435337333030290 15 18 32 56 22 18 15 15 241.26  0  0.03
44 4 51518 63047304027404340297 15 39 15 27 12 27 32 27 241.26  0  0.03
44 4 61518 73330505030433727300 18 15 48 48 15 32 22 12 261.26  0  0.03
44 4 71518 84327332720334750280 32 12 18 12  7 18 39 48 231.15  0  0.03
44 4 81518 93720 72753173323217 22  7  3 12 56  6 18  9 170.94  0  0.03
44 4 915181010171310 7203340150  4  6  5  4  3  7 18 27  90.52  0  0.03
44 4101518113350574033301327283 18 48 67 27 18 15  5 12 261.26  0  0.03
44 4111518123317232013333037207 18  6  9  7  5 18 15 22 120.73  0  0.03
44 4121518134327231313 310 3137 32 12  9  5  5  2  4  2  90.52  0  0.03
44 413151814 310 3 0 0 0 0 3 20  2  4  2  0  0  0  0  2  10.00  0  0.03
44 414151815 0 0 313 3 3 0 0 23  0  0  2  5  2  2  0  0  10.00  0  0.03
44 41515181617 3 31027273043160  6  2  2  4 12 12 15 32 110.63  0  0.03
44 4161518175340474343573323340 56 27 39 32 32 67 18  9 351.46  0  0.03
44 4171518183730101720171323167 22 15  4  6  7  6  5  9  90.52  8  0.03
44 418151819371013 7 3 7 717100 22  4  5  3  2  3  3  6  60.31  0  0.03
44 41915182020 0 3 7101013 7 70  7  0  2  3  4  4  5  3  40.10  0  0.03
44 42015182117201010101010 3 90  6  7  4  4  4  4  4  2  40.21  0  0.03
44 421151822 31010102713 7 3 83  2  4  4  4 12  5  3  2  40.21  0  0.03
44 422151823 3 3 3 7 3 7 0 3 30  2  2  2  3  2  3  0  2  20.00  0  0.03
44 423151824 0 0 3 3 7 3 3 0 20  0  0  2  2  3  2  2  0  10.00  0  0.03
44 4241518253337372330171723217 18 22 22  9 15  6  6  9 130.84  0  0.03
44 425151826332017 7 7102327143 18  7  6  3  3  4  9 12  80.42  0  0.03
44 4261518272327231310232723170  9 12  9  5  4  9 12  9  90.52  0  0.03
44 4271519 12327173023233727207  9 12  6 15  9  9 22 12 120.73  0  0.03
44 4281519 23327232023233013193 18 12  9  7  9  9 15  5 100.63  0  0.03
44 4291519 31027302330232013177  4 12 15  9 15  9  7  5 100.52  0  0.03
44 4301519 42340534720271333257  9 27 56 39  7 12  5 18 221.15  0  0.03
44 5 11519 53327273360574347327 18 12 12 18 80 67 32 39 351.46  0  0.03
44 5 21519 63750435043302020293 22 48 32 48 32 15  7  7 261.26  0  0.03
44 5 31519 72727201333201013163 12 12  7  5 18  7  4  5  90.52  0  0.03
44 5 41519 810 7 73730335050223  4  3  3 22 15 18 48 48 201.05  0  0.03
44 5 51519 94323233340303317243 32  9  9 18 27 15 18  6 170.94  0  0.03
44 5 61519104023274033374323267 27  9 12 27 18 22 32  9 201.05  0  0.03
44 5 71519112027402730333027233  7 12 27 12 15 18 15 12 150.84  0  0.03
44 5 81519123333302710 71017167 18 18 15 12  4  3  4  6 100.63  0  0.03
44 5 9151913 3 713 7 3 72313 77  2  3  5  3  2  3  9  5  40.10  0  0.03
44 51015191423 7 3 3 7 7 717 73  9  3  2  2  3  3  3  6  40.10  0  0.03
44 511151915131713 710101017 97  5  6  5  3  4  4  4  6  50.21  0  0.03
44 51215191617 7 71710131720107  6  3  3  6  4  5  6  7  50.21  0  0.03
44 513151917 3 7 3 7 3 3 313 43  2  3  2  3  2  2  2  5  30.00  0  0.03
44 514151918 3131710 7 3 310 67  2  5  6  4  3  2  2  4  40.10  0  0.03
44 515151919272320 7 3 3 3 3 90 12  9  7  3  2  2  2  2  50.21  0  0.03
44 516151920 0 7 7 310 3 3 3 37  0  3  3  2  4  2  2  2  20.00  0  0.03
44 5171519211710 7 710 0 317 70  6  4  3  3  4  0  2  6  40.10  0  0.03
44 51815192210 7 713 7 0 713 63  4  3  3  5  3  0  3  5  30.10  0  0.03
44 51915192313 310 713 31010 70  5  2  4  3  5  2  4  4  40.10  0  0.03
44 520151924 3 3 0 3 3 3 0 0 17  2  2  0  2  2  2  0  0  10.00  0  0.03
44 521151925 7 7 710 3 7 313 57  3  3  3  4  2  3  2  5  30.10  0  0.03
44 522151926 3 310 710101717 77  2  2  4  3  4  4  6  6  40.10  0  0.03
44 5231519271020101317171717120  4  7  4  5  6  6  6  6  60.21  0  0.03
44 5241520 13023373017132327200 15  9 22 15  6  5  9 12 120.73  7  0.03
44 5251520 21023171017102317127  4  9  6  4  6  4  9  6  60.31  0  0.03
44 5261520 33020171713171310137 15  7  6  6  5  6  5  4  70.31  0  0.03
44 5271520 423302330231010 7157  9 15  9 15  9  4  4  3  80.52  0  0.03
44 5281520 5 7 7171717131323113  3  3  6  6  6  5  5  9  50.21 11  0.03
44 5291520 63327273730373360283 18 12 12 22 15 22 18 80 251.26 19  0.03
44 5301520 7372330303017 713187 22  9 15 15 15  6  3  5 110.63 23  0.03
44 5311520 81023271013372027167  4  9 12  4  5 22  7 12  90.52 16  0.03
44 6 11520 923 71310132020 3110  9  3  5  4  5  7  7  2  50.21 14  0.03
44 6 2152010 713132313 71713107  3  5  5  9  5  3  6  5  50.21  8  0.03
44 6 3152011 3 713 7 7 31010 60  2  3  5  3  3  2  4  4  30.10  0  0.03
44 6 4152012 7 7 7 7 7 73330103  3  3  3  3  3  3 18 15  60.31  0  0.03
44 6 51520132010131723272010140  7  4  5  6  9 12  7  4  70.31  0  0.03
44 6 61520141710 7 7101317 3 83  6  4  3  3  4  5  6  2  40.10  0  0.03
44 6 7152015 0 3 710101710 3 60  0  2  3  4  4  6  4  2  30.10  0  0.03
44 6 8152016 310 3 3 710 7 7 50  2  4  2  2  3  4  3  3  30.10  8  0.03
44 6 91520171317131017171017113  5  6  5  4  6  6  4  6  50.21  7  0.03
44 6101520182010 71013101010 90  7  4  3  4  5  4  4  4  40.21  8  0.03
44 61115201910 7131013232020117  4  3  5  4  5  9  7  7  60.21  7  0.03
44 6121520201010 7 7 7 7 3 0 50  4  4  3  3  3  3  2  0  30.00  0  0.03
44 613152021 010101017131720 97  0  4  4  4  6  5  6  7  40.21  0  0.03
44 6141520222010 71727 71340140  7  4  3  6 12  3  5 27  80.52  0  0.03
44 6151520234033372027333033253 27 18 22  7 12 18 15 18 170.94  2  0.03
44 6161520243017302727202027197 15  6 15 12 12  7  7 12 110.63  3  0.03
44 617152025201320101020 727127  7  5  7  4  4  7  3 12  60.31  8  0.03
44 618152026202020101310 710110  7  7  7  4  5  4  3  4  50.21  8  0.03
44 6191520271017 71713 7 323 97  4  6  3  6  5  3  2  9  50.21  8  0.03
44 6201521 12327272317132333187  9 12 12  9  6  5  9 18 100.63  8  0.03
44 6211521 22743433720202020230 12 32 32 22  7  7  7  7 160.94  8  0.03
44 6221521 33343334023472033273 18 32 18 27  9 39  7 18 211.15  8  0.03
44 6231521 42017472020372027207  7  6 39  7  7 22  7 12 130.84  8  0.03
44 6241521 5232020131310 7 7113  9  7  7  5  5  4  3  3  50.21  8  0.03
44 6251521 6 710 7 3 71720 7 77  3  4  3  2  3  6  7  3  40.10  8  0.03
44 6261521 71723202737404040243  6  9  7 12 22 27 27 27 170.94  7  0.03
44 6271521 83330203017231723193 18 15  7 15  6  9  6  9 110.63  7  0.03
44 6281521 9101313201713 723117  4  5  5  7  6  5  3  9  60.21  7  0.03
44 6291521102743231313171010157 12 32  9  5  5  6  4  4 100.52  0  0.03
44 630152111201023202313 317130  7  4  9  7  9  5  2  6  60.31  0  0.03
44 7 11521122313 7 717171713113  9  5  3  3  6  6  6  5  50.21  0  0.03
44 7 21521132020201717101317133  7  7  7  6  6  4  5  6  60.31 10  0.03
44 7 3152114 710202017131320120  3  4  7  7  6  5  5  7  60.21 10  0.03
44 7 41521152313 0 7 3 727 7 87  9  5  0  3  2  3 12  3  50.21  7  0.03
44 7 515211620171710101310 7103  7  6  6  4  4  5  4  3  50.21  7  0.03
44 7 61521171013131010 71023 97  4  5  5  4  4  3  4  9  50.21  7  0.03
44 7 71521183027131317131013137 15 12  5  5  6  5  4  5  70.42  0  0.03
44 7 8152119 313101310 31713 83  2  5  4  5  4  2  6  5  40.10  0  0.03
44 7 91521202717373320171713180 12  6 22 18  7  6  6  5 100.63  0  0.03
44 710152121201710 717203017137  7  6  4  3  6  7 15  6  70.31  8  0.03
44 711152122202017 7 7 7 7 7 90  7  7  6  3  3  3  3  3  40.21  8  0.03
44 712152123 713 7 7 7101020 80  3  5  3  3  3  4  4  7  40.10  0  0.03
44 7131521242013171013101013107  7  5  6  4  5  4  4  5  50.21  0  0.03
44 714152125 7 3203010201320123  3  2  7 15  4  7  5  7  60.31  0  0.03
44 7151521262323302327131717173  9  9 15  9 12  5  6  6  90.52  0  0.03
44 7161521271017201023173020147  4  6  7  4  9  6 15  7  70.42  0  0.03
44 7171522 11333272017131710150  5 18 12  7  6  5  6  4  80.42  0  0.03
44 7181522 2131310 7 7 72327107  5  5  4  3  3  3  9 12  60.21  7  0.03
44 7191522 32717172330131020157 12  6  6  9 15  5  4  7  80.42  7  0.03
44 7201522 42023333330 71017173  7  9 18 18 15  3  4  6 100.63  7  0.03
44 7211522 51017232723172023160  4  6  9 12  9  6  7  9  80.42  0  0.03
44 7221522 61313231713172317137  5  5  9  6  5  6  9  6  60.31  8  0.03
44 7231522 710 720201013 3 7 90  4  3  7  7  4  5  2  3  40.21  8  0.03
44 7241522 8 3 310 3 3 3 710 43  2  2  4  2  2  2  3  4  30.00 13  0.03
44 7251522 91013 7 3 7 3 3 3 50  4  5  3  2  3  2  2  2  30.10  7  0.03
44 726152210 310 713 7 3 7 7 57  2  4  3  5  3  2  3  3  30.10  7  0.03
44 727152211 0 0 7 310131013 57  0  0  3  2  4  5  4  5  30.10  0  0.03
44 72815221210 3 3 310131323 80  4  2  2  2  4  5  5  9  40.10 14  0.03
44 7291522131710 310 7101717 90  6  4  2  4  3  4  6  6  40.21 11  0.03
44 7301522141313131713131017110  5  5  5  6  5  5  4  6  50.21 10  0.03
44 7311522152323132013 31320130  9  9  5  7  5  2  5  7  60.31  0  0.03
44 8 1152216202020233010 7 7137  7  7  7  9 15  4  3  3  70.31  0  0.03
44 8 21522171317171727303350203  5  6  6  6 12 15 18 48 140.84  0  0.03
44 8 31522186363534733132730330 94 94 56 39 18  5 12 15 421.57  7  0.03
44 8 41522193010131317101310117 15  4  5  5  6  4  5  4  60.31  0  0.03
44 8 51522201010 31713171730117  4  4  2  6  5  6  6 15  60.31 10  0.03
44 8 61522212323272013171313150  9  9 12  7  5  6  5  5  70.42 20  0.03
44 8 71522222013 7102017 713107  7  5  3  4  7  6  3  5  50.21 22  0.03
44 8 8152223 710 71713273017127  3  4  3  6  5 12 15  6  70.31 25  0.03
44 8 91522242020131010171310113  7  7  5  4  4  6  5  4  50.21 29  0.03
44 8101522251317332723231320170  5  6 18 12  9  9  5  7  90.52 25  0.03
44 8111522263727201013102337177 22 12  7  4  5  4  9 22 110.63 30  0.03
44 8121522273737202020201020183 22 22  7  7  7  7  4  7 100.63 28  0.03
44 8131523 127102317101017 7120 12  4  9  6  4  4  6  3  60.31 19  0.03
44 8141523 210 3 31017102723103  4  2  2  4  6  4 12  9  50.21 24  0.03
44 8151523 31720201313 71010110  6  7  7  5  5  3  4  4  50.21 14  0.03
44 8161523 4 7 7101717201020107  3  3  4  6  6  7  4  7  50.21 16  0.03
44 8171523 52723 7 7 7 71010 97 12  9  3  3  3  3  4  4  50.21 34  0.03
44 8181523 63020574027233317247 15  7 67 27 12  9 18  6 201.05 31  0.03
44 8191523 7302327131010 713133 15  9 12  5  4  4  3  5  70.42 18  0.03
44 8201523 82313101017 71013103  9  5  4  4  6  3  4  5  50.21 23  0.03
44 8211523 91710 710 3 713 7 73  6  4  3  4  2  3  5  3  40.10  8  0.03
44 8221523101317101710 7 323100  5  6  4  6  4  3  2  9  50.21  0  0.03
44 8231523113720272027172013180 22  7 12  7 12  6  7  5 100.52 15  0.03
44 8241523122033332740271010200  7 18 18 12 27 12  4  4 130.73 14  0.03
44 825152313 313 3 3 713 3 3 50  2  5  2  2  3  5  2  2  30.10 19  0.03
44 826152314 7 3 3 310172027 90  3  2  2  2  4  6  7 12  50.21 18  0.03
44 827152315201720 3 7103320130  7  6  7  2  3  4 18  7  70.31 14  0.03
44 8281523162027503737303030260  7 12 48 22 22 15 15 15 201.05 21  0.03
44 82915231710 3 71717171013 93  4  2  3  6  6  6  4  5  40.21 18  0.03
44 8301523182727202320132717173 12 12  7  9  7  5 12  6  90.52 16  0.03
44 8311523193037373713372727243 15 22 22 22  5 22 12 12 160.94  0  0.03
44 9 11523204317172730131027183 32  6  6 12 15  5  4 12 120.73  0  0.03
44 9 21523214747433730333733307 39 39 32 22 15 18 22 18 261.26 21  0.03
44 9 31523222710333013131010147 12  4 18 15  5  5  4  4  80.52  8  0.03
44 9 41523231710 31313133333137  6  4  2  5  5  5 18 18  80.42  8  0.03
44 9 5152324332017201313 310130 18  7  6  7  5  5  2  4  70.31  0  0.03
44 9 615232513 3 32313231320113  5  2  2  9  5  9  5  7  60.21  0  0.03
44 9 715232610272723 710 7 3113  4 12 12  9  3  4  3  2  60.31  0  0.03
44 9 8152327 710132023233033160  3  4  5  7  9  9 15 18  90.52  0  0.03
44 9 91524 12723 310 7 32017110 12  9  2  4  3  2  7  6  60.31  8  0.03
44 9101524 21720231310202023147  6  7  9  5  4  7  7  9  70.31 11  0.03
44 9111524 32023231717101730157  7  9  9  6  6  4  6 15  80.42 14  0.03
44 9121524 42323303323131320180  9  9 15 18  9  5  5  7 100.52 22  0.03
44 9131524 520 0 01013232030117  7  0  0  4  5  9  7 15  60.31 25  0.03
44 9141524 630332313302320 7180 15 18  9  5 15  9  7  3 100.63 23  0.03
44 9151524 713231320 7 0 0 7 83  5  9  5  7  3  0  0  3  40.10 20  0.03
44 9161524 8 32017 71320 7 7 93  2  7  6  3  5  7  3  3  40.21 14  0.03
44 9171524 9 7 7 7131720 310 83  3  3  3  5  6  7  2  4  40.10 12  0.03
44 91815241037332717171020 7167 22 18 12  6  6  4  7  3 100.52 12  0.03
44 91915241110 3 7 717 3 3 0 50  4  2  3  3  6  2  2  0  30.00 14  0.03
44 920152412 0 0101017172340117  0  0  4  4  6  6  9 27  70.42 20  0.03
44 9211524135340333323172020240 56 27 18 18  9  6  7  7 181.05 21  0.03
44 9221524142717101313132740160 12  6  4  5  5  5 12 27 100.52 22  0.03
44 9231524153330172010173043200 18 15  6  7  4  6 15 32 130.73 20  0.03
44 9241524165333474740171737290 56 18 39 39 27  6  6 22 271.26 23  0.03
44 9251524173030171720133327187 15 15  6  6  7  5 18 12 100.63 23  0.03
44 9261524184323202023232027200 32  9  7  7  9  9  7 12 120.73 22  0.03
44 9271524191030372320333330217  4 15 22  9  7 18 18 15 140.84 18  0.03
44 92815242013272013 7131713123  5 12  7  5  3  5  6  5  60.31 11  0.03
44 9291524211027202317102320150  4 12  7  9  6  4  9  7  70.42  9  0.03
44 930152422 710131747606047260  3  4  5  6 39 80 80 39 321.36 28  0.03
4410 11524234027234337403343287 27 12  9 32 22 27 18 32 221.15 42  0.03
4410 215242420 0 31717132327120  7  0  2  6  6  5  9 12  60.31 32  0.03
4410 31524253037372727334033263 15 22 22 12 12 18 27 18 181.05 46  0.03
4410 41524263010 320 7272713137 15  4  2  7  3 12 12  5  80.42 41  0.03
4410 5152427232313101010 3 7100  9  9  5  4  4  4  2  3  50.21 23  0.03
4410 61525 117232013 7303733180  6  9  7  5  3 15 22 18 110.63 15  0.03
4410 71525 2232310 723102713137  9  9  4  3  9  4 12  5  70.31  8  0.03
4410 81525 310 7 0 3 3 3 713 47  4  3  0  2  2  2  3  5  30.00 16  0.03
4410 91525 423132013 0 0 3 3 77  9  5  7  5  0  0  2  2  40.10 19  0.03
4410101525 5 0 0101310 72337100  0  0  4  5  4  3  9 22  60.31 17  0.03
4410111525 65760201333533033300 67 80  7  5 18 56 15 18 331.36  7  0.03
4410121525 72027171717232730177  7 12  6  6  6  9 12 15  90.52  7  0.03
4410131525 827 710 730332333170 12  3  4  3 15 18  9 18 100.63  0  0.03
4410141525 92717203730434063277 12  6  7 22 15 32 27 94 271.26  0  0.03
4410151525106060333320273353320 80 80 18 18  7 12 18 56 361.46  8  0.03
4410161525112713371720272323187 12  5 22  6  7 12  9  9 100.63 22  0.03
4410171525122723333020 7 737183 12  9 18 15  7  3  3 22 110.63 23  0.03
44101815251337272030172013 7170 22 12  7 15  6  7  5  3 100.52 21  0.03
44101915251417101023 3 3 7 0 73  6  4  4  9  2  2  3  0  40.10 12  0.03
441020152515 3 3 310 3132333 93  2  2  2  4  2  5  9 18  60.21 17  0.03
44102115251617101313 7101717103  6  4  5  5  3  4  6  6  50.21 17  0.03
4410221525171717171013171310113  6  6  6  4  5  6  5  4  50.21 18  0.03
4410231525181717201010403743193  6  6  7  4  4 27 22 32 140.84 13  0.03
4410241525194330373327233727257 32 15 22 18 12  9 22 12 181.05  9  0.03
44102515252023201010 7103323137  9  7  4  4  3  4 18  9  70.42 11  0.03
44102615252140374020 3102720197 27 22 27  7  2  4 12  7 140.84 10  0.03
4410271525222717 71020371710143 12  6  3  4  7 22  6  4  80.42  9  0.03
4410281525231727271720132317160  6 12 12  6  7  5  9  6  80.42 14  0.03
4410291525241010 0 7 7132020 87  4  4  0  3  3  5  7  7  40.10 11  0.03
44103015252520232013 3 0 310 93  7  9  7  5  2  0  2  4  40.21 18  0.03
4410311525262730332323303023220 12 15 18  9  9 15 15  9 130.73 17  0.03
4411 115252710 3 3 7 7 7 720 63  4  2  2  3  3  3  3  7  30.10 11  0.03
4411 21526 11023 713 3 71010 83  4  9  3  5  2  3  4  4  40.10 11  0.03
4411 31526 2 0 71323302710 7117  0  3  5  9 15 12  4  3  60.31 12  0.03
4411 41526 32023303037332020213  7  9 15 15 22 18  7  7 120.73 12  0.03
4411 51526 43050433033373753313 15 48 32 15 18 22 22 56 281.26 14  0.03
4411 61526 53037432737131010207 15 22 32 12 22  5  4  4 140.84 14  0.03
4411 71526 610 7 7 723231720113  4  3  3  3  9  9  6  7  60.21  0  0.03
4411 81526 720232717 7 3 0 3100  7  9 12  6  3  2  0  2  50.21  0  0.03
4411 91526 82320271710 72713143  9  7 12  6  4  3 12  5  70.42  0  0.03
4411101526 9 3 32023304030 0150  2  2  7  9 15 27 15  0 100.52  0  0.03
441111152610 3131010132313 0 87  2  5  4  4  5  9  5  0  40.10 11  0.03
441112152611171017 7 3 3 0 0 57  6  4  6  3  2  2  0  0  30.10 16  0.03
441113152612 0 0 0 3 3 0 3 3 13  0  0  0  2  2  0  2  2  10.00  8  0.03
441114152613 7 7 3 310101310 63  3  3  2  2  4  4  5  4  30.10  0  0.03
4411151526141717 3 0 3 0 310 53  6  6  2  0  2  0  2  4  30.00  0  0.03
4411161526151320201713 3 3 0 90  5  7  7  6  5  2  2  0  40.10  9  0.03
441117152616 0 0 3 3 3 0 720 37  0  0  2  2  2  0  3  7  20.00  9  0.03
441118152617331313 727271010140 18  5  5  3 12 12  4  4  80.42 11  0.03
44111915261833271717202313 7157 18 12  6  6  7  9  5  3  80.42 11  0.03
4411201526192037302740473337270  7 22 15 12 27 39 18 22 201.05 10  0.03
44112115262020 3 710 0 0 3 7 50  7  2  3  4  0  0  2  3  30.00 11  0.03
441122152621 3 0 0 3 3201010 50  2  0  0  2  2  7  4  4  30.00 20  0.03
44112315262220131010 710 7 3 80  7  5  4  4  3  4  3  2  40.10 19  0.03
441124152623 310 7 0 0 0 0 3 23  2  4  3  0  0  0  0  2  10.00 24  0.03
441125152624 0 0 0 3 3 0 7 3 17  0  0  0  2  2  0  3  2  10.00 23  0.03
441126152625331710 71313 3 3100 18  6  4  3  5  5  2  2  60.31 17  0.03
441127152626 71010 3 3 3 7 3 47  3  4  4  2  2  2  3  2  30.00 17  0.03
441128152627 3 0 0 3 0 72013 47  2  0  0  2  0  3  7  5  20.00 19  0.03
4411291527 1 320 3 710 710 3 63  2  7  2  3  4  3  4  2  30.10  8  0.03
4411301527 2201710 720201317123  7  6  4  3  7  7  5  6  60.31  8  0.03
4412 11527 317 3102027302317147  6  2  4  7 12 15  9  6  80.42  0  0.03
4412 21527 43323302320334323230 18  9 15  9  7 18 32  9 150.84  0  0.03
4412 31527 53033301720132020183 15 18 15  6  7  5  7  7 100.63  0  0.03
4412 41527 6203013 710 32013117  7 15  5  3  4  2  7  5  60.31  0  0.03
4412 51527 71317132317131023130  5  6  5  9  6  5  4  9  60.31  7  0.03
4412 61527 827231317 71713 7123 12  9  5  6  3  6  5  3  60.31 16  0.03
4412 71527 910 0 7 3 3 0 0 3 27  4  0  3  2  2  0  0  2  20.00 16  0.03
4412 8152710 0 013 010101017 60  0  0  5  0  4  4  4  6  30.10 19  0.03
4412 9152711272710 7 3101713113 12 12  4  3  2  4  6  5  60.31 25  0.03
4412101527121717 310 7 713 3 77  6  6  2  4  3  3  5  2  40.10 44  0.03
44121115271313101013 7 7 0 0 60  5  4  4  5  3  3  0  0  30.10 39  0.03
4412121527141013 310 3 313 7 63  4  5  2  4  2  2  5  3  30.10 32  0.03
4412131527151320203030433733227  5  7  7 15 15 32 22 18 150.94 56  0.03
441214152716405040274020 3 0220 27 48 27 12 27  7  2  0 191.05 37  0.03
441215152717 7 71713 7 73040127  3  3  6  5  3  3 15 27  80.42 39  0.03
4412161527184037436080835030423 27 22 32 80207236 48 15 831.87 32  0.03
4412171527192350605760635363430  9 48 80 67 80 94 56 94 661.77 31  0.03
4412181527204047402727302720257 27 39 27 12 12 15 12  7 191.05 52  0.03
4412191527211323202710232720163  5  9  7 12  4  9 12  7  80.42 40  0.03
44122015272213232713 7202330157  5  9 12  5  3  7  9 15  80.42 54  0.03
4412211527234037201320201317180 27 22  7  5  7  7  5  6 110.63 51  0.03
4412221527242010 3 717203030137  7  4  2  3  6  7 15 15  70.42 49  0.03
4412231527252017171310101013110  7  6  6  5  4  4  4  5  50.21 39  0.03
441224152726 0 0 3 7 713 7 3 40  0  0  2  3  3  5  3  2  20.00 41  0.03
44122515272710 3 313 7 7 310 57  4  2  2  5  3  3  2  4  30.10 39  0.03
4412261528 1 7 7 32723272323140  3  3  2 12  9 12  9  9  70.42 31  0.03
4412271528 23737304347574753350 22 22 15 32 39 67 39 56 361.46 33  0.03
4412281528 35320202730271313203 56  7  7 12 15 12  5  5 150.84 24  0.03
4412291528 41030232313233727187  4 15  9  9  5  9 22 12 110.63 17  0.03
4412301528 53737302333302740257 22 22 15  9 18 15 12 27 181.05  8  0.03
4412311528 61317131023202033150  5  6  5  4  9  7  7 18  80.42  9  0.03
