49 1 11582102333332320272740227  9 18 18  9  7 12 12 27 140.84108  0.03
49 1 21582115767435350333723363 67111 32 56 48 18 22  9 451.57 99  0.03
49 1 3158212231713 3 3 72013100  9  6  5  2  2  3  7  5  50.21 86141.90
49 1 415821320 3 3 3171310 7 77  7  2  2  2  6  5  4  3  40.10 88143.60
49 1 51582141017 0 3 7 7 713 63  4  6  0  2  3  3  3  5  30.10 75153.90
49 1 6158215 720232710171337153  3  7  9 12  4  6  5 22  80.52 87150.90
49 1 715821633473720 7172743230 18 39 22  7  3  6 12 32 170.94 91143.60
49 1 815821730 7132720333023183 15  3  5 12  7 18 15  9 100.63 94153.50
49 1 91582182727273337303730247 12 12 12 18 22 15 22 15 160.94112  0.03
49 1101582192327332330302350240  9 12 18  9 15 15  9 48 170.94118164.20
49 1111582201330302727173343220  5 15 15 12 12  6 18 32 140.84109164.70
49 1121582213723232017374343243 22  9  9  7  6 22 32 32 170.94113168.50
49 1131582225030373323102310217 48 15 22 18  9  4  9  4 160.94122164.70
49 114158223 7 3202320102327133  3  2  7  9  7  4  9 12  70.31123169.00
49 11515822410 3 72023131023110  4  2  3  7  9  5  4  9  50.21118208.10
49 1161582252720173027202317180 12  7  6 15 12  7  9  6  90.52140  0.03
49 117158226331313201713 710127 18  5  5  7  6  5  3  4  70.31145254.50
49 1181582272040203330373747263  7 27  7 18 15 22 22 39 201.05157209.40
49 1191583 14340303030272727253 32 27 15 15 15 12 12 12 181.05177234.30
49 1201583 22017272327201313160  7  6 12  9 12  7  5  5  80.42169230.00
49 1211583 31730272320202040197  6 15 12  9  7  7  7 27 110.63167205.50
49 1221583 43033433027171310203 15 18 32 15 12  6  5  4 130.84153227.90
49 1231583 5 310102323303337170  2  4  4  9  9 15 18 22 100.63155211.90
49 1241583 63330201327307360287 18 15  7  5 12 15154 80 381.46149189.60
49 1251583 78780674350608383553300207111 32 48 802362361562.09145182.70
49 1261583 88380705750504740477236207132 67 48 48 39 271001.98128176.30
49 1271583 94047272330303320250 27 39 12  9 15 15 18  7 181.05 90169.00
49 1281583102027231717232013160  7 12  9  6  6  9  7  5  80.42 86160.80
49 1291583112313202320202017157  9  5  7  9  7  7  7  6  70.42 80151.30
49 13015831210 7 7 3 7 7 7 7 53  4  3  3  2  3  3  3  3  30.10 90  0.03
49 131158313 313171317232710123  2  5  6  5  6  9 12  4  60.31119175.40
49 2 1158314 7 3171713 3 0 3 63  3  2  6  6  5  2  0  2  30.10135191.50
49 2 215831510 3 717271017 7 97  4  2  3  6 12  4  6  3  50.21149206.50
49 2 315831620 3131323174047177  7  2  5  5  9  6 27 39 120.73179216.00
49 2 41583176357473733171010273 94 67 39 22 18  6  4  4 321.36199228.00
49 2 515831813 7201327272320150  5  3  7  5 12 12  9  7  80.42206228.90
49 2 61583192313174040474740267  9  5  6 27 27 39 39 27 221.15218243.00
49 2 71583205053404023131313247 48 56 27 27  9  5  5  5 231.15220231.90
49 2 815832110 0 013102710 3 73  4  0  0  5  4 12  4  2  40.10193206.90
49 2 9158322 7 0131313 710 3 67  3  0  5  5  5  3  4  2  30.10190216.40
49 210158323231010 710202717123  9  4  4  3  4  7 12  6  60.31180202.20
49 2111583242323403333233043250  9  9 27 18 18  9 15 32 170.94186220.70
49 2121583253040333333272727250 15 27 18 18 18 12 12 12 160.94200  0.03
49 2131583264040273327172337243 27 27 12 18 12  6  9 22 170.94222  0.03
49 2141583273727272320171333197 22 12 12  9  7  6  5 18 110.73212234.40
49 2151584 12023132733373027210  7  9  5 12 18 22 15 12 120.73221238.70
49 2161584 23020272020101330170 15  7 12  7  7  4  5 15  90.52224250.80
49 2171584 33330374053473340313 18 15 22 27 56 39 18 27 281.26218245.20
49 2181584 44037433333233337280 27 22 32 18 18  9 18 22 211.15222237.90
49 2191584 527232323131710 7143 12  9  9  9  5  6  4  3  70.42220237.90
49 2201584 6 0 3101727333023143  0  2  4  6 12 18 15  9  80.42190219.40
49 2211584 73327272730503743273 18 12 12 12 15 48 22 32 211.15157204.40
49 2221584 86063534733334340373 80 94 56 39 18 18 32 27 461.57133197.50
49 2231584 92710133037302020187 12  4  5 15 22 15  7  7 110.63135191.90
49 2241584105040374043371730293 48 27 22 27 32 22  6 15 251.26140179.40
49 22515841117 717171710 7 7 97  6  3  6  6  6  4  3  3  50.21137231.40
49 2261584121020171717301027147  4  7  6  6  6 15  4 12  80.42126191.90
49 2271584132737534023171317227 12 22 56 27  9  6  5  6 181.05140  0.03
49 228158414 3133013 730 710113  2  5 15  5  3 15  3  4  60.31152205.20
49 3 11584152017174040373333237  7  6  6 27 27 22 18 18 160.94150198.80
49 3 21584163043404730303740297 15 32 27 39 15 15 22 27 241.26160201.40
49 3 31584173733333733503323280 22 18 18 22 18 48 18  9 221.15144207.40
49 3 41584182713273020201720173 12  5 12 15  7  7  6  7  90.52158210.00
49 3 515841930433020 7 71327177 15 32 15  7  3  3  5 12 120.73168209.10
49 3 615842010 7101310 710 3 70  4  3  4  5  4  3  4  2  40.10172200.90
49 3 715842117 3132013231317120  6  2  5  7  5  9  5  6  60.31180196.20
49 3 81584221713172023271727160  6  5  6  7  9 12  6 12  80.42172215.50
49 3 91584233337172347533023263 18 22  6  9 39 56 15  9 221.15162237.50
49 31015842410 3 7 7 31320 7 70  4  2  3  3  2  5  7  3  40.10152249.50
49 311158425 7 313131313 3 7 73  3  2  5  5  5  5  2  3  40.10156228.90
49 31215842613 3132323272037160  5  2  5  9  9 12  7 22  90.52180216.40
49 3131584274037333737373343297 27 22 18 22 22 22 18 32 231.15178  0.03
49 3141585 15350405040434740363 56 48 27 48 27 32 39 27 381.46168213.80
49 3151585 24723204740333723270 39  9  7 39 27 18 22  9 211.15172219.00
49 3161585 32017132020736037260  7  6  5  7  7154 80 22 361.46175210.00
49 3171585 44037304030475063337 27 22 15 27 15 39 48 94 361.46182219.00
49 3181585 56747433730404727337111 39 32 22 15 27 39 12 371.46196223.70
49 3191585 62323232317302033193  9  9  9  9  6 15  7 18 100.63197231.40
49 3201585 71733302323303027213  6 18 15  9  9 15 15 12 120.73210  0.03
49 3211585 83033232323273063253 15 18  9  9  9 12 15 94 231.15221223.70
49 3221585 97077676747575733473132179111111 39 67 67 18 901.87169198.30
49 3231585104070635040471317340 27132 94 48 27 39  5  6 471.57153182.40
49 324158511 720332317102710147  3  7 18  9  6  4 12  4  80.42126185.50
49 325158512 337233027131033177  2 22  9 15 12  5  4 18 110.63112178.60
49 3261585133737433030271310227 22 22 32 15 15 12  5  4 160.94110171.30
49 327158514 0 0101013 71010 60  0  0  4  4  5  3  4  4  30.10114  0.03
49 3281585151333272727333743240  5 18 12 12 12 18 22 32 160.94112153.20
49 3291585164317303730332020230 32  6 15 22 15 18  7  7 150.94 90159.20
49 3301585171340273023201010173  5 27 12 15  9  7  4  4 100.63122171.70
49 33115851820201010 010 3 0 73  7  7  4  4  0  4  2  0  40.10120171.70
49 4 1158519 0 7101313172327110  0  3  4  5  5  6  9 12  60.21148156.10
49 4 215852033 7 71310131310107 18  3  3  5  4  5  5  4  60.31155138.90
49 4 3158521131730233033 7 7160  5  6 15  9 15 18  3  3  90.52152196.10
49 4 4158522 717232317101010117  3  6  9  9  6  4  4  4  60.31176187.90
49 4 5158523 71710272013 717117  3  6  4 12  7  5  3  6  60.31176196.10
49 4 615852420201017 3 7 710 93  7  7  4  6  2  3  3  4  40.21145208.10
49 4 715852520 3102720335373240  7  2  4 12  7 18 56154 321.36147197.80
49 4 81585266763637067535327463111 94 94132111 56 56 12 831.87151172.00
49 4 91585272023202323201033173  7  9  7  9  9  7  4 18  90.52144179.80
49 4101586 14040373033435353330 27 27 22 15 18 32 56 56 321.36139  0.03
49 4111586 24327403753533327313 32 12 27 22 56 56 18 12 291.36104181.10
49 4121586 31320403743603730280  5  7 27 22 32 80 22 15 261.26126184.50
49 4131586 44753334043333327310 39 56 18 27 32 18 18 12 281.26130186.20
49 4141586 53343373323272733257 18 32 22 18  9 12 12 18 181.05141175.90
49 4151586 63327302020171727190 18 12 15  7  7  6  6 12 100.63150  0.03
49 4161586 72023203733402030223  7  9  7 22 18 27  7 15 140.84130174.60
49 4171586 83323272727201733207 18  9 12 12 12  7  6 18 120.73160  0.03
49 4181586 92727 710 3172320133 12 12  3  4  2  6  9  7  70.31154  0.03
49 4191586101313231713 71323123  5  5  9  6  5  3  5  9  60.31158179.30
49 420158611131017 7 7 72017 97  5  4  6  3  3  3  7  6  50.21160196.50
49 4211586122020 7 7 7 71317 97  7  7  3  3  3  3  5  6  50.21160186.20
49 42215861313101310232010 7107  5  4  5  4  9  7  4  3  50.21155195.70
49 423158614 313202023232310137  2  5  7  7  9  9  9  4  60.31177176.80
49 4241586153020202313231023163 15  7  7  9  5  9  4  9  80.42185  0.03
49 4251586162720131017131017127 12  7  5  4  6  5  4  6  60.31177174.60
49 4261586173327131317201013147 18 12  5  5  6  7  4  5  80.42160194.80
49 427158618334733332313 710200 18 39 18 18  9  5  3  4 140.84130189.20
49 428158619 720172310232320143  3  7  6  9  4  9  9  7  70.31122187.90
49 4291586202010101010534330187  7  4  4  4  4 56 32 15 160.94112182.80
49 4301586213013131313 3 7 0 93 15  5  5  5  5  2  3  0  50.21 85157.40
49 5 1158622 0 3 7 7 7232020 87  0  2  3  3  3  9  7  7  40.10 82  0.03
49 5 2158623272710 320372723173 12 12  4  2  7 22 12  9 100.63 85164.70
49 5 315862430301717 7 74070217 15 15  6  6  3  3 27132 261.26121180.10
49 5 41586256053403340402010297 80 56 27 18 27 27  7  4 311.36122173.30
49 5 51586261013202733374050230  4  5  7 12 18 22 27 48 181.05139183.20
49 5 61586274340302020303027240 32 27 15  7  7 15 15 12 160.94141169.00
49 5 71587 12727171317272330180 12 12  6  5  6 12  9 15 100.52132163.40
49 5 81587 22323201720133040187  9  9  7  6  7  5 15 27 110.63118  0.03
49 5 91587 33323372327433017233 18  9 22  9 12 32 15  6 150.94114165.50
49 5101587 42017201333272733190  7  6  7  5 18 12 12 18 110.63103152.60
49 5111587 54737333317132313217 39 22 18 18  6  5  9  5 150.94104136.70
49 5121587 62020737383878370510  7  71541542363002361321532.09 72136.70
49 5131587 78073332053331023327207154 18  7 56 18  4  9 591.77 60126.00
49 5141587 83730333733332730260 22 15 18 22 18 18 12 15 181.05 56139.70
49 5151587 9333023232010 3 3147 18 15  9  9  7  4  2  2  80.42 69  0.03
49 5161587101333332733302340233  5 18 18 12 18 15  9 27 150.94 80148.30
49 51715871137272310101710 3137 22 12  9  4  4  6  4  2  80.42111149.60
49 518158712 3 7 710 7 71313 67  2  3  3  4  3  3  5  5  40.10111156.10
49 5191587131310 3 310301310 93  5  4  2  2  4 15  5  4  50.21110153.50
49 5201587141313 7 713 71313 87  5  5  3  3  5  3  5  5  40.10105154.80
49 521158715 710202730201313140  3  4  7 12 15  7  5  5  70.42100149.20
49 5221587163023172320231317167 15  9  6  9  7  9  5  6  80.42111  0.03
49 5231587172023231323172330173  7  9  9  5  9  6  9 15  90.52119144.00
49 5241587182323301710131010137  9  9 15  6  4  5  4  4  70.42140  0.03
49 525158719 7 31337333013 7143  3  2  5 22 18 15  5  3  90.52120154.80
49 5261587201010172023271010127  4  4  6  7  9 12  4  4  60.31103145.30
49 527158721 310102727171713123  2  4  4 12 12  6  6  5  60.31114149.60
49 52815872230202013 710 7 3110 15  7  7  5  3  4  3  2  60.31 98147.90
49 529158723 3 7 71010 7 7 3 53  2  3  3  4  4  3  3  2  30.10119  0.03
49 530158724 310101043476367253  2  4  4  4 32 39 94111 361.46120160.80
49 5311587254760333743334340337 39 80 18 22 32 18 32 27 341.36112165.10
49 6 1158726374030232310 730200 22 27 15  9  9  4  3 15 130.73121165.80
49 6 21587272010373023231720180  7  4 22 15  9  9  6  7 100.63125156.80
49 6 31588 12010202313 71050153  7  4  7  9  5  3  4 48 110.63116159.80
49 6 41588 26340532333606757397 94 27 56  9 18 80111 67 581.77119150.80
49 6 51588 33753504757605763423 22 56 48 39 67 80 67 94 591.77120149.90
49 6 61588 45050231713202760260 48 48  9  6  5  7 12 80 271.26125153.40
49 6 71588 53733332323132017200 22 18 18  9  9  5  7  6 120.73100146.10
49 6 81588 61717202017131713133  6  6  7  7  6  5  6  5  60.31108149.50
49 6 91588 72717232010 73023157 12  6  9  7  4  3 15  9  80.42 83146.50
49 6101588 81013 71710 3 3 3 67  4  5  3  6  4  2  2  2  40.10 85137.00
49 6111588 9 3 3 7 717232020100  2  2  3  3  6  9  7  7  50.21102144.30
49 6121588104033303750505050340 27 18 15 22 48 48 48 48 341.46 86149.10
49 6131588116023304027201723240 80  9 15 27 12  7  6  9 211.15119150.40
49 614158812 7 7101723 72727123  3  3  4  6  9  3 12 12  60.31114143.50
49 6151588132730232327333717217 12 15  9  9 12 18 22  6 130.73 85141.30
49 6161588142017202313232027163  7  6  7  9  5  9  7 12  80.42103142.90
49 617158815131010 717133043143  5  4  4  3  6  5 15 32  90.52 86144.30
49 6181588164023273027302727230 27  9 12 15 12 15 12 12 140.84 85137.50
49 6191588173030172723201010167 15 15  6 12  9  7  4  4  90.52 76  0.03
49 6201588181017201723171717137  4  6  7  6  9  6  6  6  60.31 83142.20
49 62115881910 7132020101310103  4  3  5  7  7  4  5  4  50.21 92149.10
49 622158820 313102733373017170  2  5  4 12 18 22 15  6 100.63115151.60
49 623158821171710231313 3 3100  6  6  4  9  5  5  2  2  50.21139153.40
49 624158822 310102023203023140  2  4  4  7  9  7 15  9  70.42137160.20
49 6251588233723374033201710217 22  9 22 27 18  7  6  4 140.84116161.50
49 6261588241317131730232730170  5  6  5  6 15  9 12 15  90.52164  0.03
49 6271588253027201313202023167 15 12  7  5  5  7  7  9  80.52197193.30
49 6281588261310232717302333177  5  4  9 12  6 15  9 18 100.52220208.80
49 6291588272733273317303733237 12 18 12 18  6 15 22 18 150.94224202.40
49 6301589 12317172027201727167  9  6  6  7 12  7  6 12  80.42206209.70
49 7 11589 217201720 7101313117  6  7  6  7  3  4  5  5  50.21156182.90
49 7 21589 3131313 3 3 7 310 67  5  5  5  2  2  3  2  4  40.10124169.20
49 7 31589 4 3 7 7 7 7132013 77  2  3  3  3  3  5  7  5  40.10138159.30
49 7 41589 5 7 7 7 3 710 3 7 50  3  3  3  2  3  4  2  3  30.10100149.00
49 7 51589 6 310101713 3 310 70  2  4  4  6  5  2  2  4  40.10 67132.20
49 7 61589 7 713 7 313 31310 70  3  5  3  2  5  2  5  4  40.10 79133.10
49 7 71589 830101317403710 7163 15  4  5  6 27 22  4  3 110.63 86133.10
49 7 81589 91313171713303727167  5  5  6  6  5 15 22 12 100.52 61129.20
49 7 9158910101737402010 3 7143  4  6 22 27  7  4  2  3  90.52 57120.60
49 710158911 710 7 7101013 3 67  3  4  3  3  4  4  5  2  40.10 52  0.03
49 711158912 013 71010131323 90  0  5  3  4  4  5  5  9  40.21 59115.00
49 712158913 7 7101017135023137  3  3  4  4  6  5 48  9 100.63 95116.70
49 7131589143743332723301313220 22 32 18 12  9 15  5  5 150.84107123.60
49 714158915 720201323101013117  3  7  7  5  9  4  4  5  60.21 91131.80
49 715158916 7 3 3 3 7 7 3 3 37  3  2  2  2  3  3  2  2  20.00113143.80
49 716158917 3 7132047375037213  2  3  5  7 39 22 48 22 181.05113149.40
49 7171589182717333737301013203 12  6 18 22 22 15  4  5 130.73105142.50
49 7181589191713133027333730200  6  5  5 15 12 18 22 15 120.73109143.40
49 7191589203340333033272020237 18 27 18 15 18 12  7  7 150.94136148.10
49 72015892137 71317171710 7123 22  3  5  6  6  6  4  3  70.31144165.30
49 721158922 310102023171020113  2  4  4  7  9  6  4  7  50.21142163.60
49 722158923 713202327274037193  3  5  7  9 12 12 27 22 120.73150146.40
49 7231589244337272737172327237 32 22 12 12 22  6  9 12 160.94171162.30
49 724158925301717 327272317160 15  6  6  2 12 12  9  6  80.52182  0.03
49 7251589262027371023172327183  7 12 22  4  9  6  9 12 100.63187180.30
49 72615892717103010 7 71010100  6  4 15  4  3  3  4  4  50.21164190.70
49 7271590 113 3 3 3 31013 7 57  5  2  2  2  2  4  5  3  30.10182203.60
49 7281590 2 0 3 3 710 71313 57  0  2  2  3  4  3  5  5  30.10164215.20
49 7291590 3 7101317201710 7100  3  4  5  6  7  6  4  3  50.21185229.80
49 7301590 4 713232013102310120  3  5  9  7  5  4  9  4  60.31185221.60
49 7311590 517232017132017 7133  6  9  7  6  5  7  6  3  60.31196234.50
49 8 11590 6 310172320 72013113  2  4  6  9  7  3  7  5  50.21150228.70
49 8 21590 71017404350401720237  4  6 27 32 48 27  6  7 201.05156194.80
49 8 31590 85053707047333337393 48 56132132 39 18 18 22 581.77120187.50
49 8 41590 96767633750405743423111111 94 22 48 27 67 32 641.77108168.60
49 8 51590104027232737374033263 27 12  9 12 22 22 27 18 191.05103165.60
49 8 61590112717 73717 72723160 12  6  3 22  6  3 12  9  90.52 80139.80
49 8 71590121010101033432333173  4  4  4  4 18 32  9 18 120.73 58129.50
49 8 81590136067373737131313277 80111 22 22 22  5  5  5 341.36 50117.40
49 8 91590141713102330303320177  6  5  4  9 15 15 18  7 100.63 45108.00
49 8101590151327272023371333193  5 12 12  7  9 22  5 18 110.63 34114.40
49 811159016 3 710 71713 713 77  2  3  4  3  6  5  3  5  40.10 17109.70
49 81215901713 71010101013 7 80  5  3  4  4  4  4  5  3  40.10 56126.00
49 81315901813 7172023271730153  5  3  6  7  9 12  6 15  80.42 82138.10
49 8141590195333374347334050337 56 18 22 32 39 18 27 48 321.36102  0.03
49 8151590205053372727273040290 48 56 22 12 12 12 15 27 261.26148160.00
49 816159021302320231313 710140 15  9  7  9  5  5  3  4  70.42163164.70
49 8171590221727172340333030217  6 12  6  9 27 18 15 15 140.84164182.30
49 818159023 713273033332733203  3  5 12 15 18 18 12 18 130.73158187.90
49 8191590243323133027231730197 18  9  5 15 12  9  6 15 110.63155205.10
49 8201590252733271727102023183 12 18 12  6 12  4  7  9 100.63173215.80
49 8211590261323101717172723147  5  9  4  6  6  6 12  9  70.42140214.60
49 8221590272327202017131013143  9 12  7  7  6  5  4  5  70.31190221.00
49 8231591 1 7131710 7 3 3 7 67  3  5  6  4  3  2  2  3  40.10177208.10
49 8241591 2 313 310 7 3 3 3 47  2  5  2  4  3  2  2  2  30.00158215.40
49 8251591 3 3 3 7 3 7 7 3 7 40  2  2  3  2  3  3  2  3  20.00148219.70
49 8261591 410 71320 7101313 93  4  3  5  7  3  4  5  5  40.21155206.00
49 8271591 52027332327302020200  7 12 18  9 12 15  7  7 110.63160193.50
49 8281591 62330172020171013150  9 15  6  7  7  6  4  5  70.42152  0.03
49 8291591 7 313271717132333147  2  5 12  6  6  5  9 18  80.42145186.20
49 8301591 83030232020171010160 15 15  9  7  7  6  4  4  80.52133185.30
49 8311591 9231717 713172327143  9  6  6  3  5  6  9 12  70.42158181.90
49 9 11591102710373033404037253 12  4 22 15 18 27 27 22 181.05165162.70
49 9 21591113047402030334037277 15 39 27  7 15 18 27 22 211.15163177.40
49 9 31591124753604047404023350 39 56 80 27 39 27 27  9 381.46168177.80
49 9 41591133333303020173323220 18 18 15 15  7  6 18  9 130.84170  0.03
49 9 51591143020202320302720190 15  7  7  9  7 15 12  7 100.63166168.80
49 9 61591152020273723131310163  7  7 12 22  9  5  5  4  90.52172168.80
49 9 7159116 317232020172017137  2  6  9  7  7  6  7  6  60.31170164.50
49 9 81591172013273720233033203  7  5 12 22  7  9 15 18 120.73160168.30
49 9 915911837171323101310 7130 22  6  5  9  4  5  4  3  70.42153173.50
49 910159119 0 3 7 717131323 83  0  2  3  3  6  5  5  9  40.10160169.20
49 9111591202030303020172320190  7 15 15 15  7  6  9  7 100.63170  0.03
49 9121591212733504057403323303 12 18 48 27 67 27 18  9 281.26167186.00
49 913159122404030272017 727207 27 27 15 12  7  6  3 12 140.84163184.20
49 9141591231720232753432020223  6  7  9 12 56 32  7  7 170.94160203.60
49 9151591242320132327332723190  9  7  5  9 12 18 12  9 100.63162195.00
49 9161591253733202320272023203 22 18  7  9  7 12  7  9 110.73142211.30
49 917159126 310201320172727137  2  4  7  5  7  6 12 12  70.31174195.40
49 9181591272013 71713 3 3 7 83  7  5  3  6  5  2  2  3  40.10205195.80
49 9191592 1 3 3 3 7 3 7 3 0 30  2  2  2  3  2  3  2  0  20.00170189.00
49 9201592 2 0 0 3 7 7 7 7 7 37  0  0  2  3  3  3  3  3  20.00164179.10
49 9211592 3 0 7 0 710 7 320 53  0  3  0  3  4  3  2  7  30.00130174.80
49 9221592 4171720271720 7 3127  6  6  7 12  6  7  3  2  60.31144184.70
49 9231592 51020132017 7 710103  4  7  5  7  6  3  3  4  50.21138170.00
49 9241592 61320201723272753200  5  7  7  6  9 12 12 56 140.84122164.90
49 9251592 74747274737435037333 39 39 12 39 22 32 48 22 321.36131  0.03
49 9261592 84040373027231747260 27 27 22 15 12  9  6 39 201.05106148.10
49 9271592 94337474047272030290 32 22 39 27 39 12  7 15 241.26 88144.30
49 928159210433337171010 3 7160 32 18 22  6  4  4  2  3 110.73 79130.50
49 9291592112310231720131713137  9  4  9  6  7  5  6  5  60.31 50128.80
49 930159212 723403730274727237  3  9 27 22 15 12 39 12 170.94 47127.90
4910 1159213372727271713 320170 22 12 12 12  6  5  2  7 100.52 73146.80
4910 21592142340301310 31010140  9 27 15  5  4  2  4  4  90.52115162.70
4910 3159215 7 3 71713 7 723 83  3  2  3  6  5  3  3  9  40.10150163.60
4910 41592163730303743303023260 22 15 15 22 32 15 15  9 181.05196191.10
4910 51592174040403023302027250 27 27 27 15  9 15  7 12 170.94194216.90
4910 61592181317334037474040267  5  6 18 27 22 39 27 27 211.15222238.80
4910 71592193750474350607363423 22 48 39 32 48 80154 94 651.77190222.90
4910 81592206740333350533327337111 27 18 18 48 56 18 12 381.46190230.20
4910 91592215047302330302317250 48 39 15  9 15 15  9  6 201.05180237.90
49101015922210 3134023302013153  4  2  5 27  9 15  7  5  90.52166225.10
4910111592233727232740432737260 22 12  9 12 27 32 12 22 181.05183225.50
4910121592242717232727 71317157 12  6  9 12 12  3  5  6  80.42198  0.03
491013159225201720 720375030200  7  6  7  3  7 22 48 15 140.84182214.30
4910141592263743506357737770470 22 32 48 94 67154179132 911.87145198.00
4910151592276060738073738377580 80 801542071541542361791562.09150187.70
4910161593 16370536343503730410 94132 56 94 32 48 22 15 621.77145188.50
4910171593 24027332717333727240 27 12 18 12  6 18 22 12 160.94125171.80
4910181593 317132330272013 3147  6  5  9 15 12  7  5  2  80.42 77152.00
4910191593 4 310404037372327217  2  4 27 27 22 22  9 12 160.94 58146.40
4910201593 53017102333202733193 15  6  4  9 18  7 12 18 110.63 73140.40
4910211593 620372730273013 3187  7 22 12 15 12 15  5  2 110.63 77144.30
4910221593 72010172320173757200  7  4  6  9  7  6 22 67 160.94113147.30
4910231593 83017233030334733243 15  6  9 15 15 18 39 18 170.94118  0.03
4910241593 95050333017201717233 48 48 18 15  6  7  6  6 191.05106162.70
4910251593102720102317 710 3117 12  7  4  9  6  3  4  2  60.31 95132.60
4910261593112013101310103017123  7  5  4  5  4  4 15  6  60.31 71127.50
4910271593121343332347406057317  5 32 18  9 39 27 80 67 351.46 83141.70
4910281593135757473730333027317 67 67 39 22 15 18 15 12 321.36 88144.70
4910291593142727273033272033223 12 12 12 15 18 12  7 18 130.84104146.00
491030159315 720272323201320153  3  7 12  9  9  7  5  7  70.42120  0.03
4910311593164033232010171710170 27 18  9  7  4  6  6  4 100.63 92149.80
4911 115931723 7233753605733293  9  3  9 22 56 80 67 18 331.36120147.80
4911 21593183033474347434057340 15 18 39 32 39 32 27 67 341.36125149.90
4911 31593195347331313202343247 56 39 18  5  5  7  9 32 211.15120165.00
4911 41593201323302720272010170  5  9 15 12  7 12  7  4  90.52122167.10
4911 51593213037433037332040270 15 22 32 15 22 18  7 27 201.05135172.30
4911 61593224027172023201313173 27 12  6  7  9  7  5  5 100.52125  0.03
4911 71593231313131310101710100  5  5  5  5  4  4  6  4  50.21128204.90
4911 8159324 3 0 0 3 7 7 010 30  2  0  0  2  3  3  0  4  20.00135219.60
4911 9159325 717332317172317153  3  6 18  9  6  6  9  6  80.42157212.20
4911101593261313333027372337213  5  5 18 15 12 22  9 22 140.84128182.60
4911111593274353433323472717287 32 56 32 18  9 39 12  6 261.26130186.00
4911121594 11723273327334337240  6  9 12 18 12 18 32 22 160.94133168.80
4911131594 237332020273017 7190 22 18  7  7 12 15  6  3 110.63143  0.03
4911141594 31033333027301727207  4 18 18 15 12 15  6 12 120.73158176.60
4911151594 42717171717332727180 12  6  6  6  6 18 12 12 100.52128195.90
4911161594 550372717 71010 7163 48 22 12  6  3  4  4  3 130.73136200.20
4911171594 6 3 0 3 3 7 31717 53  2  0  2  2  3  2  6  6  30.10167217.00
4911181594 72310172733202027177  9  4  6 12 18  7  7 12  90.52172201.90
4911191594 83323333033436063320 18  9 18 15 18 32 80 94 361.46149186.00
4911201594 96057603047403023347 80 67 80 15 39 27 15  9 421.57134  0.03
4911211594103320202030375020230 18  7  7  7 15 22 48  7 160.94160154.70
49112215941113 3 71313202017107  5  2  3  5  5  7  7  6  50.21140150.80
49112315941223271713 7133023153  9 12  6  5  3  5 15  9  80.42122153.80
491124159413273313201010 3 0117 12 18  5  7  4  4  2  0  60.31156168.40
491125159414 0 0131720102013 93  0  0  5  6  7  4  7  5  40.10143170.10
491126159415 7 0101013 71323 83  3  0  4  4  5  3  5  9  40.10150170.10
4911271594162723332727372720220 12  9 18 12 12 22 12  7 130.73170157.70
49112815941720132013 7 7 023103  7  5  7  5  3  3  0  9  50.21152171.00
4911291594185347374333404337333 56 39 22 32 18 27 32 22 311.36188  0.03
4911301594194040475353504333360 27 27 39 56 56 48 32 18 381.46180183.50
4912 115942030404023 3 710 0153 15 27 27  9  2  3  4  0 110.63170181.20
4912 2159421 0202720 3 3 310 87  0  7 12  7  2  2  2  4  40.21158173.50
4912 31594221310172037272333180  5  4  6  7 22 12  9 18 100.63145173.90
4912 41594233027302723203740233 15 12 15 12  9  7 22 27 150.84125  0.03
4912 51594243027232320272323197 15 12  9  9  7 12  9  9 100.63106169.60
4912 61594253323302727202317200 18  9 15 12 12  7  9  6 110.63 97177.80
4912 7159426202710 7 710 0 0 80  7 12  4  3  3  4  0  0  40.10124171.30
4912 8159427 0 0131323171320100  0  0  5  5  9  6  5  7  50.21120180.40
4912 91595 11747534330332333280  6 39 56 32 15 18  9 18 241.26122166.60
4912101595 213132013 7132017117  5  5  7  5  3  5  7  6  50.21124170.10
4912111595 313 01010 31013 0 60  5  0  4  4  2  4  5  0  30.10137176.90
4912121595 4 0 7 3 7 3 7 7 7 40  0  3  2  3  2  3  3  3  20.00143  0.03
4912131595 5101317 7 713 0 3 70  4  5  6  3  3  5  0  2  40.10148191.10
4912141595 62327333033372323230  9 12 18 15 18 22  9  9 140.84105162.80
4912151595 73027172013101323153 15 12  6  7  5  4  5  9  80.42107161.00
4912161595 8432313 710102313143 32  9  5  3  4  4  9  5  90.52106152.40
4912171595 920231710 3 31313103  7  9  6  4  2  2  5  5  50.21 96155.40
4912181595101710 7 7 7 71310 77  6  4  3  3  3  3  5  4  40.10102  0.03
491219159511 31313 72320 723110  2  5  5  3  9  7  3  9  50.21112144.30
4912201595123020232710272723187 15  7  9 12  4 12 12  9 100.63 88132.20
4912211595131040231720232320177  4 27  9  6  7  9  9  7 100.52 92134.40
4912221595142733101313 72017140 12 18  4  5  5  3  7  6  80.42110146.40
4912231595151013 31320304020150  4  5  2  5  7 15 27  7  90.52103143.80
49122415951643303737132320 7210 32 15 22 22  5  9  7  3 140.84119  0.03
4912251595172320201327271310153  9  7  7  5 12 12  5  4  80.42140  0.03
491226159518232320131010 310113  9  9  7  5  4  4  2  4  60.21129  0.03
49122715951920 3 31323202017120  7  2  2  5  9  7  7  6  60.31107155.90
49122815952020 7202717203027167  7  3  7 12  6  7 15 12  90.52114160.60
4912291595213323131717131723157 18  9  5  6  6  5  6  9  80.42101161.00
4912301595222017131310274040180  7  6  5  5  4 12 27 27 120.73 90156.30
4912311595232323374033274023247  9  9 22 27 18 12 27  9 170.94105  0.03
