54 1 116492717202013 7 01313103  6  7  7  5  3  0  5  5  50.21  0  0.03
54 1 21650 13327373350472323273 18 12 22 18 48 39  9  9 221.15  0 68.60
54 1 31650 2232023271710 310133  9  7  9 12  6  4  2  4  70.31  0  0.03
54 1 41650 3 0 3 7 3 0 3 3 3 23  0  2  3  2  0  2  2  2  20.00  0 67.10
54 1 51650 413 3 3 710133043123  5  2  2  3  4  5 15 32  80.52  0 67.40
54 1 61650 52033231323231310160  7 18  9  5  9  9  5  4  80.42  0 64.20
54 1 71650 6 720131013232310120  3  7  5  4  5  9  9  4  60.31  0 67.50
54 1 81650 73323302710171727183 18  9 15 12  4  6  6 12 100.63  0 67.00
54 1 91650 82717131720131020137 12  6  5  6  7  5  4  7  60.31  0  0.03
54 1101650 9 713101013131717100  3  5  4  4  5  5  6  6  50.21  0  0.03
54 111165010 3272723 7201023140  2 12 12  9  3  7  4  9  70.42  7 71.20
54 1121650111717102717372320167  6  6  4 12  6 22  9  7  90.52  0 69.40
54 1131650123330332313 71027177 18 15 18  9  5  3  4 12 100.63  0 66.20
54 114165013 7 710 7 7132327100  3  3  4  3  3  5  9 12  50.21  0 67.50
54 1151650142713372020172033187 12  5 22  7  7  6  7 18 100.63  0 69.60
54 1161650152717101317103010133 12  6  4  5  6  4 15  4  70.42  0  0.03
54 117165016 313 71013232717113  2  5  3  4  5  9 12  6  60.31  0 66.00
54 1181650172023201327202750200  7  9  7  5 12  7 12 48 130.84  0 67.90
54 1191650184023373723374747290 27  9 22 22  9 22 39 39 241.15  0 69.40
54 1201650194023372727303717237 27  9 22 12 12 15 22  6 160.94  0 66.70
54 1211650204037302027232733237 27 22 15  7 12  9 12 18 150.94  0 70.10
54 1221650213037373027232713223 15 22 22 15 12  9 12  5 140.84  0 67.50
54 1231650223343373020232017223 18 32 22 15  7  9  7  6 140.84  0  0.03
54 12416502323131713 71010 7100  9  5  6  5  3  4  4  3  50.21  0  0.03
54 125165024101310 7102723 7107  4  5  4  3  4 12  9  3  60.21  0 66.30
54 1261650252017 7 3 3101310 83  7  6  3  2  2  4  5  4  40.10  0 68.00
54 12716502620 7 7 7171720 7100  7  3  3  3  6  6  7  3  50.21  0 66.90
54 12816502713 72017 7 3 3 3 73  5  3  7  6  3  2  2  2  40.10  0 68.30
54 1291651 11010 7 3 31710 3 63  4  4  3  2  2  6  4  2  30.10  0 67.00
54 1301651 210 71013 7171327103  4  3  4  5  3  6  5 12  50.21  0  0.03
54 1311651 31727102013301727160  6 12  4  7  5 15  6 12  80.52  0  0.03
54 2 11651 41743433737373337283  6 32 32 22 22 22 18 22 221.15  0 69.80
54 2 21651 54033273340301333250 27 18 12 18 27 15  5 18 181.05  0 68.60
54 2 31651 63723404033232737260 22  9 27 27 18  9 12 22 181.05  0 67.00
54 2 41651 73033332010201713177 15 18 18  7  4  7  6  5 100.63  0 70.10
54 2 51651 81313132010172027133  5  5  5  7  4  6  7 12  60.31  0 68.80
54 2 61651 910231710 7 3 3 7 80  4  9  6  4  3  2  2  3  40.10  0  0.03
54 2 7165110101010 3 7 72023 90  4  4  4  2  3  3  7  9  40.21  0  0.03
54 2 81651112717 31323 32317127 12  6  2  5  9  2  9  6  60.31  7 67.80
54 2 916511220102017233020 7147  7  4  7  6  9 15  7  3  70.42  7  0.03
54 2101651131023301330132320163  4  9 15  5 15  5  9  7  90.52  0 68.80
54 2111651144330131717203343217 32 15  5  6  6  7 18 32 150.94  0 68.60
54 21216511527 717 710101720113 12  3  6  3  4  4  6  7  60.31  0  0.03
54 2131651162017172720101020140  7  6  6 12  7  4  4  7  70.31  0  0.03
54 214165117 3 3132727303023157  2  2  5 12 12 15 15  9  90.52  0  0.03
54 2151651181047335050533737317  4 39 18 48 48 56 22 22 321.36  0 69.40
54 2161651194043271733434343290 27 32 12  6 18 32 32 32 241.26  0 67.70
54 2171651205040273743434030310 48 27 12 22 32 32 27 15 271.26  0  0.03
54 2181651212327234330334317240  9 12  9 32 15 18 32  6 170.94  0 68.10
54 2191651221320473030232723213  5  7 39 15 15  9 12  9 140.84  0 66.70
54 2201651232313172023232017157  9  5  6  7  9  9  7  6  70.42  0  0.03
54 2211651241323203337505757290  5  9  7 18 22 48 67 67 301.36  0  0.03
54 2221651256053403740333747347 80 56 27 22 27 18 22 39 361.46  0 66.70
54 2231651264743373330433743313 39 32 22 18 15 32 22 32 261.26  0 69.00
54 22416512730 7273337303033227 15  3 12 18 22 15 15 18 150.84  0 67.70
54 2251652 12023172713272730183  7  9  6 12  5 12 12 15 100.52  0 69.40
54 2261652 22327406340405050333  9 12 27 94 27 27 48 48 361.46  0 70.10
54 2271652 34033474033572343317 27 18 39 27 18 67  9 32 301.36  0  0.03
54 2281652 44323272333302327230 32  9 12  9 18 15  9 12 140.84  0 69.90
54 3 11652 52020131010 71340133  7  7  5  4  4  3  5 27  80.42  9 70.30
54 3 21652 64343302710103030223 32 32 15 12  4  4 15 15 160.94 12 69.40
54 3 31652 73030171020232020170 15 15  6  4  7  9  7  7  90.52 11 69.70
54 3 41652 81720301723172730180  6  7 15  6  9  6 12 15 100.52  7 69.40
54 3 51652 93727233030231727213 22 12  9 15 15  9  6 12 120.73  0 69.20
54 3 61652103030131720202023173 15 15  5  6  7  7  7  9  90.52  0  0.03
54 3 71652113040203330303327243 15 27  7 18 15 15 18 12 160.94  0  0.03
54 3 81652122327202320202337193  9 12  7  9  7  7  9 22 100.63  0 69.90
54 3 91652132730233323474320247 12 15  9 18  9 39 32  7 181.05  0 69.90
54 3101652141013232327173027170  4  5  9  9 12  6 15 12  90.52  0 70.10
54 3111652153340373033373337280 18 27 22 15 18 22 18 22 201.05  0 69.90
54 3121652162727331733233030220 12 12 18  6 18  9 15 15 130.84  8 69.90
54 3131652172323101727404733220  9  9  4  6 12 27 39 18 160.94 17  0.03
54 3141652184043433333534343333 27 32 32 18 18 56 32 32 311.36 22  0.03
54 3151652195047503740303740330 48 39 48 22 27 15 22 27 311.36 36 83.30
54 3161652203037373337233727260 15 22 22 18 22  9 22 12 181.05 40 80.00
54 3171652213030172023434337243 15 15  6  7  9 32 32 22 170.94 42 79.10
54 3181652225040333330303717270 48 27 18 18 15 15 22  6 211.15 39 77.10
54 3191652233020101337233030193 15  7  4  5 22  9 15 15 120.73 29 77.70
54 3201652244030403730373340287 27 15 27 22 15 22 18 27 221.15 23 71.20
54 3211652253717232310233727197 22  6  9  9  4  9 22 12 120.73 17 72.40
54 3221652263720202710236053250 22  7  7 12  4  9 80 56 251.26 12 70.70
54 3231652275037434040336060363 48 22 32 27 27 18 80 80 421.57  7 68.70
54 3241653 14340434323404343320 32 27 32 32  9 27 32 32 281.26  7 69.80
54 3251653 24033373020233320237 27 18 22 15  7  9 18  7 150.94  0 69.40
54 3261653 32733303737333330260 12 18 15 22 22 18 18 15 181.05  0 64.50
54 3271653 437272723 7 31713153 22 12 12  9  3  2  6  5  90.52  0  0.03
54 3281653 527132013 7132020133 12  5  7  5  3  5  7  7  60.31  0 68.70
54 3291653 620 7131310171720117  7  3  5  5  4  6  6  7  50.21  0  0.03
54 3301653 73720131740273043227 22  7  5  6 27 12 15 32 160.94  0  0.03
54 3311653 82327331720202727193  9 12 18  6  7  7 12 12 100.63  0 67.40
54 4 11653 9171720 7 7271330137  6  6  7  3  3 12  5 15  70.42  0 69.20
54 4 21653101310103033333340203  5  4  4 15 18 18 18 27 140.84  0 63.50
54 4 31653112733272327173040223 12 18 12  9 12  6 15 27 140.84  0  0.03
54 4 41653123347332713133337237 18 39 18 12  5  5 18 22 170.94  0  0.03
54 4 516531317304027 7 7 720153  6 15 27 12  3  3  3  7 100.52  0 67.40
54 4 61653142320202320201723167  9  7  7  9  7  7  6  9  80.42  0 67.50
54 4 71653152317231317133013150  9  6  9  5  6  5 15  5  80.42  8 69.20
54 4 81653161010132017133740160  4  4  5  7  6  5 22 27 100.63  8 71.50
54 4 91653173717171727301717177 22  6  6  6 12 15  6  6 100.63 15 69.70
54 4101653182727272320302717197 12 12 12  9  7 15 12  6 110.63  0 70.30
54 4111653193317101713375773257 18  6  4  6  5 22 67154 351.46  0 68.20
54 4121653206773503747333743387111154 48 22 39 18 22 32 561.67  0 71.00
54 4131653213320132740333037233 18  7  5 12 27 18 15 22 160.94  0 71.20
54 4141653222737203027201310183 12 22  7 15 12  7  5  4 100.63  0 69.20
54 4151653233733302733334033267 22 18 15 12 18 18 27 18 181.05  7 70.70
54 4161653242317302017132713160  9  6 15  7  6  5 12  5  80.42  7  0.03
54 4171653251720171017272327157  6  7  6  4  6 12  9 12  80.42  0 69.70
54 4181653263330273327203027227 18 15 12 18 12  7 15 12 140.84  0 69.20
54 4191653272327233020272720197  9 12  9 15  7 12 12  7 100.63  0 68.80
54 4201654 13733302333404327267 22 18 15  9 18 27 32 12 191.05  8 67.40
54 4211654 23033333337301717230 15 18 18 18 22 15  6  6 150.84  0 70.30
54 4221654 33030231727 7 310147 15 15  9  6 12  3  2  4  80.42  0 69.10
54 4231654 43030303330274037257 15 15 15 18 15 12 27 22 170.94  0 67.00
54 4241654 533302027 7233037207 18 15  7 12  3  9 15 22 130.73  0 67.70
54 4251654 6302323 710172317150 15  9  9  3  4  6  9  6  80.42  0 68.30
54 4261654 73333231027273037220 18 18  9  4 12 12 15 22 140.84  0 68.20
54 4271654 85030372310133017210 48 15 22  9  4  5 15  6 160.94  0 67.70
54 4281654 92720131013101323130 12  7  5  4  5  4  5  9  60.31  0 66.50
54 4291654103020131020132013140 15  7  5  4  7  5  7  5  70.31  0 67.00
54 4301654111327333327131320180  5 12 18 18 12  5  5  7 100.63  0 67.40
54 5 1165412271310 710 3 317 90 12  5  4  3  4  2  2  6  50.21  0  0.03
54 5 216541323372713 7101313143  9 22 12  5  3  4  5  5  80.42  0 68.60
54 5 31654141727101310131020120  6 12  4  5  4  5  4  7  60.31  0 67.80
54 5 41654152020232323303340213  7  7  9  9  9 15 18 27 130.73  0 69.20
54 5 51654162320232320171313153  9  7  9  9  7  6  5  5  70.42  8 69.00
54 5 616541723272310 3 3 7 3100  9 12  9  4  2  2  3  2  50.21  0 67.60
54 5 7165418 3 7 3 3 7171013 63  2  3  2  2  3  6  4  5  30.10  0 68.60
54 5 81654192313101020303727170  9  5  4  4  7 15 22 12 100.52  0  0.03
54 5 91654203733302720172027210 22 18 15 12  7  6  7 12 120.73  0  0.03
54 51016542110102313 7203323140  4  4  9  5  3  7 18  9  70.42  0 68.90
54 5111654223733333023203023230 22 18 18 15  9  7 15  9 140.84  0 68.60
54 51216542323 7 72023132323140  9  3  3  7  9  5  9  9  70.31  0 68.00
54 5131654242320131327202320160  9  7  5  5 12  7  9  7  80.42  0 68.00
54 51416542530172027 3131310133 15  6  7 12  2  5  5  4  70.42  9 68.00
54 5151654261727171333231723170  6 12  6  5 18  9  6  9  90.52  7 66.60
54 51616542727271013 3 313 7103 12 12  4  5  2  2  5  3  60.31  0  0.03
54 5171655 1 3 3 3 3 3 71013 47  2  2  2  2  2  3  4  5  30.00  0 68.40
54 5181655 23333103027173330213 18 18  4 15 12  6 18 15 130.84  0 67.80
54 5191655 33020132320202733187 15  7  5  9  7  7 12 18 100.63  0  0.03
54 5201655 42323171020173330173  9  9  6  4  7  6 18 15  90.52  0 66.30
54 5211655 53320202333332317203 18  7  7  9 18 18  9  6 120.73  0 67.60
54 5221655 6171317 7 3 31327100  6  5  6  3  2  2  5 12  50.21  0 68.00
54 5231655 7231327 7 3 31317107  9  5 12  3  2  2  5  6  60.21  0 66.20
54 5241655 81713201717102020133  6  5  7  6  6  4  7  7  60.31  0 68.00
54 5251655 91720131010 710 3 90  6  7  5  4  4  3  4  2  40.21  0 68.60
54 526165510171717 317201017117  6  6  6  2  6  7  4  6  50.21  0 68.20
54 527165511233013 3 3 7 3 0 83  9 15  5  2  2  3  2  0  50.21  0 69.10
54 528165512 3 7132710101717103  2  3  5 12  4  4  6  6  50.21  0 66.10
54 5291655132720371317171717163 12  7 22  5  6  6  6  6  90.52  0  0.03
54 5301655141310101710 7 313 83  5  4  4  6  4  3  2  5  40.10  0 67.60
54 53116551510 7102020202313123  4  3  4  7  7  7  9  5  60.31  0 68.60
54 6 11655162017 3131310 313 93  7  6  2  5  5  4  2  5  40.21  0 64.90
54 6 2165517132313301310 313120  5  9  5 15  5  4  2  5  60.31  7 66.40
54 6 31655181013231310 31017100  4  5  9  5  4  2  4  6  50.21  0 67.10
54 6 416551920203323 7102010143  7  7 18  9  3  4  7  4  70.42  0 67.10
54 6 5165520 3 0 0 3 7131017 53  2  0  0  2  3  5  4  6  30.00  0 68.50
54 6 61655211010 3 717131317 90  4  4  2  3  6  5  5  6  40.21  0 66.80
54 6 71655221310 7 730172320127  5  4  3  3 15  6  9  7  60.31  0 67.60
54 6 8165523131013 7 7 3 710 70  5  4  5  3  3  2  3  4  40.10  0 67.50
54 6 91655242313 71710131020113  9  5  3  6  4  5  4  7  50.21  0 69.30
54 6101655253327432713202317203 18 12 32 12  5  7  9  6 130.73  0 69.10
54 61116552610 7 32017 7 7 7 77  4  3  2  7  6  3  3  3  40.10  0 68.10
54 612165527 0 3 01317304020123  0  2  0  5  6 15 27  7  80.42  0 66.50
54 6131656 11713101713303020150  6  5  4  6  5 15 15  7  80.42  0 66.50
54 6141656 21017132037201710143  4  6  5  7 22  7  6  4  80.42  0 68.50
54 6151656 3131317 7 3 3 717 80  5  5  6  3  2  2  3  6  40.10  0 68.00
54 6161656 41713 717 3 3 310 73  6  5  3  6  2  2  2  4  40.10  0 68.70
54 6171656 510 3 3 713 71023 77  4  2  2  3  5  3  4  9  40.10  0 67.40
54 6181656 6 7 3 3 3 3173723 97  3  2  2  2  2  6 22  9  60.31  0 68.10
54 6191656 71013 71713102017107  4  5  3  6  5  4  7  6  50.21  0 67.30
54 6201656 82013131310 71017103  7  5  5  5  4  3  4  6  50.21  0 64.50
54 6211656 9 3 0101717101333103  2  0  4  6  6  4  5 18  60.31  0 65.20
54 6221656103027171010171320143 15 12  6  4  4  6  5  7  70.42  0 66.00
54 6231656112010 310 7172717110  7  4  2  4  3  6 12  6  60.21  0 67.60
54 6241656121317 7 7 7 71013 80  5  6  3  3  3  3  4  5  40.10  0 67.70
54 625165613 310 7103317 710 97  2  4  3  4 18  6  3  4  60.21  0 67.70
54 626165614 710101713132020110  3  4  4  6  5  5  7  7  50.21  0 66.90
54 6271656151310101320202027133  5  4  4  5  7  7  7 12  60.31  0 63.00
54 6281656163727302013132013173 22 12 15  7  5  5  7  5 100.52  0 69.60
54 629165617 7132310 7 7 313 83  3  5  9  4  3  3  2  5  40.10  0 69.10
54 630165618 7 7171713101033113  3  3  6  6  5  4  4 18  60.31  0 68.20
54 7 116561937373317231010 7173 22 22 18  6  9  4  4  3 110.63  0 68.10
54 7 2165620 01310 020 71317 80  0  5  4  0  7  3  5  6  40.10  0 64.40
54 7 3165621 71713 3 7 7 317 73  3  6  5  2  3  3  2  6  40.10  8 67.00
54 7 4165622 7 7 7 717 3 3 3 53  3  3  3  3  6  2  2  2  30.10  0 67.90
54 7 5165623 310131013201713100  2  4  5  4  5  7  6  5  50.21  0 68.00
54 7 61656241720302320202327180  6  7 15  9  7  7  9 12  90.52  0 68.40
54 7 71656252310133313101013127  9  4  5 18  5  4  4  5  70.31  0  0.03
54 7 816562610 7 72017132010103  4  3  3  7  6  5  7  4  50.21  7 67.50
54 7 91656272010 7 3 7 3 710 67  7  4  3  2  3  2  3  4  40.10  0 67.50
54 7101657 1101017101010 717 90  4  4  6  4  4  4  3  6  40.21  0  0.03
54 7111657 213201710 7 7 710 90  5  7  6  4  3  3  3  4  40.21  0  0.03
54 7121657 32013131323301733163  7  5  5  5  9 15  6 18  90.52  7 68.10
54 7131657 41710131713101017107  6  4  5  6  5  4  4  6  50.21 10 68.60
54 7141657 52037302727271320200  7 22 15 12 12 12  5  7 120.73 15 68.40
54 7151657 61013333733201010167  4  5 18 22 18  7  4  4 100.63  8 68.20
54 7161657 710 7131720203723147  4  3  5  6  7  7 22  9  80.42 15 66.80
54 7171657 813303310 3 3 737137  5 15 18  4  2  2  3 22  90.52  7 68.10
54 7181657 94733201013131317167 39 18  7  4  5  5  5  6 110.63  7 66.60
54 7191657102313101723273720170  9  5  4  6  9 12 22  7  90.52  0 67.20
54 720165711272727201313 3 7137 12 12 12  7  5  5  2  3  70.42  0 67.40
54 7211657121017201013272323143  4  6  7  4  5 12  9  9  70.42  0 65.70
54 72216571313 7201317 710 3 90  5  3  7  5  6  3  4  2  40.21  0  0.03
54 723165714 013132713131313107  0  5  5 12  5  5  5  5  50.21  0 67.90
54 7241657153330231720 71310153 18 15  9  6  7  3  5  4  80.52  8  0.03
54 7251657162330373327201317200  9 15 22 18 12  7  5  6 120.73 10 67.00
54 7261657171717232333201017160  6  6  9  9 18  7  4  6  80.42  7 68.80
54 7271657183033172023202030193 15 18  6  7  9  7  7 15 100.63  7 69.50
54 7281657192040233740402323247  7 27  9 22 27 27  9  9 170.94 10 68.20
54 72916572030272730231720 7180 15 12 12 15  9  6  7  3 100.63  8 68.90
54 73016572130 7 7172020 717123 15  3  3  6  7  7  3  6  60.31  7 69.30
54 7311657221317301727131723157  5  6 15  6 12  5  6  9  80.42  7  0.03
54 8 11657231313173733232013170  5  5  6 22 18  9  7  5 100.52  8 69.50
54 8 216572423332023 71317 7143  9 18  7  9  3  5  6  3  80.42  9 69.50
54 8 3165725 710 72710 72017103  3  4  3 12  4  3  7  6  50.21 16 68.50
54 8 4165726101730 7201320 7123  4  6 15  3  7  5  7  3  60.31  9 67.80
54 8 51657271717 7 713172027123  6  6  3  3  5  6  7 12  60.31 12 68.70
54 8 61658 12327372330174340240  9 12 22  9 15  6 32 27 160.94 19 70.80
54 8 71658 227 3133030333023190 12  2  5 15 15 18 15  9 110.73 14 70.60
54 8 81658 3201020232013 310120  7  4  7  9  7  5  2  4  60.31 10 70.20
54 8 91658 4171023 737272027167  6  4  9  3 22 12  7 12  90.52 13 71.20
54 8101658 527132710 7201020133 12  5 12  4  3  7  4  7  70.31 23 72.90
54 8111658 63020231713171310143 15  7  9  6  5  6  5  4  70.42 14 70.70
54 8121658 72720202313 71313137 12  7  7  9  5  3  5  5  70.31 14 70.90
54 8131658 8 317202017231710127  2  6  7  7  6  9  6  4  60.31  8 69.50
54 8141658 93013232010101723147 15  5  9  7  4  4  6  9  70.42  7  0.03
54 81516581023 7131010103327133  9  3  5  4  4  4 18 12  70.42  0 70.40
54 8161658111317303337231720190  5  6 15 18 22  9  6  7 110.63  0 70.00
54 8171658121720333020131713163  6  7 18 15  7  5  6  5  90.52  0 68.20
54 8181658131723233027202317180  6  9  9 15 12  7  9  6  90.52  0 68.70
54 8191658143723201313172027170 22  9  7  5  5  6  7 12  90.52  0 67.20
54 8201658152327201017201010137  9 12  7  4  6  7  4  4  70.31  0 68.50
54 8211658161330404323131713193  5 15 27 32  9  5  6  5 130.73  9  0.03
54 8221658174350331717131030213 32 48 18  6  6  5  4 15 170.94 15 70.00
54 8231658182710 31717173027147 12  4  2  6  6  6 15 12  80.42 18 72.10
54 8241658193327373050303333273 18 12 22 15 48 15 18 18 211.15 16 72.10
54 8251658203720231710101013140 22  7  9  6  4  4  4  5  80.42 11 71.70
54 8261658211347432323232727227  5 39 32  9  9  9 12 12 160.94  9 71.60
54 8271658225023233010172727207 48  9  9 15  4  6 12 12 140.84  7 69.50
54 8281658233040202730231737223 15 27  7 12 15  9  6 22 140.84  0  0.03
54 8291658243337373723172723233 18 22 22 22  9  6 12  9 150.84  0 68.00
54 8301658252720272027272013180 12  7 12  7 12 12  7  5  90.52  0 68.70
54 8311658262020201013233030167  7  7  7  4  5  9 15 15  90.52  0 67.80
54 9 11658272730233347404357300 12 15  9 18 39 27 32 67 271.26  0 68.00
54 9 21659 15343403710272333267 56 32 27 22  4 12  9 18 221.15  0 68.00
54 9 31659 22023304340434347290  7  9 15 32 27 32 32 39 241.26  0 71.30
54 9 41659 33733303333401020237 22 18 15 18 18 27  4  7 160.94  7  0.03
54 9 51659 43030303327172013200 15 15 15 18 12  6  7  5 120.73  7 69.10
54 9 61659 52723231317435740243 12  9  9  5  6 32 67 27 211.15  0 69.30
54 9 71659 63037373023333330253 15 22 22 15  9 18 18 15 170.94  0 66.50
54 9 81659 73020 71320273010157 15  7  3  5  7 12 15  4  80.52  0 68.30
54 9 91659 81340371733301327210  5 27 22  6 18 15  5 12 140.84  0 70.70
54 9101659 91733302723201320183  6 18 15 12  9  7  5  7 100.63  0 69.40
54 9111659101727303330331720207  6 12 15 18 15 18  6  7 120.73  0  0.03
54 912165911 3 7172717131320117  2  3  6 12  6  5  5  7  60.31  0 70.30
54 91316591220 7171710 71043130  7  3  6  6  4  3  4 32  80.42  0 67.00
54 9141659133757433350332043317 22 67 32 18 48 18  7 32 301.36  0 69.80
54 9151659142323334037301723227  9  9 18 27 22 15  6  9 140.84  7 69.10
54 9161659154340333740303023277 32 27 18 22 27 15 15  9 211.15  9 69.00
54 91716591640271720 3 72327163 27 12  6  7  2  3  9 12 100.52  0 70.30
54 9181659174023333310272730223 27  9 18 18  4 12 12 15 140.84  0  0.03
54 9191659182327301317202323177  9 12 15  5  6  7  9  9  90.52  0  0.03
54 9201659193740403047606747367 22 27 27 15 39 80111 39 451.57  7 71.80
54 9211659204043374037434327310 27 32 22 27 22 32 32 12 261.26  0 69.60
54 9221659212323232737232317197  9  9  9 12 22  9  9  6 110.63  0 69.60
54 9231659221710303320131010143  6  4 15 18  7  5  4  4  80.42  0 71.30
54 9241659232020171713272040173  7  7  6  6  5 12  7 27 100.52  0 70.50
54 9251659242733372730304323250 12 18 22 12 15 15 32  9 170.94  0  0.03
54 9261659253027302023172317187 15 12 15  7  9  6  9  6 100.63  0 70.00
54 9271659261720172017304033193  6  7  6  7  6 15 27 18 120.73  0 71.30
54 9281659275037332730201323233 48 22 18 12 15  7  5  9 170.94  0 71.30
54 9291660 14040273727475053320 27 27 12 22 12 39 48 56 301.36  0 72.80
54 9301660 21740373723233740253  6 27 22 22  9  9 22 27 181.05  7 74.30
5410 11660 34763534730574027363 39 94 56 39 15 67 27 12 441.57  0 73.70
5410 21660 4333723 3 7 31740163 18 22  9  2  3  2  6 27 110.63  7  0.03
5410 31660 54747402330373750310 39 39 27  9 15 22 22 48 281.26 14 66.10
5410 41660 66040273020332027257 80 27 12 15  7 18  7 12 221.15  8 73.20
5410 51660 713271317 7233727163  5 12  5  6  3  9 22 12  90.52  7 75.60
5410 61660 82037373047532023267  7 22 22 15 39 56  7  9 221.15  0 75.90
5410 71660 91720173033332013183  6  7  6 15 18 18  7  5 100.63  0 74.60
5410 81660102723201333302027193 12  9  7  5 18 15  7 12 110.63  0 75.10
5410 9166011203020 7 3 3 313100  7 15  7  3  2  2  2  5  50.21  0 74.20
54101016601217271710 7 32010110  6 12  6  4  3  2  7  4  60.21  0  0.03
5410111660132327271713 3 3 0113  9 12 12  6  5  2  2  0  60.31  0  0.03
541012166014 0 0 0 0 0 0 0 0  0  0  0  0  0  0  0  0  0  00.00  7 72.30
541013166015 0 01010 3 71017 57  0  0  4  4  2  3  4  6  30.10  7 74.20
54101416601620 3 723 7103020120  7  2  3  9  3  4 15  7  60.31 15 75.10
5410151660171720202317 3 3 7110  6  7  7  9  6  2  2  3  50.21 17 73.50
54101616601813 017 723402717143  5  0  6  3  9 27 12  6  80.52 24  0.03
5410171660192023131713132033153  7  9  5  6  5  5  7 18  80.42 22 74.90
5410181660204747475353572030353 39 39 39 56 56 67  7 15 401.46  7 74.20
5410191660212333304740372323257  9 18 15 39 27 22  9  9 181.05 14 72.90
5410201660223723403330171727223 22  9 27 18 15  6  6 12 140.84 14 74.00
54102116602317102023171017 7120  6  4  7  9  6  4  6  3  60.31  8 71.00
541022166024 720272317303330187  3  7 12  9  6 15 18 15 110.63  8 71.20
5410231660253730334333374347303 22 15 18 32 18 22 32 39 251.26 14  0.03
5410241660265053504343604740387 48 56 48 32 32 80 39 27 451.57  8 70.90
5410251660274753403740271713273 39 56 27 22 27 12  6  5 241.26  8 72.30
5410261661 12723332313233020193 12  9 18  9  5  9 15  7 100.63  7 72.30
5410271661 21027335033401710220  4 12 18 48 18 27  6  4 170.94  0 69.70
5410281661 32723171710201010133 12  9  6  6  4  7  4  4  60.31  0 71.20
5410291661 4 3 7172717 3 727107  2  3  6 12  6  2  3 12  60.31  0 69.20
5410301661 54050231030202033227 27 48  9  4 15  7  7 18 170.94  0  0.03
5410311661 61730303030303343243  6 15 15 15 15 15 18 32 160.94  0 69.90
5411 11661 73737303047474743317 22 22 15 15 39 39 39 32 281.26  0 69.60
5411 21661 86043272740303330290 80 32 12 12 27 15 18 15 261.26  0 70.00
5411 31661 94040402327372713247 27 27 27  9 12 22 12  5 181.05  0 62.00
5411 41661101020132313231017130  4  7  5  9  5  9  4  6  60.31  0 67.10
5411 516611130233727201013 0160 15  9 22 12  7  4  5  0  90.52  7 68.70
5411 61661122723231317202720170 12  9  9  5  6  7 12  7  80.52  7  0.03
5411 716611327131010 310 7 7 87 12  5  4  4  2  4  3  3  50.21  8  0.03
5411 81661141710101310172010107  6  4  4  5  4  6  7  4  50.21  7 73.50
5411 9166115 317 710 72017 7 87  2  6  3  4  3  7  6  3  40.10 24 76.90
54111016611617 7 3 7 0 0 0 3 37  6  3  2  3  0  0  0  2  20.00 38 79.70
541111166117 320 720201020 7107  2  7  3  7  7  4  7  3  50.21 41 82.80
5411121661181737172327102013163  6 22  6  9 12  4  7  5  90.52 40 78.40
541113166119171310 7 7171713100  6  5  4  3  3  6  6  5  50.21 39  0.03
541114166120201713 710171720120  7  6  5  3  4  6  6  7  60.21 26  0.03
54111516612117 3 0 0 3 3 7 3 37  6  2  0  0  2  2  3  2  20.00 11 75.40
541116166122 7 0 3 0 0 0 0 0 10  3  0  2  0  0  0  0  0  10.00  7 73.40
541117166123 0 3131310 3 0 7 50  0  2  5  5  4  2  0  3  30.00  7 72.50
54111816612413 7101320231717120  5  3  4  5  7  9  6  6  60.31  7 72.20
5411191661251343201710272730187  5 32  7  6  4 12 12 15 120.73  7 71.30
5411201661262327403040372013230  9 12 27 15 27 22  7  5 160.94  0  0.03
5411211661272317232327171027167  9  6  9  9 12  6  4 12  80.52  0 68.30
5411221662 120233713 3 71313130  7  9 22  5  2  3  5  5  70.42  0 67.70
5411231662 21030102017473323190  4 15  4  7  6 39 18  9 130.73  0 70.70
5411241662 320232320102020 3140  7  9  9  7  4  7  7  2  60.31  0 71.40
5411251662 4 720202320 71027133  3  7  7  9  7  3  4 12  60.31  0 69.80
5411261662 52017171320131717133  7  6  6  5  7  5  6  6  60.31  0 67.90
5411271662 620302323102327 3160  7 15  9  9  4  9 12  2  80.52  0  0.03
5411281662 710 3 31727101023103  4  2  2  6 12  4  4  9  50.21  0  0.03
5411291662 8 7 7132337372327173  3  3  5  9 22 22  9 12 110.63  0 68.30
5411301662 93047201320272323203 15 39  7  5  7 12  9  9 130.73  0 71.90
5412 1166210272720 7 3131313123 12 12  7  3  2  5  5  5  60.31  0 75.60
5412 21662112013131720171023133  7  5  5  6  7  6  4  9  60.31  0 74.70
5412 316621227 71713 3 71313100 12  3  6  5  2  3  5  5  50.21  0 72.40
5412 4166213 0 0102317 720 7 83  0  0  4  9  6  3  7  3  40.10  0  0.03
5412 51662141310 7 7 7232013100  5  4  3  3  3  9  7  5  50.21  0 73.80
5412 616621517131317 7 71313100  6  5  5  6  3  3  5  5  50.21  0 70.30
5412 71662162723301017202330180 12  9 15  4  6  7  9 15 100.52  7 71.60
5412 8166217202310 710 3 313 90  7  9  4  3  4  2  2  5  40.21  0 70.90
5412 91662182020202017 31010120  7  7  7  7  6  2  4  4  60.21  0 72.40
541210166219 3 71313 7 310 7 63  2  3  5  5  3  2  4  3  30.10  0 70.00
541211166220 7 0 3 3 7 7 3 0 30  3  0  2  2  3  3  2  0  20.00  0  0.03
541212166221 317231313232730150  2  6  9  5  5  9 12 15  80.42  0 72.60
5412131662223020 710 7 72320123 15  7  3  4  3  3  9  7  60.31  0 71.80
5412141662232010 3 3 3 7 3 3 53  7  4  2  2  2  3  2  2  30.10  0 73.70
541215166224 7 0 0 7 0 0 0 3 17  3  0  0  3  0  0  0  2  10.00 11 79.00
541216166225 010 3 7 3 3 3 0 30  0  4  2  3  2  2  2  0  20.00 18 80.00
5412171662261323434037332023233  5  9 32 27 22 18  7  9 160.94 17 76.80
5412181662274743172720171333217 39 32  6 12  7  6  5 18 160.94 16  0.03
5412191663 12017131730271720160  7  6  5  6 15 12  6  7  80.42 20 77.30
5412201663 21727232730202037200  6 12  9 12 15  7  7 22 110.63 19 75.90
5412211663 323 7 71720131317117  9  3  3  6  7  5  5  6  60.21 12 74.40
5412221663 427101013 3 713 3 87 12  4  4  5  2  3  5  2  50.21  7 74.10
5412231663 510171017101310 7 93  4  6  4  6  4  5  4  3  40.21  7 75.30
5412241663 6 71010 717 310 7 70  3  4  4  3  6  2  4  3  40.10 14 75.80
5412251663 713 0131020202013110  5  0  5  4  7  7  7  5  50.21 14  0.03
5412261663 81010 31013101317 87  4  4  2  4  5  4  5  6  40.10  7 73.70
5412271663 94323132750231730227 32  9  5 12 48  9  6 15 170.94  0 71.80
5412281663103033 72313232017167 15 18  3  9  5  9  7  6  90.52  0  0.03
5412291663111017132023171313127  4  6  5  7  9  6  5  5  60.31 13 72.40
541230166312 713172317 7 723113  3  5  6  9  6  3  3  9  60.21 29 75.30
5412311663131717 320171310 7103  6  6  2  7  6  5  4  3  50.21 25 78.10
