58 1 11704 36063534033375340380 80 94 56 27 18 22 56 27 481.67214257.00
58 1 21704 44343404037232317267 32 32 27 27 22  9  9  6 201.05213263.00
58 1 31704 52010 3171010 7 7 83  7  4  2  6  4  4  3  3  40.10200262.00
58 1 41704 6 7 7 310 7 3 720 63  3  3  2  4  3  2  3  7  30.10217261.00
58 1 51704 7302313132017 7 3127 15  9  5  5  7  6  3  2  60.31191246.00
58 1 61704 81017202027231317147  4  6  7  7 12  9  5  6  70.42192254.00
58 1 71704 92020171727101310133  7  7  6  6 12  4  5  4  60.31205255.00
58 1 8170410131020202020 7 3113  5  4  7  7  7  7  3  2  50.21210255.00
58 1 91704111713132733303333200  6  5  5 12 18 15 18 18 120.73232259.00
58 1101704124020172327201710173 27  7  6  9 12  7  6  4 100.52252274.00
58 1111704133323133023303323210 18  9  5 15  9 15 18  9 120.73253273.00
58 1121704143037302730272323227 15 22 15 12 15 12  9  9 140.84255290.00
58 1131704153337271723274033237 18 22 12  6  9 12 27 18 160.94271310.00
58 1141704161710303327302747220  6  4 15 18 12 15 12 39 150.94279321.00
58 1151704172030373037303027240  7 15 22 15 22 15 15 12 150.94291309.00
58 1161704181023273027303337217  4  9 12 15 12 15 18 22 130.84278297.00
58 1171704192737373737373743290 12 22 22 22 22 22 22 32 221.15247285.00
58 1181704204343504743373723323 32 32 48 39 32 22 22  9 301.36230260.00
58 1191704212327232337272720207  9 12  9  9 22 12 12  7 120.73212238.00
58 1201704222013273733333753253  7  5 12 22 18 18 22 56 201.05190251.00
58 1211704235767374027232720297 67111 22 27 12  9 12  7 331.36171239.00
58 1221704242730404047233023260 12 15 27 27 39  9 15  9 191.05173227.00
58 1231704253737333343334030287 22 22 18 18 32 18 27 15 221.15182210.00
58 1241704261327103740271713183  5 12  4 22 27 12  6  5 120.73137211.00
58 1251704273030274043432713253 15 15 12 27 32 32 12  5 191.05137206.00
58 1261705 12750372010272727223 12 48 22  7  4 12 12 12 160.94143220.00
58 1271705 223201713 7132337153  9  7  6  5  3  5  9 22  80.42169200.00
58 1281705 313 7273020201313143  5  3 12 15  7  7  5  5  70.42160189.00
58 1291705 42743332717272717217 12 32 18 12  6 12 12  6 140.84130194.00
58 1301705 51030302327201710167  4 15 15  9 12  7  6  4  90.52110181.00
58 1311705 62017172317172333167  7  6  6  9  6  6  9 18  80.52132187.00
58 2 11705 727 7232330131727167 12  3  9  9 15  5  6 12  90.52150195.00
58 2 21705 827232730231317 3163 12  9 12 15  9  5  6  2  90.52168217.00
58 2 31705 9 713101330132020127  3  5  4  5 15  5  7  7  60.31161222.00
58 2 417051027 3103037334737223 12  2  4 15 22 18 39 22 170.94144233.00
58 2 51705113343374047374747330 18 32 22 27 39 22 39 39 301.36177249.00
58 2 61705124043434343473043333 27 32 32 32 32 39 15 32 301.36187252.00
58 2 71705134037404033404040310 27 22 27 27 18 27 27 27 251.26197257.00
58 2 81705143747404037374040317 22 39 27 27 22 22 27 27 271.26181250.00
58 2 91705154040202727334030257 27 27  7 12 12 18 27 15 181.05168234.00
58 2101705164037172023504743277 27 22  6  7  9 48 39 32 241.15167231.00
58 2111705179083878380536060597400236300236207 56 80 801992.19171228.00
58 2121705186057635340476043423 80 67 94 56 27 39 80 32 591.77177226.00
58 2131705193717333743373023257 22  6 18 22 32 22 15  9 181.05168222.00
58 2141705204050403033432320280 27 48 27 15 18 32  9  7 231.15174210.00
58 2151705211710102323272327160  6  4  4  9  9 12  9 12  80.42159202.00
58 21617052223 7133330403330210  9  3  5 18 15 27 18 15 140.84148187.00
58 2171705234047403747404740337 27 39 27 22 39 27 39 27 311.36147183.00
58 2181705244050434340335037337 27 48 32 32 27 18 48 22 321.36139177.00
58 2191705254337473733304037303 32 22 39 22 18 15 27 22 251.26141173.00
58 2201705263740304040304747310 22 27 15 27 27 15 39 39 261.26160172.00
58 2211705273347433743304750330 18 39 32 22 32 15 39 48 311.36170175.00
58 2221706 14740374037303740307 39 27 22 27 22 15 22 27 251.26170176.00
58 2231706 24340403730333027280 32 27 27 22 15 18 15 12 211.15173194.00
58 2241706 323272027271717 7163  9 12  7 12 12  6  6  3  80.52182206.00
58 2251706 4 7202720 7 713 7107  3  7 12  7  3  3  5  3  50.21187207.00
58 2261706 52020272013101713140  7  7 12  7  5  4  6  5  70.31174205.00
58 2271706 62710101017203337163 12  4  4  4  6  7 18 22 100.52153197.00
58 2281706 72023334043272320230  7  9 18 27 32 12  9  7 150.94125  0.03
58 3 11706 83313101017101017120 18  5  4  4  6  4  4  6  60.31109195.00
58 3 21706 9 720332717 3 313123  3  7 18 12  6  2  2  5  70.31 90209.00
58 3 31706101020203337405043253  4  7  7 18 22 27 48 32 211.15140223.00
58 3 41706115047403740334033320 48 39 27 22 27 18 27 18 281.26185232.00
58 3 51706123340675040373747350 18 27111 48 27 22 22 39 391.46203233.00
58 3 61706135353404043404043353 56 56 27 27 32 27 27 32 361.46215251.00
58 3 71706143753433737373333310 22 56 32 22 22 22 18 18 261.26220256.00
58 3 81706155043433333202727277 48 32 32 18 18  7 12 12 221.15198251.00
58 3 91706164040374037302717267 27 27 22 27 22 15 12  6 201.05186255.00
58 3101706173740232733373727260 22 27  9 12 18 22 22 12 181.05181242.00
58 3111706184017103037404747267 27  6  4 15 22 27 39 39 221.15173235.00
58 3121706197070674743433730407132132111 39 32 32 22 15 641.77162232.00
58 3131706204753575057505023387 39 56 67 48 67 48 48  9 481.67154238.00
58 3141706212713 71757472727220 12  5  3  6 67 39 12 12 201.05158227.00
58 3151706222343474737402720283  9 32 39 39 22 27 12  7 231.15165217.00
58 3161706234743232313202733230 39 32  9  9  5  7 12 18 160.94155214.00
58 3171706242733475040404717300 12 18 39 48 27 27 39  6 271.26164208.00
58 3181706253040472743575337333 15 27 39 12 32 67 56 22 341.36162210.00
58 3191706264043474047535757383 27 32 39 27 39 56 67 67 441.57155220.00
58 3201706275050434037405050360 48 48 32 27 22 27 48 48 381.46154232.00
58 3211707 14050403347503347340 27 48 27 18 39 48 18 39 331.36156224.00
58 3221707 26047201727172043250 80 39  7  6 12  6  7 32 241.15163266.00
58 3231707 34040333327304723273 27 27 18 18 12 15 39  9 211.15187268.00
58 3241707 43340333337504740313 18 27 18 18 22 48 39 27 271.26204274.00
58 3251707 55033403337604040333 48 18 27 18 22 80 27 27 331.36180258.00
58 3261707 63330234050533737303 18 15  9 27 48 56 22 22 271.26194284.00
58 3271707 74027273017303043243 27 12 12 15  6 15 15 32 170.94226302.00
58 3281707 82733301717433030227 12 18 15  6  6 32 15 15 150.84292295.00
58 3291707 937332013 7272020177 22 18  7  5  3 12  7  7 100.63302332.00
58 3301707101310434753574037300  5  4 32 39 56 67 27 22 321.36338344.00
58 3311707113043333030333030260 15 32 18 15 15 18 15 15 181.05342338.00
58 4 11707123737272733334037270 22 22 12 12 18 18 27 22 191.05290331.00
58 4 21707133343535043503733343 18 32 56 48 32 48 22 18 341.46292326.00
58 4 31707144340332723233337260 32 27 18 12  9  9 18 22 181.05245302.00
58 4 41707153337373747405757343 18 22 22 22 39 27 67 67 361.46253295.00
58 4 51707164753403733332733303 39 56 27 22 18 18 12 18 261.26244290.00
58 4 61707174027304030373350287 27 12 15 27 15 22 18 48 231.15238289.00
58 4 71707183340303030303330257 18 27 15 15 15 15 18 15 170.94246283.00
58 4 81707192727171717202330177 12 12  6  6  6  7  9 15  90.52246272.00
58 4 91707202333101010172730160  9 18  4  4  4  6 12 15  90.52204250.00
58 4101707211310101010101323100  5  4  4  4  4  4  5  9  50.21197244.00
58 4111707222023 72310131730143  7  9  3  9  4  5  6 15  70.42159216.00
58 412170723 310 71310202027110  2  4  3  5  4  7  7 12  60.21140196.00
58 4131707242013201010131717120  7  5  7  4  4  5  6  6  60.21127179.00
58 4141707251720234347403333257  6  7  9 32 39 27 18 18 201.05 96177.00
58 4151707264750433027273733293 39 48 32 15 12 12 22 18 251.26 99188.00
58 4161707274040434040404750340 27 27 32 27 27 27 39 48 321.36108197.00
58 4171708 15750434043605760410 67 48 32 27 32 80 67 80 541.67147207.00
58 4181708 25053474043505053387 48 56 39 27 32 48 48 56 441.57168213.00
58 4191708 33733304333374343300 22 18 15 32 18 22 32 32 241.26191221.00
58 4201708 43037371727272737237 15 22 22  6 12 12 12 22 150.94192226.00
58 4211708 52033232727302043223  7 18  9 12 12 15  7 32 140.84212229.00
58 4221708 623232323101313 3133  9  9  9  9  4  5  5  2  60.31212237.00
58 4231708 7 0 0 72020332030130  0  0  3  7  7 18  7 15  70.42201235.00
58 4241708 83340372020331727227 18 27 22  7  7 18  6 12 150.84181244.00
58 4251708 937372020331310 3173 22 22  7  7 18  5  4  2 110.63206241.00
58 426170810 3 3101027474323167  2  2  4  4 12 39 32  9 130.73182245.00
58 4271708111017231013303730170  4  6  9  4  5 15 22 15 100.63192247.00
58 4281708123340333340374047303 18 27 18 18 27 22 27 39 241.26198258.00
58 4291708134753404040433337333 39 56 27 27 27 32 18 22 311.36207255.00
58 4301708144343403333434347327 32 32 27 18 18 32 32 39 291.36208265.00
58 5 11708153730333723374043280 22 15 18 22  9 22 27 32 211.15250266.00
58 5 217081630402720 7132717180 15 27 12  7  3  5 12  6 110.63246276.00
58 5 31708171727 71713132023137  6 12  3  6  5  5  7  9  70.31269  0.03
58 5 4170818272330171713 727160 12  9 15  6  6  5  3 12  80.52268280.00
58 5 51708192327171013273737190  9 12  6  4  5 12 22 22 120.73267269.00
58 5 61708203327231713131310150 18 12  9  6  5  5  5  4  80.42223263.00
58 5 717082113171713 7 72027120  5  6  6  5  3  3  7 12  60.31198249.00
58 5 81708221717201733272737193  6  6  7  6 18 12 12 22 110.63177236.00
58 5 91708232017373030101720180  7  6 22 15 15  4  6  7 100.63150239.00
58 5101708243027274037404033273 15 12 12 27 22 27 27 18 201.05181209.00
58 511170825 7 7333720272310163  3  3 18 22  7 12  9  4 100.52166211.00
58 512170826 3 3201320404343187  2  2  7  5  7 27 32 32 140.84172209.00
58 5131708273723303347434357313 22  9 15 18 39 32 32 67 291.36114203.00
58 5141709 15743503747374347360 67 32 48 22 39 22 32 39 381.46103194.00
58 5151709 24050372733404737310 27 48 22 12 18 27 39 22 271.26106196.00
58 5161709 34033272330402720240 27 18 12  9 15 27 12  7 160.94110194.00
58 5171709 43037232737333333253 15 22  9 12 22 18 18 18 170.94116194.00
58 5181709 54327273330373030257 32 12 12 18 15 22 15 15 181.05123197.00
58 5191709 62030371720132327187  7 15 22  6  7  5  9 12 100.63140197.00
58 5201709 71710 71313 71020 97  6  4  3  5  5  3  4  7  50.21132197.00
58 5211709 8273017 3101013 7117 12 15  6  2  4  4  5  3  60.31162199.00
58 5221709 910 7 7132320 713100  4  3  3  5  9  7  3  5  50.21165199.00
58 5231709102310 7 7 7 71010 80  9  4  3  3  3  3  4  4  40.10171206.00
58 524170911 0 3 31013 7 3 3 43  0  2  2  4  5  3  2  2  20.00199211.00
58 525170912 31310 7 3273343140  2  5  4  3  2 12 18 32 100.52189207.00
58 5261709134033304367573340343 27 18 15 32111 67 18 27 391.46170210.00
58 5271709143027234043374050290 15 12  9 27 32 22 27 48 241.26157201.00
58 5281709154737301727273333250 39 22 15  6 12 12 18 18 181.05160202.00
58 5291709165050576357474733403 48 48 67 94 67 39 39 18 521.67192219.00
58 5301709173333272020231333203 18 18 12  7  7  9  5 18 120.73178213.00
58 5311709182340203343637780380  9 27  7 18 32 94179207 721.87181209.00
58 6 11709197763573327405043390179 94 67 18 12 27 48 32 601.77200219.00
58 6 217092043334340474337 7293 32 18 32 27 39 32 22  3 261.26154220.00
58 6 3170921 7131317202713 7117  3  5  5  6  7 12  5  3  60.31183227.00
58 6 417092213231317101713 7113  5  9  5  6  4  6  5  3  50.21203246.00
58 6 5170923 713171327371313140  3  5  6  5 12 22  5  5  80.42206256.00
58 6 6170924 723302310273053203  3  9 15  9  4 12 15 56 150.94192260.00
58 6 71709257770637040333727417179132 94132 27 18 22 12 771.87185238.00
58 6 81709261313131710334343187  5  5  5  6  4 18 32 32 130.84200233.00
58 6 91709275023373337374760323 48  9 22 18 22 22 39 80 321.36202252.00
58 6101710 15347403737333747330 56 39 27 22 22 18 22 39 311.36200234.00
58 6111710 23340273333333333267 18 27 12 18 18 18 18 18 181.05193235.00
58 6121710 31737333327332727233  6 22 18 18 12 18 12 12 150.84197227.00
58 6131710 423302313 7203023170  9 15  9  5  3  7 15  9  90.52178220.00
58 6141710 517 7201713105047180  6  3  7  6  5  4 48 39 150.84160208.00
58 6151710 630475343232020 7243 15 39 56 32  9  7  7  3 211.15132197.00
58 6161710 72717332733201310180 12  6 18 12 18  7  5  4 100.63100191.00
58 6171710 81020101310 31313 93  4  7  4  5  4  2  5  5  40.21113182.00
58 6181710 9 7 7 71323232723130  3  3  3  5  9  9 12  9  70.31100177.00
58 6191710101313171317333027163  5  5  6  5  6 18 15 12  90.52114189.00
58 62017101127 7101017101337130 12  3  4  4  6  4  5 22  80.42107193.00
58 6211710123747436363636353433 22 39 32 94 94 94 94 56 661.77141194.00
58 6221710136047534737233747350 80 39 56 39 22  9 22 39 381.46157213.00
58 6231710143733331723273020220 22 18 18  6  9 12 15  7 130.84187217.00
58 6241710153037373033303037263 15 22 22 15 18 15 15 22 181.05185221.00
58 6251710163030273723303333243 15 15 12 22  9 15 18 18 160.94191226.00
58 6261710172323201720231723167  9  9  7  6  7  9  6  9  80.42207233.00
58 6271710182317231713131330150  9  6  9  6  5  5  5 15  80.42207237.00
58 6281710192333403730477077357  9 18 27 22 15 39132179 551.67193232.00
58 6291710207080675377634327480132207111 56179 94 32 121031.98200220.00
58 6301710212027171317273023173  7 12  6  5  6 12 15  9  90.52159217.00
58 7 11710225033332730271717233 48 18 18 12 15 12  6  6 170.94165215.00
58 7 2171023 713171320202323137  3  5  6  5  7  7  9  9  60.31164215.00
58 7 31710242720302723473023227 12  7 15 12  9 39 15  9 150.84190224.00
58 7 41710252027403737473733277  7 12 27 22 22 39 22 18 211.15203232.00
58 7 51710262317202730202040197  9  6  7 12 15  7  7 27 110.63209238.00
58 7 617102727231010131013 3110 12  9  4  4  5  4  5  2  60.31214232.00
58 7 71711 1 717234033334337233  3  6  9 27 18 18 32 22 170.94212237.00
58 7 81711 23027737783908787553 15 121541792364003003002002.19205232.00
58 7 91711 36357607063503057450 94 67 80132 94 48 15 67 751.87193218.00
58 7101711 45033272327202337240 48 18 12  9 12  7  9 22 170.94201208.00
58 7111711 53723272323234037233 22  9 12  9  9  9 27 22 150.84175203.00
58 7121711 64033404333373320280 27 18 27 32 18 22 18  7 211.15130188.00
58 7131711 73733372317301337227 22 18 22  9  6 15  5 22 150.84138191.00
58 7141711 83033403323271713217 15 18 27 18  9 12  6  5 140.84135182.00
58 7151711 91320131320102020130  5  7  5  5  7  4  7  7  60.31135181.00
58 7161711102020101320171327140  7  7  4  5  7  6  5 12  70.31144192.00
58 71717111140474033171310 7207 27 39 27 18  6  5  4  3 160.94160188.00
58 7181711123033503753504740340 15 18 48 22 56 48 39 27 341.36181190.00
58 7191711132730502727205050280 12 15 48 12 12  7 48 48 251.26191205.00
58 7201711144047373333402727283 27 39 22 18 18 27 12 12 221.15188200.00
58 7211711152730372323677363343 12 15 22  9  9111154 94 531.67196209.00
58 7221711164333273350302720263 32 18 12 18 48 15 12  7 201.05184214.00
58 7231711171713132023101323133  6  5  5  7  9  4  5  9  60.31178213.00
58 7241711182720172040474033243 12  7  6  7 27 39 27 18 181.05170228.00
58 7251711192023374343374340287  7  9 22 32 32 22 32 27 231.15179240.00
58 7261711204030233017132013187 27 15  9 15  6  5  7  5 110.63213260.00
58 7271711212337504347234740310  9 22 48 32 39  9 39 27 281.26238261.00
58 7281711224027231010102327170 27 12  9  4  4  4  9 12 100.63250290.00
58 7291711232323 71013174023157  9  9  3  4  5  6 27  9  90.52261285.00
58 7301711241723231723373033203  6  9  9  6  9 22 15 18 120.73268287.00
58 7311711252013232720533323213  7  5  9 12  7 56 18  9 150.94263288.00
58 8 11711262317104043273323217  9  6  4 27 32 12 18  9 150.84262274.00
58 8 21711272020233037302323207  7  7  9 15 22 15  9  9 120.73250254.00
58 8 31712 1373027232720 7 7177 22 15 12  9 12  7  3  3 100.63200237.00
58 8 41712 21017131013101010 93  4  6  5  4  5  4  4  4  40.21177216.00
58 8 51712 31310131720101010103  5  4  5  6  7  4  4  4  50.21198221.00
58 8 61712 41713 713 7101020 97  6  5  3  5  3  4  4  7  50.21209239.00
58 8 71712 51013303040203013187  4  5 15 15 27  7 15  5 120.73223235.00
58 8 81712 61010 7102023 3 7 90  4  4  3  4  7  9  2  3  40.21230236.00
58 8 91712 7272310 713171327137 12  9  4  3  5  6  5 12  70.42253225.00
58 8101712 82017303333403730240  7  6 15 18 18 27 22 15 160.94244222.00
58 8111712 93027334323203023230 15 12 18 32  9  7 15  9 150.84253225.00
58 8121712102027302720 73027187  7 12 15 12  7  3 15 12 100.63228222.00
58 8131712113027373317231313193 15 12 22 18  6  9  5  5 120.73220236.00
58 814171212201010 3 0232333123  7  4  4  2  0  9  9 18  70.31202235.00
58 8151712132333172020202023177  9 18  6  7  7  7  7  9  90.52190231.00
58 8161712143727201727373010203 22 12  7  6 12 22 15  4 120.73177215.00
58 8171712151317604367737367413  5  6 80 32111154154111 821.87163211.00
58 8181712165047373327202020253 48 39 22 18 12  7  7  7 201.05152218.00
58 8191712173033273017232320203 15 18 12 15  6  9  9  7 110.73128219.00
58 820171218172020101717 713120  6  7  7  4  6  6  3  5  60.21131220.00
58 8211712191310 32320201327130  5  4  2  9  7  7  5 12  60.31145231.00
58 8221712205757573727303020313 67 67 67 22 12 15 15  7 341.36160239.00
58 8231712211037332323303030217  4 22 18  9  9 15 15 15 130.84192243.00
58 8241712227377606763403330443154179 80111 94 27 18 15 851.87183253.00
58 8251712234040333047132013237 27 27 18 15 39  5  7  5 181.05198263.00
58 8261712241733334033202327227  6 18 18 27 18  7  9 12 140.84180264.00
58 8271712254360676750406037423 32 80111111 48 27 80 22 641.77196252.00
58 8281712261720273027303727213  6  7 12 15 12 15 22 12 130.73202244.00
58 8291712271723233330173027200  6  9  9 18 15  6 15 12 110.63225252.00
58 8301713 12323232030231723183  9  9  9  7 15  9  6  9  90.52225249.00
58 8311713 220232017173010 0137  7  9  7  6  6 15  4  0  70.31210259.00
58 9 11713 3 0 313272320 7 7100  0  2  5 12  9  7  3  3  50.21200261.00
58 9 21713 4131313131710 710 97  5  5  5  5  6  4  3  4  50.21221281.00
58 9 31713 52017405367606767390  7  6 27 56111 80111111 641.77230270.00
58 9 41713 65043333773878383490 48 32 18 221543002362361311.98240256.00
58 9 51713 78077434033375730397207179 32 27 18 22 67 15 711.87206233.00
58 9 61713 82323171317171713140  9  9  6  5  6  6  6  5  60.31220216.00
58 9 71713 91733233030333740243  6 18  9 15 15 18 22 27 160.94175210.00
58 9 81713104333232717371353247 32 18  9 12  6 22  5 56 201.05160211.00
58 9 91713114030303747373747303 27 15 15 22 39 22 22 39 251.26166235.00
58 9101713123323202033302027207 18  9  7  7 18 15  7 12 120.73219245.00
58 9111713132323202013172013150  9  9  7  7  5  6  7  5  70.31245250.00
58 91217131420201013 71313 7103  7  7  4  5  3  5  5  3  50.21267270.00
58 913171315 3 310 7 7 71310 60  2  2  4  3  3  3  5  4  30.10265285.00
58 914171316 010131713101310 87  0  4  5  6  5  4  5  4  40.10233290.00
58 915171317 7 7101713202723123  3  3  4  6  5  7 12  9  60.31230271.00
58 9161713183347404753535343370 18 39 27 39 56 56 56 32 401.57206263.00
58 91717131940402323332013 7200 27 27  9  9 18  7  5  3 130.84189259.00
58 918171320 3 7 710 7172013 83  2  3  3  4  3  6  7  5  40.10205246.00
58 919171321 7 3102020 313 7 83  3  2  4  7  7  2  5  3  40.10187243.00
58 920171322101313 7 7 71717 90  4  5  5  3  3  3  6  6  40.21163231.00
58 92117132313 3 71010101710 80  5  2  3  4  4  4  6  4  40.10156221.00
58 92217132410 3 3 7 31320 7 67  4  2  2  3  2  5  7  3  40.10172249.00
58 92317132517171710 7 7 720100  6  6  6  4  3  3  3  7  50.21175226.00
58 92417132627 7101717101023120 12  3  4  6  6  4  4  9  60.31174225.00
58 9251713273360606063636070470 18 80 80 80 94 94 80132 821.87161222.00
58 9261714 15050374033332323290 48 48 22 27 18 18  9  9 251.26169218.00
58 9271714 21717232723272330187  6  6  9 12  9 12  9 15 100.52177219.00
58 9281714 3303323271313 7 0147 15 18  9 12  5  5  3  0  80.52208225.00
58 9291714 4 323202313 7 3 3 97  2  9  7  9  5  3  2  2  50.21217227.00
58 9301714 510 7133737374747233  4  3  5 22 22 22 39 39 201.05201228.00
5810 11714 61733432313172743217  6 18 32  9  5  6 12 32 150.84223231.00
5810 21714 7403730171010 723173 27 22 15  6  4  4  3  9 110.63220221.00
5810 31714 82040372740403313250  7 27 22 12 27 27 18  5 181.05207219.00
5810 41714 9101020 72010 713 97  4  4  7  3  7  4  3  5  50.21175215.00
5810 51714103720272323273033220 22  7 12  9  9 12 15 18 130.73157199.00
5810 61714111327132337203033197  5 12  5  9 22  7 15 18 120.73140189.00
5810 71714122330303023332333227  9 15 15 15  9 18  9 18 140.84125189.00
5810 81714133737301710 7 717160 22 22 15  6  4  3  3  6 100.63115187.00
5810 91714141317 71710101310 97  5  6  3  6  4  4  5  4  50.21116192.00
581010171415 71010 3 72013 7 77  3  4  4  2  3  7  5  3  40.10121198.00
5810111714162010171310101323117  7  4  6  5  4  4  5  9  60.21123210.00
581012171417 7 3 3 7 7131310 63  3  2  2  3  3  5  5  4  30.10135219.00
581013171418 320203020132010137  2  7  7 15  7  5  7  4  70.31138225.00
5810141714191023102027131720140  4  9  4  7 12  5  6  7  70.31142228.00
5810151714203023232323172720187 15  9  9  9  9  6 12  7 100.52160230.00
5810161714211740301713131013153  6 27 15  6  5  5  4  5  90.52219253.00
5810171714222033231013232720170  7 18  9  4  5  9 12  7  90.52231286.00
5810181714232327271713201017153  9 12 12  6  5  7  4  6  80.42243286.00
5810191714241020132323332023167  4  7  5  9  9 18  7  9  80.52238296.00
58102017142527 7 7 7 7172030120 12  3  3  3  3  6  7 15  60.31232278.00
5810211714262030172017 71010130  7 15  6  7  6  3  4  4  60.31212277.00
581022171427 753604733535753363  3 56 80 39 18 56 67 56 471.57241270.00
5810231715 14753575047434743387 39 56 67 48 39 32 39 32 441.57230240.00
5810241715 24750676367706360487 39 48111 94111132 94 80 891.87190227.00
5810251715 34030331710101010160 27 15 18  6  4  4  4  4 100.63176191.00
5810261715 4 720372723273020190  3  7 22 12  9 12 15  7 110.63171194.00
5810271715 53333232317436353290 18 18  9  9  6 32 94 56 301.36164191.00
5810281715 63327535350474740350 18 12 56 56 48 39 39 27 371.46179209.00
5810291715 73733272720304347263 22 18 12 12  7 15 32 39 201.05200220.00
5810301715 83327303333373343270 18 12 15 18 18 22 18 32 191.05193228.00
5810311715 92733232723372017207 12 18  9 12  9 22  7  6 120.73210222.00
5811 11715101313202323201720150  5  5  7  9  9  7  6  7  70.31217234.00
5811 217151110 3132027534327197  4  2  5  7 12 56 32 12 160.94212241.00
5811 31715123040202330202020203 15 27  7  9 15  7  7  7 120.73205224.00
5811 41715132030102733102320173  7 15  4 12 18  4  9  7 100.52192220.00
5811 5171514 7 310 7 310 3 3 47  3  2  4  3  2  4  2  2  30.00177222.00
5811 6171515 3 3 7 7 7 71013 57  2  2  3  3  3  3  4  5  30.10152204.00
5811 7171516 710132323231017127  3  4  5  9  9  9  4  6  60.31133206.00
5811 8171517 3 71017 310 3 7 60  2  3  4  6  2  4  2  3  30.10114191.00
5811 9171518 3232013 7 3 7 7 83  2  9  7  5  3  2  3  3  40.10 97180.00
581110171519 723274320303020200  3  9 12 32  7 15 15  7 120.73 85169.00
58111117152050433723231313 7210 48 32 22  9  9  5  5  3 170.94 84166.00
581112171521 717102737232323167  3  6  4 12 22  9  9  9  90.52 85166.00
58111317152227302013 710 7 7120 12 15  7  5  3  4  3  3  60.31 93163.00
58111417152313 7 3 0 7 7 320 60  5  3  2  0  3  3  2  7  30.10 97166.00
5811151715241717271323 3 3 7110  6  6 12  5  9  2  2  3  60.31 95166.00
581116171525233327272720 3 7167  9 18 12 12 12  7  2  3  90.52 95169.00
5811171715261727332717171317167  6 12 18 12  6  6  5  6  90.52 80173.00
58111817152710 7301723202330160  4  3 15  6  9  7  9 15  80.52 80174.00
5811191716 1171317171720 3 3107  6  5  6  6  6  7  2  2  50.21 98183.00
5811201716 21313 7171313 3 0 80  5  5  3  6  5  5  2  0  40.10106187.00
5811211716 310 310171017 3 3 73  4  2  4  6  4  6  2  2  40.10125194.00
5811221716 41713 31010 3 3 3 63  6  5  2  4  4  2  2  2  30.10142200.00
5811231716 513 717273017 7 7123  5  3  6 12 15  6  3  3  70.31155213.00
5811241716 6 0 0233333232020153  0  0  9 18 18  9  7  7  80.52178229.00
5811251716 7 713101030373030167  3  5  4  4 15 22 15 15 100.63211243.00
5811261716 83027101720232317167 15 12  4  6  7  9  9  6  80.52237264.00
5811271716 91330202723272020180  5 15  7 12  9 12  7  7  90.52247268.00
5811281716103340403740272317257 18 27 27 22 27 12  9  6 181.05258259.00
581129171611273330302730 310190 12 18 15 15 12 15  2  4 120.73259263.00
581130171612 0 7 31010 3 0 0 33  0  3  2  4  4  2  0  0  20.00260264.00
5812 1171613 0 0 0 7101310 3 43  0  0  0  3  4  5  4  2  20.00241268.00
5812 21716141713173743404053260  6  5  6 22 32 27 27 56 231.15234259.00
5812 317161533301313 71010 7123 18 15  5  5  3  4  4  3  70.42228241.00
5812 41716163730405357536760397 22 15 27 56 67 56111 80 541.67221241.00
5812 51716177043332720201320247132 32 18 12  7  7  5  7 281.26233253.00
5812 61716182013133737301327190  7  5  5 22 22 15  5 12 120.73227249.00
5812 7171619172723131310 7 7117  6 12  9  5  5  4  3  3  60.31242253.00
5812 8171620 3 0 32023304033153  2  0  2  7  9 15 27 18 100.63255260.00
5812 9171621373040271720 7 7183 22 15 27 12  6  7  3  3 120.73252254.00
581210171622102023 7 3 7 0 3 73  4  7  9  3  2  3  0  2  40.10258269.00
5812111716231320202720131333160  5  7  7 12  7  5  5 18  80.42237256.00
5812121716242020 01313102023120  7  7  0  5  5  4  7  9  60.21211257.00
5812131716255353333057506053390 56 56 18 15 67 48 80 56 501.67198260.00
5812141716263730172040334040257 22 15  6  7 27 18 27 27 191.05185258.00
5812151716272020102720273327183  7  7  4 12  7 12 18 12 100.63150235.00
5812161717 14043233733232010230 27 32  9 22 18  9  7  4 160.94142217.00
5812171717 21710172317436360250  6  4  6  9  6 32 94 80 301.36124204.00
5812181717 37057302733131027267132 67 15 12 18  5  4 12 331.36109202.00
5812191717 44347334037302717273 32 39 18 27 22 15 12  6 211.15 80187.00
5812201717 52733333330302723237 12 18 18 18 15 15 12  9 150.84 83199.00
5812211717 62320272023172013163  9  7 12  7  9  6  7  5  80.42 92198.00
5812221717 73010201723203023173 15  4  7  6  9  7 15  9  90.52114211.00
5812231717 81310273033333023200  5  4 12 15 18 18 15  9 120.73150215.00
5812241717 92320232020131317150  9  7  9  7  7  5  5  6  70.31185224.00
581225171710 0 0 31713131727 90  0  0  2  6  5  5  6 12  40.21218  0.03
5812261717112323102033333333210  9  9  4  7 18 18 18 18 130.73229238.00
5812271717122330303033271320207  9 15 15 15 18 12  5  7 120.73218227.00
5812281717133327302730302723227 18 12 15 12 15 15 12  9 140.84183223.00
5812291717143020171727172330180 15  7  6  6 12  6  9 15 100.52168219.00
5812301717152717232337302727210 12  6  9  9 22 15 12 12 120.73175224.00
58123117171623132013271723 7143  9  5  7  5 12  6  9  3  70.42175226.00
