62 1 11758 6173310 7 7 7 317100  6 18  4  3  3  3  2  6  60.31 29  0.03
62 1 21758 72723303317171010167 12  9 15 18  6  6  4  4  90.52 25  0.03
62 1 31758 8 0 0 0 7 7 310 7 33  0  0  0  3  3  2  4  3  20.00 20 79.00
62 1 41758 9 3 0 3 7 0 0 0 0 13  2  0  2  3  0  0  0  0  10.00 10 81.00
62 1 5175810 0 0 0 3 3 0 3 3 13  0  0  0  2  2  0  2  2  10.00 18 78.00
62 1 6175811 320 310 31010 0 60  2  7  2  4  2  4  4  0  30.10 13 77.00
62 1 7175812 0 0 3 3 7101317 53  0  0  2  2  3  4  5  6  30.00 11 77.00
62 1 8175813 7 7 7101017 7 3 67  3  3  3  4  4  6  3  2  40.10 10 74.00
62 1 91758141013 01320232717123  4  5  0  5  7  9 12  6  60.31  8 74.00
62 1101758153763436053535043403 22 94 32 80 56 56 48 32 521.67 15 75.00
62 1111758163737302020232317207 22 22 15  7  7  9  9  6 120.73  0 76.00
62 112175817171713 7 3 3 720 87  6  6  5  3  2  2  3  7  40.10 10 77.00
62 1131758182023131010 710 3 97  7  9  5  4  4  3  4  2  50.21 20 74.00
62 114175819 3 3101017373340153  2  2  4  4  6 22 18 27 110.63 31 82.00
62 1151758202723272017172033183 12  9 12  7  6  6  7 18 100.52 24 86.00
62 1161758212320302737231727203  9  7 15 12 22  9  6 12 120.73 24 84.00
62 1171758221717 7 7101010 7 83  6  6  3  3  4  4  4  3  40.10 19 87.00
62 118175823 0 3 3 7 717 7 0 43  0  2  2  3  3  6  3  0  20.00 25 94.00
62 1191758242323332037433710227  9  9 18  7 22 32 22  4 150.94 29 99.00
62 120175825101017 7 3 72010 83  4  4  6  3  2  3  7  4  40.10 34107.00
62 121175826201320233310 320143  7  5  7  9 18  4  2  7  70.42 42112.00
62 122175827 3 3 7 3 0 0 0 0 17  2  2  3  2  0  0  0  0  10.00 63111.00
62 1231759 1 0 0 0 3 3 3 0 3 13  0  0  0  2  2  2  0  2  10.00 82116.00
62 1241759 2 0 0 0 0 0 7 3 7 17  0  0  0  0  0  3  2  3  10.00 83114.00
62 1251759 3 0 72017 320 720 93  0  3  7  6  2  7  3  7  40.21 88115.00
62 1261759 43013132020232320163 15  5  5  7  7  9  9  7  80.42 86115.00
62 1271759 52330273317102027187  9 15 12 18  6  4  7 12 100.63 92115.00
62 1281759 6 7 71710 0 7 7 7 60  3  3  6  4  0  3  3  3  30.10 85115.00
62 1291759 7 72713173013 320130  3 12  5  6 15  5  2  7  70.31 66109.00
62 1301759 8272323172020 713150 12  9  9  6  7  7  3  5  70.42 66101.00
62 1311759 910 7 3 0 0 0 0 0 20  4  3  2  0  0  0  0  0  10.00 71102.00
62 2 1175910 0 3 0 0 3 3 3 7 20  0  2  0  0  2  2  2  3  10.00 76110.00
62 2 2175911271010 3 3 31313 83 12  4  4  2  2  2  5  5  40.21 59103.00
62 2 3175912101313 3 71710 7 80  4  5  5  2  3  6  4  3  40.10 57101.00
62 2 41759131317173350433737247  5  6  6 18 48 32 22 22 201.05 48104.00
62 2 51759142730 3 717171313127 12 15  2  3  6  6  5  5  70.31 43 92.00
62 2 6175915 310 710 7 71737 97  2  4  3  4  3  3  6 22  60.31 39 86.00
62 2 71759164333374033402710263 32 18 22 27 18 27 12  4 201.05 36 82.00
62 2 8175917 0 7 71717 7 3 7 63  0  3  3  6  6  3  2  3  30.10 27 82.00
62 2 91759183010101020 7 710103 15  4  4  4  7  3  3  4  60.21 15 83.00
62 21017591917 7 3 310 3 7 0 50  6  3  2  2  4  2  3  0  30.00 14 81.00
62 2111759202010 32727174043187  7  4  2 12 12  6 27 32 130.73 19 82.00
62 2121759215327302720274037260 56 12 15 12  7 12 27 22 201.05  8 81.00
62 2131759222333173327272337220  9 18  6 18 12 12  9 22 130.84  9 84.00
62 2141759233730201717233743223 22 15  7  6  6  9 22 32 150.84 20 83.00
62 2151759242033172010374020197  7 18  6  7  4 22 27  7 120.73 22 83.00
62 2161759252330305750535050343  9 15 15 67 48 56 48 48 381.46 15 86.00
62 2171759264033433013132313210 27 18 32 15  5  5  9  5 140.84 22 87.00
62 218175927 3 71320 7103317110  2  3  5  7  3  4 18  6  60.31 28 91.00
62 2191760 1 0 7171313 3 0 3 57  0  3  6  5  5  2  0  2  30.10 29108.00
62 2201760 2 0 0131317 3 313 63  0  0  5  5  6  2  2  5  30.10 53107.00
62 2211760 3 3 0201030332013130  2  0  7  4 15 18  7  5  70.42 65114.00
62 2221760 437332733332710 7207 22 18 12 18 18 12  4  3 130.84 72121.00
62 2231760 51030103033301020173  4 15  4 15 18 15  4  7 100.63108136.00
62 2241760 61023232323233013170  4  9  9  9  9  9 15  5  90.52124134.00
62 2251760 7101320 717173030143  4  5  7  3  6  6 15 15  80.42103129.00
62 2261760 83013132333474033233 15  5  5  9 18 39 27 18 170.94 95129.00
62 2271760 930272737403330 7230 15 12 12 22 27 18 15  3 160.94108136.00
62 228176010 0 0171310 7 3 0 50  0  0  6  5  4  3  2  0  20.00 95122.00
62 3 1176011 0 0272727271017133  0  0 12 12 12 12  4  6  70.42 85121.00
62 3 2176012172020 727232310147  6  7  7  3 12  9  9  4  70.42 77112.00
62 3 317601310 3 71033172723130  4  2  3  4 18  6 12  9  70.42 63100.00
62 3 41760142720131717101013127 12  7  5  6  6  4  4  5  60.31 46 89.00
62 3 517601513 7273353333023220  5  3 12 18 56 18 15  9 170.94 27 86.00
62 3 61760162747434357404023320 12 39 32 32 67 27 27  9 311.36 32 81.00
62 3 7176017232730172323 7 0150  9 12 15  6  9  9  3  0  80.42 36 80.00
62 3 8176018 71710 0 3 3 0 0 40  3  6  4  0  2  2  0  0  20.00 25 77.00
62 3 9176019 0 0 0 0 7 710 7 30  0  0  0  0  3  3  4  3  20.00 19 79.00
62 3101760202320272730272033207  9  7 12 12 15 12  7 18 120.73 13 76.00
62 31117602133372330173023 7200 18 22  9 15  6 15  9  3 120.73  7 78.00
62 3121760222320233330433337243  9  7  9 18 15 32 18 22 160.94  9 82.00
62 3131760234020132020 7 3 7130 27  7  5  7  7  3  2  3  80.42 13 81.00
62 314176024 7 31013131323 7 90  3  2  4  5  5  5  9  3  40.21 15 82.00
62 3151760252333232313101033170  9 18  9  9  5  4  4 18 100.52 27 84.00
62 316176026 7 7101710101013 83  3  3  4  6  4  4  4  5  40.10 27 86.00
62 317176027 71713132010 0 3 83  3  6  5  5  7  4  0  2  40.10 29 94.00
62 3181761 1 310202033202317147  2  4  7  7 18  7  9  6  80.42 36 98.00
62 3191761 22720202340333323220 12  7  7  9 27 18 18  9 130.84 61116.00
62 3201761 31023202330403330210  4  9  7  9 15 27 18 15 130.73 75118.00
62 3211761 43023302727273340237 15  9 15 12 12 12 18 27 150.84 86127.00
62 3221761 510 7 7 3 3 3 730 70  4  3  3  2  2  2  3 15  40.10 94128.00
62 3231761 6 7 0103317 7 3 0 77  3  0  4 18  6  3  2  0  40.21 84130.00
62 3241761 73013101317231310130 15  5  4  5  6  9  5  4  70.31 79126.00
62 3251761 82333272027131013167  9 18 12  7 12  5  4  5  90.52 74128.00
62 3261761 92720 310 3 3 3 3 73 12  7  2  4  2  2  2  2  40.10 71118.00
62 327176110131313 71310 7 0 77  5  5  5  3  5  4  3  0  40.10 48117.00
62 328176111 0 0 3 317171720 77  0  0  2  2  6  6  6  7  40.10 38109.00
62 3291761123327271020 3 7 3130 18 12 12  4  7  2  3  2  80.42 37103.00
62 33017611313 7 0 3 3 310 7 47  5  3  0  2  2  2  4  3  30.00 44 99.00
62 331176114171020 3 3131013 90  6  4  7  2  2  5  4  5  40.21 38 92.00
62 4 11761151030373723131317180  4 15 22 22  9  5  5  6 110.63 37 88.00
62 4 2176116 723 31010173043143  3  9  2  4  4  6 15 32  90.52 31 83.00
62 4 31761174027372017272027213 27 12 22  7  6 12  7 12 130.84 30 80.00
62 4 41761182323374017171330200  9  9 22 27  6  6  5 15 120.73 24 78.00
62 4 51761193730 71710 3 7 7117 22 15  3  6  4  2  3  3  70.42 28 76.00
62 4 61761201740374730274753297  6 27 22 39 15 12 39 56 271.26 21 78.00
62 4 71761215357505757535350430 56 67 48 67 67 56 56 48 581.77 23 77.00
62 4 81761224740302737634037320 39 27 15 12 22 94 27 22 321.36 22 77.00
62 4 91761234013301730271720193 27  5 15  6 15 12  6  7 120.73 15 78.00
62 4101761242337204350475047317  9 22  7 32 48 39 48 39 301.36 10 81.00
62 4111761254743333737372027280 39 32 18 22 22 22  7 12 221.15 21 88.00
62 4121761263327 71020231727163 18 12  3  4  7  9  6 12  90.52 35 93.00
62 413176127301010 3 3131013 93 15  4  4  2  2  5  4  5  50.21 55102.00
62 4141762 123 3 0 3 3 3 7 7 50  9  2  0  2  2  2  3  3  30.10 75110.00
62 4151762 2132310 317372730160  5  9  4  2  6 22 12 15  90.52 84111.00
62 4161762 3332310 7 7132020133 18  9  4  3  3  5  7  7  70.42 90119.00
62 4171762 43333171717131310153 18 18  6  6  6  5  5  4  80.52 82114.00
62 4181762 5 327232737303320200  2 12  9 12 22 15 18  7 120.73 71110.00
62 4191762 6372723 7 3 7 013117 22 12  9  3  2  3  0  5  70.42 71109.00
62 4201762 7272713 7 7301740167 12 12  5  3  3 15  6 27 100.63 72109.00
62 4211762 83320272710504043250 18  7 12 12  4 48 27 32 201.05 75112.00
62 4221762 94350434037473337330 32 48 32 27 22 39 18 22 301.36 78113.00
62 4231762103337303027231010200 18 22 15 15 12  9  4  4 120.73 72108.00
62 424176211 7 3 7 7232020 0 87  3  2  3  3  9  7  7  0  40.10 46105.00
62 425176212 7 0204030403310180  3  0  7 27 15 27 18  4 130.73 39101.00
62 4261762132030402327171320190  7 15 27  9 12  6  5  7 110.63 37100.00
62 4271762142027171713202310147  7 12  6  6  5  7  9  4  70.42 32100.00
62 4281762151723301313232023163  6  9 15  5  5  9  7  9  80.42 41 96.00
62 4291762162017101323102013127  7  6  4  5  9  4  7  5  60.31 40 93.00
62 43017621720 7 7 7 3172017 97  7  3  3  3  2  6  7  6  50.21 34 91.00
62 5 117621837171010 7 72730143 22  6  4  4  3  3 12 15  90.52 49  0.03
62 5 21762192023332017271723180  7  9 18  7  6 12  6  9  90.52 48  0.03
62 5 31762203023172013 71710137 15  9  6  7  5  3  6  4  70.31 46  0.03
62 5 4176221 7 013 0 0 0 310 33  3  0  5  0  0  0  2  4  20.00 42 91.00
62 5 5176222 0 0 7 3 3 71330 63  0  0  3  2  2  3  5 15  40.10 37 87.00
62 5 61762231720133343504743267  6  7  5 18 32 48 39 32 231.15 41 86.00
62 5 71762243323131317 71320140 18  9  5  5  6  3  5  7  70.42 31 83.00
62 5 8176225232010 31010 727110  9  7  4  2  4  4  3 12  60.31 34 84.00
62 5 91762261313 010 0 3 3 0 43  5  5  0  4  0  2  2  0  20.00 37 87.00
62 510176227172313171323 3 3113  6  9  5  6  5  9  2  2  60.21 44  0.03
62 5111763 1 31713 330333027157  2  6  5  2 15 18 15 12  90.52 44 98.00
62 5121763 210 71310 3 3 710 63  4  3  5  4  2  2  3  4  30.10 46 98.00
62 5131763 31323202340202740207  5  9  7  9 27  7 12 27 130.73 39 96.00
62 5141763 43037303330133033237 15 22 15 18 15  5 15 18 150.94 27 94.00
62 5151763 530303017273743 7220 15 15 15  6 12 22 32  3 150.84 15  0.03
62 5161763 61030233317 31717150  4 15  9 18  6  2  6  6  80.42 18 82.00
62 5171763 7 3 7 710 7101010 63  2  3  3  4  3  4  4  4  30.10 26 93.00
62 5181763 8 710 3 310 7 0 3 43  3  4  2  2  4  3  0  2  20.00 29 91.00
62 5191763 9 713373320331317173  3  5 22 18  7 18  5  6 100.63 32 97.00
62 520176310171713131320 3 3100  6  6  5  5  5  7  2  2  50.21 37103.00
62 52117631110 3 3 313 3 3 7 47  4  2  2  2  5  2  2  3  30.00 45106.00
62 52217631210 3 3101310 3 3 57  4  2  2  4  5  4  2  2  30.10 59  0.03
62 523176313 010 7 710 3 3 3 43  0  4  3  3  4  2  2  2  20.00 62  0.03
62 524176314 710 3 3 0 3 3 3 33  3  4  2  2  0  2  2  2  20.00 62110.00
62 525176315 0 0 0 3 3 3 310 23  0  0  0  2  2  2  2  4  20.00 60112.00
62 526176316 3 7 7 710 71323 77  2  3  3  3  4  3  5  9  40.10 60110.00
62 5271763172030272330372027213  7 15 12  9 15 22  7 12 120.73 57108.00
62 528176318 710 71720202723130  3  4  3  6  7  7 12  9  60.31 60105.00
62 5291763191320231713101310120  5  7  9  6  5  4  5  4  60.31 63104.00
62 530176320 31010 310 0 710 53  2  4  4  2  4  0  3  4  30.10 58105.00
62 531176321 320334750372740257  2  7 18 39 48 22 12 27 221.15 48  0.03
62 6 11763222720302720102020173 12  7 15 12  7  4  7  7  90.52 35 98.00
62 6 21763231313 717 7 71717 97  5  5  3  6  3  3  6  6  50.21 34 92.00
62 6 3176324 7 0 3 717171327 90  3  0  2  3  6  6  5 12  50.21 26 87.00
62 6 41763253720232723273033220 22  7  9 12  9 12 15 18 130.73 21 85.00
62 6 51763262013232010173337173  7  5  9  7  4  6 18 22 100.52 26 85.00
62 6 61763273323331713132323180 18  9 18  6  5  5  9  9 100.63 33 87.00
62 6 71764 113203727201720 7160  5  7 22 12  7  6  7  3  90.52 35 92.00
62 6 81764 2 0 713 7 7 71010 60  0  3  5  3  3  3  4  4  30.10 38 90.00
62 6 91764 32740333737274047287 12 27 18 22 22 12 27 39 221.15 46 91.00
62 6101764 44737334030172010233 39 22 18 27 15  6  7  4 170.94 41 90.00
62 6111764 51020201317 71320120  4  7  7  5  6  3  5  7  60.21 40 89.00
62 6121764 623 7232327202010153  9  3  9  9 12  7  7  4  80.42 39 88.00
62 6131764 713132317 7 710 7 97  5  5  9  6  3  3  4  3  50.21 39 89.00
62 6141764 81027171717132330153  4 12  6  6  6  5  9 15  80.42 40 89.00
62 6151764 92733202030273010197 12 18  7  7 15 12 15  4 110.63 59 93.00
62 61617641033101010131310 7107 18  4  4  4  5  5  4  3  60.31 58 95.00
62 617176411 3 0 0 3 3 7 7 7 30  2  0  0  2  2  3  3  3  20.00 70 98.00
62 61817641217 7 3 3 3 3 3 0 40  6  3  2  2  2  2  2  0  20.00 68 97.00
62 619176413 71010 720171310 93  3  4  4  3  7  6  5  4  40.21 62 98.00
62 62017641413101310 7 71010 80  5  4  5  4  3  3  4  4  40.10 44 96.00
62 6211764151010 33030374023183  4  4  2 15 15 22 27  9 120.73 35 90.00
62 6221764162737271713132720180 12 22 12  6  5  5 12  7 100.63 46 90.00
62 6231764172723332723304327233 12  9 18 12  9 15 32 12 150.84 33 86.00
62 6241764182013201713172020140  7  5  7  6  5  6  7  7  60.31 30 87.00
62 6251764192023271313 71310127  7  9 12  5  5  3  5  4  60.31 43 90.00
62 626176420 7 7201313232330137  3  3  7  5  5  9  9 15  70.42 46 92.00
62 6271764213033373040274033270 15 18 22 15 27 12 27 18 191.05 36 93.00
62 6281764222727333737202743250 12 12 18 22 22  7 12 32 170.94 44 91.00
62 6291764233033302733232727230 15 18 15 12 18  9 12 12 140.84 44  0.03
62 6301764242337333020371717213  9 22 18 15  7 22  6  6 130.84 49  0.03
62 7 11764252020273023231720180  7  7 12 15  9  9  6  7  90.52 54  0.03
62 7 217642623102020 7172730153  9  4  7  7  3  6 12 15  80.42 42  0.03
62 7 31764272710172020272313157 12  4  6  7  7 12  9  5  80.42 39  0.03
62 7 41765 12037302333204347253  7 22 15  9 18  7 32 39 191.05 30 90.00
62 7 51765 23040403023233323243 15 27 27 15  9  9 18  9 160.94 28 88.00
62 7 61765 33330273720172320207 18 15 12 22  7  6  9  7 120.73 26 86.00
62 7 71765 410 7 72317233033150  4  3  3  9  6  9 15 18  80.52 21 88.00
62 7 81765 52030302320202330197  7 15 15  9  7  7  9 15 100.63 18 83.00
62 7 91765 623202013 7 71317120  9  7  7  5  3  3  5  6  60.31 11 80.00
62 7101765 7201013 330332020150  7  4  5  2 15 18  7  7  80.42 13 81.00
62 7111765 82017272027232723183  7  6 12  7 12  9 12  9  90.52 19 83.00
62 7121765 91030232020201313150  4 15  9  7  7  7  5  5  70.42 17 82.00
62 7131765103013171327273030187 15  5  6  5 12 12 15 15 110.63 29 86.00
62 7141765113027271717231020170 15 12 12  6  6  9  4  7  90.52 34 86.00
62 7151765123010 7 7 7132020113 15  4  3  3  3  5  7  7  60.31 22 85.00
62 7161765132013 3 310 3 3 0 57  7  5  2  2  4  2  2  0  30.10 28 84.00
62 717176514 3 3 3 3 7 3 310 37  2  2  2  2  3  2  2  4  20.00 34 84.00
62 71817651513 7 7 713 72010 83  5  3  3  3  5  3  7  4  40.10 29 82.00
62 7191765161323203023133327183  5  9  7 15  9  5 18 12 100.63 14 80.00
62 7201765173340402723272720237 18 27 27 12  9 12 12  7 160.94 14 80.00
62 7211765183027172720303330213 15 12  6 12  7 15 18 15 120.73 29 79.00
62 72217651930202317 7131320143 15  7  9  6  3  5  5  7  70.42 29 80.00
62 7231765201023302013103317157  4  9 15  7  5  4 18  6  80.52 17 78.00
62 724176521231010 720434740200  9  4  4  3  7 32 39 27 160.94 14 78.00
62 7251765224743332317 71023203 39 32 18  9  6  3  4  9 150.84 12 74.00
62 7261765232763575750334343373 12 94 67 67 48 18 32 32 461.57 10 76.00
62 7271765245037332740532740307 48 22 18 12 27 56 12 27 281.26 11 74.00
62 7281765253737402730372327257 22 22 27 12 15 22  9 12 181.05 15 74.00
62 7291765263717301713271317170 22  6 15  6  5 12  5  6 100.52  9 73.00
62 730176527202720 3 7 7 713103  7 12  7  2  3  3  3  5  50.21  8 72.00
62 7311766 1 7 71313 7204343153  3  3  5  5  3  7 32 32 110.63  0 73.00
62 8 11766 25053476037303040347 48 56 39 80 22 15 15 27 381.46  0 71.00
62 8 21766 33330102323232320187 18 15  4  9  9  9  9  7 100.63  7 73.00
62 8 31766 42027271727272727197  7 12 12  6 12 12 12 12 110.63  7 72.00
62 8 41766 51020231717172313140  4  7  9  6  6  6  9  5  60.31 10 73.00
62 8 51766 620202730201713 7153  7  7 12 15  7  6  5  3  80.42 14 70.00
62 8 61766 73033403037332733263 15 18 27 15 22 18 12 18 181.05 11 72.00
62 8 71766 84030232330374743273 27 15  9  9 15 22 39 32 211.15  9 71.00
62 8 81766 95040504340402743333 48 27 48 32 27 27 12 32 321.36  8 72.00
62 8 91766104733403330232730263 39 18 27 18 15  9 12 15 191.05  7 73.00
62 8101766113027332323271010183 15 12 18  9  9 12  4  4 100.63  0 76.00
62 81117661210 7 3 3 7 3 7 0 40  4  3  2  2  3  2  3  0  20.00  0 74.00
62 812176613 310 71717 3 310 70  2  4  3  6  6  2  2  4  40.10 15 76.00
62 813176614 7 71013 7 31033 90  3  3  4  5  3  2  4 18  50.21 24 79.00
62 8141766152323101723103033170  9  9  4  6  9  4 15 18  90.52 40 83.00
62 8151766162747503320272740270 12 39 48 18  7 12 12 27 221.15 50 92.00
62 8161766175033401013173747247 48 18 27  4  5  6 22 39 211.15 50 90.00
62 8171766184333303033373750293 32 18 15 15 18 22 22 48 241.15 54 89.00
62 8181766193343472733372333277 18 32 39 12 18 22  9 18 211.15 46 85.00
62 8191766204343333327232023247 32 32 18 18 12  9  7  9 170.94 46 83.00
62 82017662117 710131710 717 97  6  3  4  5  6  4  3  6  50.21 39 84.00
62 82117662220 7 71010171337120  7  3  3  4  4  6  5 22  70.31 37 82.00
62 8221766235340532327274747317 56 27 56  9 12 12 39 39 311.36 32 80.00
62 8231766243733303333333027257 22 18 15 18 18 18 15 12 170.94 29 79.00
62 8241766253330433343332337277 18 15 32 18 32 18  9 22 201.05 36 79.00
62 8251766264027302320272033220 27 12 15  9  7 12  7 18 130.84 16 77.00
62 8261766272723232723101010153 12  9  9 12  9  4  4  4  80.42  7 75.00
62 8271767 1232023 3 3 710 7 97  9  7  9  2  2  3  4  3  50.21  7 73.00
62 8281767 21320 7171713 3 3 93  5  7  3  6  6  5  2  2  40.21 14 72.00
62 8291767 31030333727273333230  4 15 18 22 12 12 18 18 150.84 15 72.00
62 8301767 42330271737273720217  9 15 12  6 22 12 22  7 130.84 25 72.00
62 8311767 54747533733132720277 39 39 56 22 18  5 12  7 251.26 22 75.00
62 9 11767 63323474040504740320 18  9 39 27 27 48 39 27 291.36 48 84.00
62 9 21767 73047474757404333343 15 39 39 39 67 27 32 18 341.46 57 93.00
62 9 31767 84053375340405763383 27 56 22 56 27 27 67 94 471.57 80 98.00
62 9 41767 94757434740503730350 39 67 32 39 27 48 22 15 361.46 87 99.00
62 9 51767101033403330372730240  4 18 27 18 15 22 12 15 160.94 88 98.00
62 9 61767113740504027203033277 22 27 48 27 12  7 15 18 221.15 80100.00
62 9 71767123737403027132013217 22 22 27 15 12  5  7  5 140.84 66100.00
62 9 81767133340403017201017207 18 27 27 15  6  7  4  6 140.84 58 97.00
62 9 91767142730 72023203033190 12 15  3  7  9  7 15 18 110.63 53 94.00
62 9101767153040273017 7 710167 15 27 12 15  6  3  3  4 110.63 44 91.00
62 91117671623132337 7 71727153  9  5  9 22  3  3  6 12  90.52 50 90.00
62 9121767172730735037476757387 12 15154 48 22 39111 67 581.77 60 93.00
62 9131767184033372730435020280 27 18 22 12 15 32 48  7 231.15 58 92.00
62 9141767193030401710172023187 15 15 27  6  4  6  7  9 110.63 53 95.00
62 91517672030374027 7233330227 15 22 27 12  3  9 18 15 150.94 60 93.00
62 9161767212327 72020173033177  9 12  3  7  7  6 15 18 100.52 42 91.00
62 9171767222027231320131720153  7 12  9  5  7  5  6  7  70.42 33 78.00
62 91817672317 7101010101327103  6  3  4  4  4  4  5 12  50.21 35 86.00
62 9191767243043574033436047353 15 32 67 27 18 32 80 39 391.46 24 84.00
62 9201767254733233723 710 7187 39 18  9 22  9  3  4  3 130.84 24 84.00
62 9211767262027271730372727210  7 12 12  6 15 22 12 12 120.73 31 83.00
62 9221767274037304037373723280 27 22 15 27 22 22 22  9 211.15 32 81.00
62 9231768 13343303313101323200 18 32 15 18  5  4  5  9 130.84 38 82.00
62 9241768 2233010 3 7 32017113  9 15  4  2  3  2  7  6  60.31 53 82.00
62 9251768 3 3 7 71717232330127  2  3  3  6  6  9  9 15  70.31 54 84.00
62 9261768 45357332033534023313 56 67 18  7 18 56 27  9 321.36 55 84.00
62 9271768 53023202327201017170 15  9  7  9 12  7  4  6  90.52 51 84.00
62 9281768 62713 71023271733157 12  5  3  4  9 12  6 18  90.52 44 83.00
62 9291768 72033303323233353250  7 18 15 18  9  9 18 56 191.05 36 86.00
62 9301768 84043302727201713217 27 32 15 12 12  7  6  5 140.84 46 90.00
6210 11768 93343505053475747380 18 32 48 48 56 39 67 39 431.57 51 86.00
6210 21768104337473737432713283 32 22 39 22 22 32 12  5 231.15 39 86.00
6210 31768111727372333171727197  6 12 22  9 18  6  6 12 110.73 22 83.00
6210 417681223333020 7232027183  9 18 15  7  3  9  7 12 100.63 18 82.00
6210 51768131017131013274733170  4  6  5  4  5 12 39 18 120.73 13 86.00
6210 6176814473743103327 323223 39 22 32  4 18 12  2  9 170.94 25 84.00
6210 717681523331320 7133343187  9 18  5  7  3  5 18 32 120.73 37 85.00
6210 81768166337334333474040337 94 22 18 32 18 39 27 27 351.46 40 87.00
6210 91768175743473743403037333 67 32 39 22 32 27 15 22 321.36 42 86.00
6210101768183733273347374327283 22 18 12 18 39 22 32 12 221.15 51 93.00
6210111768193750433337303733300 22 48 32 18 22 15 22 18 251.26 62 93.00
621012176820302323371713 7 7157 15  9  9 22  6  5  3  3  90.52 64 93.00
621013176821 713133337272330183  3  5  5 18 22 12  9 15 110.63 72 95.00
6210141768224043474740304737330 27 32 39 39 27 15 39 22 301.36 67 95.00
621015176823273323271727 720180 12 18  9 12  6 12  3  7 100.63 61 94.00
6210161768242720205740203730250 12  7  7 67 27  7 22 15 201.05 51 91.00
62101717682533232720 7 01013133 18  9 12  7  3  0  4  5  70.42 43 91.00
6210181768264747171317333013217 39 39  6  5  6 18 15  5 170.94 33 89.00
621019176827 3 0505047503737273  2  0 48 48 39 48 22 22 291.36 29 87.00
6210201769 12020171027273037187  7  7  6  4 12 12 15 22 110.63 28 88.00
6210211769 23733232320373020223 22 18  9  9  7 22 15  7 140.84 32 87.00
6210221769 32337304043333347287  9 22 15 27 32 18 18 39 221.15 41 85.00
6210231769 45040303733373033290 48 27 15 22 18 22 15 18 231.15 43 84.00
6210241769 53037273040504747307 15 22 12 15 27 48 39 39 271.26 41 89.00
6210251769 63743434043474750350 22 32 32 27 32 39 39 48 341.36 43 87.00
6210261769 73737474343435340343 22 22 39 32 32 32 56 27 331.36 48 87.00
6210271769 83740503050472733313 22 27 48 15 48 39 12 18 291.36 40 86.00
6210281769 93343333030273330260 18 32 18 15 15 12 18 15 181.05 31 82.00
6210291769103027272723272333217 15 12 12 12  9 12  9 18 120.73 15 80.00
6210301769113030303323303323233 15 15 15 18  9 15 18  9 140.84 20 82.00
6210311769122023232720172327180  7  9  9 12  7  6  9 12  90.52 23 81.00
6211 11769132320132313132730163  9  7  5  9  5  5 12 15  80.52 22 80.00
6211 21769143027102033273343223 15 12  4  7 18 12 18 32 150.84 19 80.00
6211 31769153720233023273337230 22  7  9 15  9 12 18 22 140.84 17 80.00
6211 41769163027302730373050260 15 12 15 12 15 22 15 48 191.05 16 82.00
6211 51769171713332010 3 710113  6  5 18  7  4  2  3  4  60.31  7 82.00
6211 61769183043302027374750283 15 32 15  7 12 22 39 48 241.15 12 83.00
6211 71769194337 73733 71327203 32 22  3 22 18  3  5 12 150.84 16 84.00
6211 81769202317172023272017163  9  6  6  7  9 12  7  6  80.42 18 85.00
6211 91769211710 7 0 3 71030 83  6  4  3  0  2  3  4 15  50.21 16 86.00
621110176922201710 0 3 71317 87  7  6  4  0  2  3  5  6  40.10 18  0.03
6211111769231327332727302020197  5 12 18 12 12 15  7  7 110.63 25 87.00
6211121769242310 7 3 0 31013 70  9  4  3  2  0  2  4  5  40.10 33 88.00
62111317692513 0 3 3 310 7 7 47  5  0  2  2  2  4  3  3  30.00 47 93.00
62111417692610 3 0 3 3174320100  4  2  0  2  2  6 32  7  70.31 57 99.00
6211151769271030374057274343287  4 15 22 27 67 12 32 32 261.26 60 95.00
6211161770 15740373737403327307 67 27 22 22 22 27 18 12 271.26 82 99.00
6211171770 2303013132323 3 0137 15 15  5  5  9  9  2  0  80.42 67 94.00
6211181770 3 0 0 0 0 0 31013 27  0  0  0  0  0  2  4  5  10.00 58 88.00
6211191770 4 0 0 0 7 3 73023 70  0  0  0  3  2  3 15  9  40.10 47 89.00
6211201770 5 31023 7 710 310 73  2  4  9  3  3  4  2  4  40.10 28 86.00
6211211770 62323473033373337263  9  9 39 15 18 22 18 22 191.05 23 81.00
6211221770 74347504740434050360 32 39 48 39 27 32 27 48 361.46  8 79.00
6211231770 84333334033302733273 32 18 18 27 18 15 12 18 201.05  0 77.00
6211241770 92727374030273027243 12 12 22 27 15 12 15 12 160.94 13 80.00
6211251770103037374333332030263 15 22 22 32 18 18  7 15 191.05 24 77.00
62112617701130171313201713 7130 15  6  5  5  7  6  5  3  60.31 23 77.00
6211271770122020231313332723173  7  7  9  5  5 18 12  9  90.52 16 75.00
62112817701327232323171710 7147 12  9  9  9  6  6  4  3  70.42 14 74.00
62112917701413 0202723173720157  5  0  7 12  9  6 22  7  80.52  8 75.00
6211301770155053474740202037313 48 56 39 39 27  7  7 22 311.36 14 77.00
6212 11770163020 720102027 3137 15  7  3  7  4  7 12  2  70.42 27 77.00
6212 2177017 0 7 710 7131310 67  0  3  3  4  3  5  5  4  30.10 29 81.00
6212 3177018 017 3 3 71027 0 67  0  6  2  2  3  4 12  0  40.10 37 83.00
6212 4177019 033334040403020237  0 18 18 27 27 27 15  7 170.94 44 82.00
6212 5177020371313172317 7 7133 22  5  5  6  9  6  3  3  70.42 46 82.00
6212 6177021171013 3 3 310 3 63  6  4  5  2  2  2  4  2  30.10 49 83.00
6212 7177022 710 7 7 7 71313 70  3  4  3  3  3  3  5  5  40.10 48 86.00
6212 817702313 3232720171023137  5  2  9 12  7  6  4  9  70.31 29 84.00
6212 917702423372013 3 3 313117  9 22  7  5  2  2  2  5  70.31 25 83.00
621210177025131713 3 7131737120  5  6  5  2  3  5  6 22  70.31 13 84.00
6212111770263040302737335343293 15 27 15 12 22 18 56 32 251.26 13 78.00
6212121770273030 713 3203337173 15 15  3  5  2  7 18 22 110.63 16 76.00
6212131771 14033232333232737240 27 18  9  9 18  9 12 22 160.94 19 77.00
6212141771 22733203030272727220 12 18  7 15 15 12 12 12 130.73 24 76.00
6212151771 330373717 7 71723173 15 22 22  6  3  3  6  9 110.63 12 76.00
6212161771 410 7131317131310 97  4  3  5  5  6  5  5  4  50.21  0 76.00
6212171771 52717272723605067297 12  6 12 12  9 80 48111 361.46 14 78.00
6212181771 66350303347475050370 94 48 15 18 39 39 48 48 441.57 26 83.00
6212191771 75347534740475043380 56 39 56 39 27 39 48 32 421.57 34 84.00
6212201771 83750404040474750350 22 48 27 27 27 39 39 48 351.46 45 86.00
6212211771 94037373037374333293 27 22 22 15 22 22 32 18 221.15 34 85.00
6212221771102727232720272327200 12 12  9 12  7 12  9 12 110.63 28 82.00
62122317711120201010 3 3 0 3 70  7  7  4  4  2  2  0  2  40.10 23 79.00
621224177112 7 0171020131713 97  3  0  6  4  7  5  6  5  40.21 32 79.00
6212251771132010 013 7 7 713 77  7  4  0  5  3  3  3  5  40.10 24  0.03
6212261771141713233347372737233  6  5  9 18 39 22 12 22 170.94 14  0.03
6212271771152010131017131727127  7  4  5  4  6  5  6 12  60.31  0  0.03
621228177116 7 3 0 720202020 97  3  2  0  3  7  7  7  7  40.21  7 74.00
621229177117102010101720 710103  4  7  4  4  6  7  3  4  50.21  0  0.03
62123017711810 0 310 7 31027 70  4  0  2  4  3  2  4 12  40.10  0  0.03
62123117711923 7134037332010183  9  3  5 27 22 18  7  4 120.73  7  0.03
