63 1 1177120 720171010171010100  3  7  6  4  4  6  4  4  50.21 23  0.03
63 1 2177121 0 0 0 0 310 3 3 20  0  0  0  0  2  4  2  2  10.00 29  0.03
63 1 3177122 010 3 7 3 3 3 3 33  0  4  2  3  2  2  2  2  20.00 34 77.00
63 1 41771232010 3 727332710137  7  4  2  3 12 18 12  4  80.42 35 79.00
63 1 5177124 0 7201313 3 010 67  0  3  7  5  5  2  0  4  30.10 23 77.00
63 1 6177125 0 0 0 0 0 3 0 0  3  0  0  0  0  0  2  0  0  00.00  8 77.00
63 1 7177126202313 7103317 3127  7  9  5  3  4 18  6  2  70.31  7 77.00
63 1 8177127 0 01010 3 01013 47  0  0  4  4  2  0  4  5  20.00  8 76.00
63 1 91772 1 0 0 0 0 3 0 0 3  7  0  0  0  0  2  0  0  2  00.00  7 78.00
63 1101772 2101010 310 3 7 0 53  4  4  4  2  4  2  3  0  30.10  8 80.00
63 1111772 3 0 0 7 723203717110  0  0  3  3  9  7 22  6  60.31  8 81.00
63 1121772 4 317 7 7 3 71730 90  2  6  3  3  2  3  6 15  50.21  8 78.00
63 1131772 54753404733372737320 39 56 27 39 18 22 12 22 291.36  9 79.00
63 1141772 63337405040475033330 18 22 27 48 27 39 48 18 311.36 33 86.00
63 1151772 73750534033233023290 22 48 56 27 18  9 15  9 261.26 44 85.00
63 1161772 84020373043434340297 27  7 22 15 32 32 32 27 241.26 40 82.00
63 1171772 93040472323403027260 15 27 39  9  9 27 15 12 191.05 40 82.00
63 1181772102727232723272747227 12 12  9 12  9 12 12 39 150.84 21 80.00
63 1191772113327373740402333270 18 12 22 22 27 27  9 18 191.05 20 78.00
63 12017721223 7272320 71010127  9  3 12  9  7  3  4  4  60.31 16 78.00
63 121177213 310 717 7 3 3 7 57  2  4  3  6  3  2  2  3  30.10 16 76.00
63 12217721413101710 7102013100  5  4  6  4  3  4  7  5  50.21  7 75.00
63 1231772152727271323131723170 12 12 12  5  9  5  6  9  90.52 17 74.00
63 1241772161317172310202743170  5  6  6  9  4  7 12 32 100.63 15 73.00
63 1251772172727131013202310143 12 12  5  4  5  7  9  4  70.42 17 74.00
63 126177218 3 71010 0 0 7 3 40  2  3  4  4  0  0  3  2  20.00  7 73.00
63 127177219 0 0 010 3 0 3 0 17  0  0  0  4  2  0  2  0  10.00 14 81.00
63 128177220 3 7 3 3 3 0 0 7 27  2  3  2  2  2  0  0  3  20.00 34 80.00
63 129177221 0 0 0 7 7102333 80  0  0  0  3  3  4  9 18  50.21 25 79.00
63 1301772223340404343334350327 18 27 27 32 32 18 32 48 291.36 23 78.00
63 1311772235357534753474017367 56 67 56 39 56 39 27  6 431.57 18 82.00
63 2 117722410 3273037272740200  4  2 12 15 22 12 12 27 130.84 30 87.00
63 2 2177225 3 7 3 7 3 313 0 40  2  3  2  3  2  2  5  0  20.00 25 86.00
63 2 3177226 310 3 3101310 3 57  2  4  2  2  4  5  4  2  30.10 44 85.00
63 2 4177227 0 0 0 0 3132717 60  0  0  0  0  2  5 12  6  30.10 53 88.00
63 2 51773 1 0 310101713 7 7 67  0  2  4  4  6  5  3  3  30.10 47 87.00
63 2 61773 21313 7 7 710 7 3 67  5  5  3  3  3  4  3  2  40.10 50 85.00
63 2 71773 3 0 71013 3 01317 63  0  3  4  5  2  0  5  6  30.10 48 83.00
63 2 81773 4 0 3 0 3 0 0 0 3 10  0  2  0  2  0  0  0  2  10.00 40 82.00
63 2 91773 5 0 0 0 3 7102350 93  0  0  0  2  3  4  9 48  80.42 32 79.00
63 2101773 65750574350334350383 67 48 67 32 48 18 32 48 451.57 21 79.00
63 2111773 73340333033374037283 18 27 18 15 18 22 27 22 211.15 18 76.00
63 2121773 84343473020233033270 32 32 39 15  7  9 15 18 211.15 16 74.00
63 2131773 93737433337475030313 22 22 32 18 22 39 48 15 271.26  9 74.00
63 2141773103333533027272720250 18 18 56 15 12 12 12  7 191.05 16 75.00
63 21517731123132023301720 7153  9  5  7  9 15  6  7  3  80.42 17 76.00
63 21617731210 0 7131330 3 3 80  4  0  3  5  5 15  2  2  40.21 16 77.00
63 217177313 0131017 710 7 7 70  0  5  4  6  3  4  3  3  40.10 18 79.00
63 218177314 3 0 7 71013 7 3 50  2  0  3  3  4  5  3  2  30.00 16 81.00
63 219177315 0 0 0 7 7 3 310 30  0  0  0  3  3  2  2  4  20.00 20 79.00
63 2201773161313232320172737173  5  5  9  9  7  6 12 22  90.52 20 77.00
63 22117731717 3101310271723120  6  2  4  5  4 12  6  9  60.31 20 74.00
63 222177318 320232010172320137  2  7  9  7  4  6  9  7  60.31 20 76.00
63 223177319 0 32323202713 3113  0  2  9  9  7 12  5  2  60.31 22 75.00
63 224177320 0 0 3 7 3 3 313 33  0  0  2  3  2  2  2  5  20.00 20 76.00
63 2251773212313 7 71010 7 3 80  9  5  3  3  4  4  3  2  40.10 16 78.00
63 226177322 31317172317 313107  2  5  6  6  9  6  2  5  50.21 11 77.00
63 22717732313 0 0 3 0 0 710 33  5  0  0  2  0  0  3  4  20.00 17 75.00
63 2281773241020131730 7 327127  4  7  5  6 15  3  2 12  70.31  0 74.00
63 3 11773252340402320372327233  9 27 27  9  7 22  9 12 150.94  0 74.00
63 3 217732620201723201313 7133  7  7  6  9  7  5  5  3  60.31  0 75.00
63 3 3177327 717332023131323150  3  6 18  7  9  5  5  9  80.42  8 78.00
63 3 41774 110 71010 7 710 7 67  4  3  4  4  3  3  4  3  40.10 14 80.00
63 3 51774 2 01010 710 01313 63  0  4  4  3  4  0  5  5  30.10 22 82.00
63 3 61774 31020 7 3 7202017103  4  7  3  2  3  7  7  6  50.21 32 85.00
63 3 71774 4 720 3 0 0 32350107  3  7  2  0  0  2  9 48  90.52 35 84.00
63 3 81774 54033475343404333333 27 18 39 56 32 27 32 18 311.36 29 83.00
63 3 91774 63043333030272343260 15 32 18 15 15 12  9 32 181.05 32 82.00
63 3101774 73340434050636047377 18 27 32 27 48 94 80 39 461.57 34 80.00
63 3111774 84737232727334330267 39 22  9 12 12 18 32 15 201.05 23 78.00
63 3121774 937332327272323 7200 22 18  9 12 12  9  9  3 120.73 18 77.00
63 313177410 0 3171737332013140  0  2  6  6 22 18  7  5  80.42 17 74.00
63 31417741117 0 0 3 3 0 310 37  6  0  0  2  2  0  2  4  20.00 24 80.00
63 3151774121317 3 3 0 3 7 0 47  5  6  2  2  0  2  3  0  20.00 15 80.00
63 316177413 0 0 7 3 0 3 3 7 23  0  0  3  2  0  2  2  3  20.00  8 79.00
63 317177414 3 0 0 3 7132023 70  2  0  0  2  3  5  7  9  40.10 13 79.00
63 318177415 717171320201017120  3  6  6  5  7  7  4  6  60.21 19 80.00
63 3191774161730171010171727143  6 15  6  4  4  6  6 12  70.42 12 77.00
63 3201774171010 7 7 3 31727 83  4  4  3  3  2  2  6 12  40.21 13 77.00
63 321177418131720 3 3 3 3 0 63  5  6  7  2  2  2  2  0  30.10 13 76.00
63 322177419 0 0 0 7 710 7 7 37  0  0  0  3  3  4  3  3  20.00 16 76.00
63 3231774201717174037271313180  6  6  6 27 22 12  5  5 110.63 17 75.00
63 32417742110 3 01717171320 97  4  2  0  6  6  6  5  7  40.21 19 75.00
63 32517742217 3 3 7 31010 7 60  6  2  2  3  2  4  4  3  30.10 10 75.00
63 326177423 0 0 0 3 7 717 3 37  0  0  0  2  3  3  6  2  20.00 16 73.00
63 327177424 0 0 3 3 0 3 7 0 17  0  0  2  2  0  2  3  0  10.00 15 74.00
63 328177425 0 3131710 71717 83  0  2  5  6  4  3  6  6  40.10  7 73.00
63 3291774262020101720 7 710110  7  7  4  6  7  3  3  4  50.21 12 75.00
63 330177427 7 3 713 3 010 7 50  3  2  3  5  2  0  4  3  30.00 17 74.00
63 3311775 1 0 7101010 3 723 70  0  3  4  4  4  2  3  9  40.10 19 71.00
63 4 11775 2334737202013 3 0173 18 39 22  7  7  5  2  0 120.73 15 73.00
63 4 21775 310 7 0 3 7172017 80  4  3  0  2  3  6  7  6  40.10 25 74.00
63 4 31775 427131310 3 7 7 3 83 12  5  5  4  2  3  3  2  40.21 28 74.00
63 4 41775 5 717233337404343243  3  6  9 18 22 27 32 32 191.05 17 70.00
63 4 51775 65357403337404030330 56 67 27 18 22 27 27 15 321.36 23 72.00
63 4 61775 72730473733273033263 12 15 39 22 18 12 15 18 191.05 50 78.00
63 4 71775 82727373730301030227 12 12 22 22 15 15  4 15 150.84 50 80.00
63 4 81775 93013 72320172013143 15  5  3  9  7  6  7  5  70.42 63 81.00
63 4 9177510 733201317202010140  3 18  7  5  6  7  7  4  70.42 55 82.00
63 410177511 0 0 3 310 710 3 37  0  0  2  2  4  3  4  2  20.00 59 82.00
63 411177512 3 0 720 3 31010 57  2  0  3  7  2  2  4  4  30.10 48 88.00
63 4121775132710202727202320173 12  4  7 12 12  7  9  7  90.52 63 93.00
63 4131775141717102730232730180  6  6  4 12 15  9 12 15 100.63 56 89.00
63 4141775153720102333403043237 22  7  4  9 18 27 15 32 170.94 45 87.00
63 4151775164733402727101713213 39 18 27 12 12  4  6  5 150.94 50 88.00
63 41617751727201010 7132013120 12  7  4  4  3  5  7  5  60.31 50 88.00
63 4171775183320101013171310127 18  7  4  4  5  6  5  4  70.31 41 87.00
63 41817751910 7101733374043197  4  3  4  6 18 22 27 32 140.84 34 88.00
63 4191775203033231317332017187 15 18  9  5  6 18  7  6 100.63 28 84.00
63 42017752133172013202010 3137 18  6  7  5  7  7  4  2  70.42 19 78.00
63 421177522 0 7 01717101013 73  0  3  0  6  6  4  4  5  40.10 10 74.00
63 42217752333 7 31010133740153 18  3  2  4  4  5 22 27 110.63  0 72.00
63 423177524234037131310 7 0143  9 27 22  5  5  4  3  0  90.52  0 71.00
63 424177525 0 0 3 710 710 7 43  0  0  2  3  4  3  4  3  20.00  0 73.00
63 425177526131713 0 3 31020 80  5  6  5  0  2  2  4  7  40.10  0 72.00
63 4261775271723 7 3 7101723107  6  9  3  2  3  4  6  9  50.21  0 72.00
63 4271776 117202023272737 7177  6  7  7  9 12 12 22  3 100.52  0 75.00
63 4281776 2 3 0 71310101010 63  2  0  3  5  4  4  4  4  30.10  7 78.00
63 4291776 3 7201010 31010 7 77  3  7  4  4  2  4  4  3  40.10 16 78.00
63 4301776 410 7 71717476343210  4  3  3  6  6 39 94 32 231.15 26 80.00
63 5 11776 56050474733402037333 80 48 39 39 18 27  7 22 351.46 23 82.00
63 5 21776 64037374333432740300 27 22 22 32 18 32 12 27 241.26 22 82.00
63 5 31776 73723272327332737233 22  9 12  9 12 18 12 22 140.84 24 81.00
63 5 41776 83733404327332330267 22 18 27 32 12 18  9 15 191.05 20 82.00
63 5 51776 92733272013271713177 12 18 12  7  5 12  6  5 100.52 26 84.00
63 5 61776102337231313132317163  9 22  9  5  5  5  9  6  90.52 43 87.00
63 5 7177611 7 7132713131720117  3  3  5 12  5  5  6  7  60.31 46 88.00
63 5 81776122723272020172037190 12  9 12  7  7  6  7 22 100.63 55 86.00
63 5 91776132333372723203333230  9 18 22 12  9  7 18 18 140.84 48 88.00
63 5101776142727272723333333230 12 12 12 12  9 18 18 18 140.84 64 87.00
63 5111776154337233037203033253 32 22  9 15 22  7 15 18 181.05 64 84.00
63 5121776162717271023272720177 12  6 12  4  9 12 12  7  90.52 55 87.00
63 5131776173350374037232733280 18 48 22 27 22  9 12 18 221.15 54 89.00
63 5141776183337372717 71720193 18 22 22 12  6  3  6  7 120.73 56 95.00
63 515177619131727 713 71017110  5  6 12  3  5  3  4  6  60.21 65 98.00
63 51617762030 3 3 0 3 3 310 57 15  2  2  0  2  2  2  4  40.10 66100.00
63 517177621 7 7101723232713127  3  3  4  6  9  9 12  5  60.31 76100.00
63 518177622 7 3 3 71720 7 0 63  3  2  2  3  6  7  3  0  30.10 78 98.00
63 519177623 0 310 717171727 97  0  2  4  3  6  6  6 12  50.21 68 99.00
63 520177624403017 7 7 3 3 7113 27 15  6  3  3  2  2  3  80.42 58 91.00
63 521177625 710 3 3101030 7 80  3  4  2  2  4  4 15  3  50.21 49 88.00
63 522177626 3 7 7 71010 3 3 50  2  3  3  3  4  4  2  2  30.10 37 89.00
63 523177627 0 3 71310 7 7 3 50  0  2  3  5  4  3  3  2  30.00 24 93.00
63 5241777 1 0 3 3 3 7 7 3 0 27  0  2  2  2  3  3  2  0  20.00 28 89.00
63 5251777 21713172033202317160  6  5  6  7 18  7  9  6  80.42 18 83.00
63 5261777 33020101010101320123 15  7  4  4  4  4  5  7  60.31  9 76.00
63 5271777 41310 71020232727137  5  4  3  4  7  9 12 12  70.42 18 80.00
63 5281777 53740403720201720230 22 27 27 22  7  7  6  7 160.94 36 79.00
63 5291777 64757371723103010230 39 67 22  6  9  4 15  4 211.15 32 80.00
63 5301777 730374027101320 7183 15 22 27 12  4  5  7  3 120.73 37 83.00
63 5311777 8 013132027173037157  0  5  5  7 12  6 15 22  90.52 35 89.00
63 6 11777 92323203333271327200  9  9  7 18 18 12  5 12 110.63 31 84.00
63 6 21777102030232327302310187  7 15  9  9 12 15  9  4 100.63 26 81.00
63 6 31777111717202023 71717137  6  6  7  7  9  3  6  6  60.31 15 81.00
63 6 4177712101027 713 7 7 7 87  4  4 12  3  5  3  3  3  50.21 13 79.00
63 6 5177713 310 0 3 3 7 3 3 33  2  4  0  2  2  3  2  2  20.00 23 78.00
63 6 6177714 0 7 31013234757160  0  3  2  4  5  9 39 67 160.94  8 77.00
63 6 71777157057473337373340353132 67 39 18 22 22 18 27 431.57 29 84.00
63 6 81777162020203017272743203  7  7  7 15  6 12 12 32 120.73 54 90.00
63 6 91777173327232723171320183 18 12  9 12  9  6  5  7 100.52 68 93.00
63 61017771813 7101717132013110  5  3  4  6  6  5  7  5  50.21 82 99.00
63 6111777192023131010231313127  7  9  5  4  4  9  5  5  60.31 82103.00
63 61217772017201017 31013 7 97  6  7  4  6  2  4  5  3  50.21 87109.00
63 6131777212013101713101317113  7  5  4  6  5  4  5  6  50.21 82107.00
63 61417772227 010201720 313110 12  0  4  7  6  7  2  5  50.21 57100.00
63 6151777231733331313131720160  6 18 18  5  5  5  6  7  90.52 54 96.00
63 616177724 3 0 0 3 0171313 50  2  0  0  2  0  6  5  5  20.00 33 89.00
63 6171777252317232023302323183  9  6  9  7  9 15  9  9  90.52 27 86.00
63 6181777261033273043305040263  4 18 12 15 32 15 48 27 211.15 25 82.00
63 619177727332717 717233327183 18 12  6  3  6  9 18 12 100.63 23 79.00
63 6201778 14030303023202017210 27 15 15 15  9  7  7  6 130.73 19 75.00
63 6211778 223232730 3131310143  9  9 12 15  2  5  5  4  80.42 19 73.00
63 6221778 3171713101010 710 93  6  6  5  4  4  4  3  4  40.21  7 72.00
63 6231778 410 7 713 3101010 70  4  3  3  5  2  4  4  4  40.10 15 72.00
63 6241778 5 313171023271320127  2  5  6  4  9 12  5  7  60.31 24 72.00
63 6251778 63040432723234053280 15 27 32 12  9  9 27 56 231.15 29 74.00
63 6261778 75747503323202327280 67 39 48 18  9  7  9 12 261.26 34 74.00
63 6271778 83740333023 73730237 22 27 18 15  9  3 22 15 160.94 31 72.00
63 6281778 92717333027333013210 12  6 18 15 12 18 15  5 130.73 24 74.00
63 6291778101310231020333323167  5  4  9  4  7 18 18  9  90.52 30 73.00
63 6301778112327272323203723203  9 12 12  9  9  7 22  9 110.63 27 76.00
63 7 1177812272017 7 7 3 3 3 87 12  7  6  3  3  2  2  2  50.21 30 76.00
63 7 2177813 0 71010 7 7 7 7 53  0  3  4  4  3  3  3  3  30.10 22 77.00
63 7 317781413 3 3 7 7 3 7 7 50  5  2  2  3  3  2  3  3  30.10 37 78.00
63 7 4177815 313201730304043197  2  5  7  6 15 15 27 32 140.84 22 78.00
63 7 51778163343402020173737247 18 32 27  7  7  6 22 22 181.05  9 78.00
63 7 61778173057472720232313240 15 67 39 12  7  9  9  5 201.05  9 77.00
63 7 71778182023273033301720200  7  9 12 15 18 15  6  7 110.63  9 77.00
63 7 81778193023371723272337217 15  9 22  6  9 12  9 22 130.73 10 77.00
63 7 91778204037332723202330233 27 22 18 12  9  7  9 15 150.84 17 77.00
63 7101778211727271720232730187  6 12 12  6  7  9 12 15 100.63  9 86.00
63 71117782220232310 7101713123  7  9  9  4  3  4  6  5  60.31 10 75.00
63 712177823171713 7 3 71710 90  6  6  5  3  2  3  6  4  40.21 10 74.00
63 713177824201313 7101313 7 97  7  5  5  3  4  5  5  3  50.21 18 76.00
63 71417782510 710 32317 7 7 83  4  3  4  2  9  6  3  3  40.10 22 77.00
63 7151778261010 7101013 317 80  4  4  3  4  4  5  2  6  40.10 19 76.00
63 716177827302313 317201320140 15  9  5  2  6  7  5  7  70.42 11 76.00
63 7171779 13730373333331323240 22 15 22 18 18 18  5  9 160.94 11 74.00
63 7181779 21713201723302333177  6  5  7  6  9 15  9 18  90.52 13 74.00
63 7191779 3201310 7131320 7103  7  5  4  3  5  5  7  3  50.21 15 74.00
63 7201779 4 710 71010273317120  3  4  3  4  4 12 18  6  70.31 11 77.00
63 7211779 51323334353533720277  5  9 18 32 56 56 22  7 261.26 19 75.00
63 7221779 61323303333332723217  5  9 15 18 18 18 12  9 130.73 19 73.00
63 7231779 72327332743333753277  9 12 18 12 32 18 22 56 221.15 25 72.00
63 7241779 85053374040373333323 48 56 22 27 27 22 18 18 301.36 17 72.00
63 7251779 92040372023232030213  7 27 22  7  9  9  7 15 130.73 25 74.00
63 7261779102730332727203033227 12 15 18 12 12  7 15 18 140.84 16 73.00
63 7271779114040332033272030243 27 27 18  7 18 12  7 15 160.94 23 74.00
63 7281779123020232010 7 3 3117 15  7  9  7  4  3  2  2  60.31  7 73.00
63 729177913 0 3 7 310101327 73  0  2  3  2  4  4  5 12  40.10 24 77.00
63 7301779143043502750274337307 15 32 48 12 48 12 32 22 281.26 55 84.00
63 7311779154033272337272347257 27 18 12  9 22 12  9 39 181.05 65 85.00
63 8 11779163740232730333330253 22 27  9 12 15 18 18 15 170.94 65 87.00
63 8 21779172043402717173027220  7 32 27 12  6  6 15 12 150.84 55 87.00
63 8 31779182727201017132330167 12 12  7  4  6  5  9 15  90.52 53 87.00
63 8 41779192310272337203337210  9  4 12  9 22  7 18 22 130.73 51 88.00
63 8 51779203330233020133030210 18 15  9 15  7  5 15 15 120.73 50 86.00
63 8 61779212330272317232033197  9 15 12  9  6  9  7 18 110.63 53 88.00
63 8 71779223030272723 71017170 15 15 12 12  9  3  4  6 100.52 38 85.00
63 8 8177923272320171710 3 7123 12  9  7  6  6  4  2  3  60.31 23 81.00
63 8 91779241733232317202313170  6 18  9  9  6  7  9  5  90.52 22 80.00
63 8101779251010 717303310 7123  4  4  3  6 15 18  4  3  70.42 20 77.00
63 81117792610 310101010 717 77  4  2  4  4  4  4  3  6  40.10  9 72.00
63 812177927 710101013131710 90  3  4  4  4  5  5  6  4  40.21  0 73.00
63 8131780 1 7 3 0 3 7 31013 47  3  2  0  2  3  2  4  5  30.00  7 74.00
63 8141780 217 3 3 3 310 7 7 53  6  2  2  2  2  4  3  3  30.10 13 71.00
63 8151780 3 0 3 31023272733127  0  2  2  4  9 12 12 18  70.42 11 72.00
63 8161780 41710 71320231317120  6  4  3  5  7  9  5  6  60.31 18 76.00
63 8171780 52013132010134027157  7  5  5  7  4  5 27 12  90.52 29 82.00
63 8181780 62030403763332333280  7 15 27 22 94 18  9 18 261.26 43 80.00
63 8191780 7272017 720375360240 12  7  6  3  7 22 56 80 241.26 36 79.00
63 8201780 87067604050403037393132111 80 27 48 27 15 22 581.77 36 81.00
63 8211780 94737505030332730303 39 22 48 48 15 18 12 15 271.26 50 84.00
63 8221780101713301723131730160  6  5 15  6  9  5  6 15  80.52 68 86.00
63 8231780114043433037171320243 27 32 32 15 22  6  5  7 181.05 64 90.00
63 8241780123720272320131717173 22  7 12  9  7  5  6  6  90.52 50 87.00
63 8251780132323202010102727160  9  9  7  7  4  4 12 12  80.42 37 85.00
63 8261780143327231723232020187 18 12  9  6  9  9  7  7 100.52 29 82.00
63 8271780152013131730404737217  7  5  5  6 15 27 39 22 160.94 16 80.00
63 8281780163727304340375337303 22 12 15 32 27 22 56 22 261.26 21 77.00
63 8291780172723334333203023233 12  9 18 32 18  7 15  9 150.84 16 77.00
63 8301780182020172023302733190  7  7  6  7  9 15 12 18 100.63 23 77.00
63 8311780193730272033472033247 22 15 12  7 18 39  7 18 170.94 24 77.00
63 9 11780203723304333272013227 22  9 15 32 18 12  7  5 150.84 20 74.00
63 9 21780212010 7 310203033133  7  4  3  2  4  7 15 18  80.42 25 73.00
63 9 31780222723172727202320183 12  9  6 12 12  7  9  7  90.52 34 74.00
63 9 417802317131310 7 31723103  6  5  5  4  3  2  6  9  50.21 43 75.00
63 9 517802430 3102023272033167 15  2  4  7  9 12  7 18  90.52 42 74.00
63 9 61780253017172320131333167 15  6  6  9  7  5  5 18  90.52 31 74.00
63 9 7178026101013 3 7101327 93  4  4  5  2  3  4  5 12  50.21  9 78.00
63 9 817802723433030432310 7210  9 32 15 15 32  9  4  3 150.84 14 75.00
63 9 91781 12743273333201713213 12 32 12 18 18  7  6  5 140.84 15 77.00
63 9101781 22020272017201333170  7  7 12  7  6  7  5 18  90.52 23 76.00
63 9111781 33327203327405033263 18 12  7 18 12 27 48 18 201.05 22 72.00
63 9121781 44033402320171717207 27 18 27  9  7  6  6  6 130.84 28 77.00
63 9131781 517 710 3 7102743123  6  3  4  2  3  4 12 32  80.42 40 89.00
63 9141781 64053706763675753470 27 56132111 94111 67 56 821.87 65 98.00
63 9151781 73743404347504353357 22 32 27 32 39 48 32 56 361.46 84 99.00
63 9161781 83347404747404747347 18 39 27 39 39 27 39 39 331.36 85105.00
63 9171781 94743576340405027367 39 32 67 94 27 27 48 12 431.57 81 99.00
63 9181781103320203033431730227 18  7  7 15 18 32  6 15 150.84 73 97.00
63 9191781113740434747373320303 22 27 32 39 39 22 18  7 261.26 72102.00
63 9201781123330232733302027223 18 15  9 12 18 15  7 12 130.84 73109.00
63 9211781132737172053706340327 12 22  6  7 56132 94 27 441.57 77 90.00
63 9221781144383774740477387497 32236179 39 27 391543001261.98 70105.00
63 9231781158780434333333017367300207 32 32 18 18 15  6 781.87 54 99.00
63 924178116 020202020303760207  0  7  7  7  7 15 22 80 181.05 38 95.00
63 9251781177363475040604027400154 94 39 48 27 80 27 12 601.77 25 86.00
63 9261781182353403337473340307  9 56 27 18 22 39 18 27 271.26 13 84.00
63 9271781194033233030306360310 27 18  9 15 15 15 94 80 341.36  0 78.00
63 9281781206057473050505343390 80 67 39 15 48 48 56 32 481.67  9 74.00
63 9291781213330303733274037267 18 15 15 22 18 12 27 22 191.05  0 71.00
63 9301781224027303027131017193 27 12 15 15 12  5  4  6 120.73  0 69.00
6310 1178123101710 7 7 3 7 7 67  4  6  4  3  3  2  3  3  40.10  0 68.00
6310 2178124 0 0 3 31313 710 50  0  0  2  2  5  5  3  4  30.00  7 69.00
6310 317812510131710 71010 7 83  4  5  6  4  3  4  4  3  40.10  9 70.00
6310 4178126172720171317 7 7123  6 12  7  6  5  6  3  3  60.31  8 71.00
6310 51781271317133317103013147  5  6  5 18  6  4 15  5  80.42  0 73.00
6310 61782 11727 3 3 31313 7 87  6 12  2  2  2  5  5  3  50.21 15 77.00
6310 71782 21023132010301747170  4  9  5  7  4 15  6 39 110.63 20 79.00
6310 81782 33743273020401717230 22 32 12 15  7 27  6  6 160.94 32 85.00
6310 91782 410172010 7102027120  4  6  7  4  3  4  7 12  60.31 37 86.00
6310101782 52310232020134017167  9  4  9  7  7  5 27  6  90.52 32 87.00
6310111782 61323374743372743270  5  9 22 39 32 22 12 32 221.15 40 87.00
6310121782 74340403753535740363 32 27 27 22 56 56 67 27 391.46 39 84.00
6310131782 82743372733374050293 12 32 22 12 18 22 27 48 241.26 42 84.00
6310141782 94743474343434027333 39 32 39 32 32 32 27 12 311.36 51 86.00
6310151782103337303030173037243 18 22 15 15 15  6 15 22 160.94 49 88.00
6310161782114033332727373313243 27 18 18 12 12 22 18  5 160.94 52 87.00
63101717821217271710 310 310 97  6 12  6  4  2  4  2  4  50.21 50 84.00
6310181782131323101317131310113  5  9  4  5  6  5  5  4  50.21 40 83.00
631019178214172317 710101013107  6  9  6  3  4  4  4  5  50.21 29 88.00
6310201782152327133037232040213  9 12  5 15 22  9  7 27 130.84 37 89.00
631021178216204023301010 3 3140  7 27  9 15  4  4  2  2  90.52 35 94.00
631022178217 310 3 71010 3 0 47  2  4  2  3  4  4  2  0  30.00 45 96.00
631023178218 0 3 0 310 72023 67  0  2  0  2  4  3  7  9  30.10 50 94.00
6310241782195363637340403743413 56 94 94154 27 27 22 32 631.77 51 94.00
6310251782205333271717132327210 56 18 12  6  6  5  9 12 160.94 53 96.00
6310261782213320172313171013147 18  7  6  9  5  6  4  5  80.42 52 96.00
631027178222101010 710 320 3 73  4  4  4  3  4  2  7  2  40.10 38 88.00
631028178223 3 0 013 3273727110  2  0  0  5  2 12 22 12  70.31 24 84.00
6310291782243327231740707780367 18 12  9  6 27132179207 741.87 54 85.00
6310301782257747403013132010250179 39 27 15  5  5  7  4 351.46 58 85.00
63103117822613132027171313 7123  5  5  7 12  6  5  5  3  60.31 45 82.00
6311 11782271327232020272320173  5 12  9  7  7 12  9  7  80.52 45 87.00
6311 21783 12023272723503330233  7  9 12 12  9 48 18 15 160.94 52 85.00
6311 31783 23340403020 32340230 18 27 27 15  7  2  9 27 160.94 43 83.00
6311 41783 31323171717102313133  5  9  6  6  6  4  9  5  60.31 37 83.00
6311 51783 4 3 7 3 3 3 3 0 3 27  2  3  2  2  2  2  0  2  20.00 29 80.00
6311 61783 51713232033273040203  6  5  9  7 18 12 15 27 120.73 13 78.00
6311 71783 63347375040476047360 18 39 22 48 27 39 80 39 391.46 10 76.00
6311 81783 75357604343474340387 56 67 80 32 32 39 32 27 461.57 11 75.00
6311 91783 84337433343435050343 32 22 32 18 32 32 48 48 331.36  9 76.00
6311101783 95043334033473740323 48 32 18 27 18 39 22 27 291.36  0 75.00
6311111783103737333017233727240 22 22 18 15  6  9 22 12 160.94  8 76.00
6311121783112027373017373323223  7 12 22 15  6 22 18  9 140.84 11 77.00
6311131783121013 71313201013100  4  5  3  5  5  7  4  5  50.21  7 77.00
631114178313133310 7 7 0 313 87  5 18  4  3  3  0  2  5  50.21  7 78.00
631115178314231013 710 3 3 3 73  9  4  5  3  4  2  2  2  40.10  9 81.00
63111617831513 710 0 3 3 310 50  5  3  4  0  2  2  2  4  30.00 16 81.00
631117178316 3 3103343474017197  2  2  4 18 32 39 27  6 160.94 24 80.00
6311181783171010 0 7 7 313 3 53  4  4  0  3  3  2  5  2  30.10 28 82.00
631119178318 0 0 7 3 0 3 317 33  0  0  3  2  0  2  2  6  20.00 25 86.00
6311201783192330 3 310 0 3 0 73  9 15  2  2  4  0  2  0  40.10 28 84.00
631121178320 0 0 3 713 3 7 3 37  0  0  2  3  5  2  3  2  20.00 30 86.00
631122178321 0 0 31310303317107  0  0  2  5  4 15 18  6  60.31 34 86.00
6311231783223023272313 71710150 15  9 12  9  5  3  6  4  80.42 36 84.00
6311241783231030233033374050253  4 15  9 15 18 22 27 48 201.05 35 83.00
63112517832447403327272313 3213 39 27 18 12 12  9  5  2 160.94 32 82.00
631126178325 0 02313 7 0 0 0 43  0  0  9  5  3  0  0  0  20.00 23 82.00
631127178326 0 71713 7 31013 70  0  3  6  5  3  2  4  5  40.10 23 81.00
6311281783271333131013 3 7 0 93  5 18  5  4  5  2  3  0  50.21 21 79.00
6311291784 11320101717271333150  5  7  4  6  6 12  5 18  80.42 27 79.00
6311301784 22717133357273020223 12  6  5 18 67 12 15  7 181.05 28 79.00
6312 11784 313 710 7 7231023100  5  3  4  3  3  9  4  9  50.21 28 79.00
6312 21784 42027231333332730207  7 12  9  5 18 18 12 15 120.73 31 80.00
6312 31784 53743574347404347357 22 32 67 32 39 27 32 39 361.46 30 79.00
6312 41784 63343402737373750303 18 32 27 12 22 22 22 48 251.26 30 77.00
6312 51784 74740303343404740320 39 27 15 18 32 27 39 27 281.26 28 76.00
6312 61784 83740372743403737297 22 27 22 12 32 27 22 22 231.15 25 76.00
6312 71784 93330303037302720237 18 15 15 15 22 15 12  7 150.84 17 77.00
6312 81784102737332733302720233 12 22 18 12 18 15 12  7 140.84 13 77.00
6312 9178411102027302720 3 0137  4  7 12 15 12  7  2  0  70.42 32 78.00
631210178412 0 0 3 0 0 0 0 0  3  0  0  2  0  0  0  0  0  00.00 27 79.00
631211178413 0 7 0 3 7 3 3 3 27  0  3  0  2  3  2  2  2  20.00 26 80.00
63121217841410 3 3 7 3 0 727 60  4  2  2  3  2  0  3 12  40.10 18 82.00
6312131784153033101310 71713133 15 18  4  5  4  3  6  5  80.42 10 81.00
6312141784161013171333373030183  4  5  6  5 18 22 15 15 110.63  8 79.00
6312151784172017232317232010153  7  6  9  9  6  9  7  4  70.42  7 81.00
6312161784182717 71013271317130 12  6  3  4  5 12  5  6  70.31  7 78.00
63121717841923 010 0 3101310 70  9  0  4  0  2  4  5  4  40.10  8 78.00
631218178420 7 0 710 3 0 0 7 33  3  0  3  4  2  0  0  3  20.00 17 79.00
631219178421 0 0 0 0 7171337 73  0  0  0  0  3  6  5 22  40.21 15 78.00
6312201784223333473033274030273 18 18 39 15 18 12 27 15 201.05 17 79.00
6312211784231013271723331740180  4  5 12  6  9 18  6 27 110.63 14 79.00
6312221784241727302337203327213  6 12 15  9 22  7 18 12 130.73 13 77.00
63122317842513133733 3333333200  5  5 22 18  2 18 18 18 130.84  9 76.00
6312241784263317 7 320303027167 18  6  3  2  7 15 15 12 100.52 16 76.00
631225178427 0 01027 7 3 3 0 50  0  0  4 12  3  2  2  0  30.10  8  0.03
6312261785 1 320 710 7 7 717 77  2  7  3  4  3  3  3  6  40.10  7 74.00
6312271785 2131323 317 7 7 3 87  5  5  9  2  6  3  3  2  40.21  0 74.00
6312281785 31717331713203733187  6  6 18  6  5  7 22 18 110.63  0 73.00
6312291785 43020204037373323240 15  7  7 27 22 22 18  9 160.94  0 72.00
6312301785 52313 3 72020 717110  9  5  2  3  7  7  3  6  50.21  0 71.00
6312311785 610 3 7 7 7 3 013 50  4  2  3  3  3  2  0  5  30.00  0 71.00
