69 1 11852252713132723201320157 12  5  5 12  9  7  5  7  80.42 68139.90
69 1 2185226 323 3 71313 3 0 67  2  9  2  3  5  5  2  0  40.10 75142.10
69 1 3185227 0 0 0 310 0 3 3 20  0  0  0  2  4  0  2  2  10.00 72144.10
69 1 41853 1 0 3 0 717 31310 53  0  2  0  3  6  2  5  4  30.00 98154.50
69 1 51853 21017 3 7 7 3 0 7 53  4  6  2  3  3  2  0  3  30.10117162.50
69 1 61853 3 0 0 3 7 3 3 0 3 20  0  0  2  3  2  2  0  2  10.00128178.90
69 1 71853 4 023133033102720157  0  9  5 15 18  4 12  7  90.52146183.00
69 1 81853 527272017 7102327157 12 12  7  6  3  4  9 12  80.42155183.10
69 1 91853 6202013 3 7 7 717 93  7  7  5  2  3  3  3  6  40.21152183.30
69 1101853 7 7 7 7 713 710 0 57  3  3  3  3  5  3  4  0  30.10150169.30
69 1111853 8 0 313 720132020 97  0  2  5  3  7  5  7  7  40.21138168.51
69 1121853 913131320232010 3117  5  5  5  7  9  7  4  2  60.21137163.10
69 113185310 0 0 3 7 7 0 0 7 23  0  0  2  3  3  0  0  3  10.00124157.21
69 1141853112723232313102330173 12  9  9  9  5  4  9 15  90.52119153.30
69 1151853123337202023234017213 18 22  7  7  9  9 27  6 130.84116154.10
69 116185313202320303323 730187  7  9  7 15 18  9  3 15 100.63116152.80
69 1171853144340303033373733283 32 27 15 15 18 22 22 18 211.15100149.10
69 1181853153330334733273037270 18 15 18 39 18 12 15 22 201.05 85144.30
69 1191853163723232323132727197 22  9  9  9  9  5 12 12 110.63 73131.60
69 1201853172733201323202730193 12 18  7  5  9  7 12 15 110.63 76128.00
69 12118531823201720 71023 7127  9  7  6  7  3  4  9  3  60.31 85131.90
69 122185319 7101313 3 7 710 70  3  4  5  5  2  3  3  4  40.10105133.90
69 123185320 3 3 7 717171723 93  2  2  3  3  6  6  6  9  50.21 88124.81
69 124185321 7 3 7 730373737163  3  2  3  3 15 22 22 22 120.73 97130.80
69 1251853224033434047434340330 27 18 32 27 39 32 32 27 291.36103134.10
69 1261853235733133743301733263 67 18  5 22 32 15  6 18 231.15100142.20
69 1271853241723272737302323207  6  9 12 12 22 15  9  9 120.73 85131.50
69 1281853253017 7 7 3 71013 93 15  6  3  3  2  3  4  5  50.21 79129.60
69 129185326 7 0 310 7 3 310 43  3  0  2  4  3  2  2  4  20.00 82129.20
69 130185327271713301013 3 3117 12  6  5 15  4  5  2  2  60.31 80126.10
69 1311854 1 0 3102323301720127  0  2  4  9  9 15  6  7  60.31 87126.40
69 2 11854 2 0 3 7 7 3131710 60  0  2  3  3  2  5  6  4  30.10 92129.80
69 2 21854 3 0 0172020478067250  0  0  6  7  7 39207111 471.57 96139.00
69 2 31854 46047534753406053413 80 39 56 39 56 27 80 56 541.67 98139.10
69 2 41854 52720272030302737217 12  7 12  7 15 15 12 22 130.73 86137.80
69 2 51854 64023172313 71727167 27  9  6  9  5  3  6 12 100.52 94138.90
69 2 61854 74043333310102030220 27 32 18 18  4  4  7 15 160.94101138.50
69 2 71854 817 3173323132330160  6  2  6 18  9  5  9 15  90.52122140.30
69 2 81854 93323171317302013167 18  9  6  5  6 15  7  5  90.52109134.30
69 2 91854101313 7 3 7171010 80  5  5  3  2  3  6  4  4  40.10102133.30
69 2101854111717172020232350187  6  6  6  7  7  9  9 48 120.73 85129.60
69 2111854126033435757606353427 80 18 32 67 67 80 94 56 621.77 74128.90
69 2121854134013 7 7 7172337150 27  5  3  3  3  6  9 22 100.52 64124.60
69 2131854143320172023232330190 18  7  6  7  9  9  9 15 100.63 55126.20
69 2141854152033131317101040157  7 18  5  5  6  4  4 27 100.52 54125.00
69 2151854163343203330303730257 18 32  7 18 15 15 22 15 181.05 70124.80
69 2161854173030332027202010190 15 15 18  7 12  7  7  4 110.63 87128.00
69 217185418101713 3 3 71710 80  4  6  5  2  2  3  6  4  40.10104134.30
69 218185419 0 0 0 0 3 313 3 23  0  0  0  0  2  2  5  2  10.00101139.40
69 219185420 727171730171717147  3 12  6  6 15  6  6  6  80.42126150.00
69 220185421 733172320272017163  3 18  6  9  7 12  7  6  80.52142159.10
69 22118542230203713101010 3133 15  7 22  5  4  4  4  2  80.42169169.20
69 222185423 0 3101017201313 87  0  2  4  4  6  7  5  5  40.10198184.70
69 2231854241323273027131720170  5  9 12 15 12  5  6  7  90.52207201.41
69 224185425171723131720 7 7120  6  6  9  5  6  7  3  3  60.31215205.80
69 2251854263313132710 71310127 18  5  5 12  4  3  5  4  70.42208207.10
69 2261854273030372727202017207 15 15 22 12 12  7  7  6 120.73189194.70
69 2271855 13037372050634330310 15 22 22  7 48 94 32 15 321.36171197.10
69 2281855 22040301727402037230  7 27 15  6 12 27  7 22 150.94155180.50
69 3 11855 3301013 717333027167 15  4  5  3  6 18 15 12 100.52132165.60
69 3 21855 4373710172010 717153 22 22  4  6  7  4  3  6  90.52111152.00
69 3 31855 5 7 7 3 3 7 7 7 3 43  3  3  2  2  3  3  3  2  30.00103147.80
69 3 41855 6 0 0 0 0 3 33340 80  0  0  0  0  2  2 18 27  60.31105143.90
69 3 51855 72317173333171720177  9  6  6 18 18  6  6  7 100.52108135.90
69 3 61855 82720203017433723217 12  7  7 15  6 32 22  9 140.84117139.40
69 3 71855 93737232033374023250 22 22  9  7 18 22 27  9 170.94115138.10
69 3 81855103030173027102030193 15 15  6 15 12  4  7 15 110.63108137.30
69 3 91855112327202320272713180  9 12  7  9  7 12 12  5  90.52113141.80
69 31018551220201720 3 31710110  7  7  6  7  2  2  6  4  50.21107137.80
69 3111855131723232733274350243  6  9  9 12 18 12 32 48 181.05101136.00
69 3121855145760574333373317337 67 80 67 32 18 22 18  6 391.46 85138.50
69 3131855153020171710101733153 15  7  6  6  4  4  6 18  80.42 88134.00
69 3141855162313101017132333143  9  5  4  4  6  5  9 18  80.42 90139.00
69 3151855173730373023373037260 22 15 22 15  9 22 15 22 181.05114161.80
69 3161855181037474323171317207  4 22 39 32  9  6  5  6 150.94158174.90
69 3171855195757373743434340357 67 67 22 22 32 32 32 27 381.46170200.10
69 3181855201040372310231323180  4 27 22  9  4  9  5  9 110.63198210.90
69 3191855211010301717134753197  4  4 15  6  6  5 39 56 170.94192208.50
69 3201855225337332317373040270 56 22 18  9  6 22 15 27 221.15196213.71
69 3211855233327372723102037213 18 12 22 12  9  4  7 22 130.84207230.81
69 3221855242737232027232713197 12 22  9  7 12  9 12  5 110.63195222.50
69 3231855252010172323376780277  7  4  6  9  9 22111207 471.57157205.81
69 3241855268063677053331717400207 94111132 56 18  6  6 791.87146195.40
69 3251855272730504043232337273 12 15 48 27 32  9  9 22 221.15142181.10
69 3261856 13317173023231723183 18  6  6 15  9  9  6  9 100.52149191.21
69 3271856 2232320132010 3 3117  9  9  7  5  7  4  2  2  60.31138177.71
69 3281856 31017171317271310123  4  6  6  5  6 12  5  4  60.31140177.50
69 3291856 41013202040372040200  4  5  7  7 27 22  7 27 130.84142181.91
69 3301856 53730201710303347223 22 15  7  6  4 15 18 39 160.94145182.91
69 3311856 64030172727333323230 27 15  6 12 12 18 18  9 150.84138185.50
69 4 11856 71727173327375750263  6 12  6 18 12 22 67 48 241.26156188.70
69 4 21856 82717132727404337230 12  6  5 12 12 27 32 22 160.94143191.40
69 4 31856 95330201717273730230 56 15  7  6  6 12 22 15 170.94143189.80
69 4 41856102330272027173023197  9 15 12  7 12  6 15  9 110.63122177.30
69 4 51856113020331713232027183 15  7 18  6  5  9  7 12 100.63101175.71
69 4 6185612302323 717233337193 15  9  9  3  6  9 18 22 110.73 78162.60
69 4 71856133747432023304320263 22 39 32  7  9 15 32  7 201.05 82154.20
69 4 81856143323131317131327153 18  9  5  5  6  5  5 12  80.42 77147.60
69 4 91856151327232323274027203  5 12  9  9  9 12 27 12 120.73 90143.80
69 410185616 713231313272310130  3  5  9  5  5 12  9  4  60.31 85148.90
69 41118561720232717271013 3140  7  9 12  6 12  4  5  2  70.42 92150.80
69 412185618 3 7 31013174343140  2  3  2  4  5  6 32 32 110.63 91155.50
69 4131856194327332320404340270 32 12 18  9  7 27 32 27 201.05122172.50
69 4141856205027172023233037227 48 12  6  7  9  9 15 22 160.94149179.40
69 4151856213330373327232317223 18 15 22 18 12  9  9  6 140.84152181.20
69 4161856222333332733304037257  9 18 18 12 18 15 27 22 170.94144167.10
69 4171856234330402737373733283 32 15 27 12 22 22 22 18 211.15155154.71
69 4181856244740332317131727217 39 27 18  9  6  5  6 12 150.94148146.81
69 41918562530 3 7 313 31320 93 15  2  3  2  5  2  5  7  50.21128146.40
69 420185626231317 713102737147  9  5  6  3  5  4 12 22  80.42124149.30
69 42118562737 713 7 3 71320107 22  3  5  3  2  3  5  7  60.31122157.20
69 4221857 12323333330171013183  9  9 18 18 15  6  4  5 100.63 90147.81
69 4231857 21317101317131313110  5  6  4  5  6  5  5  5  50.21 80144.10
69 4241857 33330231010201727170 18 15  9  4  4  7  6 12  90.52 81144.70
69 4251857 43723231717171717167 22  9  9  6  6  6  6  6  90.52 81147.70
69 4261857 51713 7 710202027120  6  5  3  3  4  7  7 12  60.31 78143.70
69 4271857 63327232720203013193 18 12  9 12  7  7 15  5 110.63 78135.00
69 4281857 73757735070432727383 22 67154 48132 32 12 12 601.77 72134.90
69 4291857 82723271017273040200 12  9 12  4  6 12 15 27 120.73 68128.20
69 4301857 94050403743373730313 27 48 27 22 32 22 22 15 271.26 72129.10
69 5 11857102730231313171720160 12 15  9  5  5  6  6  7  80.42 90125.00
69 5 21857111727202747476333280  6 12  7 12 39 39 94 18 281.26 77127.80
69 5 31857121737432730272030230  6 22 32 12 15 12  7 15 150.94 70131.91
69 5 41857132027171320202320160  7 12  6  5  7  7  9  7  80.42 73135.50
69 5 51857143317132030133027183 18  6  5  7 15  5 15 12 100.63 88154.10
69 5 61857152030231313101723150  7 15  9  5  5  4  6  9  80.42 71138.20
69 5 718571627172313 3 3 0 7 93 12  6  9  5  2  2  0  3  50.21 57129.80
69 5 81857171010 7 313231323103  4  4  3  2  5  9  5  9  50.21 87138.50
69 5 91857181023302020172740187  4  9 15  7  7  6 12 27 110.63 81135.40
69 5101857192330332027201317183  9 15 18  7 12  7  5  6 100.63100137.70
69 5111857201010 720131713 7 97  4  4  3  7  5  6  5  3  50.21125150.10
69 512185721 7 3 710 7103040113  3  2  3  4  3  4 15 27  80.42149160.30
69 5131857225043533740504350367 48 32 56 22 27 48 32 48 391.46155154.10
69 5141857235740374030376767373 67 27 22 27 15 22111111 501.67169157.70
69 5151857247367577777707063553154111 67179179132132 941311.98146158.80
69 5161857256357605037172330337 94 67 80 48 22  6  9 15 431.57121159.40
69 5171857263327402313131340203 18 12 27  9  5  5  5 27 140.84124164.10
69 5181857273727303020405030263 22 12 15 15  7 27 48 15 201.05117162.40
69 5191858 12713172733232317180 12  5  6 12 18  9  9  6 100.52120157.60
69 5201858 22723231313132320157 12  9  9  5  5  5  9  7  80.42123159.01
69 5211858 32730273027331730220 12 15 12 15 12 18  6 15 130.84163170.71
69 5221858 41717173733272317187  6  6  6 22 18 12  9  6 110.63178177.40
69 5231858 52020233030232713187  7  7  9 15 15  9 12  5 100.63198172.80
69 5241858 61333231727232327187  5 18  9  6 12  9  9 12 100.63205171.40
69 5251858 73330 3 7 7132017130 18 15  2  3  3  5  7  6  70.42182168.51
69 5261858 8 7171010 310 713 77  3  6  4  4  2  4  3  5  40.10177163.70
69 5271858 9 7 3 01010 71013 60  3  2  0  4  4  3  4  5  30.10145153.50
69 528185810102723232730 320163  4 12  9  9 12 15  2  7  90.52136143.20
69 529185811 7 7 71313131323 97  3  3  3  5  5  5  5  9  50.21 88122.60
69 5301858121713273023371330190  6  5 12 15  9 22  5 15 110.63 54116.70
69 5311858132030272330203033213  7 15 12  9 15  7 15 18 120.73 50111.90
69 6 1185814201710 7231017 7110  7  6  4  3  9  4  6  3  50.21 32113.30
69 6 2185815 720271013101717120  3  7 12  4  5  4  6  6  60.31 47121.20
69 6 318581617 7 7 710171323100  6  3  3  3  4  6  5  9  50.21 74133.40
69 6 4185817201320131713 713117  7  5  7  5  6  5  3  5  50.21 77159.01
69 6 518581820101327101013 7110  7  4  5 12  4  4  5  3  60.21116177.81
69 6 6185819 3 7 3 310131020 70  2  3  2  2  4  5  4  7  40.10157196.41
69 6 71858202313172033231010150  9  5  6  7 18  9  4  4  80.42187222.20
69 6 81858211337302313373730220  5 22 15  9  5 22 22 15 140.84190238.41
69 6 91858222320102033304733217  9  7  4  7 18 15 39 18 150.84185235.80
69 6101858233327272723271313190 18 12 12 12  9 12  5  5 110.63192243.50
69 6111858241717271720102327157  6  6 12  6  7  4  9 12  80.42195246.61
69 6121858253350372320303323250 18 48 22  9  7 15 18  9 181.05187236.70
69 6131858263043271727302733233 15 32 12  6 12 15 12 18 150.94178228.71
69 6141858273037504357432740327 15 22 48 32 67 32 12 27 321.36166223.50
69 6151859 12327202027172317173  9 12  7  7 12  6  9  6  80.52149200.50
69 6161859 22727434037302333260 12 12 32 27 22 15  9 18 181.05134174.70
69 6171859 34343373013303713247 32 32 22 15  5 15 22  5 181.05105157.20
69 6181859 41310 7 3 71713 7 77  5  4  3  2  3  6  5  3  40.10102153.90
69 6191859 5 713232317131020127  3  5  9  9  6  5  4  7  60.31 86147.00
69 6201859 62727373020101313177 12 12 22 15  7  4  5  5 100.63 97144.90
69 6211859 720101317231013 7113  7  4  5  6  9  4  5  3  50.21 84139.70
69 6221859 8 0 7 3 7 3 7 7 3 37  0  3  2  3  2  3  3  2  20.00 56133.11
69 6231859 9 317201313171020113  2  6  7  5  5  6  4  7  50.21 43131.60
69 6241859103030232033232027207 15 15  9  7 18  9  7 12 120.73 43128.90
69 6251859111317231320303030177  5  6  9  5  7 15 15 15 100.52 51120.20
69 6261859122017132323171017140  7  6  5  9  9  6  4  6  60.31 28117.20
69 627185913202010 71713 720113  7  7  4  3  6  5  3  7  50.21 35114.20
69 6281859141310 7 7 3 71010 67  5  4  3  3  2  3  4  4  40.10 49118.30
69 629185915 71010 710101310 77  3  4  4  3  4  4  5  4  40.10 63123.80
69 630185916101010 710132017 97  4  4  4  3  4  5  7  6  50.21 71136.81
69 7 11859172323502033234027240  9  9 48  7 18  9 27 12 170.94125149.20
69 7 2185918302713 7 7 3 310100 15 12  5  3  3  2  2  4  60.31134162.10
69 7 3185919 7 7 310 710 713 63  3  3  2  4  3  4  3  5  30.10167167.51
69 7 4185920 7 3 3 7 7 3 310 43  3  2  2  3  3  2  2  4  30.00160169.20
69 7 5185921 3 7 3 7 3 3 010 37  2  3  2  3  2  2  0  4  20.00145166.60
69 7 6185922 7 3 7 717171020 87  3  2  3  3  6  6  4  7  40.10130165.20
69 7 71859231017 71317231317117  4  6  3  5  6  9  5  6  60.21123166.70
69 7 8185924101010 710132020100  4  4  4  3  4  5  7  7  50.21122165.20
69 7 91859252720201017171317140 12  7  7  4  6  6  5  6  70.31122165.80
69 7101859261723 71727131023137  6  9  3  6 12  5  4  9  70.31120164.40
69 71118592720 710 710132717110  7  3  4  3  4  5 12  6  60.21120158.10
69 7121860 13023301317132740193 15  9 15  5  6  5 12 27 120.73112151.40
69 7131860 22733303320203723223 12 18 15 18  7  7 22  9 140.84 98145.10
69 7141860 32347231733202020203  9 39  9  6 18  7  7  7 130.73 79134.30
69 7151860 41313171313 71020107  5  5  6  5  5  3  4  7  50.21 77126.50
69 7161860 51330173017303017183  5 15  6 15  6 15 15  6 100.63 75126.10
69 7171860 6131310 7101010 7 80  5  5  4  3  4  4  4  3  40.10 78124.20
69 7181860 7 0 3101320 7 7 3 63  0  2  4  5  7  3  3  2  30.10 73119.90
69 7191860 8 3 713 3 3 3 3 3 40  2  3  5  2  2  2  2  2  20.00 66118.10
69 7201860 9 7 7 7131010 7 3 63  3  3  3  5  4  4  3  2  30.10 61115.40
69 72118601013 3 7 310171720 90  5  2  3  2  4  6  6  7  40.21 62115.70
69 7221860111717231017231727150  6  6  9  4  6  9  6 12  70.42 60115.10
69 72318601210 7 313 3202720103  4  3  2  5  2  7 12  7  50.21 55116.50
69 72418601313 713 310101010 77  5  3  5  2  4  4  4  4  40.10 55115.70
69 725186014 71710 7 7 71013 77  3  6  4  3  3  3  4  5  40.10 53117.80
69 7261860151720 73357301747227  6  7  3 18 67 15  6 39 201.05 53119.20
69 7271860167063602330133713310132 94 80  9 15  5 22  5 451.57 57126.30
69 728186017131020 7 3 7 713 80  5  4  7  3  2  3  3  5  40.10 79135.10
69 729186018 7 3 3 3 3 310 3 37  3  2  2  2  2  2  4  2  20.00 95137.10
69 73018601917 7 71313404730173  6  3  3  5  5 27 39 15 130.73109147.00
69 731186020271313 717131317120 12  5  5  3  6  5  5  6  60.31137167.01
69 8 1186021 710 3 710 7 7 7 57  3  4  2  3  4  3  3  3  30.10175175.70
69 8 2186022 3 0 3 320202323 97  2  0  2  2  7  7  9  9  50.21182192.50
69 8 31860232020172727304037217  7  7  6 12 12 15 27 22 140.84177188.80
69 8 41860243733202723331327213 22 18  7 12  9 18  5 12 130.73180192.90
69 8 518602520301720231310 7140  7 15  6  7  9  5  4  3  70.42171187.70
69 8 618602627231310 7 7 7 7100 12  9  5  4  3  3  3  3  50.21153171.90
69 8 71860271720172320102727160  6  7  6  9  7  4 12 12  80.42139163.10
69 8 81861 113 7203327201730167  5  3  7 18 12  7  6 15  90.52114150.30
69 8 91861 23033231733232020200 15 18  9  6 18  9  7  7 110.63108145.50
69 8101861 3172320301717 3 0127  6  9  7 15  6  6  2  0  60.31105139.30
69 8111861 4 0 7 31010101317 70  0  3  2  4  4  4  5  6  40.10 86135.90
69 8121861 53733334040403323280 22 18 18 27 27 27 18  9 211.15 70128.60
69 8131861 617172727 3101020130  6  6 12 12  2  4  4  7  70.31 62123.10
69 8141861 713132723131713 0120  5  5 12  9  5  6  5  0  60.31 59117.50
69 8151861 8 3 017 313171323 90  2  0  6  2  5  6  5  9  40.21 62115.50
69 8161861 9 3 0 713 710 727 73  2  0  3  5  3  4  3 12  40.10 50112.30
69 81718611037201710 3 713 7113 22  7  6  4  2  3  5  3  60.31 41107.90
69 8181861112313 7103327 710130  9  5  3  4 18 12  3  4  70.42 35105.20
69 8191861122723232723303037220 12  9  9 12  9 15 15 22 130.73 32103.90
69 8201861132023271313101020137  7  9 12  5  5  4  4  7  70.31 28109.50
69 8211861141323 3 717172017117  5  9  2  3  6  6  7  6  60.21 39116.20
69 82218611513 3 31313172713103  5  2  2  5  5  6 12  5  50.21 48121.00
69 8231861163033232723202320200 15 18  9 12  9  7  9  7 110.63 62133.20
69 8241861172017132320102017140  7  6  5  9  7  4  7  6  60.31 68146.01
69 8251861182713 3 3 3 3 0 7 60 12  5  2  2  2  2  0  3  40.10 77154.80
69 826186119 713175037171737193  3  5  6 48 22  6  6 22 150.84 91156.41
69 8271861204060333320201720243 27 80 18 18  7  7  6  7 211.15104167.80
69 828186121272010 7201017 7117 12  7  4  3  7  4  6  3  60.31117171.51
69 82918612210 7 7101317 7 3 73  4  3  3  4  5  6  3  2  40.10143177.60
69 830186123 0 7171020 713 7 80  0  3  6  4  7  3  5  3  40.10138169.60
69 83118612410 3201710101313 97  4  2  7  6  4  4  5  5  50.21121163.80
69 9 11861251317 7 3 3 3 3 3 53  5  6  3  2  2  2  2  2  30.10105156.30
69 9 2186126 3 7 7 3 3 3 0 3 30  2  3  3  2  2  2  0  2  20.00 94155.20
69 9 3186127 7 3 31010102710 80  3  2  2  4  4  4 12  4  40.21 81151.70
69 9 41862 11017 71010 71710 87  4  6  3  4  4  3  6  4  40.10 74150.50
69 9 51862 2 3 3101740473747203  2  2  4  6 27 39 22 39 181.05 71138.20
69 9 61862 34347374020271330257 32 39 22 27  7 12  5 15 201.05 72135.70
69 9 71862 42317273723233037217  9  6 12 22  9  9 15 22 130.73 71128.31
69 9 81862 533475040201710 7223 18 39 48 27  7  6  4  3 191.05 67124.10
69 9 91862 61723272723301023180  6  9 12 12  9 15  4  9 100.52 51117.30
69 9101862 73723 3 313132327143 22  9  2  2  5  5  9 12  80.42 51116.60
69 9111862 83323232317102310163 18  9  9  9  6  4  9  4  80.52 67119.00
69 9121862 917231320 7 7 7 0 93  6  9  5  7  3  3  3  0  40.21 73120.70
69 913186210 0 7 713 3 3 3 3 40  0  3  3  5  2  2  2  2  20.00 91131.20
69 9141862111013 31010274040153  4  5  2  4  4 12 27 27 110.63 95129.80
69 9151862124740372027373017253 39 27 22  7 12 22 15  6 191.05114135.30
69 9161862132733171310 7 717130 12 18  6  5  4  3  3  6  70.42118134.21
69 917186214 7 0 33333333727173  3  0  2 18 18 18 22 12 120.73123133.31
69 9181862152730302730474330263 12 15 15 12 15 39 32 15 191.05121134.40
69 9191862163037202020101023170 15 22  7  7  7  4  4  9  90.52 89131.50
69 92018621720172723203317 7163  7  6 12  9  7 18  6  3  80.52 65136.50
69 92118621817171313 710 713 97  6  6  5  5  3  4  3  5  50.21 75137.80
69 922186219101013 7 3 3 3 3 53  4  4  5  3  2  2  2  2  30.10 89140.50
69 923186220 3 3 3 730202333123  2  2  2  3 15  7  9 18  70.42 91145.50
69 92418622113231327 7 7 713110  5  9  5 12  3  3  3  5  60.31 98159.70
69 9251862222033301320271320177  7 18 15  5  7 12  5  7 100.52119169.30
69 92618622313 71317 3 3 310 70  5  3  5  6  2  2  2  4  40.10127158.91
69 927186224 0 3 3 010101343 83  0  2  2  0  4  4  5 32  60.31123151.30
69 9281862252737307063433750357 12 22 15132 94 32 22 48 471.57117142.70
69 9291862263043576360605770440 15 32 67 94 80 80 67132 711.87107139.90
69 9301862278070636760405327460207132 94111 80 27 56 12 901.87 99137.00
6910 11863 14327374037372730277 32 12 22 27 22 22 12 15 201.05 99133.90
6910 21863 24740474740533020323 39 27 39 39 27 56 15  7 311.36101143.20
6910 31863 340332330404030 7243 27 18  9 15 27 27 15  3 181.05 99132.50
6910 41863 42323202713372310177  9  9  7 12  5 22  9  4 100.52 99132.20
6910 51863 52320171317102313137  9  7  6  5  6  4  9  5  60.31109140.91
6910 61863 62733303030403020240 12 18 15 15 15 27 15  7 160.94120143.20
6910 71863 720332313 7 7 310117  7 18  9  5  3  3  2  4  60.31123145.00
6910 81863 8 0 710 3 7101713 67  0  3  4  2  3  4  6  5  30.10109150.10
6910 91863 9 7 710 3 0204040127  3  3  4  2  0  7 27 27  90.52 93141.70
6910101863103343333730234337280 18 32 18 22 15  9 32 22 211.15 85136.71
6910111863112323232730231720187  9  9  9 12 15  9  6  7 100.52 72130.10
69101218631230233313232313 0160 15  9 18  5  9  9  5  0  90.52 60128.00
691013186313 0 3173010 717 3 87  0  2  6 15  4  3  6  2  50.21 57124.30
691014186314 3 7 3 0 7 71710 53  2  3  2  0  3  3  6  4  30.10 63119.10
691015186315 0101713 3 31010 67  0  4  6  5  2  2  4  4  30.10 54117.70
691016186316 3 710 713232017100  2  3  4  3  5  9  7  6  50.21 47115.40
69101718631713 7 310 3 31337 90  5  3  2  4  2  2  5 22  60.31 42122.30
69101818631830172323 7 320 7130 15  6  9  9  3  2  7  3  70.31 45128.80
6910191863192723302730132017187 12  9 15 12 15  5  7  6 100.63 50145.80
6910201863201713 7 7 7 71723 97  6  5  3  3  3  3  6  9  50.21 87161.90
6910211863211310272013332020157  5  4 12  7  5 18  7  7  80.42102177.00
69102218632217232027172317 7150  6  9  7 12  6  9  6  3  70.42113186.20
6910231863231313 7 3 0 31323 77  5  5  3  2  0  2  5  9  40.10127193.10
6910241863243340303023201730223 18 27 15 15  9  7  6 15 140.84137204.50
691025186325272310 7 3 31730120 12  9  4  3  2  2  6 15  70.31141204.01
691026186326 71023 710 313 7 80  3  4  9  3  4  2  5  3  40.10145204.60
6910271863271010171720203327153  4  4  6  6  7  7 18 12  80.42145200.81
6910281864 1232310 313172320133  9  9  4  2  5  6  9  7  60.31131189.60
6910291864 2 72310 3 3 71710 80  3  9  4  2  2  3  6  4  40.10120172.50
6910301864 3 0 0 7 3 0 3 0 0 13  0  0  3  2  0  2  0  0  10.00104161.70
6910311864 4 72020202010 317117  3  7  7  7  7  4  2  6  50.21 87153.90
6911 11864 510 7 3 3 3 7 310 47  4  3  2  2  2  3  2  4  30.00 82139.40
6911 21864 62717172327273330200 12  6  6  9 12 12 18 15 110.63 68138.90
6911 31864 73037372320303730243 15 22 22  9  7 15 22 15 160.94 83126.70
6911 41864 817271723 7 71010117  6 12  6  9  3  3  4  4  60.31 86129.60
6911 51864 91717 7172027 310117  6  6  3  6  7 12  2  4  60.31 88130.00
6911 6186410 7 7 7 3 0 31013 50  3  3  3  2  0  2  4  5  30.00 98131.90
6911 71864113327232033203323213 18 12  9  7 18  7 18  9 120.73 97135.80
6911 81864122027201027334337217  7 12  7  4 12 18 32 22 140.84 89130.40
6911 91864133050505353574020353 15 48 48 56 56 67 27  7 401.57 94127.70
6911101864142047534757404737347  7 39 56 39 67 27 39 22 371.46 85122.80
6911111864152310272727332720193  9  4 12 12 12 18 12  7 110.63 81122.00
69111218641633171317 7201013130 18  6  5  6  3  7  4  5  70.31 76122.30
6911131864171310101317201013107  5  4  4  5  6  7  4  5  50.21 67126.61
6911141864181313 0 3 0 0 0 3 33  5  5  0  2  0  0  0  2  20.00 67134.11
691115186419 0 0 3 3 3 3 3 3 20  0  0  2  2  2  2  2  2  20.00 68137.90
691116186420 0 0 3 3 0131710 47  0  0  2  2  0  5  6  4  20.00 67145.50
691117186421 7 7 3 3 3131313 63  3  3  2  2  2  5  5  5  30.10 75160.10
69111818642210 710 7 7201710 87  4  3  4  3  3  7  6  4  40.10 86177.21
691119186423 7 7131317133030130  3  3  5  5  6  5 15 15  70.42 94185.20
691120186424271310 7 3 3 710 80 12  5  4  3  2  2  3  4  40.21123188.91
691121186425 3 0 3 7 710 0 7 37  2  0  2  3  3  4  0  3  20.00127198.20
6911221864263033272013132717180 15 18 12  7  5  5 12  6 100.63132205.31
691123186427 7 71010 3202020 97  3  3  4  4  2  7  7  7  50.21129209.50
6911241865 1 7 7132317232023133  3  3  5  9  6  9  7  9  60.31119200.70
6911251865 210 3202020201323130  4  2  7  7  7  7  5  9  60.31118185.70
6911261865 33030171013333020183 15 15  6  4  5 18 15  7 110.63113175.30
6911271865 41343404337403030277  5 32 27 32 22 27 15 15 221.15109172.80
6911281865 52720302013 71733167 12  7 15  7  5  3  6 18  90.52102156.80
6911291865 62313332333303733227  9  5 18  9 18 15 22 18 140.84 92141.50
6911301865 74340373013333317247 32 27 22 15  5 18 18  6 181.05 90136.50
6912 11865 81010132013131010100  4  4  5  7  5  5  4  4  50.21 91130.20
6912 21865 9 3 717 7131010 7 73  2  3  6  3  5  4  4  3  40.10107131.50
6912 3186510 3 3 3 0 3 32027 63  2  2  2  0  2  2  7 12  40.10102131.70
6912 41865111320131727231710140  5  7  5  6 12  9  6  4  70.31103138.90
6912 51865121023303333374043250  4  9 15 18 18 22 27 32 181.05 95133.31
6912 61865134043332733303033270 27 32 18 12 18 15 15 18 191.05 70123.41
6912 718651413 71317 7101320100  5  3  5  6  3  4  5  7  50.21 53120.70
6912 8186515171717 3 7132017110  6  6  6  2  3  5  7  6  50.21 43112.10
6912 9186516374017172327 720187 22 27  6  6  9 12  3  7 120.73 44116.10
691210186517 7 31010 3132343113  3  2  4  4  2  5  9 32  80.42 39114.80
6912111865184027301023201713180 27 12 15  4  9  7  6  5 110.63 28117.91
69121218651917271313 7 3 310 93  6 12  5  5  3  2  2  4  50.21 51122.30
6912131865201713 7 0 7 310 3 60  6  5  3  0  3  2  4  2  30.10 74129.60
691214186521 7 3 313 7171010 70  3  2  2  5  3  6  4  4  40.10 94132.70
69121518652210101017 7171713100  4  4  4  6  3  6  6  5  50.21 97135.90
6912161865233720272320272323200 22  7 12  9  7 12  9  9 110.63 97136.90
6912171865242310 313 3 71710 87  9  4  2  5  2  3  6  4  40.21 99144.10
6912181865252010 3 7 3 3 7 7 60  7  4  2  3  2  2  3  3  30.10 93144.10
6912191865261010 3 713 717 7 73  4  4  2  3  5  3  6  3  40.10 88147.20
69122018652710 3 3 7 3 3 7 7 43  4  2  2  3  2  2  3  3  30.00 96154.20
6912211866 11020 3 3 3 3 310 57  4  7  2  2  2  2  2  4  30.10116160.30
6912221866 213 3231330271713140  5  2  9  5 15 12  6  5  70.42135163.00
6912231866 31727172333233027197  6 12  6  9 18  9 15 12 110.63122156.30
6912241866 43320102327172023173 18  7  4  9 12  6  7  9  90.52129152.90
6912251866 51327302327232017180  5 12 15  9 12  9  7  6  90.52137153.60
6912261866 617132713 7303030167  6  5 12  5  3 15 15 15 100.52131151.00
6912271866 737271733131310 3153 22 12  6 18  5  5  4  2  90.52136146.90
6912281866 8 3 3 310 3231013 70  2  2  2  4  2  9  4  5  40.10139149.00
6912291866 9171013131313 7 3 90  6  4  5  5  5  5  3  2  40.21152153.40
691230186610 310 0 7 7 3 7 7 43  2  4  0  3  3  2  3  3  20.00152157.90
691231186611 010 3 7 7 31310 53  0  4  2  3  3  2  5  4  30.10122151.31
