70 1 1186612 72017 720302720147  3  7  6  3  7 15 12  7  80.42115159.00
70 1 21866132743534040434040327 12 32 56 27 27 32 27 27 301.36 83144.50
70 1 3186614273030202010 723167 12 15 15  7  7  4  3  9  90.52 78137.10
70 1 4186615 0 31010 7 7 717 60  0  2  4  4  3  3  3  6  30.10 69131.50
70 1 5186616 710171710 71727110  3  4  6  6  4  3  6 12  60.21 66126.50
70 1 6186617271010 713101010 97 12  4  4  3  5  4  4  4  50.21 57117.60
70 1 718661813 7 3 710102717 93  5  3  2  3  4  4 12  6  50.21 30113.00
70 1 81866191313 71013271713113  5  5  3  4  5 12  6  5  60.31 37113.30
70 1 91866204030231310 71323160 27 15  9  5  4  3  5  9 100.52 59119.60
70 110186621371710 710 713 3103 22  6  4  3  4  3  5  2  60.31 84134.51
70 111186622131310 710 3 317 77  5  5  4  3  4  2  2  6  40.10106160.10
70 11218662337201310 7131027137 22  7  5  4  3  5  4 12  80.42138171.60
70 1131866241310 7101713 713 90  5  4  3  4  6  5  3  5  40.21145172.90
70 114186625102710 7 7 71723107  4 12  4  3  3  3  6  9  60.21160171.81
70 115186626272720101320 710133 12 12  7  4  5  7  3  4  70.31155180.01
70 1161866272723304033402733253 12  9 15 27 18 27 12 18 170.94145174.31
70 1171867 137472013 7 71710157 22 39  7  5  3  3  6  4 110.63160180.60
70 1181867 227232313 717 710127 12  9  9  5  3  6  3  4  60.31168179.41
70 1191867 3 7 3 01317171030 97  3  2  0  5  6  6  4 15  50.21165175.30
70 1201867 41713 71727133017140  6  5  3  6 12  5 15  6  70.42133168.41
70 1211867 5 317172027 72023133  2  6  6  7 12  3  7  9  60.31118177.00
70 1221867 62710 7 7 7101010 87 12  4  3  3  3  4  4  4  50.21104160.50
70 1231867 72020131313 3 720110  7  7  5  5  5  2  3  7  50.21 79153.40
70 1241867 81713232713131327147  6  5  9 12  5  5  5 12  70.42 73143.60
70 1251867 910 7 3 0 3 3 710 43  4  3  2  0  2  2  3  4  20.00 98149.50
70 126186710 713 3 3 3 3 3 3 40  3  5  2  2  2  2  2  2  20.00123156.40
70 1271867111723101313132017127  6  9  4  5  5  5  7  6  60.31130163.00
70 12818671217 0 013 7132723100  6  0  0  5  3  5 12  9  50.21156162.01
70 1291867132317232320 31313137  9  6  9  9  7  2  5  5  60.31154163.31
70 1301867143020332013333323207 15  7 18  7  5 18 18  9 120.73138154.81
70 1311867153333 317171013 3130 18 18  2  6  6  4  5  2  80.42131143.41
70 2 1186716233310 3 7 71740140  9 18  4  2  3  3  6 27  90.52121134.60
70 2 21867173337273333233747270 18 22 12 18 18  9 22 39 201.05 96133.10
70 2 31867183323172020 7 313137 18  9  6  7  7  3  2  5  70.42 82123.70
70 2 41867191017172733403323200  4  6  6 12 18 27 18  9 120.73 68119.41
70 2 51867202733132027201730187 12 18  5  7 12  7  6 15 100.63 72121.00
70 2 6186721171010 7 3 3 710 67  6  4  4  3  2  2  3  4  40.10 93131.90
70 2 7186722 7 0 0 3 3 3 3 3 23  3  0  0  2  2  2  2  2  20.00104139.40
70 2 8186723 0 0 0 3 710 7 7 33  0  0  0  2  3  4  3  3  20.00102152.60
70 2 9186724 01010 310 7 7 3 50  0  4  4  2  4  3  3  2  30.00123154.10
70 210186725 3 310 310272710 93  2  2  4  2  4 12 12  4  50.21133170.31
70 211186726 7 010 7 7 7 7 7 50  3  0  4  3  3  3  3  3  30.00175184.31
70 21218672710 0 0 7 71313 7 57  4  0  0  3  3  5  5  3  30.10153201.00
70 2131868 1 320102023101710113  2  7  4  7  9  4  6  4  50.21145197.60
70 2141868 220401333272310 7173  7 27  5 18 12  9  4  3 110.63124196.20
70 2151868 31727233017132013160  6 12  9 15  6  5  7  5  80.42115201.60
70 2161868 410 713172013 720107  4  3  5  6  7  5  3  7  50.21139193.30
70 2171868 517 3 72020304030167  6  2  3  7  7 15 27 15 100.63142193.90
70 2181868 62027231727202027180  7 12  9  6 12  7  7 12  90.52143197.70
70 2191868 720 713131310 7 7 90  7  3  5  5  5  4  3  3  40.21120198.50
70 2201868 8 3 0 3101710 7 7 57  2  0  2  4  6  4  3  3  30.10125196.50
70 2211868 9 3 0 710 3 3 7 3 37  2  0  3  4  2  2  3  2  20.00128191.11
70 222186810 3 3 3 3 3 3 7 7 33  2  2  2  2  2  2  3  3  20.00132183.01
70 22318681110 3 3 0 7 72710 67  4  2  2  0  3  3 12  4  40.10164183.90
70 224186812102717 727433310173  4 12  6  3 12 32 18  4 110.73166185.90
70 225186813101320 7 313 3 3 73  4  5  7  3  2  5  2  2  40.10173179.61
70 226186814172023204033 3 3160  6  7  9  7 27 18  2  2 100.52143178.31
70 227186815 3 7271313103033137  2  3 12  5  5  4 15 18  80.42150176.90
70 2281868163730302727272327227 22 15 15 12 12 12  9 12 140.84146174.10
70 3 11868173333474340431320273 18 18 39 32 27 32  5  7 221.15137175.71
70 3 21868183340373723231730240 18 27 22 22  9  9  6 15 160.94129173.00
70 3 31868192317332330403333233  9  6 18  9 15 27 18 18 150.84113167.30
70 3 41868203023233333372340243 15  9  9 18 18 22  9 27 160.94107165.30
70 3 51868212313331720274030203  9  5 18  6  7 12 27 15 120.73107169.80
70 3 61868224030303720334057287 27 15 15 22  7 18 27 67 251.26103167.80
70 3 71868235343304043475757370 56 32 15 27 32 39 67 67 421.57111168.41
70 3 81868244350575073809083527 32 48 67 481542074002361492.09118172.81
70 3 91868256363233343603740363 94 94  9 18 32 80 22 27 471.57120164.40
70 3101868263313131710131710127 18  5  5  6  4  5  6  4  70.31125158.30
70 311186827 7 3 3 0 3 71317 53  3  2  2  0  2  3  5  6  30.10103156.31
70 3121869 1102320271310 3 3110  4  9  7 12  5  4  2  2  60.31 88164.40
70 3131869 2 313203327232313157  2  5  7 18 12  9  9  5  80.52104152.41
70 3141869 320 313 7 310 3 3 63  7  2  5  3  2  4  2  2  30.10 84147.30
70 3151869 427202020172013 7143 12  7  7  7  6  7  5  3  70.31 65144.90
70 3161869 5 0 3 31313 7 7 7 53  0  2  2  5  5  3  3  3  30.10 48139.00
70 3171869 6 0 710 723231713100  0  3  4  3  9  9  6  5  50.21 29133.70
70 3181869 720 3 72317201027127  7  2  3  9  6  7  4 12  60.31 41133.50
70 3191869 81313131013 71720107  5  5  5  4  5  3  6  7  50.21 48130.20
70 3201869 913 3 0 717102317 90  5  2  0  3  6  4  9  6  40.21 93141.10
70 32118691013 7 3 3 3 7 7 3 47  5  3  2  2  2  3  3  2  30.00115149.70
70 322186911 0 013 7 7 7 3 3 40  0  0  5  3  3  3  2  2  20.00122150.91
70 3231869121013172010101010100  4  5  6  7  4  4  4  4  50.21135164.91
70 324186913 3 0 7 3 3 31010 40  2  0  3  2  2  2  4  4  20.00140169.81
70 325186914 3 010 71310 7 3 53  2  0  4  3  5  4  3  2  30.10142167.20
70 326186915172017 7 71313 7100  6  7  6  3  3  5  5  3  50.21122166.41
70 327186916 0 0304733272343203  0  0 15 39 18 12  9 32 160.94115159.20
70 3281869173343304727332337273 18 32 15 39 12 18  9 22 211.15110153.80
70 3291869183340301333333037250 18 27 15  5 18 18 15 22 170.94103153.10
70 3301869193723373033303027247 22  9 22 15 18 15 15 12 160.94111149.40
70 3311869202047635757603743383  7 39 94 67 67 80 22 32 511.67101149.30
70 4 1186921272010 3 7 3 327100 12  7  4  2  3  2  2 12  60.21112160.81
70 4 2186922171717 717171320123  6  6  6  3  6  6  5  7  60.31105167.10
70 4 31869232730372723271310193 12 15 22 12  9 12  5  4 110.73121163.50
70 4 41869242723303030231010183 12  9 15 15 15  9  4  4 100.63116170.40
70 4 5186925 7 3203333232317160  3  2  7 18 18  9  9  6  90.52120179.41
70 4 61869262733505040231733273 12 18 48 48 27  9  6 18 231.15115192.90
70 4 71869272723373313 7 710157 12  9 22 18  5  3  3  4 100.52123193.41
70 4 81870 13733273027101323200 22 18 12 15 12  4  5  9 120.73147203.11
70 4 91870 21327404347201330233  5 12 27 32 39  7  5 15 181.05172218.50
70 4101870 310 3 0 0 7 71323 63  4  2  0  0  3  3  5  9  30.10188224.71
70 4111870 4332023272310 7 3147 18  7  9 12  9  4  3  2  80.42183206.40
70 4121870 51017201317231310123  4  6  7  5  6  9  5  4  60.31163198.51
70 4131870 6 710 7102010 3 3 70  3  4  3  4  7  4  2  2  40.10141185.30
70 4141870 710 7 31310 3 310 60  4  3  2  5  4  2  2  4  30.10124173.81
70 4151870 8 7101010 7172720107  3  4  4  4  3  6 12  7  50.21106163.60
70 4161870 930373010 7173740207 15 22 15  4  3  6 22 27 140.84 92152.20
70 4171870105340374730304340320 56 27 22 39 15 15 32 27 291.36 82148.00
70 4181870111310133753372337223  5  4  5 22 56 22  9 22 181.05 68141.90
70 4191870123337504733271313253 18 22 48 39 18 12  5  5 211.15 67135.70
70 4201870131337203347433737267  5 22  7 18 39 32 22 22 211.15 65131.20
70 4211870143740505760678370463 22 27 48 67 80111236132 901.87 64126.30
70 42218701563705040271310 7280 94132 48 27 12  5  4  3 411.57 57128.60
70 4231870162320272737273730227  9  7 12 12 22 12 22 15 140.84 67130.10
70 4241870173033272330333037243 15 18 12  9 15 18 15 22 160.94 90130.10
70 4251870183733333333273027253 22 18 18 18 18 12 15 12 170.94 93134.80
70 4261870193327101320133343193 18 12  4  5  7  5 18 32 130.73 81135.30
70 4271870204333231313131310163 32 18  9  5  5  5  5  4 100.63 88138.00
70 428187021231717 717 71010107  9  6  6  3  6  3  4  4  50.21106148.60
70 4291870221313131317172730143  5  5  5  5  6  6 12 15  70.42112156.10
70 4301870233040373730302727257 15 27 22 22 15 15 12 12 181.05116153.30
70 5 1187024232023 327233037187  9  7  9  2 12  9 15 22 110.63118159.50
70 5 21870252723271313233020177 12  9 12  5  5  9 15  7  90.52118160.71
70 5 318702617 7101727273337173  6  3  4  6 12 12 18 22 100.63122163.50
70 5 41870272010202017171717137  7  4  7  7  6  6  6  6  60.31119162.30
70 5 51871 11313173337301730190  5  5  6 18 22 15  6 15 120.73113167.90
70 5 61871 223 3 3 713271717110  9  2  2  3  5 12  6  6  60.31115163.30
70 5 71871 32020 71717231310127  7  7  3  6  6  9  5  4  60.31 98162.40
70 5 81871 4 7 3 7 3 3171717 73  3  2  3  2  2  6  6  6  40.10 87156.70
70 5 91871 51710 7 3 710 7 7 67  6  4  3  2  3  4  3  3  40.10 90154.91
70 5101871 6 0 7 3 7 3 3 3 3 30  0  3  2  3  2  2  2  2  20.00111162.80
70 5111871 7 3 3 3 3 3 31023 53  2  2  2  2  2  2  4  9  30.10132176.20
70 5121871 83720202727333340237 22  7  7 12 12 18 18 27 150.94134180.30
70 5131871 93023131010101020127 15  9  5  4  4  4  4  7  60.31142193.10
70 5141871102720271720234037210 12  7 12  6  7  9 27 22 130.73145196.80
70 5151871114313203317171310167 32  5  7 18  6  6  5  4 100.63159206.30
70 51618711210 7201713201320120  4  3  7  6  5  7  5  7  60.21161206.00
70 5171871132740272320201017183 12 27 12  9  7  7  4  6 100.63169197.00
70 5181871142027171310 710 3107  7 12  6  5  4  3  4  2  50.21173194.60
70 519187115 317232310131720127  2  6  9  9  4  5  6  7  60.31176197.40
70 5201871162333233030233027220  9 18  9 15 15  9 15 12 130.73146183.90
70 5211871172317132017172723157  9  6  5  7  6  6 12  9  80.42143174.90
70 5221871182317131717172010133  9  6  5  6  6  6  7  4  60.31125170.30
70 5231871191010201713172033140  4  4  7  6  5  6  7 18  70.42106163.70
70 5241871201713172023201017137  6  5  6  7  9  7  4  6  60.31122162.61
70 525187121232727102013 7 7133  9 12 12  4  7  5  3  3  70.31110160.60
70 526187122 0 0 3 7 3 3 320 40  0  0  2  3  2  2  2  7  20.00125162.80
70 5271871231317232730233350217  5  6  9 12 15  9 18 48 150.94126155.20
70 5281871245733235370473333350 67 18  9 56132 39 18 18 451.57106153.80
70 5291871253730372020202723213 22 15 22  7  7  7 12  9 130.73118158.50
70 53018712623202737173723 7190  9  7 12 22  6 22  9  3 110.63116163.70
70 531187127 713172023171010117  3  5  6  7  9  6  4  4  60.21127165.20
70 6 11872 12753305047373327303 12 56 15 48 39 22 18 12 281.26102145.60
70 6 21872 23327201717232320180 18 12  7  6  6  9  9  7  90.52 92141.80
70 6 31872 32027302327272323200  7 12 15  9 12 12  9  9 110.63 64133.40
70 6 41872 43020171723231720167 15  7  6  6  9  9  6  7  80.42 63131.70
70 6 51872 520232320 713 710123  7  9  9  7  3  5  3  4  60.31 59132.91
70 6 61872 610101317 3 3 3 0 60  4  4  5  6  2  2  2  0  30.10 57130.00
70 6 71872 7 0 7 7 710273343133  0  3  3  3  4 12 18 32  90.52 58134.51
70 6 81872 83343371720131717197 18 32 22  6  7  5  6  6 130.73 61134.20
70 6 91872 9171010 713132317110  6  4  4  3  5  5  9  6  50.21 60138.20
70 6101872101313171310202013120  5  5  6  5  4  7  7  5  60.21 92145.90
70 6111872112010 7 3 7172010 93  7  4  3  2  3  6  7  4  40.21122169.50
70 61218721217131310 7101713100  6  5  5  4  3  4  6  5  50.21138171.70
70 613187213 710273033271720170  3  4 12 15 18 12  6  7 100.52153200.31
70 6141872142030 7 713133023143  7 15  3  3  5  5 15  9  80.42165207.41
70 6151872153723302327232033217 22  9 15  9 12  9  7 18 130.73168209.20
70 6161872162330201323201327170  9 15  7  5  9  7  5 12  90.52153198.60
70 61718721713 3272737333330203  5  2 12 12 22 18 18 15 130.73148190.60
70 6181872183323434353403040307 18  9 32 32 56 27 15 27 271.26134181.80
70 61918721923232017 7132330157  9  9  7  6  3  5  9 15  80.42105175.11
70 6201872202740373020334030257 12 27 22 15  7 18 27 15 181.05 99163.30
70 6211872214743332323272020237 39 32 18  9  9 12  7  7 170.94 96160.60
70 62218722213 3 31010 71317 77  5  2  2  4  4  3  5  6  40.10 96150.11
70 6231872231310 7 7 31313 7 73  5  4  3  3  2  5  5  3  40.10 87143.70
70 62418722417 3 3 713232720113  6  2  2  3  5  9 12  7  60.31102142.30
70 625187225271313101710 323117 12  5  5  4  6  4  2  9  60.31126149.30
70 6261872261723302333303720213  6  9 15  9 18 15 22  7 130.73127151.40
70 6271872272030605360333317307  7 15 80 56 80 18 18  6 351.46114160.00
70 6281873 12723132717131010140 12  9  5 12  6  5  4  4  70.42113160.50
70 6291873 2 313171017202717123  2  5  6  4  6  7 12  6  60.31124168.01
70 6301873 3101327131010 710100  4  5 12  5  4  4  3  4  50.21127174.80
70 7 11873 41723231733332317187  6  9  9  6 18 18  9  6 100.63137179.90
70 7 21873 5132343332320 713177  5  9 32 18  9  7  3  5 110.63153189.01
70 7 31873 62033433717101363237  7 18 32 22  6  4  5 94 241.15155194.61
70 7 41873 763405327131010 3220 94 27 56 12  5  4  4  2 261.26159195.00
70 7 51873 82743371733302327237 12 32 22  6 18 15  9 12 160.94165191.00
70 7 61873 9373337374010 7 7207 22 18 22 22 27  4  3  3 150.94161186.40
70 7 7187310 3 71010 7101327 87  2  3  4  4  3  4  5 12  50.21125166.30
70 7 81873111317131017131050143  5  6  5  4  6  5  4 48 100.63115160.40
70 7 91873124067535373606070477 27111 56 56154 80 80132 871.87104148.40
70 7101873136720171337505040293111  7  6  5 22 48 48 27 341.46 90143.80
70 7111873143313202020233030190 18  5  7  7  7  9 15 15 100.63 81137.70
70 7121873153333232723233733233 18 18  9 12  9  9 22 18 140.84 74135.40
70 7131873163030201313272723183 15 15  7  5  5 12 12  9 100.63 79130.70
70 7141873172723271713202727180 12  9 12  6  5  7 12 12  90.52 68126.30
70 7151873181717102013101017113  6  6  4  7  5  4  4  6  50.21 61121.90
70 7161873192717 7 7201017 7110 12  6  3  3  7  4  6  3  60.21 61121.40
70 71718732013 7 7 713232340133  5  3  3  3  5  9  9 27  80.42 59125.90
70 7181873211320 71310101317103  5  7  3  5  4  4  5  6  50.21 56131.00
70 7191873221017 31010171720103  4  6  2  4  4  6  6  7  50.21 92135.80
70 72018732310101010 3101333100  4  4  4  4  2  4  5 18  60.31 92136.40
70 7211873243327304357405037317 18 12 15 32 67 27 48 22 301.36120150.61
70 7221873253023302713272033203 15  9 15 12  5 12  7 18 120.73122163.80
70 72318732633232313232327 7173 18  9  9  5  9  9 12  3  90.52106158.71
70 7241873273037432740373057300 15 22 32 12 27 22 15 67 261.26110164.00
70 7251874 16377736760373360470 94179154111 80 22 18 80 921.98122169.00
70 7261874 25043373330131737260 48 32 22 18 15  5  6 22 211.15138176.30
70 7271874 31337233327333723227  5 22  9 18 12 18 22  9 140.84153185.90
70 7281874 417 7 7 71010 717 80  6  3  3  3  4  4  3  6  40.10146182.10
70 7291874 53353574760534713363 18 56 67 39 80 56 39  5 451.57153161.00
70 7301874 61327201323171023147  5 12  7  5  9  6  4  9  70.42122156.10
70 7311874 73033272023203040223 15 18 12  7  9  7 15 27 140.84108141.50
70 8 11874 81713 710 310 717 83  6  5  3  4  2  4  3  6  40.10 77134.01
70 8 21874 92720101710 713 7110 12  7  4  6  4  3  5  3  60.21 68128.50
70 8 3187410 710 71720 7 3 3 73  3  4  3  6  7  3  2  2  40.10 64127.90
70 8 4187411 7 7 7 7101717 7 77  3  3  3  3  4  6  6  3  40.10 59127.40
70 8 5187412 710 3 7 3 3 7 7 47  3  4  2  3  2  2  3  3  30.00 65128.40
70 8 6187413 7131020 7272730140  3  5  4  7  3 12 12 15  80.42 68128.00
70 8 71874142313201317302747190  9  5  7  5  6 15 12 39 120.73 72128.20
70 8 81874153327475037333740303 18 12 39 48 22 18 22 27 261.26 82131.80
70 8 91874165330274027272713243 56 15 12 27 12 12 12  5 191.05 76138.30
70 8101874172017232327131317153  7  6  9  9 12  5  5  6  70.42 71137.30
70 8111874182023202027171733177  7  9  7  7 12  6  6 18  90.52 75127.20
70 81218741923332320 3102727167  9 18  9  7  2  4 12 12  90.52 73136.91
70 8131874201013171317131730130  4  5  6  5  6  5  6 15  60.31 92149.70
70 8141874211020 7 3 3201017 90  4  7  3  2  2  7  4  6  40.21 94167.01
70 8151874221717 7 713102037127  6  6  3  3  5  4  7 22  70.42108169.10
70 816187423231310 710131370160  9  5  4  3  4  5  5132 211.15100162.50
70 8171874245387806053675353507 56300207 80 56111 56 561151.98 99151.61
70 8181874254747374343574733353 39 39 22 32 32 67 39 18 361.46108149.00
70 81918742643301333302727 3207 32 15  5 18 15 12 12  2 140.84113145.40
70 820187427 0 3201317 7 713 80  0  2  7  5  6  3  3  5  40.10117148.60
70 8211875 12017 710 720 710 97  7  6  3  4  3  7  3  4  50.21117142.80
70 8221875 2 7 7101327232017123  3  3  4  5 12  9  7  6  60.31108141.70
70 8231875 31730231717171317150  6 15  9  6  6  6  5  6  70.42101146.20
70 8241875 41020 3 3 3 7 717 70  4  7  2  2  2  3  3  6  40.10116140.20
70 8251875 51017271727202023160  4  6 12  6 12  7  7  9  80.42114136.50
70 8261875 62337373043272327247  9 22 22 15 32 12  9 12 170.94109135.70
70 8271875 73030271730302323210 15 15 12  6 15 15  9  9 120.73 91137.21
70 8281875 8202327 733302737203  7  9 12  3 18 15 12 22 120.73101141.60
70 8291875 9273327272320 713177 12 18 12 12  9  7  3  5 100.52114148.70
70 83018751023201710 710 7 3 97  9  7  6  4  3  4  3  2  50.21120149.00
70 831187511 723372730303017200  3  9 22 12 15 15 15  6 120.73111154.50
70 9 1187512 710405043374033260  3  4 27 48 32 22 27 18 231.15 98154.10
70 9 21875132720205033333327243 12  7  7 48 18 18 18 12 181.05104156.70
70 9 3187514 330273333373033227  2 15 12 18 18 22 15 18 150.84110163.21
70 9 41875152020303027302320200  7  7 15 15 12 15  9  7 110.63115163.41
70 9 5187516232010 717301730153  9  7  4  3  6 15  6 15  80.42120162.31
70 9 6187517101310 310172323110  4  5  4  2  4  6  9  9  50.21133161.50
70 9 718751813 3 71317102327113  5  2  3  5  6  4  9 12  60.31136164.40
70 9 8187519 317231027233013147  2  6  9  4 12  9 15  5  80.42125156.90
70 9 9187520 310 71313172320107  2  4  3  5  5  6  9  7  50.21116157.20
70 9101875213730 7 0 313 3 0 93 22 15  3  0  2  5  2  0  60.31103143.90
70 911187522 0 3 0 0 0 3 7 7 20  0  2  0  0  0  2  3  3  10.00 82134.40
70 91218752310232710 3 7 7 7 93  4  9 12  4  2  3  3  3  50.21 76126.10
70 9131875241037403747334043287  4 22 27 22 39 18 27 32 241.26 73120.10
70 9141875253330274340373323267 18 15 12 32 27 22 18  9 191.05 76121.90
70 9151875264330232017131723187 32 15  9  7  6  5  6  9 110.63 75118.00
70 9161875272727272020 71013150 12 12 12  7  7  3  4  5  80.42 68118.40
70 9171876 11330331713201013150  5 15 18  6  5  7  4  5  80.42 65116.90
70 9181876 23030331720232017190 15 15 18  6  7  9  7  6 100.63 75120.70
70 9191876 31047403323303330247  4 39 27 18  9 15 18 15 181.05 98134.71
70 9201876 42037373723272333237  7 22 22 22  9 12  9 18 150.94114146.90
70 9211876 53733473740373723290 22 18 39 22 27 22 22  9 231.15129149.40
70 9221876 63037173013272323200 15 22  6 15  5 12  9  9 120.73109155.20
70 9231876 723 717271713 710120  9  3  6 12  6  5  3  4  60.31104161.60
70 9241876 82027171713102013137  7 12  6  6  5  4  7  5  60.31129156.01
70 9251876 910303323101317 3140  4 15 18  9  4  5  6  2  80.42114155.80
70 926187610 727172013131720133  3 12  6  7  5  5  6  7  60.31107155.90
70 9271876113337333030432337267 18 22 18 15 15 32  9 22 191.05 87145.00
70 9281876123720 31310131010117 22  7  2  5  4  5  4  4  70.31 85144.51
70 929187613 7131713 3 7 327 90  3  5  6  5  2  3  2 12  50.21 81138.70
70 9301876141733331320171023167  6 18 18  5  7  6  4  9  90.52 77134.70
7010 11876153023201720133330187 15  9  7  6  7  5 18 15 100.63 63128.70
7010 21876163317132020272323177 18  6  5  7  7 12  9  9  90.52 57125.40
7010 31876173033131717303737213 15 18  5  6  6 15 22 22 140.84 43126.00
7010 41876184057403733303023290 27 67 27 22 18 15 15  9 251.26 55137.30
7010 518761930273317 7 72317160 15 12 18  6  3  3  9  6  90.52 75134.50
7010 61876201717201310 31723120  6  6  7  5  4  2  6  9  60.31 53128.01
7010 7187621 3 7131010 7 313 67  2  3  5  4  4  3  2  5  40.10 72133.30
7010 8187622 7 7 7 0 3 3 7 3 37  3  3  3  0  2  2  3  2  20.00 76142.00
7010 9187623 7 3 7 3 7 3 3 0 33  3  2  3  2  3  2  2  0  20.00 78144.91
701010187624 010301013172327130  0  4 15  4  5  6  9 12  70.31 79147.60
7010111876253337333020203327233 18 22 18 15  7  7 18 12 150.84 75142.80
7010121876264353332317 710 7193 32 56 18  9  6  3  4  3 160.94 80135.40
701013187627 027271730302010160  0 12 12  6 15 15  7  4  90.52 84131.81
7010141877 13033201310101013140 15 18  7  5  4  4  4  5  80.42 87134.91
7010151877 22013 7 3 7 31010 73  7  5  3  2  3  2  4  4  40.10 87140.21
7010161877 3 3 3105353606033277  2  2  4 56 56 80 80 18 371.46 94134.00
7010171877 44030373330505060330 27 15 22 18 15 48 48 80 341.36 84131.50
7010181877 56067473030401733323 80111 39 15 15 27  6 18 391.46 76138.50
7010191877 62727402317172313187 12 12 27  9  6  6  9  5 110.63 83139.00
7010201877 71023302713 7 7 7123  4  9 15 12  5  3  3  3  70.31 70137.20
7010211877 8 0 0 0 0 0 3 310 17  0  0  0  0  0  2  2  4  10.00 69136.50
7010221877 92327272027334347247  9 12 12  7 12 18 32 39 181.05 73135.00
7010231877104047372740504040320 27 39 22 12 27 48 27 27 291.36 89149.00
7010241877113333433027102310210 18 18 32 15 12  4  9  4 140.84100161.21
701025187712172320 7202713 7133  6  9  7  3  7 12  5  3  60.31111168.61
7010261877132020 31010 3 7 7 80  7  7  2  4  4  2  3  3  40.10117187.10
70102718771413 713 3 7101027 90  5  3  5  2  3  4  4 12  50.21142191.80
7010281877153037271027173740223 15 22 12  4 12  6 22 27 150.84131190.30
7010291877162013172730234037207  7  5  6 12 15  9 27 22 130.73139189.00
701030187717403317171020 7 7150 27 18  6  6  4  7  3  3  90.52126175.20
701031187718 713 72013 713 3 83  3  5  3  7  5  3  5  2  40.10117168.60
7011 1187719 3 0 313 3 3 3 3 33  2  0  2  5  2  2  2  2  20.00 86163.30
7011 2187720 0 3172020 3 713 83  0  2  6  7  7  2  3  5  40.10 82159.10
7011 31877212027171013172330157  7 12  6  4  5  6  9 15  80.42 80153.21
7011 41877222713172010 71327133 12  5  6  7  4  3  5 12  70.31 78148.30
7011 51877232320202013232730177  9  7  7  7  5  9 12 15  90.52 67147.50
7011 61877242730332733171023200 12 15 18 12 18  6  4  9 120.73 89149.80
7011 71877256063675750373733403 80 94111 67 48 22 22 18 581.77 86150.60
7011 818772633271020171717 3143 18 12  4  7  6  6  6  2  80.42 69141.10
7011 91877271027202020202720163  4 12  7  7  7  7 12  7  80.42 77141.90
7011101878 13730203733403020247 22 15  7 22 18 27 15  7 170.94 78147.80
7011111878 24333274027403030270 32 18 12 27 12 27 15 15 201.05 97155.60
7011121878 3202727273327 7 3170  7 12 12 12 18 12  3  2 100.52 89165.11
7011131878 41727202033171720170  6 12  7  7 18  6  6  7  90.52105179.10
7011141878 523232017 7202313147  9  9  7  6  3  7  9  5  70.31117186.41
7011151878 6 0 0 71310102017 77  0  0  3  5  4  4  7  6  40.10125200.00
7011161878 710 0 31320272017110  4  0  2  5  7 12  7  6  50.21133193.50
7011171878 8203313131010 710117  7 18  5  5  4  4  3  4  60.31135184.11
7011181878 91313131043372753210  5  5  5  4 32 22 12 56 181.05135193.11
7011191878105050432010 3 0 7183 48 48 32  7  4  2  0  3 181.05132185.51
701120187811 3 3 3 0 7 7 717 47  2  2  2  0  3  3  3  6  30.00128173.70
7011211878122727505357402320297 12 12 48 56 67 27  9  7 301.36119163.31
7011221878134040333327333027263 27 27 18 18 12 18 15 12 181.05105154.20
7011231878143730333740403730283 22 15 18 22 27 27 22 15 211.15 96142.40
7011241878152027302330333023217  7 12 15  9 15 18 15  9 120.73 77133.90
7011251878162727203320373320217 12 12  7 18  7 22 18  7 130.73 62127.90
7011261878172320131713273023167  9  7  5  6  5 12 15  9  80.52 65129.30
7011271878182320202330233027197  9  7  7  9 15  9 15 12 100.63 74135.10
7011281878191723171730271017157  6  9  6  6 15 12  4  6  80.42 89148.90
701129187820 3 7 3 3 3 7 7 7 40  2  3  2  2  2  3  3  3  20.00 78148.40
701130187821 3 3 0 0 3 0 0 7 17  2  2  0  0  2  0  0  3  10.00103152.50
7012 1187822 3 0 0 0 0 3 3 3 13  2  0  0  0  0  2  2  2  10.00 91146.40
7012 2187823 7 0 0 020202710 83  3  0  0  0  7  7 12  4  40.10 78148.41
7012 318782423 71710 3 7 010 77  9  3  6  4  2  3  0  4  40.10 78148.10
7012 4187825 3 0 713 7102723 90  2  0  3  5  3  4 12  9  50.21 76154.00
7012 518782620272027132710 3147  7 12  7 12  5 12  4  2  80.42 88161.91
7012 61878271313332023231010147  5  5 18  7  9  9  4  4  80.42 90167.50
7012 71879 11013201320172333150  4  5  7  5  7  6  9 18  80.42 91166.51
7012 81879 23747333740132717250 22 39 18 22 27  5 12  6 191.05100167.30
7012 91879 3202017271710 7 3120  7  7  6 12  6  4  3  2  60.31 96171.50
7012101879 4 7 3 31010 710 3 53  3  2  2  4  4  3  4  2  30.10110170.90
7012111879 5 0 3 7 7 3 0 3 3 27  0  2  3  3  2  0  2  2  20.00120172.61
7012121879 610 3 31313 7 710 67  4  2  2  5  5  3  3  4  40.10110178.41
7012131879 72013 3 7 3131320 93  7  5  2  3  2  5  5  7  40.21 90164.30
7012141879 83760835043304353400 22 80236 48 32 15 32 56 651.77 85154.60
7012151879 94333332730231313217 32 18 18 12 15  9  5  5 140.84 84154.10
70121618791017 7 7 7 3 7 713 67  6  3  3  3  2  3  3  5  40.10 68146.70
7012171879111710 3 310 0 710 60  6  4  2  2  4  0  3  4  30.10 63146.80
701218187912 0 3 7 0 3 3 327 47  0  2  3  0  2  2  2 12  30.10 79151.61
70121918791313173027 7132337167  5  6 15 12  3  5  9 22 100.52 95152.41
7012201879142323302320 31310147  9  9 15  9  7  2  5  4  80.42104155.60
70122118791513131313 7 0 710 77  5  5  5  5  3  0  3  4  40.10101146.31
70122218791623202010 7101017117  9  7  7  4  3  4  4  6  60.21 97136.81
701223187917272717202020 313147 12 12  6  7  7  7  2  5  70.42 85132.10
7012241879184743231720171710193 39 32  9  6  7  6  6  4 140.84 66124.40
70122518791917 0 0 310172020 87  6  0  0  2  4  6  7  7  40.10 75124.00
70122618792013171710 0 31013 83  5  6  6  4  0  2  4  5  40.10 64122.30
701227187921 023 32017272037147  0  9  2  7  6 12  7 22  80.42 53119.80
7012281879222737131327374343240 12 22  5  5 12 22 32 32 181.05 50117.30
7012291879233717201010272743190 22  6  7  4  4 12 12 32 120.73 59123.40
7012301879244340171713331310187 32 27  6  6  5 18  5  4 130.73 74129.01
701231187925 0 3 013 7 7 7 7 43  0  2  0  5  3  3  3  3  20.00 68133.30
