72 1 11893132310101013172730140  9  4  4  4  5  6 12 15  70.42 50104.70
72 1 218931423171713 7233710147  9  6  6  5  3  9 22  4  80.42 47103.10
72 1 3189315 710332310101710120  3  4 18  9  4  4  6  4  60.31 49 99.60
72 1 418931633303720 7 71020163 18 15 22  7  3  3  4  7 100.63 50 97.90
72 1 518931723201720201710 3130  9  7  6  7  7  6  4  2  60.31 54 99.10
72 1 6189318 320 3 0 3 3 0 3 37  2  7  2  0  2  2  0  2  20.00 55103.10
72 1 718931910 7 0 0 3 72713 67  4  3  0  0  2  3 12  5  40.10 53 99.50
72 1 81893202013 3 3 3132013 90  7  5  2  2  2  5  7  5  40.21 50 98.80
72 1 91893212023 71010101317110  7  9  3  4  4  4  5  6  50.21 39 94.30
72 1101893222310 3 0 3272330120  9  4  2  0  2 12  9 15  70.31 29 92.30
72 1111893234337272330271327227 32 22 12  9 15 12  5 12 150.84 22 95.80
72 1121893242720101013101017117 12  7  4  4  5  4  4  6  60.31 27 99.60
72 11318932523 7 3 3 7 71013 73  9  3  2  2  3  3  4  5  40.10 28 99.00
72 1141893262010 3 0 7 31010 63  7  4  2  0  3  2  4  4  30.10 37105.81
72 1151893271327173043504013233  5 12  6 15 32 48 27  5 191.05 40115.40
72 1161894 13033275337574027303 15 18 12 56 22 67 27 12 291.36 37113.51
72 1171894 24040272333374323267 27 27 12  9 18 22 32  9 201.05 45113.91
72 1181894 34037373333402023263 27 22 22 18 18 27  7  9 191.05 54110.90
72 1191894 43027232327332020203 15 12  9  9 12 18  7  7 110.63 61115.91
72 1201894 51327201717302320167  5 12  7  6  6 15  9  7  80.52 69123.00
72 1211894 61717233357532017237  6  6  9 18 67 56  7  6 221.15 78127.90
72 1221894 73340372730434743300 18 27 22 12 15 32 39 32 251.26 89123.20
72 1231894 85353473733274040330 56 56 39 22 18 12 27 27 321.36105136.30
72 1241894 92323233017103720183  9  9  9 15  6  4 22  7 100.63121137.20
72 1251894101737372730333337250  6 22 22 12 15 18 18 22 170.94102131.80
72 1261894113337335330303327277 18 22 18 56 15 15 18 12 221.15 91123.81
72 1271894122030373037303027240  7 15 22 15 22 15 15 12 150.94 92118.90
72 1281894132027273323435347273  7 12 12 18  9 32 56 39 231.15101119.50
72 1291894142337171733373330227  9 22  6  6 18 22 18 15 140.84102116.10
72 1301894153327101313171033157 18 12  4  5  5  6  4 18  90.52 72112.91
72 1311894161723 3 710302313127  6  9  2  3  4 15  9  5  70.31 56111.90
72 2 1189417 3 7172730231020137  2  3  6 12 15  9  4  7  70.42 53106.70
72 2 21894183033372330272317220 15 18 22  9 15 12  9  6 130.84 49106.50
72 2 31894192323 71723372010160  9  9  3  6  9 22  7  4  90.52 42104.80
72 2 41894202730302717 71717170 12 15 15 12  6  3  6  6  90.52 44103.60
72 2 51894211013171710102720123  4  5  6  6  4  4 12  7  60.31 45102.60
72 2 618942210171710 3 72723113  4  6  6  4  2  3 12  9  60.31 40 98.60
72 2 71894232013131010172340147  7  5  5  4  4  6  9 27  80.52 45102.20
72 2 81894242730102017 7 310123 12 15  4  7  6  3  2  4  70.31 54104.30
72 2 918942510 7 3 3 3 72017 70  4  3  2  2  2  3  7  6  40.10 50106.30
72 2101894263027171020173330183 15 12  6  4  7  6 18 15 100.63 52113.61
72 211189427201023302013 713137  7  4  9 15  7  5  3  5  70.31 57118.40
72 2121895 1232310 3 7 3 0 3 73  9  9  4  2  3  2  0  2  40.10 60123.90
72 2131895 2 323134743434040253  2  9  5 39 32 32 27 27 221.15 71126.30
72 2141895 34033302310203040227 27 18 15  9  4  7 15 27 150.94 85136.70
72 2151895 42740332727131723207 12 27 18 12 12  5  6  9 130.73104145.80
72 2161895 53027201720171313157 15 12  7  6  7  6  5  5  80.42129153.20
72 2171895 62020103343435040260  7  7  4 18 32 32 48 27 221.15135168.20
72 2181895 727303013 0 31047160 12 15 15  5  0  2  4 39 120.73144184.41
72 2191895 8532310 327302717190 56  9  4  2 12 15 12  6 140.84158190.60
72 2201895 9373723272713 720190 22 22  9 12 12  5  3  7 120.73157202.51
72 22118951023302020273017 7173  9 15  7  7 12 15  6  3  90.52154189.61
72 222189511 3 317171020 713 90  2  2  6  6  4  7  3  5  40.21157180.41
72 2231895121313101013202323127  5  5  4  4  5  7  9  9  60.31136175.60
72 2241895132030475350474737330  7 15 39 56 48 39 39 22 331.36112164.20
72 2251895143737272030373023240 22 22 12  7 15 22 15  9 160.94 93151.90
72 2261895153017131010 320 7110 15  6  5  4  4  2  7  3  60.31 88149.31
72 227189516 3 0 01310102327 87  2  0  0  5  4  4  9 12  40.21 79140.30
72 22818951717272010 7 31713113  6 12  7  4  3  2  6  5  60.31 85133.20
72 229189518 3 7 7 3 0 3 3 3 30  2  3  3  2  0  2  2  2  20.00 87130.51
72 3 1189519 313102023173330150  2  5  4  7  9  6 18 15  80.42 77125.50
72 3 21895202323131323272733183  9  9  5  5  9 12 12 18 100.63 83129.70
72 3 31895213327403023402720240 18 12 27 15  9 27 12  7 160.94 86131.10
72 3 41895222310272720201013150  9  4 12 12  7  7  4  5  80.42 79137.10
72 3 518952317101310 7102020107  6  4  5  4  3  4  7  7  50.21 69140.80
72 3 618952430271717 7 32073193 15 12  6  6  3  2  7154 261.26 64143.70
72 3 71895256360505343332737367 94 80 48 56 32 18 12 22 451.57 69143.30
72 3 818952633231020274720 7187 18  9  4  7 12 39  7  3 120.73 81141.60
72 3 91895272027173327272313187  7 12  6 18 12 12  9  5 100.63 79137.40
72 3101896 110 010 0 0 3 723 53  4  0  4  0  0  2  3  9  30.00 79132.51
72 3111896 2303027 0 0 320 3113 15 15 12  0  0  2  7  2  70.31 72134.90
72 3121896 3 3 0 0 713 71020 60  2  0  0  3  5  3  4  7  30.10 73128.50
72 3131896 42010173023 7 720133  7  4  6 15  9  3  3  7  70.31 85129.30
72 3141896 520 31713 7 3 313 80  7  2  6  5  3  2  2  5  40.10 98129.70
72 3151896 6 3 3 71013132327100  2  2  3  4  5  5  9 12  50.21110135.30
72 3161896 75050232733201730250 48 48  9 12 18  7  6 15 201.05104133.00
72 3171896 83030233330233737243 15 15  9 18 15  9 22 22 160.94109133.80
72 3181896 94030332010171013173 27 15 18  7  4  6  4  5 110.63104131.90
72 3191896102013 71013 31020 97  7  5  3  4  5  2  4  7  50.21103131.00
72 320189611231317 310101017103  9  5  6  2  4  4  4  6  50.21107135.20
72 3211896122313 71010101020103  9  5  3  4  4  4  4  7  50.21107135.80
72 3221896133030 71717133027170 15 15  3  6  6  5 15 12 100.52102131.20
72 32318961413 7173017132727150  5  3  6 15  6  5 12 12  80.42114140.01
72 3241896153747372727403717267 22 39 22 12 12 27 22  6 201.05109126.60
72 32518961627332017 7132317157 12 18  7  6  3  5  9  6  80.42 98116.40
72 3261896171317132013203740173  5  6  5  7  5  7 22 27 100.63 55110.50
72 3271896184037332017274733253 27 22 18  7  6 12 39 18 191.05 34104.10
72 32818961947372717 7 7 7 7153 39 22 12  6  3  3  3  3 110.73 29101.10
72 3291896202020334033334747273  7  7 18 27 18 18 39 39 221.15 30 96.50
72 3301896215350433030333727303 56 48 32 15 15 18 22 12 271.26 38 98.30
72 3311896223033302017134040223 15 18 15  7  6  5 27 27 150.84 37 95.70
72 4 11896232020402027203750233  7  7 27  7 12  7 22 48 170.94 40 96.00
72 4 218962427502017 3 71313150 12 48  7  6  2  3  5  5 110.63 43 97.30
72 4 3189625 0 7 7 3 3 71327 67  0  3  3  2  2  3  5 12  40.10 43 98.10
72 4 41896263333271743373323247 18 18 12  6 32 22 18  9 170.94 38101.00
72 4 51896274043403333171310230 27 32 27 18 18  6  5  4 170.94 42105.30
72 4 61897 1 7101733332013 7140  3  4  6 18 18  7  5  3  80.42 56118.10
72 4 71897 2 723272727171323163  3  9 12 12 12  6  5  9  80.52 71121.30
72 4 81897 31310 3 710302317113  5  4  2  3  4 15  9  6  60.31 73123.80
72 4 91897 433 3 0 0 3 7 0 0 47 18  2  0  0  2  3  0  0  30.10 79130.50
72 4101897 510171313 7132317113  4  6  5  5  3  5  9  6  50.21 82130.30
72 4111897 6133017 7 7101713113  5 15  6  3  3  4  6  5  60.31 74129.80
72 4121897 71727131723303030187  6 12  5  6  9 15 15 15 100.63 80128.30
72 4131897 83727231727203023203 22 12  9  6 12  7 15  9 120.73 74128.41
72 4141897 9232723201317 717147  9 12  9  7  5  6  3  6  70.42 63125.00
72 4151897102017201320171717140  7  6  7  5  7  6  6  6  60.31 67126.00
72 41618971123231010 7 31323113  9  9  4  4  3  2  5  9  60.31 60124.30
72 4171897122717131010101720123 12  6  5  4  4  4  6  7  60.31 55120.30
72 4181897134347373733303733297 32 39 22 22 18 15 22 18 241.15 59115.70
72 41918971423171737371710 3160  9  6  6 22 22  6  4  2 100.52 58115.40
72 420189715 7 0131717233037143  3  0  5  6  6  9 15 22  80.42 65111.30
72 42118971647403333303327 3247 39 27 18 18 15 18 12  2 191.05 77106.90
72 422189717 3 0 0 317304040133  2  0  0  2  6 15 27 27 100.63 81109.40
72 4231897182317232320101733167  9  6  9  9  7  4  6 18  80.52 83108.40
72 42418971913 717132013 7 7 97  5  3  6  5  7  5  3  3  50.21 82110.20
72 425189720 7 3 3 7 7 7 713 53  3  2  2  3  3  3  3  5  30.10 88111.60
72 426189721 7 7 3 0 3 3 717 47  3  3  2  0  2  2  3  6  30.00 83109.90
72 42718972210 7 7 013372320117  4  3  3  0  5 22  9  7  70.31 63109.01
72 4281897233323333743533313270 18  9 18 22 32 56 18  5 221.15 58103.20
72 4291897243047574050435353373 15 39 67 27 48 32 56 56 421.57 38 98.60
72 4301897255030173030202333233 48 15  6 15 15  7  9 18 170.94 22 97.00
72 5 11897263737402727303327257 22 22 27 12 12 15 18 12 181.05 28 95.00
72 5 21897272733434030232733257 12 18 32 27 15  9 12 18 181.05 39 94.90
72 5 31898 12017172030201310147  7  6  6  7 15  7  5  4  70.42 32 97.70
72 5 41898 213201710201713 3113  5  7  6  4  7  6  5  2  50.21 34102.70
72 5 51898 31717 713 7131330117  6  6  3  5  3  5  5 15  60.31 49108.70
72 5 61898 42013272030232717177  7  5 12  7 15  9 12  6  90.52 68117.60
72 5 71898 520 7 0 3 3 7 713 60  7  3  0  2  2  3  3  5  30.10 79120.91
72 5 81898 6 7 7 3 3101023 7 70  3  3  2  2  4  4  9  3  40.10 78128.81
72 5 91898 71320373027233337220  5  7 22 15 12  9 18 22 140.84 97133.00
72 5101898 82020272320203020180  7  7 12  9  7  7 15  7  90.52 94138.30
72 5111898 9 723132020232023150  3  9  5  7  7  9  7  9  70.42 88140.81
72 5121898102030302723131713173  7 15 15 12  9  5  6  5  90.52 92148.60
72 513189811301317 3 7232330147 15  5  6  2  3  9  9 15  80.42106161.60
72 5141898122317201720171717147  9  6  7  6  7  6  6  6  70.31133162.80
72 51518981313 3101710207763213  5  2  4  6  4  7179 94 381.46123164.60
72 5161898146037232717131313203 80 22  9 12  6  5  5  5 181.05125161.80
72 5171898153023271323271320177 15  9 12  5  9 12  5  7  90.52140169.30
72 5181898163333272717101010167 18 18 12 12  6  4  4  4 100.52133165.50
72 519189817 710 7 7 3 31020 67  3  4  3  3  2  2  4  7  40.10127156.70
72 5201898182010 717 7 3 317 83  7  4  3  6  3  2  2  6  40.10115152.30
72 5211898191310 7 7 3101710 77  5  4  3  3  2  4  6  4  40.10 96148.20
72 522189820202313 7 7101713110  7  9  5  3  3  4  6  5  50.21 79143.30
72 52318982117 7 3 313332327127  6  3  2  2  5 18  9 12  70.42 65135.20
72 524189822232313 3 710 7 3 90  9  9  5  2  3  4  3  2  50.21 58135.50
72 5251898231013171010101723110  4  5  6  4  4  4  6  9  50.21 56127.30
72 5261898242720101310232730160 12  7  4  5  4  9 12 15  80.52 52116.31
72 5271898252013 3 713273030143  7  5  2  3  5 12 15 15  80.42 44114.30
72 5281898263020273340534317263 15  7 12 18 27 56 32  6 221.15 44110.81
72 5291898272327203023231723187  9 12  7 15  9  9  6  9 100.52 58116.20
72 5301899 13030131733373727223 15 15  5  6 18 22 22 12 140.84 79116.80
72 5311899 22737302723231330210 12 22 15 12  9  9  5 15 120.73 85122.50
72 6 11899 32313171313101710117  9  5  6  5  5  4  6  4  60.21 85128.20
72 6 21899 41320131317271320137  5  7  5  5  6 12  5  7  60.31 96130.00
72 6 31899 53320132733332720207 18  7  5 12 18 18 12  7 120.73105137.51
72 6 41899 63020272030373323220 15  7 12  7 15 22 18  9 130.84121149.51
72 6 51899 73030303020172320200 15 15 15 15  7  6  9  7 110.63139164.80
72 6 61899 8 7 3 7 723271730120  3  2  3  3  9 12  6 15  70.31115159.10
72 6 71899 92720131330171323157 12  7  5  5 15  6  5  9  80.42 99152.70
72 6 81899101323131017171717127  5  9  5  4  6  6  6  6  60.31 90150.21
72 6 918991113131020 7 3 310 80  5  5  4  7  3  2  2  4  40.10 79149.11
72 610189912131313 71013 313 87  5  5  5  3  4  5  2  5  40.10 68139.50
72 611189913171010 7 7 310 7 70  6  4  4  3  3  2  4  3  40.10 63143.21
72 612189914 710 3 017 3 313 57  3  4  2  0  6  2  2  5  30.10 52149.70
72 6131899152010 3 3 7101720 90  7  4  2  2  3  4  6  7  40.21 48138.91
72 6141899161717231313273727173  6  6  9  5  5 12 22 12 100.52 62136.50
72 6151899172743231723271713190 12 32  9  6  9 12  6  5 110.73 88139.51
72 6161899181717232023132027160  6  6  9  7  9  5  7 12  80.42 98142.71
72 6171899192727404053676373390 12 12 27 27 56111 94154 621.77105149.60
72 6181899208373706370736040533236154132 94132154 80 271261.98 95149.01
72 61918992143435027272017 7233 32 32 48 12 12  7  6  3 191.05 88143.21
72 6201899224320171317101017147 32  7  6  5  6  4  4  6  90.52 92142.50
72 6211899231010 71013102720107  4  4  3  4  5  4 12  7  50.21100139.01
72 6221899242310272333232737203  9  4 12  9 18  9 12 22 120.73 97135.10
72 6231899252323332727272720207  9  9 18 12 12 12 12  7 110.73 92130.70
72 6241899262713172030404023210 12  5  6  7 15 27 27  9 140.84 88128.50
72 6251899271310131317232017127  5  4  5  5  6  9  7  6  60.31 83125.50
72 6261900 1 730232720331717173  3 15  9 12  7 18  6  6 100.52 77120.80
72 6271900 21720302023375037233  6  7 15  7  9 22 48 22 170.94 79121.91
72 6281900 33727272730233017217 22 12 12 12 15  9 15  6 130.73 81127.30
72 6291900 43323202330232027200 18  9  7  9 15  9  7 12 110.63 78132.40
72 6301900 51013101010 3 3 3 63  4  5  4  4  4  2  2  2  30.10 78134.50
72 7 11900 6 7 0101027132010 97  3  0  4  4 12  5  7  4  50.21 68133.00
72 7 21900 71017 7 713272330133  4  6  3  3  5 12  9 15  70.42 74137.00
72 7 31900 8332320 717131317143 18  9  7  3  6  5  5  6  70.42 82139.90
72 7 41900 91313 7 31313 310 77  5  5  3  2  5  5  2  4  40.10 91146.71
72 7 5190010 7 7 3 3 3 710 7 47  3  3  2  2  2  3  4  3  30.00104150.20
72 7 619001113 7 7 3 3 71020 70  5  3  3  2  2  3  4  7  40.10 95146.10
72 7 71900122023171723303030190  7  9  6  6  9 15 15 15 100.63 91143.20
72 7 819001330333320171310 7163 15 18 18  7  6  5  4  3 100.52 82136.70
72 7 91900141010 72027201323130  4  4  3  7 12  7  5  9  60.31 75127.10
72 7101900152720171020132717150 12  7  6  4  7  5 12  6  70.42 64121.70
72 7111900161013231313102720130  4  5  9  5  5  4 12  7  60.31 62123.61
72 7121900171013172333 7 720130  4  5  6  9 18  3  3  7  70.31 74119.30
72 713190018 713 3 31010 310 60  3  5  2  2  4  4  2  4  30.10 84119.91
72 71419001910 7 7 3 3 71010 57  4  3  3  2  2  3  4  4  30.10 80119.50
72 715190020231313 3 3 71727107  9  5  5  2  2  3  6 12  60.21 61117.60
72 716190021272320 717233020167 12  9  7  3  6  9 15  7  80.52 53115.10
72 7171900222323201013102330153  9  9  7  4  5  4  9 15  80.42 59114.61
72 71819002320201717 713 710110  7  7  6  6  3  5  3  4  50.21 55108.90
72 719190024 717132313203033157  3  6  5  9  5  7 15 18  80.52 66108.90
72 720190025131720201313 7 7110  5  6  7  7  5  5  3  3  50.21 56110.90
72 7211900261010 3 3 0 710 7 50  4  4  2  2  0  3  4  3  30.00 66111.70
72 722190027 7 3 3 310304333133  3  2  2  2  4 15 32 18 100.52 69111.60
72 7231901 11327203027272310177  5 12  7 15 12 12  9  4 100.52 65109.60
72 7241901 2 7 0 73027303757193  3  0  3 15 12 15 22 67 170.94 62109.50
72 7251901 34347474353272050330 32 39 39 32 56 12  7 48 331.36 62112.40
72 7261901 43020433330402330250 15  7 32 18 15 27  9 15 170.94 77120.60
72 7271901 5173733201320 710157  6 22 18  7  5  7  3  4  90.52 82127.20
72 7281901 6171713201010 710103  6  6  5  7  4  4  3  4  50.21 86133.31
72 7291901 7 310 710 3131310 70  2  4  3  4  2  5  5  4  40.10102139.10
72 7301901 8 0 3 3 713201717 80  0  2  2  3  5  7  6  6  40.10108141.21
72 7311901 9101010 3 3 33027 97  4  4  4  2  2  2 15 12  60.31115150.20
72 8 11901103340201717131317170 18 27  7  6  6  5  5  6 100.63103156.30
72 8 219011123171710 7101010103  9  6  6  4  3  4  4  4  50.21 93150.40
72 8 3190112 3101017172013 7 97  2  4  4  6  6  7  5  3  50.21 89147.11
72 8 41901135783704053406790500 67236132 27 56 271114001321.98 85146.00
72 8 51901148383707377877357603236236132154179300154 671822.19 93146.50
72 8 61901157370705347536733467154132132 56 39 56111 18 871.87 85143.40
72 8 71901164743333027402320263 39 32 18 15 12 27  9  7 201.05 65139.01
72 8 819011713 7 3 727232343147  5  3  2  3 12  9  9 32  90.52 60125.30
72 8 91901184767678340433333413 39111111236 27 32 18 18 741.87 59123.80
72 8101901192317273343403040253  9  6 12 18 32 27 15 27 181.05 47118.60
72 8111901203333232333333740257 18 18  9  9 18 18 22 27 170.94 31113.31
72 8121901212323101313231720143  9  9  4  5  5  9  6  7  70.31 50107.60
72 813190122101713 7 3231313100  4  6  5  3  2  9  5  5  50.21 55101.70
72 8141901232317102033232320170  9  6  4  7 18  9  9  7  90.52 40 97.90
72 8151901242020402313132323177  7  7 27  9  5  5  9  9 100.52 42 97.60
72 81619012523172310131313 7120  9  6  9  4  5  5  5  3  60.31 57100.60
72 81719012620 3172020201720137  7  2  6  7  7  7  6  7  60.31 59106.40
72 8181901272017202733303730213  7  6  7 12 18 15 22 15 130.73 57109.60
72 8191902 13037231333373020223 15 22  9  5 18 22 15  7 140.84 57116.20
72 8201902 22020173030373340227  7  7  6 15 15 22 18 27 150.84 60117.90
72 8211902 33333272723273333237 18 18 12 12  9 12 18 18 150.84 62119.50
72 8221902 42320332320101710157  9  7 18  9  7  4  6  4  80.42 85127.31
72 8231902 5 7 710 7 3 3 7 3 47  3  3  4  3  2  2  3  2  30.00 79122.91
72 8241902 6 0 3 710 7 710 0 43  0  2  3  4  3  3  4  0  20.00 82122.60
72 8251902 713 01710 7 7 730 90  5  0  6  4  3  3  3 15  50.21 71127.80
72 8261902 83747471717272727243 22 39 39  6  6 12 12 12 181.05 79137.41
72 8271902 94053434737271313273 27 56 32 39 22 12  5  5 251.26 93144.10
72 8281902101010102727302713153  4  4  4 12 12 15 12  5  80.52118147.21
72 8291902111720131717173023153  6  7  5  6  6  6 15  9  80.42147163.31
72 83019021230 7 32020132017130 15  3  2  7  7  5  7  6  60.31141163.30
72 831190213272327 710131010127 12  9 12  3  4  5  4  4  70.31137154.21
72 9 119021423171317 7 7 713103  9  6  5  6  3  3  3  5  50.21127144.30
72 9 2190215 3 7171317202327127  2  3  6  5  6  7  9 12  60.31 99139.71
72 9 319021623 3 313 3102323103  9  2  2  5  2  4  9  9  50.21 79129.41
72 9 4190217102720 3 3102020113  4 12  7  2  2  4  7  7  60.31 78122.00
72 9 5190218201310 7 7131313 97  7  5  4  3  3  5  5  5  50.21 80117.01
72 9 61902193723231727232320193 22  9  9  6 12  9  9  7 100.63 81119.20
72 9 7190220 323 3202013 713103  2  9  2  7  7  5  3  5  50.21 73110.40
72 9 81902212323202323202027180  9  9  7  9  9  7  7 12  90.52 71115.90
72 9 91902221327202720 7 727147  5 12  7 12  7  3  3 12  80.42 59112.90
72 9101902232323273330374317233  9  9 12 18 15 22 32  6 150.94 46107.20
72 9111902241723333727172313190  6  9 18 22 12  6  9  5 110.63 43102.70
72 9121902251327201710 7 7 3103  5 12  7  6  4  3  3  2  50.21 36100.60
72 9131902261017271367577357320  4  6 12  5111 67154 67 531.67 32 94.60
72 9141902276780471317334033330111207 39  5  6 18 27 18 541.67 37 99.50
72 9151903 13347375040302333293 18 39 22 48 27 15  9 18 241.26 45103.40
72 9161903 23330372717374340263 18 15 22 12  6 22 32 27 191.05 53103.10
72 9171903 35040433733332740303 48 27 32 22 18 18 12 27 261.26 44100.30
72 9181903 43337374017132313213 18 22 22 27  6  5  9  5 140.84 38102.60
72 9191903 5302723 3 3 3 3 3 97 15 12  9  2  2  2  2  2  60.31 33106.20
72 9201903 6 320 717 7 310 7 73  2  7  3  6  3  2  4  3  40.10 47113.20
72 9211903 71710 3 7 3 3 0 0 43  6  4  2  3  2  2  0  0  20.00 60113.41
72 9221903 8 0 71310 7202017 93  0  3  5  4  3  7  7  6  40.21 69119.41
72 9231903 9 713103343302733197  3  5  4 18 32 15 12 18 130.84 65125.21
72 9241903103027302327403733247 15 12 15  9 12 27 22 18 160.94 77126.80
72 92519031120232020 7 7 720123  7  9  7  7  3  3  3  7  60.31 82126.31
72 9261903121327172023171717150  5 12  6  7  9  6  6  6  70.42 78122.51
72 92719031327301717171717 7147 12 15  6  6  6  6  6  3  80.42 77118.31
72 9281903142717101717103030157 12  6  4  6  6  4 15 15  80.52 67116.40
72 9291903153737372733435037300 22 22 22 12 18 32 48 22 251.26 70115.20
72 930190316303320 7 3102020143 15 18  7  3  2  4  7  7  80.42 75118.50
7210 1190317302717 7 7101320130 15 12  6  3  3  4  5  7  70.31 70114.71
7210 21903181713 7 310 72720103  6  5  3  2  4  3 12  7  50.21 65108.41
7210 31903191710 7 3 3101023 83  6  4  3  2  2  4  4  9  40.10 73107.30
7210 419032033172323 7 7 7 3120 18  6  9  9  3  3  3  2  70.31 73103.30
7210 5190321 3 0 0 3 0 313 7 30  2  0  0  2  0  2  5  3  20.00 67100.60
7210 6190322 0 0 0 3 0 31013 30  0  0  0  2  0  2  4  5  20.00 57 98.40
7210 7190323 0 3 02310 73040113  0  2  0  9  4  3 15 27  80.42 54 96.10
7210 819032430 0 0 0 3 723 3 67 15  0  0  0  2  3  9  2  40.10 52 97.20
7210 9190325 0 3 7 013132720 83  0  2  3  0  5  5 12  7  40.10 34100.50
7210101903262010101720201723137  7  4  4  6  7  7  6  9  60.31 30 94.70
7210111903274743403033271010240 39 32 27 15 18 12  4  4 191.05 34 93.51
7210121904 11010102740474747237  4  4  4 12 27 39 39 39 211.15 23 94.70
7210131904 24733274030233740277 39 18 12 27 15  9 22 27 211.15 15 94.50
7210141904 34340434340432030303 32 27 32 32 27 32  7 15 261.26  8 97.00
7210151904 41327131720132327153  5 12  5  6  7  5  9 12  80.42 14102.11
7210161904 53037232327301017197 15 22  9  9 12 15  4  6 120.73 34106.20
7210171904 613 3 0 3 0 0 7 7 33  5  2  0  2  0  0  3  3  20.00 30112.11
7210181904 7 313202713332043173  2  5  7 12  5 18  7 32 110.63 28111.00
7210191904 85753504333373720330 67 56 48 32 18 22 22  7 341.36 44117.11
7210201904 93033333023273323233 15 18 18 15  9 12 18  9 140.84 60122.20
7210211904101727403033403020237  6 12 27 15 18 27 15  7 160.94 69132.81
7210221904113017273020333033220 15  6 12 15  7 18 15 18 130.84 78141.70
7210231904123730373330303037263 22 15 22 18 15 15 15 22 181.05 85151.21
7210241904133330232020302023200 18 15  9  7  7 15  7  9 110.63 94156.50
7210251904141010202723101017127  4  4  7 12  9  4  4  6  60.31105171.80
7210261904151027302317131720157  4 12 15  9  6  5  6  7  80.42111170.01
72102719041633 3101320202017137 18  2  4  5  7  7  7  6  70.42110167.61
7210281904172733373313 3 320170 12 18 22 18  5  2  2  7 110.63104159.11
7210291904182733502730403033270 12 18 48 12 15 27 15 18 211.15 89  0.03
7210301904194040403743231027260 27 27 27 22 32  9  4 12 201.05 98144.61
721031190420271710 310536747233 12  6  4  2  4 56111 39 291.36 93140.11
7211 11904217780776353204740457179207179 94 56  7 39 27 981.98 75129.90
7211 21904225753373330535053367 67 56 22 18 15 56 48 56 421.57 67121.81
7211 319042353332717 3 31313163 56 18 12  6  2  2  5  5 130.84 49113.90
7211 41904241720 717 3171327120  6  7  3  6  2  6  5 12  60.31 30115.80
7211 51904251310 3 710 7 310 63  5  4  2  3  4  3  2  4  30.10 23102.60
7211 61904262023 72720202017153  7  9  3 12  7  7  7  6  70.42 19 93.20
7211 7190427 317233017102020140  2  6  9 15  6  4  7  7  70.42  8 85.70
7211 81905 12320102017131327143  9  7  4  7  6  5  5 12  70.31  7 82.50
7211 91905 22013171317232717147  7  5  6  5  6  9 12  6  70.42 14 82.30
7211101905 31317 7 71310 713 87  5  6  3  3  5  4  3  5  40.10 12 84.70
7211111905 43010101027232010140 15  4  4  4 12  9  7  4  70.42 30 88.30
7211121905 5131730201017 3 3113  5  6 15  7  4  6  2  2  60.31 33 88.70
7211131905 6131010 3 3 71010 67  5  4  4  2  2  3  4  4  40.10 30 86.70
7211141905 7 7 710 31013 717 73  3  3  4  2  4  5  3  6  40.10 27 85.10
7211151905 82027172740403340243  7 12  6 12 27 27 18 27 170.94 21 86.50
7211161905 94053434047403040333 27 56 32 27 39 27 15 27 311.36 25 89.60
7211171905102727172723333027210 12 12  6 12  9 18 15 12 120.73 32 91.50
7211181905112720271723302013177 12  7 12  6  9 15  7  5  90.52 28 94.60
7211191905123027302320202727203 15 12 15  9  7  7 12 12 110.63 42 99.70
7211201905134337334743473723310 32 22 18 39 32 39 22  9 271.26 58109.40
72112119051437332313 7102017160 22 18  9  5  3  4  7  6  90.52 65109.31
7211221905152013102030473327200  7  5  4  7 15 39 18 12 130.84 69110.91
7211231905163023131330372320190 15  9  5  5 15 22  9  7 110.63 79115.31
72112419051723231313 3 31013103  9  9  5  5  2  2  4  5  50.21 77115.41
7211251905181717132320132733163  6  6  5  9  7  5 12 18  80.52 65112.70
7211261905195027233023202010203 48 12  9 15  9  7  7  4 140.84 57108.60
7211271905203020131017333327183 15  7  5  4  6 18 18 12 110.63 55102.30
7211281905213327131337332320200 18 12  5  5 22 18  9  7 120.73 61 97.50
7211291905223037171313172320170 15 22  6  5  5  6  9  7  90.52 47 92.70
72113019052320 3 0 310 72323 90  7  2  0  2  4  3  9  9  40.21 43 95.10
7212 1190524302717 7 310 7 3103 15 12  6  3  2  4  3  2  60.31 40 91.10
7212 2190525 7131313 3232010103  3  5  5  5  2  9  7  4  50.21 31 89.40
7212 31905262023171010132320137  7  9  6  4  4  5  9  7  60.31 28 85.20
7212 419052713132010 7 7 7 7 83  5  5  7  4  3  3  3  3  40.10 24 82.30
7212 51906 1 3 0 3 0 0 3 313 27  2  0  2  0  0  2  2  5  20.00 21 80.40
7212 61906 2 7 7 3 3 0 71310 50  3  3  2  2  0  3  5  4  30.00 18 77.80
7212 71906 320232730272723 3180  7  9 12 15 12 12  9  2 100.52 24 87.10
7212 81906 4 320102013202023130  2  7  4  7  5  7  7  9  60.31 29 91.61
7212 91906 513 0 7 3 3101320 70  5  0  3  2  2  4  5  7  40.10 42 94.71
7212101906 613 710 0 0 0 7 3 40  5  3  4  0  0  0  3  2  20.00 53 97.21
7212111906 717 7 3 7 7 7 310 60  6  3  2  3  3  3  2  4  30.10 61105.11
7212121906 810 7 7 717132340123  4  3  3  3  6  5  9 27  80.42 64108.90
7212131906 95340373737473740327 56 27 22 22 22 39 22 27 301.36 67111.21
7212141906102727171330271710167 12 12  6  5 15 12  6  4  90.52 69114.81
7212151906111027304037234367277  4 12 15 27 22  9 32111 291.36 71116.11
7212161906124350474337374740343 32 48 39 32 22 22 39 27 331.36 66110.20
7212171906133027273733232317217 15 12 12 22 18  9  9  6 130.73 71111.90
7212181906142020172027271720167  7  7  6  7 12 12  6  7  80.42 58112.40
7212191906151717131013271730143  6  6  5  4  5 12  6 15  70.42 49113.20
72122019061613201013 7 31010 87  5  7  4  5  3  2  4  4  40.10 54111.40
721221190617 3 0 0 310 0 310 30  2  0  0  2  4  0  2  4  20.00 67113.41
72122219061810 3 72033334043190  4  2  3  7 18 18 27 32 140.84 59107.91
7212231906195050433027335030313 48 48 32 15 12 18 48 15 301.36 57106.20
7212241906204733372713 7 0 7170 39 18 22 12  5  3  0  3 130.73 48101.10
72122519062113 3 3 7 7 71323 77  5  2  2  3  3  3  5  9  40.10 43103.31
721226190622 31710132313 710 97  2  6  4  5  9  5  3  4  50.21 39 97.70
7212271906231017 3 0 0 0 3 3 37  4  6  2  0  0  0  2  2  20.00 34 97.60
721228190624 010 01020132317 93  0  4  0  4  7  5  9  6  40.21 26 91.90
7212291906253037301720372733230 15 22 15  6  7 22 12 18 150.84 25 92.81
7212301906263330273723234343260 18 15 12 22  9  9 32 32 191.05 29 92.01
7212311906271733303323172037210  6 18 15 18  9  6  7 22 130.73 37 94.30
