76 1 119471613 7101720 710 7 90  5  3  4  6  7  3  4  3  40.21  0 72.10
76 1 2194717 013101010102013 87  0  5  4  4  4  4  7  5  40.10  0 71.20
76 1 31947182020232337274040230  7  7  9  9 22 12 27 27 150.84  0 71.30
76 1 41947192730271323232723193 12 15 12  5  9  9 12  9 100.63  0 71.80
76 1 51947202330232713172320177  9 15  9 12  5  6  9  7  90.52  0 71.90
76 1 61947211727201020303743203  6 12  7  4  7 15 22 32 130.84  0 71.70
76 1 71947224030232020271717193 27 15  9  7  7 12  6  6 110.63  0 71.60
76 1 8194723 317101313132023113  2  6  4  5  5  5  7  9  50.21  0 70.90
76 1 9194724131710 7 7 7 310 73  5  6  4  3  3  3  2  4  40.10  0 69.40
76 1101947251310233740507070313  5  4  9 22 27 48132132 471.57  0 70.50
76 1111947267350331020334350313154 48 18  4  7 18 32 48 411.57  0 72.10
76 1121947274723232320272730220 39  9  9  9  7 12 12 15 140.84 20 76.90
76 1131948 12337171717172020167  9 22  6  6  6  6  7  7  90.52 26 80.00
76 1141948 22727302730272323213 12 12 15 12 15 12  9  9 120.73 34 82.11
76 1151948 313 0 0 720302727123  5  0  0  3  7 15 12 12  70.31 20 80.40
76 1161948 43020131313233337183 15  7  5  5  5  9 18 22 110.63 22 78.10
76 1171948 52337272317174037220  9 22 12  9  6  6 27 22 140.84 22 76.60
76 1181948 62727302710 32720170 12 12 15 12  4  2 12  7 100.52 20 76.70
76 1191948 72023102023232323167  7  9  4  7  9  9  9  9  80.42 18 75.20
76 1201948 8272720 717332333187 12 12  7  3  6 18  9 18 110.63 16 74.60
76 1211948 93340333730433720273 18 27 18 22 15 32 22  7 201.05 11 72.10
76 1221948103347202343404340290 18 39  7  9 32 27 32 27 241.26 10 70.90
76 1231948114330333740402727277 32 15 18 22 27 27 12 12 211.15 10 70.20
76 1241948123033473730373040283 15 18 39 22 15 22 15 27 221.15  0 68.50
76 1251948133023202337302317203 15  9  7  9 22 15  9  6 120.73  0 68.20
76 126194814 723101717171010110  3  9  4  6  6  6  4  4  50.21  0 68.20
76 127194815101730131310 713113  4  6 15  5  5  4  3  5  60.31  7 67.20
76 1281948161310131710101313100  5  4  5  6  4  4  5  5  50.21  0 67.10
76 1291948171723231717 7 3 7113  6  9  9  6  6  3  2  3  60.21  8 67.40
76 130194818 3 010 720303337140  2  0  4  3  7 15 18 22  90.52  8 68.90
76 1311948192743303053433750313 12 32 15 15 56 32 22 48 291.36  0 69.10
76 2 11948204037303740334343303 27 22 15 22 27 18 32 32 241.26  0 68.60
76 2 21948213730302333474030270 22 15 15  9 18 39 27 15 201.05  0 68.60
76 2 31948223723403327232730240 22  9 27 18 12  9 12 15 160.94  0 68.40
76 2 41948233320202323303033213 18  7  7  9  9 15 15 18 120.73  0 68.40
76 2 51948241717 72023272033163  6  6  3  7  9 12  7 18  80.52  0 67.60
76 2 61948253330231310171320160 18 15  9  5  4  6  5  7  90.52  0 68.10
76 2 71948261720 75343404033253  6  7  3 56 32 27 27 18 221.15  0 69.30
76 2 81948274327334347534040327 32 12 18 32 39 56 27 27 301.36  0 68.40
76 2 91949 14337333737374043307 32 22 18 22 22 22 27 32 251.26  0 68.30
76 2101949 24333373333335037300 32 18 22 18 18 18 48 22 241.26  0 68.50
76 2111949 32017273030202343210  7  6 12 15 15  7  9 32 130.73  0 68.40
76 2121949 43033332323333043250 15 18 18  9  9 18 15 32 170.94  0 67.80
76 2131949 55033233337303040277 48 18  9 18 22 15 15 27 221.15 13 69.70
76 2141949 63047303337332020250 15 39 15 18 22 18  7  7 181.05 16 69.90
76 2151949 71713202027272317163  6  5  7  7 12 12  9  6  80.42 18 69.60
76 2161949 81310132010102717120  5  4  5  7  4  4 12  6  60.31 11 69.70
76 2171949 91320202727333343217  5  7  7 12 12 18 18 32 140.84  8 69.90
76 2181949104737403737202340280 39 22 27 22 22  7  9 27 221.15 15 70.10
76 2191949113340403340404043310 18 27 27 18 27 27 27 32 251.26 10 70.10
76 2201949123330404033372337273 18 15 27 27 18 22  9 22 201.05 12 70.00
76 2211949133333234023303027240 18 18  9 27  9 15 15 12 150.94  8 68.80
76 2221949143733233330202720223 22 18  9 18 15  7 12  7 140.84  7 68.90
76 2231949152020171317 7 0 0 93  7  7  6  5  6  3  0  0  40.10  0 69.20
76 224194916 3 7101010 7 7 3 57  2  3  4  4  4  3  3  2  30.10  0 69.60
76 22519491710171313 31313 3 87  4  6  5  5  2  5  5  2  40.10  0 68.40
76 2261949181017232327171733167  4  6  9  9 12  6  6 18  90.52  0 68.50
76 2271949193023273050534747307 15  9 12 15 48 56 39 39 291.36  7 68.50
76 2281949203733332730374040277 22 18 18 12 15 22 27 27 201.05  0 67.90
76 2291949215360472723273750323 56 80 39 12  9 12 22 48 351.46  0 67.40
76 3 11949223740303037302737267 22 27 15 15 22 15 12 22 191.05  0 67.70
76 3 21949233047373340505050337 15 39 22 18 27 48 48 48 331.36  0 68.10
76 3 31949244040403340434347327 27 27 27 18 27 32 32 39 291.36  0 67.40
76 3 41949254330202723232317207 32 15  7 12  9  9  9  6 120.73  0 67.40
76 3 51949262027303020232050220  7 12 15 15  7  9  7 48 150.84  0 67.60
76 3 61949273337333337504760330 18 22 18 18 22 48 39 80 331.36 10 67.50
76 3 71950 14737333733503740313 39 22 18 22 18 48 22 27 271.26 12 67.90
76 3 81950 25760574343373040367 67 80 67 32 32 22 15 27 431.57  7 67.90
76 3 91950 34050403747435053360 27 48 27 22 39 32 48 56 371.46 10 68.20
76 3101950 44350333740474050340 32 48 18 22 27 39 27 48 331.36 12 68.40
76 3111950 54740304340434033317 39 27 15 32 27 32 27 18 271.26 13 68.80
76 3121950 64747404333303337310 39 39 27 32 18 15 18 22 261.26 13 68.90
76 3131950 74023232023172727200 27  9  9  7  9  6 12 12 110.73 13 70.90
76 3141950 84743272320131017200 39 32 12  9  7  5  4  6 140.84 22 70.10
76 3151950 92027302330372740233  7 12 15  9 15 22 12 27 150.84 16 69.10
76 3161950103337372333334323263 18 22 22  9 18 18 32  9 181.05 11 72.50
76 3171950114030403727203043267 27 15 27 22 12  7 15 32 201.05 30 74.41
76 3181950123717203717133730207 22  6  7 22  6  5 22 15 130.84 43 79.00
76 3191950132327372723172713193  9 12 22 12  9  6 12  5 110.63 47 81.61
76 32019501420233023301710 7160  7  9 15  9 15  6  4  3  80.52 48 85.00
76 321195015 7101720271710 3110  3  4  6  7 12  6  4  2  60.21 44 91.20
76 322195016 3 3 713 7 7 7 3 50  2  2  3  5  3  3  3  2  30.10 36 83.00
76 323195017 0 0101717132717100  0  0  4  6  6  5 12  6  50.21 26 86.90
76 324195018231310 0 3 01010 70  9  5  4  0  2  0  4  4  40.10 22 82.21
76 325195019 7 310 313132023 93  3  2  4  2  5  5  7  9  50.21 22 85.10
76 3261950204373807380807057557 32154207154207207132 671452.09 38 84.11
76 3271950216043372340435043340 80 32 22  9 27 32 48 32 351.46 45 85.50
76 3281950223743301027273017220 22 32 15  4 12 12 15  6 150.84 43 87.11
76 329195023405040231317 710200 27 48 27  9  5  6  3  4 160.94 38 84.00
76 3301950241310272027273733193  5  4 12  7 12 12 22 18 120.73 32 82.40
76 3311950253017272023172710170 15  6 12  7  9  6 12  4  90.52 26 82.70
76 4 11950266383838360433327477 94236236236 80 32 18 121181.98 23 79.60
76 4 2195027403323 710233047213 27 18  9  3  4  9 15 39 160.94 23 76.80
76 4 31951 14053532040475063367 27 56 56  7 27 39 48 94 441.57 21 76.10
76 4 41951 25340434740432737330 56 27 32 39 27 32 12 22 311.36 13 74.70
76 4 51951 34047434037304733317 27 39 32 27 22 15 39 18 271.26 12 73.00
76 4 61951 44747434337334340333 39 39 32 32 22 18 32 27 301.36  9 71.30
76 4 71951 54037473350273347313 27 22 39 18 48 12 18 39 281.26  0 70.30
76 4 81951 64733232727173023227 39 18  9 12 12  6 15  9 150.84  0 71.90
76 4 91951 74337171730332730233 32 22  6  6 15 18 12 15 160.94  8 74.10
76 4101951 83340272330201313200 18 27 12  9 15  7  5  5 120.73 10 75.30
76 4111951 92720173330202737210 12  7  6 18 15  7 12 22 120.73 15 77.10
76 4121951102027372713101320167  7 12 22 12  5  4  5  7  90.52 17 78.10
76 4131951113727202723173330213 22 12  7 12  9  6 18 15 130.73 17 79.60
76 4141951122727332733372733243 12 12 18 12 18 22 12 18 160.94 19 79.50
76 41519511317 7 71010131017 90  6  3  3  4  4  5  4  6  40.21 19 79.20
76 4161951142727231713 71323150 12 12  9  6  5  3  5  9  80.42 19 80.60
76 417195115132713 7 71720 0103  5 12  5  3  3  6  7  0  50.21 22 80.50
76 418195116 0 3 710 3 3 3 3 33  0  2  3  4  2  2  2  2  20.00 27 80.50
76 41919511713 7 723101713 3 93  5  3  3  9  4  6  5  2  50.21 27 79.80
76 420195118 3 3 3 7 7 3 7 3 37  2  2  2  3  3  2  3  2  20.00 30 80.00
76 421195119 3 3102320131017100  2  2  4  9  7  5  4  6  50.21 37 78.00
76 4221951202737473730233033263 12 22 39 22 15  9 15 18 191.05 20 76.21
76 4231951213327131717131013143 18 12  5  6  6  5  4  5  80.42 17 75.70
76 4241951221337333030234030237  5 22 18 15 15  9 27 15 160.94 16 76.80
76 4251951232333231013172027167  9 18  9  4  5  6  7 12  90.52 17 75.70
76 4261951241713131313201017117  6  5  5  5  5  7  4  6  50.21 26 75.70
76 4271951253333231317132330187 18 18  9  5  6  5  9 15 110.63 23 74.60
76 4281951263023331013232327183 15  9 18  4  5  9  9 12 100.63 21 73.40
76 4291951272027132330404343240  7 12  5  9 15 27 32 32 170.94 24 79.60
76 4301952 12333332320172313187  9 18 18  9  7  6  9  5 100.63 32 79.51
76 5 11952 23317171317232730177 18  6  6  5  6  9 12 15 100.52 30 77.60
76 5 21952 34037204057377077377 27 22  7 27 67 22132179 601.77 23 74.20
76 5 31952 48377677053433723453236179111132 56 32 22  9 971.98 25 71.90
76 5 41952 52337373030434330273  9 22 22 15 15 32 32 15 201.05  8 71.50
76 5 51952 64340232327132023213 32 27  9  9 12  5  7  9 140.84 21 71.10
76 5 61952 72330232017131327167  9 15  9  7  6  5  5 12  80.52 10 69.90
76 5 71952 83723171713201730173 22  9  6  6  5  7  6 15 100.52 10 70.30
76 5 81952 93330231327201713177 18 15  9  5 12  7  6  5 100.52  9 70.20
76 5 9195210271710 3 710 3 7 83 12  6  4  2  3  4  2  3  40.21  8 70.60
76 510195211 3201310203017 7120  2  7  5  4  7 15  6  3  60.31 10 71.70
76 5111952122023302020233730203  7  9 15  7  7  9 22 15 110.73 16 72.50
76 5121952133017202013171317147 15  6  7  7  5  6  5  6  70.42 17 72.60
76 5131952141317171023201713130  5  6  6  4  9  7  6  5  60.31 23 73.60
76 514195215131310 01710 7 3 73  5  5  4  0  6  4  3  2  40.10 30 74.20
76 515195216 713 3 32017 730100  3  5  2  2  7  6  3 15  50.21 17 76.90
76 5161952172020 7201310 7 3100  7  7  3  7  5  4  3  2  50.21 12 79.20
76 517195218 3101013 7 31010 67  2  4  4  5  3  2  4  4  40.10 18 76.50
76 518195219 3 0 0 71010 7 7 43  2  0  0  3  4  4  3  3  20.00  8 75.61
76 519195220 7 7 7 710334043153  3  3  3  3  4 18 27 32 120.73 20 73.80
76 5201952213743372723234327260 22 32 22 12  9  9 32 12 191.05 20 73.00
76 5211952223327171727232723193 18 12  6  6 12  9 12  9 100.63 13 74.00
76 5221952232320331723233330203  9  7 18  6  9  9 18 15 110.73  7 72.50
76 5231952241010433337332720213  4  4 32 18 22 18 12  7 150.84 15 71.90
76 52419522520201717 717 723127  7  7  6  6  3  6  3  9  60.31  8 70.80
76 52519522627272317172327 7167 12 12  9  6  6  9 12  3  90.52  0 69.80
76 5261952271717 71313232010120  6  6  3  5  5  9  7  4  60.31  7 69.50
76 5271953 1 020132013101710103  0  7  5  7  5  4  6  4  50.21  0 69.60
76 5281953 22330373030302717223  9 15 22 15 15 15 12  6 140.84  0 69.00
76 5291953 33030203020275350260 15 15  7 15  7 12 56 48 221.15  0 68.00
76 5301953 44030234327203330247 27 15  9 32 12  7 18 15 170.94  0 68.10
76 5311953 52027271323172027173  7 12 12  5  9  6  7 12  90.52  0 68.70
76 6 11953 6 710171317132723127  3  4  6  5  6  5 12  9  60.31  0 68.40
76 6 21953 71720231713231710140  6  7  9  6  5  9  6  4  60.31  0 67.90
76 6 31953 81717 71317204737173  6  6  3  5  6  7 39 22 120.73  0 68.10
76 6 41953 94053273037172027250 27 56 12 15 22  6  7 12 201.05  0 68.40
76 6 51953102737334043302733270 12 22 18 27 32 15 12 18 201.05  0 68.70
76 6 61953112020232020201723163  7  7  9  7  7  7  6  9  70.42  0 69.30
76 6 71953122727332727231737217 12 12 18 12 12  9  6 22 130.73  0 69.00
76 6 81953132323233013172317170  9  9  9 15  5  6  9  6  80.52 10 70.70
76 6 919531410171310 3 310 7 73  4  6  5  4  2  2  4  3  40.10 10 70.10
76 610195315 713101317131027110  3  5  4  5  6  5  4 12  60.21  7 71.00
76 6111953164353403747302723300 32 56 27 22 39 15 12  9 261.26  7 71.40
76 6121953171313132723271710143  5  5  5 12  9 12  6  4  70.42  8 71.70
76 613195318101723 313 3 313 87  4  6  9  2  5  2  2  5  40.21  8 72.00
76 6141953191013 3 3 3 3 7 7 50  4  5  2  2  2  2  3  3  30.10 15 73.70
76 615195320 3 0 3 0 3 71730 63  2  0  2  0  2  3  6 15  40.10 18 74.30
76 61619532117201017 3 71017100  6  7  4  6  2  3  4  6  50.21 15 77.10
76 6171953221720274733232727220  6  7 12 39 18  9 12 12 140.84 18 77.10
76 6181953233737474333232330273 22 22 39 32 18  9  9 15 211.15 24 77.90
76 619195324 71313131310 7 7 83  3  5  5  5  5  4  3  3  40.10 23 76.90
76 62019532513101320171713 7110  5  4  5  7  6  6  5  3  50.21 20 76.90
76 621195326 3 7 7 713 717 3 63  2  3  3  3  5  3  6  2  30.10 30 77.70
76 622195327 3 310 713 7 7 7 57  2  2  4  3  5  3  3  3  30.10 31 78.90
76 6231954 12013101010 7 710 87  7  5  4  4  4  3  3  4  40.10 22 76.50
76 6241954 2 717131310375047193  3  6  5  5  4 22 48 39 160.94 25 75.20
76 6251954 34330372727333327257 32 15 22 12 12 18 18 12 181.05 18 74.90
76 6261954 42010 71010103327127  7  4  3  4  4  4 18 12  70.42 17 74.30
76 6271954 52020231320131313137  7  7  9  5  7  5  5  5  60.31  9 72.80
76 6281954 6201017 7 7132317113  7  4  6  3  3  5  9  6  50.21 11 71.80
76 6291954 710131313 32020 7100  4  5  5  5  2  7  7  3  50.21 11 71.30
76 6301954 82027436723303737283  7 12 32111  9 15 22 22 291.36 10 70.30
76 7 11954 93347334027272020247 18 39 18 27 12 12  7  7 181.05  9 69.30
76 7 21954103017232327231717177 15  6  9  9 12  9  6  6  90.52  8 69.10
76 7 31954111030273323331730203  4 15 12 18  9 18  6 15 120.73 10 69.50
76 7 41954122020373330333713223  7  7 22 18 15 18 22  5 140.84  8 68.60
76 7 51954131013171720201313123  4  5  6  6  7  7  5  5  60.31  8 69.50
76 7 61954143013201313101010120 15  5  7  5  5  4  4  4  60.31 10 69.60
76 7 7195415302713301717 723163 15 12  5 15  6  6  3  9  90.52  7 69.50
76 7 81954161727231737274027213  6 12  9  6 22 12 27 12 130.84  0 69.70
76 7 91954173337172320231717187 18 22  6  9  7  9  6  6 100.63  0 69.70
76 7101954181323202010101313123  5  9  7  7  4  4  5  5  60.31  0 70.10
76 71119541910101010 7101313 83  4  4  4  4  3  4  5  5  40.10  0 70.20
76 712195420201710 713101320110  7  6  4  3  5  4  5  7  50.21  0 69.80
76 713195421131317 710 7 713 87  5  5  6  3  4  3  3  5  40.10  0 69.80
76 71419542213202320201310 7127  5  7  9  7  7  5  4  3  60.31  0 70.70
76 7151954231717202017435737227  6  6  7  7  6 32 67 22 191.05  0 71.40
76 7161954243030432730303323247 15 15 32 12 15 15 18  9 160.94  0 69.80
76 7171954251317101010131717107  5  6  4  4  4  5  6  6  50.21  0 69.40
76 718195426132020 3 7102320117  5  7  7  2  3  4  9  7  60.21  0 70.60
76 71919542727102010131710 3110 12  4  7  4  5  6  4  2  60.21  0 70.20
76 7201955 11313131010 7 7 7 80  5  5  5  4  4  3  3  3  40.10  0 69.40
76 7211955 213 7 0131710 0 0 60  5  3  0  5  6  4  0  0  30.10  0 70.10
76 7221955 31710201713 3 3 7 90  6  4  7  6  5  2  2  3  40.21  0 70.10
76 7231955 417171010201310 3100  6  6  4  4  7  5  4  2  50.21  0 68.70
76 7241955 5 3 3 0 713132320 83  2  2  0  3  5  5  9  7  40.10  0 69.40
76 7251955 63723201727171023173 22  9  7  6 12  6  4  9  90.52  0 68.80
76 7261955 727 7 0 0 7 31017 70 12  3  0  0  3  2  4  6  40.10  0 68.50
76 7271955 8 713 72717133030143  3  5  3 12  6  5 15 15  80.42  0 69.40
76 7281955 93327373033303723250 18 12 22 15 18 15 22  9 160.94  0 69.40
76 7291955104037303727272733257 27 22 15 22 12 12 12 18 181.05  0 69.40
76 7301955112737374043232730263 12 22 22 27 32  9 12 15 191.05  0 70.70
76 7311955121713232023201720153  6  5  9  7  9  7  6  7  70.42  0 72.30
76 8 1195513 720231310172737153  3  7  9  5  4  6 12 22  80.52 10 75.90
76 8 21955143030202317 7 313143 15 15  7  9  6  3  2  5  80.42 16 77.80
76 8 31955151327271320371720173  5 12 12  5  7 22  6  7 100.52 17 82.30
76 8 41955162313101013101013103  9  5  4  4  5  4  4  5  50.21 13 82.30
76 8 519551720 7 71017271310110  7  3  3  4  6 12  5  4  60.21 16 84.20
76 8 61955181720201010101310110  6  7  7  4  4  4  5  4  50.21 14 84.30
76 8 7195519 010201723 31023107  0  4  7  6  9  2  4  9  50.21 24 83.70
76 8 81955201720 7 3 3102010 90  6  7  3  2  2  4  7  4  40.21 27 82.00
76 8 91955211317433333 71023180  5  6 32 18 18  3  4  9 120.73 31 82.80
76 810195522303717231717 317160 15 22  6  9  6  6  2  6  90.52 24 82.80
76 81119552320172317 7 710 0100  7  6  9  6  3  3  4  0  50.21 23 80.40
76 812195524 7 3 0 710101713 67  3  2  0  3  4  4  6  5  30.10 28 80.60
76 813195525 3 7 320 3 7 7 7 57  2  3  2  7  2  3  3  3  30.10 26 78.70
76 814195526 710 32323 7 3 7 83  3  4  2  9  9  3  2  3  40.21 15 73.40
76 815195527 0 0 0 710 71010 43  0  0  0  3  4  3  4  4  20.00  8 72.80
76 8161956 1 017 72030201720130  0  6  3  7 15  7  6  7  60.31 15 72.90
76 8171956 22710 0 3 7171017 90 12  4  0  2  3  6  4  6  50.21 19 77.80
76 8181956 31717 31013 31313 90  6  6  2  4  5  2  5  5  40.21 22 78.20
76 8191956 41317231323131310127  5  6  9  5  9  5  5  4  60.31 25 76.10
76 8201956 51720131710101313113  6  7  5  6  4  4  5  5  50.21 20 74.50
76 8211956 6 7 7272313202727150  3  3 12  9  5  7 12 12  80.42 17 73.20
76 8221956 72713 3171313 710103 12  5  2  6  5  5  3  4  50.21  8 72.30
76 8231956 81720404343503757307  6  7 27 32 32 48 22 67 301.36  9 70.80
76 8241956 94037335737373020290 27 22 18 67 22 22 15  7 251.26 15 70.90
76 8251956104340404037373730303 32 27 27 27 22 22 22 15 241.26 10 70.60
76 8261956113740403030233030260 22 27 27 15 15  9 15 15 181.05 14 70.10
76 8271956123017174317203327203 15  6  6 32  6  7 18 12 130.73  7 71.50
76 82819561323202323273333 3187  9  7  9  9 12 18 18  2 100.63  8 72.80
76 8291956141323232010131720140  5  9  9  7  4  5  6  7  60.31  9 73.30
76 8301956152020 71313101327123  7  7  3  5  5  4  5 12  60.31 10 73.00
76 831195616 010131313202020110  0  4  5  5  5  7  7  7  50.21  9 73.80
76 9 11956172727201320302723187 12 12  7  5  7 15 12  9 100.63 17 76.30
76 9 21956183347504333272723283 18 39 48 32 18 12 12  9 241.15 20 75.30
76 9 31956192730232313202730193 12 15  9  9  5  7 12 15 100.63 12 75.70
76 9 41956203333302033301733230 18 18 15  7 18 15  6 18 140.84 11 75.90
76 9 51956214023202317171020170 27  9  7  9  6  6  4  7  90.52 17 75.40
76 9 619562230272017171710 7143 15 12  7  6  6  6  4  3  70.42 10 73.10
76 9 71956233027272017171330180 15 12 12  7  6  6  5 15 100.52  9 73.00
76 9 819562427201027201323 7147 12  7  4 12  7  5  9  3  70.42  9 72.90
76 9 919562527201313201010 0113 12  7  5  5  7  4  4  0  60.21 18 73.20
76 91019562617 3 71710202020113  6  2  3  6  4  7  7  7  50.21 22 75.80
76 911195627 72013 713 7 713 87  3  7  5  3  5  3  3  5  40.10 24 75.70
76 9121957 11727231717272017163  6 12  9  6  6 12  7  6  80.42 20 75.70
76 9131957 220171310 3 71320103  7  6  5  4  2  3  5  7  50.21 18 74.30
76 9141957 32023173030271723187  7  9  6 15 15 12  6  9 100.63 10 74.70
76 9151957 4 737332723 31320163  3 22 18 12  9  2  5  7 100.52 16 73.90
76 9161957 52323101320201710137  9  9  4  5  7  7  6  4  60.31 14 75.80
76 9171957 62027201717 72740173  7 12  7  6  6  3 12 27 100.63  8 76.50
76 9181957 72753605347271313293 12 56 80 56 39 12  5  5 331.36  8 74.30
76 9191957 81017204337404340250  4  6  7 32 22 27 32 27 201.05  7 73.30
76 9201957 95360505053504050407 56 80 48 48 56 48 27 48 511.67  0 72.20
76 9211957104040273340473337297 27 27 12 18 27 39 18 22 241.15  0 70.90
76 9221957113037333030373030257 15 22 18 15 15 22 15 15 170.94  0 70.50
76 9231957121717403733202313200  6  6 27 22 18  7  9  5 120.73  7 72.00
76 9241957133013102317101317133 15  5  4  9  6  4  5  6  70.31  7 72.50
76 9251957144030373733404043300 27 15 22 22 18 27 27 32 241.15 16 73.40
76 9261957154727172023202723203 39 12  6  7  9  7 12  9 130.73 17 72.80
76 9271957163027273327272027217 15 12 12 18 12 12  7 12 120.73 18 73.30
76 928195717202313 7 3 72020113  7  9  5  3  2  3  7  7  50.21 18 73.60
76 929195718 730202727233017180  3 15  7 12 12  9 15  6 100.63 23 71.90
76 9301957191320 71720173337163  5  7  3  6  7  6 18 22  90.52 30 72.60
7610 11957202017434027131733210  7  6 32 27 12  5  6 18 140.84 30 74.60
7610 21957213353433330302010253 18 56 32 18 15 15  7  4 211.15 28 73.90
7610 3195722272323332317 710163 12  9  9 18  9  6  3  4  90.52 30 73.80
7610 41957231017172323 71720133  4  6  6  9  9  3  6  7  60.31 30 73.10
7610 519572443402333 7131713190 32 27  9 18  3  5  6  5 130.84 25 74.80
7610 619572513304030 7 72723177  5 15 27 15  3  3 12  9 110.63 24 74.70
7610 71957262310 3 3171727 7107  9  4  2  2  6  6 12  3  60.21 30 74.50
7610 8195727 3 3202017132023120  2  2  7  7  6  5  7  9  60.31  7 74.60
7610 91958 12023131720132010137  7  9  5  6  7  5  7  4  60.31 14 74.80
7610101958 217171313 7231727133  6  6  5  5  3  9  6 12  60.31  0 74.90
7610111958 3371710 713171727143 22  6  4  3  5  6  6 12  80.42  0 73.70
7610121958 4273010 317204047193 12 15  4  2  6  7 27 39 140.84 13 73.30
7610131958 51730272017 71717150  6 15 12  7  6  3  6  6  80.42 17 72.60
7610141958 6 3101013 7103037120  2  4  4  5  3  4 15 22  70.42 23 74.40
7610151958 73037404353504740340 15 22 27 32 56 48 39 27 331.36 25 75.50
7610161958 85747473730233337310 67 39 39 22 15  9 18 22 291.36 28 77.00
7610171958 93340534353333037323 18 27 56 32 56 18 15 22 301.36 31 78.00
7610181958104740373033273020263 39 27 22 15 18 12 15  7 191.05 24 77.30
761019195811 3 0 31730372013123  2  0  2  6 15 22  7  5  70.42 20 76.61
7610201958123020171710171723150 15  7  6  6  4  6  6  9  70.42 19 75.80
7610211958131727232017202010153  6 12  9  7  6  7  7  4  70.42 15 73.50
761022195814201320202010 7 7117  7  5  7  7  7  4  3  3  50.21 22 75.40
76102319581520232323 7131310133  7  9  9  9  3  5  5  4  60.31 28 80.10
761024195816 7 31010 7173313100  3  2  4  4  3  6 18  5  60.31 30 80.10
761025195817272310 710 7 7 7 97 12  9  4  3  4  3  3  3  50.21 30 84.70
7610261958181017 7 7 7 3 717 73  4  6  3  3  3  2  3  6  40.10 29 80.40
761027195819 313201017202730140  2  5  7  4  6  7 12 15  70.42 24 77.40
76102819582023 3 31020171013100  9  2  2  4  7  6  4  5  50.21 19 73.80
761029195821 720 7 3 3 010 3 53  3  7  3  2  2  0  4  2  30.10 15 72.10
761030195822 3 3173033333050200  2  2  6 15 18 18 15 48 160.94  8 72.10
7610311958234043534350403043343 27 32 56 32 48 27 15 32 341.36  0 70.40
7611 11958243727272710102323183 22 12 12 12  4  4  9  9 100.63  0 70.90
7611 21958252327201317231710150  9 12  7  5  6  9  6  4  70.42  0 69.10
7611 319582623102013 7131030127  9  4  7  5  3  5  4 15  60.31  0 69.80
7611 419582713101713 3 71313 90  5  4  6  5  2  3  5  5  40.21  0 69.90
7611 51959 1 3 71313 7 7 3 0 53  2  3  5  5  3  3  2  0  30.10  0 70.90
7611 61959 2 3 310 3 0 0 7 3 30  2  2  4  2  0  0  3  2  20.00  0 69.70
7611 71959 3 0231710 3 3 0 3 60  0  9  6  4  2  2  0  2  30.10  0 69.50
7611 81959 410 7 0 3 7202333103  4  3  0  2  3  7  9 18  60.31  0 69.30
7611 91959 52733171717101020150 12 18  6  6  6  4  4  7  80.42  0 70.70
7611101959 62330302727274347253  9 15 15 12 12 12 32 39 181.05  0 69.40
7611111959 73037273040504327283 15 22 12 15 27 48 32 12 231.15  0 70.50
7611121959 85330303033333743290 56 15 15 15 18 18 22 32 241.26  0 70.80
7611131959 94340504343434327333 32 27 48 32 32 32 32 12 311.36  0 69.40
7611141959103717202337374027237 22  6  7  9 22 22 27 12 160.94  0 69.20
76111519591130271320272720 7170 15 12  5  7 12 12  7  3  90.52  7 71.10
761116195912 717171320171013113  3  6  6  5  7  6  4  5  50.21  7 71.10
7611171959132727171713101317140 12 12  6  6  5  4  5  6  70.42 14 72.80
7611181959142317 7 7 7 32017100  9  6  3  3  3  2  7  6  50.21 20 75.60
7611191959152333171320172323170  9 18  6  5  7  6  9  9  90.52 13 74.61
7611201959162323132320 72713150  9  9  5  9  7  3 12  5  70.42 12 72.90
7611211959171317 7 310 31013 77  5  6  3  2  4  2  4  5  40.10  8 73.20
7611221959181023131013 71713107  4  9  5  4  5  3  6  5  50.21 13 73.30
76112319591913 710 3 7101017 77  5  3  4  2  3  4  4  6  40.10 11 72.50
761124195920 320 310 7 3 0 3 50  2  7  2  4  3  2  0  2  30.00 10 72.90
7611251959211330303023302317197  5 15 15 15  9 15  9  6 110.63  9 72.70
7611261959222327 71313203727167  9 12  3  5  5  7 22 12  90.52  9 72.10
76112719592327372710 3 71720147 12 22 12  4  2  3  6  7  80.52  8 73.70
761128195924 3 7 3 3 3 7 7 0 33  2  3  2  2  2  3  3  0  20.00  8 71.70
761129195925 0 7231310231323113  0  3  9  5  4  9  5  9  60.21  8 69.70
7611301959263037201723301020187 15 22  7  6  9 15  4  7 110.63  0 69.70
7612 119592717 3131323172327137  6  2  5  5  9  6  9 12  70.31  0 70.20
7612 21960 110 7 3 310 3 7 7 50  4  3  2  2  4  2  3  3  30.10  0 71.60
7612 31960 2 7 713 310 71310 70  3  3  5  2  4  3  5  4  40.10  0 71.20
7612 41960 31017373340402020217  4  6 22 18 27 27  7  7 150.84  0 71.30
7612 51960 42717131020101310120 12  6  5  4  7  4  5  4  60.31  0 70.10
7612 61960 5 7 3 3 0 3101317 57  3  2  2  0  2  4  5  6  30.10  0 70.10
7612 71960 63033 32023232330187 15 18  2  7  9  9  9 15 100.63  7 69.70
7612 81960 74030435050201013257 27 15 32 48 48  7  4  5 231.15 19 70.80
7612 91960 8 713434027332337223  3  5 32 27 12 18  9 22 160.94 22 74.30
7612101960 92330172323402037213  9 15  6  9  9 27  7 22 130.73 19 76.80
7612111960103737372310201727207 22 22 22  9  4  7  6 12 130.73 22 78.30
7612121960113723272737402313227 22  9 12 12 22 27  9  5 150.84 16 78.60
7612131960122030201327101313147  7 15  7  5 12  4  5  5  80.42 12 78.10
7612141960131323 7 7 7 3 3 7 70  5  9  3  3  3  2  2  3  40.10 32 81.00
761215196014 3 7 313 0 0 3 0 30  2  3  2  5  0  0  2  0  20.00 34 79.80
761216196015 313132323302317147  2  5  5  9  9 15  9  6  80.42 36 77.80
7612171960162020 71320273337177  7  7  3  5  7 12 18 22 100.63 34 75.50
7612181960174763471713102340260 39 94 39  6  5  4  9 27 281.26 24 73.80
761219196018272723131317 710137 12 12  9  5  5  6  3  4  70.42 15 72.90
7612201960192013 3 713231010100  7  5  2  3  5  9  4  4  50.21  8 71.70
761221196020 3 71310 7201310 83  2  3  5  4  3  7  5  4  40.10  9 71.80
761222196021 327232027202023163  2 12  9  7 12  7  7  9  80.42  9 73.40
76122319602223272013 0 3 010 97  9 12  7  5  0  2  0  4  50.21  9 73.70
76122419602320172320201017 7133  7  6  9  7  7  4  6  3  60.31 17 74.20
761225196024 727102733172313157  3 12  4 12 18  6  9  5  90.52 22 75.60
7612261960252330201310 7 713123  9 15  7  5  4  3  3  5  60.31 25 75.60
76122719602620 3 31313173013113  7  2  2  5  5  6 15  5  60.31 16 75.20
76122819602717201317 7 72020120  6  7  5  6  3  3  7  7  60.21 17 74.50
7612291961 16357575343402323360 94 67 67 56 32 27  9  9 451.57 19 74.80
7612301961 21313232330303737207  5  5  9  9 15 15 22 22 130.73 19 75.10
7612311961 3374023 713103327190 22 27  9  3  5  4 18 12 120.73 12 76.40
