78 1 119741817201713 7102727137  6  7  6  5  3  4 12 12  70.31 90126.91
78 1 219741930371713 7 31313133 15 22  6  5  3  2  5  5  80.42 94133.90
78 1 3197420 7 3 7 720303750160  3  2  3  3  7 15 22 48 130.73104130.20
78 1 41974215360576063736757490 56 80 67 80 94154111 67 891.87103124.80
78 1 51974226057432727302733303 80 67 32 12 12 15 12 18 311.36 91119.20
78 1 61974236053432730304043327 80 56 32 12 15 15 27 32 341.36 79118.71
78 1 71974242717171313372047190 12  6  6  5  5 22  7 39 130.73 55111.60
78 1 81974255033273333332027257 48 18 12 18 18 18  7 12 191.05 39102.80
78 1 91974263027372723474050280 15 12 22 12  9 39 27 48 231.15 36 97.00
78 1101974275037302320403040270 48 22 15  9  7 27 15 27 211.15 15 93.50
78 1111975 11727172323171013147  6 12  6  9  9  6  4  5  70.42 20 93.10
78 1121975 21320 7 3 7 31717 87  5  7  3  2  3  2  6  6  40.10 26 92.10
78 1131975 31730172017171727160  6 15  6  7  6  6  6 12  80.42 33 90.30
78 1141975 410 317 7 3 3 317 63  4  2  6  3  2  2  2  6  30.10 37 88.60
78 1151975 5 710 010 7 0 0 0 33  3  4  0  4  3  0  0  0  20.00 34 89.60
78 1161975 6 3 3172037403343197  2  2  6  7 22 27 18 32 140.84 27 86.40
78 1171975 74030101310 71327150 27 15  4  5  4  3  5 12  90.52 26 83.80
78 1181975 8473727201310 310167 39 22 12  7  5  4  2  4 120.73 14 84.70
78 1191975 92320172020131017140  9  7  6  7  7  5  4  6  60.31  8 85.40
78 120197510 7 720 713 7 0 0 60  3  3  7  3  5  3  0  0  30.10  8 87.00
78 121197511 0 0 0 0 3 0 310 17  0  0  0  0  2  0  2  4  10.00 19 91.40
78 12219751210 31010 7 0 3 3 47  4  2  4  4  3  0  2  2  30.00 28 96.90
78 123197513 0 3 0 0 31010 3 30  0  2  0  0  2  4  4  2  20.00 40 99.60
78 124197514 7 71310133023 7110  3  3  5  4  5 15  9  3  60.31 40100.40
78 125197515 317131327303343180  2  6  5  5 12 15 18 32 120.73 38103.30
78 1261975164730272320171713193 39 15 12  9  7  6  6  5 120.73 49112.70
78 1271975171720 710 3 32017 97  6  7  3  4  2  2  7  6  50.21 67116.40
78 128197518 7 0131013273337140  3  0  5  4  5 12 18 22  90.52 78127.71
78 1291975193343405053574030347 18 32 27 48 56 67 27 15 361.46 90132.21
78 1301975202740636033232747320 12 27 94 80 18  9 12 39 361.46103134.90
78 1311975214033373737403737297 27 18 22 22 22 27 22 22 231.15118133.31
78 2 11975224033232030302337237 27 18  9  7 15 15  9 22 150.94128139.10
78 2 21975233733233323101737213 22 18  9 18  9  4  6 22 140.84120152.60
78 2 31975243323233030303030230 18  9  9 15 15 15 15 15 140.84130156.61
78 2 41975254027272017231717187 27 12 12  7  6  9  6  6 110.63142154.00
78 2 51975263337373027333717250 18 22 22 15 12 18 22  6 170.94137159.00
78 2 61975272717272733303727223 12  6 12 12 18 15 22 12 140.84129156.10
78 2 71976 12320101310202323143  9  7  4  5  4  7  9  9  70.31122157.30
78 2 81976 22720201730302723193 12  7  7  6 15 15 12  9 100.63 90157.01
78 2 91976 31717303043303333233  6  6 15 15 32 15 18 18 160.94 97155.20
78 2101976 42323201720202313160  9  9  7  6  7  7  9  5  70.42102148.70
78 2111976 520132323 313 3 7107  7  5  9  9  2  5  2  3  50.21112154.20
78 2121976 6101727 713232743167  4  6 12  3  5  9 12 32 100.63115159.00
78 2131976 730302017 7232010157 15 15  7  6  3  9  7  4  80.42 96151.20
78 2141976 82310103027231343180  9  4  4 15 12  9  5 32 110.63 82148.40
78 2151976 94053677337231310317 27 56111154 22  9  5  4 481.67 65136.80
78 2161976101717173330203033197  6  6  6 18 15  7 15 18 110.73 64130.20
78 2171976114330 7 717132020157 32 15  3  3  6  5  7  7 100.52 58125.90
78 2181976122727272027202723197 12 12 12  7 12  7 12  9 100.63 57124.90
78 2191976133037171323202037197 15 22  6  5  9  7  7 22 120.73 56119.10
78 2201976143727332027202327213 22 12 18  7 12  7  9 12 120.73 58122.20
78 2211976151723102323433030200  6  9  4  9  9 32 15 15 120.73 65122.20
78 2221976164043371723403047277 27 32 22  6  9 27 15 39 221.15 73127.70
78 2231976172713201317 71020127 12  5  7  5  6  3  4  7  60.31 76131.80
78 22419761820 713201713 7 3100  7  3  5  7  6  5  3  2  50.21 91135.60
78 225197619 717132010 74047160  3  6  5  7  4  3 27 39 120.73 94139.30
78 2261976205047333747505043357 48 39 18 22 39 48 48 32 371.46 90134.80
78 2271976214343333757535353373 32 32 18 22 67 56 56 56 421.57 85137.50
78 2281976223753433340536357380 22 56 32 18 27 56 94 67 461.57 88135.40
78 3 11976233333304747505047337 18 18 15 39 39 48 48 39 331.36102136.30
78 3 21976244340533333334330310 32 27 56 18 18 18 32 15 271.26 92141.10
78 3 31976253733302727273030240 22 18 15 12 12 12 15 15 150.94 95146.60
78 3 419762613 7 3 7 7 0 3 7 47  5  3  2  3  3  0  2  3  30.00 98148.40
78 3 5197627 3 0102323272013120  2  0  4  9  9 12  7  5  60.31 84154.50
78 3 61977 110 3 7333023 7 3117  4  2  3 18 15  9  3  2  70.42 75162.80
78 3 71977 21323203030231020170  5  9  7 15 15  9  4  7  90.52 90165.20
78 3 81977 313 7131347335340220  5  3  5  5 39 18 56 27 201.05 99168.70
78 3 91977 42733273323233327227 12 18 12 18  9  9 18 12 140.84 94183.70
78 3101977 5 7134330402313 3173  3  5 32 15 27  9  5  2 120.73 92179.10
78 3111977 6 713173017172013133  3  5  6 15  6  6  7  5  70.31 88175.20
78 3121977 7 7 013 710 7 7 7 57  3  0  5  3  4  3  3  3  30.10 78169.80
78 3131977 82730332327232723213 12 15 18  9 12  9 12  9 120.73 73160.90
78 3141977 92723171727233027190 12  9  6  6 12  9 15 12 100.63 72160.50
78 3151977103347372320232337243 18 39 22  9  7  9  9 22 170.94 74154.20
78 3161977114343372327403347293 32 32 22  9 12 27 18 39 241.26 74143.30
78 3171977123743402340434730303 22 32 27  9 27 32 39 15 251.26 74135.40
78 3181977134343274333433030293 32 32 12 32 18 32 15 15 241.15 74132.30
78 3191977143337233033331327230 18 22  9 15 18 18  5 12 150.84 65128.10
78 3201977152317132327173023173  9  6  5  9 12  6 15  9  90.52 59125.30
78 321197716233320131710 717140  9 18  7  5  6  4  3  6  70.42 77118.20
78 3221977171020203023233743207  4  7  7 15  9  9 22 32 130.84 84117.00
78 323197718473330233327 7 7207 39 18 15  9 18 12  3  3 150.84 88116.40
78 324197719 313171013 71333110  2  5  6  4  5  3  5 18  60.31 85117.50
78 32519772013 7 3 0 3 31017 57  5  3  2  0  2  2  4  6  30.10 74118.20
78 3261977214747273060576740373 39 39 12 15 80 67111 27 491.67 60112.50
78 3271977226763534750606053453111 94 56 39 48 80 80 56 701.87 52114.10
78 3281977234037303037372313247 27 22 15 15 22 22  9  5 170.94 49112.70
78 3291977242323273733372323227  9  9 12 22 18 22  9  9 140.84 48111.10
78 3301977253033373737301320237 15 18 22 22 22 15  5  7 160.94 45115.41
78 331197726 7 7 32033302720147  3  3  2  7 18 15 12  7  80.52 58124.50
78 4 11977274037301310201723190 27 22 15  5  4  7  6  9 120.73 70130.00
78 4 21978 13737102023202747220 22 22  4  7  9  7 12 39 150.94 68129.80
78 4 31978 22053533330405760347  7 56 56 18 15 27 67 80 411.57 71134.50
78 4 41978 35350472317537063377 56 48 39  9  6 56132 94 551.67 75143.31
78 4 51978 45350271320173330243 56 48 12  5  7  6 18 15 211.15 94146.71
78 4 61978 52730202030171717177 12 15  7  7 15  6  6  6  90.52 92145.31
78 4 71978 617 3 31317 72023103  6  2  2  5  6  3  7  9  50.21 88146.90
78 4 81978 7 717101017201713110  3  6  4  4  6  7  6  5  50.21105148.60
78 4 91978 81027202013131013127  4 12  7  7  5  5  4  5  60.31126156.10
78 4101978 9 717131743474773263  3  6  5  6 32 39 39154 361.46125155.40
78 4111978107763503037575343410179 94 48 15 22 67 56 32 641.77120162.81
78 4121978116727403327333727290111 12 27 18 12 18 22 12 291.36109156.20
78 4131978123323232337304757273 18  9  9  9 22 15 39 67 241.15105145.60
78 4141978135743435763435340400 67 32 32 67 94 32 56 27 511.67 91139.10
78 4151978144737373333302320260 39 22 22 18 18 15  9  7 191.05 90141.40
78 4161978153023201310102320150 15  9  7  5  4  4  9  7  80.42 95137.60
78 4171978161713201317131030133  6  5  7  5  6  5  4 15  70.31 99133.40
78 4181978174047301713403327247 27 39 15  6  5 27 18 12 191.05103134.10
78 4191978181737534050505743347  6 22 56 27 48 48 67 32 381.46111139.51
78 4201978195743303017372333270 67 32 15 15  6 22  9 18 231.15115138.10
78 4211978202720231327202323177 12  7  9  5 12  7  9  9  90.52114138.41
78 4221978211020131727202730163  4  7  5  6 12  7 12 15  80.52115146.40
78 4231978223327272743433743280 18 12 12 12 32 32 22 32 221.15119162.90
78 4241978236057504347573343390 80 67 48 32 39 67 18 32 481.67106159.80
78 4251978244730333027302723247 39 15 18 15 12 15 12  9 170.94136159.11
78 4261978253740402327303030257 22 27 27  9 12 15 15 15 181.05115166.70
78 4271978263323233323373040243 18  9  9 18  9 22 15 27 160.94 99172.80
78 4281978273333232730202713207 18 18  9 12 15  7 12  5 120.73 83176.61
78 4291979 12310101020132323133  9  4  4  4  7  5  9  9  60.31 78185.20
78 4301979 23327205067803747360 18 12  7 48111207 22 39 581.77 75182.11
78 5 11979 32747575373436783450 12 39 67 56154 32111236 881.87 85181.40
78 5 21979 47357737070533747480154 67154132132 56 22 39 941.98 89183.00
78 5 31979 54753605367676070477 39 56 80 56111111 80132 831.87 93182.20
78 5 41979 67377736367434717460154179154 94111 32 39  6 961.98 92178.40
78 5 51979 71317101013102337133  5  6  4  4  5  4  9 22  70.42 89173.91
78 5 61979 81710131010101027107  6  4  5  4  4  4  4 12  50.21 85173.10
78 5 71979 92713171713172720150 12  5  6  6  5  6 12  7  70.42 75162.61
78 5 81979101713103030404337220  6  5  4 15 15 27 32 22 160.94 63143.40
78 5 91979115050776370675033460 48 48179 94132111 48 18 851.87 62135.10
78 510197912 713 7 713 73347133  3  5  3  3  5  3 18 39 100.63 60129.50
78 5111979134060503330303337313 27 80 48 18 15 15 18 22 301.36 63133.80
78 5121979143733372733303733267 22 18 22 12 18 15 22 18 181.05 66138.20
78 5131979154717101023171327163 39  6  4  4  9  6  5 12 110.63 74140.20
78 5141979162720132013273323177 12  7  5  7  5 12 18  9  90.52 74143.70
78 51519791710 3 32013232020113  4  2  2  7  5  9  7  7  50.21 78146.10
78 5161979181720101023271717140  6  7  4  4  9 12  6  6  70.31 91147.81
78 5171979191723231313132330157  6  9  9  5  5  5  9 15  80.42 86143.80
78 5181979201320 713132013 3103  5  7  3  5  5  7  5  2  50.21 89135.60
78 51919792110 7 7231710 310 87  4  3  3  9  6  4  2  4  40.21 84133.60
78 5201979221313131310234013140  5  5  5  5  4  9 27  5  80.42 74132.31
78 5211979232030231327235760253  7 15  9  5 12  9 67 80 261.26 76132.70
78 5221979245027272730404740287 48 12 12 12 15 27 39 27 241.26 74135.71
78 5231979253037302023434353280 15 22 15  7  9 32 32 56 241.15 73142.91
78 5241979264730434347302737303 39 15 32 32 39 15 12 22 261.26 82146.51
78 5251979273723231023132033183 22  9  9  4  9  5  7 18 100.63 85147.60
78 5261980 13017171717171710140 15  6  6  6  6  6  6  4  70.31 88152.80
78 5271980 21310171310 7 723100  5  4  6  5  4  3  3  9  50.21 97150.61
78 5281980 31710131720202717140  6  4  5  6  7  7 12  6  70.31 93147.11
78 5291980 413 7 31013103733127  5  3  2  4  5  4 22 18  80.42103148.60
78 5301980 55040371727232723243 48 27 22  6 12  9 12  9 181.05107147.21
78 5311980 64040231327101310177 27 27  9  5 12  4  5  4 120.73113152.60
78 6 11980 710272017 7201740157  4 12  7  6  3  7  6 27  90.52119149.10
78 6 21980 82023377073707350417  7  9 22132154132154 48 821.87 98147.01
78 6 31980 96050374023274723307 80 48 22 27  9 12 39  9 311.36 78130.80
78 6 41980103020172743304063270 15  7  6 12 32 15 27 94 261.26 60118.60
78 6 51980116363433323274033327 94 94 32 18  9 12 27 18 381.46 51116.90
78 6 61980122317133317101727157  9  6  5 18  6  4  6 12  80.42 31109.80
78 6 71980132327272020233033203  9 12 12  7  7  9 15 18 110.63 39110.60
78 6 819801433402010202013 3160 18 27  7  4  7  7  5  2 100.52 45109.30
78 6 9198015 71713 310 71310 80  3  6  5  2  4  3  5  4  40.10 36106.50
78 6101980161710373730403060260  6  4 22 22 15 27 15 80 241.26 29108.40
78 611198017434047332017 710217 32 27 39 18  7  6  3  4 170.94 57113.20
78 612198018 717 72730303313163  3  6  3 12 15 15 18  5 100.52 62116.41
78 6131980191317102727201013137  5  6  4 12 12  7  4  5  70.31 62120.31
78 614198020 310 7 710131717 83  2  4  3  3  4  5  6  6  40.10 64126.41
78 61519802120202320201710 7137  7  7  9  7  7  6  4  3  60.31 89132.50
78 6161980221017 71720172323133  4  6  3  6  7  6  9  9  60.31 94139.51
78 6171980232327233020202320187  9 12  9 15  7  7  9  7  90.52103149.00
78 6181980242720272333272723207 12  7 12  9 18 12 12  9 110.73115153.51
78 6191980252727302730303743250 12 12 15 12 15 15 22 32 170.94109162.01
78 6201980263027232720172330197 15 12  9 12  7  6  9 15 110.63109174.20
78 6211980273353373347505033337 18 56 22 18 39 48 48 18 331.36154185.41
78 6221981 13333272733303323240 18 18 12 12 18 15 18  9 150.84158190.30
78 6231981 23327273327334337260 18 12 12 18 12 18 32 22 181.05158196.70
78 6241981 34740372733272727263 39 27 22 12 18 12 12 12 191.05154194.80
78 6251981 42727374027435040290 12 12 22 27 12 32 48 27 241.26135183.50
78 6261981 54053574347505050390 27 56 67 32 39 48 48 48 461.57152182.41
78 6271981 63740302030233323237 22 27 15  7 15  9 18  9 150.94143179.50
78 6281981 72327232733332323213  9 12  9 12 18 18  9  9 120.73130174.11
78 6291981 8 717202727373377243  3  6  7 12 12 22 18179 321.36115167.40
78 6301981 96037473740334313310 80 22 39 22 27 18 32  5 311.36103154.61
78 7 1198110171310232317 3 7113  6  5  4  9  9  6  2  3  60.21 64142.90
78 7 219811120 7201713201010117  7  3  7  6  5  7  4  4  50.21 61127.60
78 7 31981121010232017102050160  4  4  9  7  6  4  7 48 110.63 51116.50
78 7 41981136037404077803760430 80 22 27 27179207 22 80 801.87 48117.40
78 7 51981145770674340373727377 67132111 32 27 22 22 12 531.67 54118.90
78 7 61981152720331730372723213 12  7 18  6 15 22 12  9 130.73 63119.31
78 7 71981162723203733333720230 12  9  7 22 18 18 22  7 140.84 84128.90
78 7 81981172727271733433023227 12 12 12  6 18 32 15  9 140.84105135.90
78 7 91981183010101020332320157 15  4  4  4  7 18  9  7  80.52108147.11
78 7101981192023332027172323187  7  9 18  7 12  6  9  9 100.52115156.01
78 711198120201713271310 7 7113  7  6  5 12  5  4  3  3  60.31127163.21
78 712198121 3 3 3 710232020 90  2  2  2  3  4  9  7  7  40.21111174.21
78 7131981223030432040301747257 15 15 32  7 27 15  6 39 201.05114165.50
78 7141981235750405357535033393 67 48 27 56 67 56 48 18 481.67109163.10
78 715198124332313 7 3 71313113 18  9  5  3  2  3  5  5  60.31102169.50
78 71619812537 7 3 713101317107 22  3  2  3  5  4  5  6  60.31110163.40
78 7171981261713 72310131717117  6  5  3  9  4  5  6  6  60.21 98159.50
78 7181981272023 71330434050227  7  9  3  5 15 32 27 48 181.05 84154.11
78 7191982 13030372323171310183 15 15 22  9  9  6  5  4 110.63 77148.60
78 7201982 21317201310131310110  5  6  7  5  4  5  5  4  50.21 76142.91
78 7211982 31713171717131717127  6  5  6  6  6  5  6  6  60.31 77140.20
78 7221982 42330231710102327163  9 15  9  6  4  4  9 12  80.52 48127.00
78 7231982 523232010 7202727157  9  9  7  4  3  7 12 12  80.42 38123.41
78 7241982 61310131013102027117  5  4  5  4  5  4  7 12  60.31 38118.50
78 7251982 72317101317173030157  9  6  4  5  6  6 15 15  80.42 30113.70
78 7261982 81717 7 717132020117  6  6  3  3  6  5  7  7  50.21 13112.20
78 7271982 910 3 31717 71020 87  4  2  2  6  6  3  4  7  40.10 22110.80
78 7281982101723272317 7 3 3120  6  9 12  9  6  3  2  2  60.31 31109.90
78 729198211 0 3101310101020 77  0  2  4  5  4  4  4  7  40.10 48109.20
78 73019821217 7 3101010 3 3 63  6  3  2  4  4  4  2  2  30.10 39109.20
78 731198213 0 0 3 3 3 7 7 3 27  0  0  2  2  2  3  3  2  20.00 36108.80
78 8 1198214 7101013 7 31317 80  3  4  4  5  3  2  5  6  40.10 42106.00
78 8 2198215 7 3 0 3 7102020 70  3  2  0  2  3  4  7  7  40.10 48106.00
78 8 31982161727233033373740243  6 12  9 15 18 22 22 27 160.94 38109.60
78 8 41982174357305343333017307 32 67 15 56 32 18 15  6 301.36 62112.30
78 8 51982182033434337304337287  7 18 32 32 22 15 32 22 221.15 74117.60
78 8 61982192737472037272323240 12 22 39  7 22 12  9  9 160.94 66122.60
78 8 71982203010171017132323143 15  4  6  4  6  5  9  9  70.42 58128.20
78 8 819822117131317172713 7123  6  5  5  6  6 12  5  3  60.31 62130.60
78 8 91982221013131710101313100  4  5  5  6  4  4  5  5  50.21 64128.11
78 8101982231313131723131323130  5  5  5  6  9  5  5  9  60.31 67127.50
78 8111982242717131730402713183 12  6  5  6 15 27 12  5 110.63 58121.70
78 8121982252337504730302030267  9 22 48 39 15 15  7 15 211.15 71124.50
78 8131982263023233330272330220 15  9  9 18 15 12  9 15 130.73 93134.90
78 81419822723201713101713 7120  9  7  6  5  4  6  5  3  60.31 93132.70
78 8151983 1 7 0 7 3171017 7 67  3  0  3  2  6  4  6  3  30.10 77130.01
78 8161983 2 3 3 01013132320 87  2  2  0  4  5  5  9  7  40.10 52123.60
78 8171983 313 7 73033272323163  5  3  3 15 18 12  9  9  90.52 50119.31
78 8181983 43323131333376043257 18  9  5  5 18 22 80 32 241.15 50115.60
78 8191983 537 7332730201710180 22  3 18 12 15  7  6  4 110.63 42111.60
78 8201983 6 710 3 7 7 710 7 57  3  4  2  3  3  3  4  3  30.10 30107.50
78 8211983 710 7 3 7 7132037103  4  3  2  3  3  5  7 22  60.31 30104.80
78 8221983 82723 7 720 7 710107 12  9  3  3  7  3  3  4  60.21 36106.00
78 8231983 9 310 7 7 7131717 80  2  4  3  3  3  5  6  6  40.10 45104.10
78 824198310201010101010 710 87  7  4  4  4  4  4  3  4  40.10 48105.40
78 8251983111710173030232317167  6  4  6 15 15  9  9  6  90.52 55104.20
78 8261983121710 7 7 3 713 7 70  6  4  3  3  2  3  5  3  40.10 45100.70
78 8271983134033374047434343327 27 18 22 27 39 32 32 32 291.36 57107.31
78 8281983144373837780634750517 32154236179207 94 39 481241.98 57107.71
78 8291983155747574753333330357 67 39 67 39 56 18 18 15 401.46 59116.20
78 8301983164030334343405347330 27 15 18 32 32 27 56 39 311.36 72124.10
78 8311983175733475050634327370 67 18 39 48 48 94 32 12 451.57100133.91
78 9 11983183330503337302733273 18 15 48 18 22 15 12 18 211.15136159.80
78 9 21983192723473040274030263 12  9 39 15 27 12 27 15 201.05167171.71
78 9 31983202327272730272320203  9 12 12 12 15 12  9  7 110.63159167.00
78 9 41983212320272020172317167  9  7 12  7  7  6  9  6  80.42162174.41
78 9 51983221013131710132730133  4  5  5  6  4  5 12 15  70.42177179.40
78 9 619832333374337231310 3200 18 22 32 22  9  5  4  2 140.84177181.10
78 9 7198324 017 71713132727120  0  6  3  6  5  5 12 12  60.31147177.50
78 9 81983255357402713132320247 56 67 27 12  5  5  9  7 241.15120167.10
78 9 91983263337405047473743333 18 22 27 48 39 39 22 32 311.36109157.61
78 9101983274017103037201720190 27  6  4 15 22  7  6  7 120.73 99149.80
78 9111984 120 3 31740432723177  7  2  2  6 27 32 12  9 120.73 84141.50
78 9121984 22727332337202330220 12 12 18  9 22  7  9 15 130.73 72138.50
78 9131984 32310232313171710137  9  4  9  9  5  6  6  4  60.31 92138.00
78 9141984 43017 3 7 710 3 7 83 15  6  2  3  3  4  2  3  50.21113143.51
78 9151984 5 3 0 710 7 3 320 53  2  0  3  4  3  2  2  7  30.10133152.60
78 9161984 6172717 317131320127  6 12  6  2  6  5  5  7  60.31143161.50
78 9171984 7173033171310 717143  6 15 18  6  5  4  3  6  80.42136161.80
78 9181984 8 3 3 3 710 313 3 47  2  2  2  3  4  2  5  2  30.00156169.31
78 9191984 9 3 3 3 0 3 3 3 0 20  2  2  2  0  2  2  2  0  20.00159168.81
78 92019841010 0 3 713 31730 83  4  0  2  3  5  2  6 15  50.21163168.60
78 921198411203730231020 7 7153  7 22 15  9  4  7  3  3  90.52171172.50
78 9221984122023332030303020207  7  9 18  7 15 15 15  7 120.73148171.51
78 9231984132027232727272327200  7 12  9 12 12 12  9 12 110.63156165.51
78 924198414172720 717302337177  6 12  7  3  6 15  9 22 100.63163158.90
78 9251984152730475350573740340 12 15 39 56 48 67 22 27 361.46168157.20
78 9261984162747604740474040347 12 39 80 39 27 39 27 27 361.46152148.50
78 9271984175753373737535763393 67 56 22 22 22 56 67 94 511.67142146.21
78 9281984185050535350334363397 48 48 56 56 48 18 32 94 501.67126147.80
78 9291984194367778080673717467 32111179207207111 22  61091.98122148.10
78 9301984201340372317172320190  5 27 22  9  6  6  9  7 110.73 94142.60
7810 11984212723232730273333223 12  9  9 12 15 12 18 18 130.84 96139.00
7810 21984221727173033302730210  6 12  6 15 18 15 12 15 120.73112137.80
7810 31984232723301717101317153 12  9 15  6  6  4  5  6  80.42105131.70
7810 41984244037373033202730253 27 22 22 15 18  7 12 15 170.94100132.01
7810 51984253723102013201310147 22  9  4  7  5  7  5  4  80.42 73138.71
7810 6198426101010 0 720 717 80  4  4  4  0  3  7  3  6  40.10 74137.40
7810 71984271717131013 310 7 90  6  6  5  4  5  2  4  3  40.21 95141.60
7810 81985 1 020132013101023110  0  7  5  7  5  4  4  9  50.21103150.10
7810 91985 21327173020202737190  5 12  6 15  7  7 12 22 110.63121155.80
7810101985 34337233330 32027217 32 22  9 18 15  2  7 12 150.84149162.30
7810111985 420232017 7 7 313110  7  9  7  6  3  3  2  5  50.21158171.61
7810121985 51313 73340403027203  5  5  3 18 27 27 15 12 140.84158177.20
7810131985 63023231317 72323160 15  9  9  5  6  3  9  9  80.42156178.50
7810141985 7 71010 7 3202317 97  3  4  4  3  2  7  9  6  50.21170180.10
7810151985 813 3101323101017100  5  2  4  5  9  4  4  6  50.21166182.00
7810161985 92020 7 713 3 3 7 80  7  7  3  3  5  2  2  3  40.10163176.71
781017198510 3131010 7 72327100  2  5  4  4  3  3  9 12  50.21143171.50
7810181985114353503733334340333 32 56 48 22 18 18 32 27 321.36135169.40
7810191985124037433740233730287 27 22 32 22 27  9 22 15 221.15154170.40
7810201985132727232727202010180 12 12  9 12 12  7  7  4  90.52151171.00
7810211985141030233333203030210  4 15  9 18 18  7 15 15 130.73144166.91
78102219851517332723202723 7177  6 18 12  9  7 12  9  3 100.52125161.40
781023198516 32723171310 713113  2 12  9  6  5  4  3  5  60.31116161.40
781024198517202310 3 0102313103  7  9  4  2  0  4  9  5  50.21104156.90
7810251985181010 723302717 7130  4  4  3  9 15 12  6  3  70.42 96156.10
7810261985191720201730334750233  6  7  7  6 15 18 39 48 181.05102154.40
7810271985204043534330201327270 27 32 56 32 15  7  5 12 231.15115150.70
7810281985212737433020231027217 12 22 32 15  7  9  4 12 140.84117148.41
7810291985222723203040433327243 12  9  7 15 27 32 18 12 160.94137149.80
7810301985231733374737474337297  6 18 22 39 22 39 32 22 251.26128146.50
7810311985243737272340403733273 22 22 12  9 27 27 22 18 201.05111144.00
7811 11985252330334023202023213  9 15 18 27  9  7  7  9 130.73109152.00
7811 2198526 717203333332020183  3  6  7 18 18 18  7  7 100.63122159.00
7811 31985272727272317203733210 12 12 12  9  6  7 22 18 120.73125169.90
7811 41986 1231723 713 7 317110  9  6  9  3  5  3  2  6  50.21129177.40
7811 51986 2273310101313 7 0113 12 18  4  4  5  5  3  0  60.31121181.20
7811 61986 3 0 0 310 710 7 7 43  0  0  2  4  3  4  3  3  20.00108172.21
7811 71986 4 7 0 0 3 3 72750 97  3  0  0  2  2  3 12 48  90.52112174.60
7811 81986 54343272017272020217 32 32 12  7  6 12  7  7 140.84118168.01
7811 91986 6272730202013 0 7143 12 12 15  7  7  5  0  3  80.42108164.91
7811101986 71310 31313374750187  5  4  2  5  5 22 39 48 160.94120166.30
7811111986 8303023 710 73330170 15 15  9  3  4  3 18 15 100.63118163.70
7811121986 95740576053375350407 67 27 67 80 56 22 56 48 531.67 99150.40
7811131986104340272340434313273 32 27 12  9 27 32 32  5 221.15 90145.30
781114198611 7 3 7 743402713147  3  2  3  3 32 27 12  5 110.63 78136.30
78111519861220332020 3172023157  7 18  7  7  2  6  7  9  80.42 59133.80
78111619861320101717271323 7133  7  4  6  6 12  5  9  3  60.31 77128.80
78111719861420 3232320101710127  7  2  9  9  7  4  6  4  60.31 92128.10
78111819861517201310 7 71023107  6  7  5  4  3  3  4  9  50.21 93127.40
7811191986162737203037271020207 12 22  7 15 22 12  4  7 130.73 85128.90
7811201986173043302733404043287 15 32 15 12 18 27 27 32 221.15 76134.90
7811211986184337332717232037237 32 22 18 12  6  9  7 22 160.94 68126.00
7811221986194037433750503023310 27 22 32 22 48 48 15  9 281.26 77127.10
78112319862017 7103037333027190  6  3  4 15 22 18 15 12 120.73 55121.90
7811241986212327201737374343247  9 12  7  6 22 22 32 32 181.05 61123.50
7811251986223740435060706350413 22 27 32 48 80132 94 48 601.77 85124.71
7811261986234750474043434033343 39 48 39 27 32 32 27 18 331.36101132.70
7811271986242733303030374030257 12 18 15 15 15 22 27 15 170.94118144.41
781128198625171713 7131710 7100  6  6  5  3  5  6  4  3  50.21118154.10
7811291986261310 320 72310 3 90  5  4  2  7  3  9  4  2  40.21111162.20
7811301986272013 3 713 71723103  7  5  2  3  5  3  6  9  50.21103167.80
7812 11987 11733333030171010180  6 18 18 15 15  6  4  4 110.63110166.60
7812 21987 213 7 3 7 7 3 313 57  5  3  2  3  3  2  2  5  30.10110167.60
7812 31987 32020 0 7 7171317100  7  7  0  3  3  6  5  6  50.21117164.20
7812 41987 41723203330303027210  6  9  7 18 15 15 15 12 120.73115165.30
7812 51987 540301710 7102033167 27 15  6  4  3  4  7 18 100.63104169.50
7812 61987 61713131010102310107  6  5  5  4  4  4  9  4  50.21122164.50
7812 71987 7 7 3 7 3 3 7 3 3 37  3  2  3  2  2  3  2  2  20.00138178.51
7812 81987 8 0 0 717 7 72010 67  0  0  3  6  3  3  7  4  30.10148189.90
7812 91987 9 317 3 3 3 7 7 3 47  2  6  2  2  2  3  3  2  30.00152189.60
781210198710 7 0 0 0 3 3 0 0 13  3  0  0  0  2  2  0  0  10.00144204.70
781211198711 0 0 0 0 0 0 310 13  0  0  0  0  0  0  2  4  10.00170210.50
781212198712 0 0 01717131720 83  0  0  0  6  6  5  6  7  40.10188217.30
781213198713333313 7 3 01017117 18 18  5  3  2  0  4  6  70.42165210.61
7812141987144050574337232023293 27 48 67 32 22  9  7  9 281.26150197.00
7812151987153763433337332327297 22 94 32 18 22 18  9 12 281.26140192.70
7812161987162333202727303730227  9 18  7 12 12 15 22 15 140.84143180.50
7812171987173023231320102033173 15  9  9  5  7  4  7 18  90.52146177.70
7812181987184337535357575043393 32 22 56 56 67 67 48 32 481.67132161.50
7812191987193743333047404030300 22 32 18 15 39 27 27 15 241.26 95152.90
7812201987203737334040434340313 22 22 18 27 27 32 32 27 261.26 84138.10
7812211987213337302727231713207 18 22 15 12 12  9  6  5 120.73 68132.11
7812221987222743304030402723260 12 32 15 27 15 27 12  9 191.05 63132.70
78122319872330232310102313 3137 15  9  9  4  4  9  5  2  70.42 59133.40
7812241987241013272010101010110  4  5 12  7  4  4  4  4  60.21 65135.21
7812251987252727303057432013247 12 12 15 15 67 32  7  5 211.15 81138.00
7812261987262323302320171717170  9  9 15  9  7  6  6  6  80.52 93144.20
7812271987274340201027302313207 32 27  7  4 12 15  9  5 140.84110148.71
7812281988 1173010 320434723193  6 15  4  2  7 32 39  9 140.84122164.10
7812291988 22727132023504740247 12 12  5  7  9 48 39 27 201.05135166.20
7812301988 34050373730274743310 27 48 22 22 15 12 39 32 271.26159181.70
7812311988 44737303327302727257 39 22 15 18 12 15 12 12 181.05177195.10
