80 1 12001192323233333435050280  9  9  9 18 18 32 48 48 241.26153189.10
80 1 22001204330202333201020200 32 15  7  9 18  7  4  7 120.73158199.90
80 1 32001212743173337273337253 12 32  6 18 22 12 18 22 181.05148211.91
80 1 42001223033303023403330250 15 18 15 15  9 27 18 15 160.94160212.41
80 1 52001232720202730273030210 12  7  7 12 15 12 15 15 120.73184207.70
80 1 62001242733201320201313160 12 18  7  5  7  7  5  5  80.42207222.10
80 1 7200125 3 0 71010132327 93  2  0  3  4  4  5  9 12  50.21212228.00
80 1 820012627232023 7 310 7120 12  9  7  9  3  2  4  3  60.31221228.11
80 1 920012713 7 7 7 7 7 3 3 53  5  3  3  3  3  3  2  2  30.10249240.91
80 1102002 1 3 3 0 71310 713 57  2  2  0  3  5  4  3  5  30.10219253.01
80 1112002 2 717302727273027190  3  6 15 12 12 12 15 12 110.63245255.71
80 1122002 3 710131713101010 90  3  4  5  6  5  4  4  4  40.21210245.11
80 1132002 4 027334343404737270  0 12 18 32 32 27 39 22 231.15181221.60
80 1142002 53730202017201317173 22 15  7  7  6  7  5  6  90.52178203.80
80 1152002 6 7 3101720232313117  3  2  4  6  7  9  9  5  60.31146200.00
80 1162002 74330231013 3 3 3130 32 15  9  4  5  2  2  2  90.52166188.60
80 1172002 81020433033302013200  4  7 32 15 18 15  7  5 130.73145186.90
80 1182002 913 710 713 31317 83  5  3  4  3  5  2  5  6  40.10130177.50
80 11920021017 0 310 7171710 80  6  0  2  4  3  6  6  4  40.10118164.40
80 1202002112723 7 710 72023123 12  9  3  3  4  3  7  9  60.31115156.50
80 121200212271010102010 717110 12  4  4  4  7  4  3  6  60.21121153.40
80 122200213 3 0101310173017100  2  0  4  5  4  6 15  6  50.21123158.21
80 1232002141710201713 710 3 97  6  4  7  6  5  3  4  2  50.21124166.70
80 124200215 3 0 71717232310100  2  0  3  6  6  9  9  4  50.21120171.11
80 125200216 3 0 72323202727130  2  0  3  9  9  7 12 12  70.31107171.31
80 1262002171323101017 72023123  5  9  4  4  6  3  7  9  60.31127178.81
80 1272002182330272343434750287  9 15 12  9 32 32 39 48 241.26120190.61
80 1282002193037232337505343297 15 22  9  9 22 48 56 32 271.26130194.00
80 1292002205343172737433737293 56 32  6 12 22 32 22 22 261.26122197.00
80 1302002213323302320201317180 18  9 15  9  7  7  5  6 100.52145197.90
80 13120022217 3 71713101723107  6  2  3  6  5  4  6  9  50.21164213.91
80 2 12002232013172317173733177  7  5  6  9  6  6 22 18 100.63195212.61
80 2 2200224233330232313 7 7160  9 18 15  9  9  5  3  3  90.52178217.90
80 2 3200225 71010 7 3 7 310 57  3  4  4  3  2  3  2  4  30.10185225.70
80 2 4200226 7102320 7 3 3 3 77  3  4  9  7  3  2  2  2  40.10182231.70
80 2 5200227 0 0 713101010 7 57  0  0  3  5  4  4  4  3  30.10178218.90
80 2 62003 1 037434750535323307  0 22 32 39 48 56 56  9 331.36209221.70
80 2 72003 22020331733203333210  7  7 18  6 18  7 18 18 120.73220223.91
80 2 82003 33337333037331730250 18 22 18 15 22 18  6 15 170.94203218.70
80 2 92003 41730302327273020203  6 15 15  9 12 12 15  7 110.73172208.21
80 2102003 5101713 7 3 7 7 7 70  4  6  5  3  2  3  3  3  40.10140204.61
80 2112003 6 3231310101010 3 83  2  9  5  4  4  4  4  2  40.10148213.70
80 2122003 7 7 0 31013 3 310 50  3  0  2  4  5  2  2  4  30.00128213.70
80 2132003 8 3 0 0 7 7 71010 43  2  0  0  3  3  3  4  4  20.00131217.90
80 2142003 91333304733402717240  5 18 15 39 18 27 12  6 181.05140201.00
80 2152003102327202027305770273  9 12  7  7 12 15 67132 331.36159201.21
80 2162003116057574343303023343 80 67 67 32 32 15 15  9 401.46163200.20
80 217200312201717 720131313120  7  6  6  3  7  5  5  5  60.21132182.81
80 2182003133017272020202730190 15  6 12  7  7  7 12 15 100.63122180.01
80 219200314334327 710 3 310137 18 32 12  3  4  2  2  4 100.52129177.30
80 2202003152010172013201013123  7  4  6  7  5  7  4  5  60.31125174.70
80 22120031617 7101010101017 90  6  3  4  4  4  4  4  6  40.21114169.60
80 2222003171010 313 717 717 83  4  4  2  5  3  6  3  6  40.10 99167.30
80 22320031810 3132027333323163  4  2  5  7 12 18 18  9  90.52100160.10
80 224200319232313202323 3 3133  9  9  5  7  9  9  2  2  60.31116157.21
80 22520032010 3132327304043190  4  2  5  9 12 15 27 32 130.84121165.70
80 2262003213730133033302720220 22 15  5 15 18 15 12  7 140.84152169.00
80 2272003221330333333273030230  5 15 18 18 18 12 15 15 140.84175173.20
80 2282003232727272717101730180 12 12 12 12  6  4  6 15 100.63197171.71
80 2292003242320102023201313143  9  7  4  7  9  7  5  5  70.31181176.71
80 3 12003251313 7 31010 3 3 63  5  5  3  2  4  4  2  2  30.10181175.70
80 3 2200326 3 7 3 3 7 710 3 43  2  3  2  2  3  3  4  2  30.00168172.90
80 3 3200327 7 3 3 710271713 87  3  2  2  3  4 12  6  5  50.21151170.21
80 3 42004 1 7 3132313101020100  3  2  5  9  5  4  4  7  50.21136172.71
80 3 52004 22327202710 7 7 7127  9 12  7 12  4  3  3  3  70.31130171.80
80 3 62004 32020233023232017177  7  7  9 15  9  9  7  6  90.52132169.40
80 3 72004 42323101713172020143  9  9  4  6  5  6  7  7  70.31120166.30
80 3 82004 51323232013171313137  5  9  9  7  5  6  5  5  60.31101164.90
80 3 92004 62017301320231013147  7  6 15  5  7  9  4  5  70.42103161.30
80 3102004 7 313 7202010 7 7 87  2  5  3  7  7  4  3  3  40.10 69153.90
80 3112004 820 0 3271710 3 7 87  7  0  2 12  6  4  2  3  40.21 67147.80
80 3122004 9 0 0 0 0 0 713 3 23  0  0  0  0  0  3  5  2  10.00 70138.60
80 3132004101013301017 72023130  4  5 15  4  6  3  7  9  70.31 71144.60
80 314200411202310 71317 7 3100  7  9  4  3  5  6  3  2  50.21 68141.20
80 315200412 0 0 3 3 3 3 013 27  0  0  2  2  2  2  0  5  20.00 52139.30
80 3162004131710 7171010 717 93  6  4  3  6  4  4  3  6  40.21 36137.30
80 31720041413131323171010 7107  5  5  5  9  6  4  4  3  50.21 67142.90
80 3182004151310 7 71010 7 7 70  5  4  3  3  4  4  3  3  40.10 63147.40
80 319200416 3 7333030301710160  2  3 18 15 15 15  6  4 100.52119162.30
80 32020041710101013 7131713 93  4  4  4  5  3  5  6  5  40.21108162.10
80 3212004182333372730274337257  9 18 22 12 15 12 32 22 181.05105162.40
80 3222004192733373343301723243 12 18 22 18 32 15  6  9 160.94130162.50
80 32320042023301013 71010 0103  9 15  4  5  3  4  4  0  60.21149172.41
80 324200421 3 717171317 310 87  2  3  6  6  5  6  2  4  40.10175172.40
80 325200422 7 0 31013172037107  3  0  2  4  5  6  7 22  60.31176182.51
80 3262004234757404043233037317 39 67 27 27 32  9 15 22 301.36191185.20
80 3272004243013171720131017137 15  5  6  6  7  5  4  6  70.31205195.31
80 3282004251727231317101023140  6 12  9  5  6  4  4  9  70.31221203.50
80 3292004262323271010202023157  9  9 12  4  4  7  7  9  80.42191199.90
80 330200427303733172010 730183 15 22 18  6  7  4  3 15 110.63182194.31
80 3312005 13740404037302033277 22 27 27 27 22 15  7 18 211.15174187.21
80 4 12005 220 7 7 3131310 0 73  7  3  3  2  5  5  4  0  40.10168181.90
80 4 22005 3 7 7 3 7 7 7 317 57  3  3  2  3  3  3  2  6  30.10145181.11
80 4 32005 413271723172320 7147  5 12  6  9  6  9  7  3  70.42133176.10
80 4 42005 5 313303027333010177  2  5 15 15 12 18 15  4 110.63123184.31
80 4 52005 610171010233320 7130  4  6  4  4  9 18  7  3  70.31154209.71
80 4 62005 7 323134750505333273  2  9  5 39 48 48 56 18 281.26179238.41
80 4 72005 83327331727274740250 18 12 18  6 12 12 39 27 181.05194236.11
80 4 82005 93337274040271727247 18 22 12 27 27 12  6 12 170.94199241.70
80 4 92005103043374740331713260 15 32 22 39 27 18  6  5 201.05229244.71
80 4102005114050404727232023270 27 48 27 39 12  9  7  9 221.15214249.00
80 4112005123027433030435750310 15 12 32 15 15 32 67 48 301.36245249.90
80 4122005135037303333433353313 48 22 15 18 18 32 18 56 281.26251245.60
80 4132005144733373027332717250 39 18 22 15 12 18 12  6 181.05252232.80
80 414200515102017 313273040160  4  7  6  2  5 12 15 27 100.52203226.30
80 4152005164737332323333740273 39 22 18  9  9 18 22 27 201.05182206.11
80 4162005173030271323302030203 15 15 12  5  9 15  7 15 120.73154192.40
80 417200518374020 720232320190 22 27  7  3  7  9  9  7 110.73126191.90
80 4182005191020 71010 7 717 87  4  7  3  4  4  3  3  6  40.10127201.40
80 41920052010 3101013171717 97  4  2  4  4  5  6  6  6  50.21134214.51
80 4202005212320 71013102017120  9  7  3  4  5  4  7  6  60.31164215.80
80 42120052217171010 7101313 97  6  6  4  4  3  4  5  5  50.21143207.70
80 4222005233327101327201717163 18 12  4  5 12  7  6  6  90.52122199.20
80 4232005242723 7101717 720127 12  9  3  4  6  6  3  7  60.31 95186.20
80 4242005252727101010201020133 12 12  4  4  4  7  4  7  70.31112186.30
80 425200526272320273317 710163 12  9  7 12 18  6  3  4  90.52133185.90
80 426200527 72013 320131013100  3  7  5  2  7  5  4  5  50.21159186.60
80 4272006 1 313 3101713 727 93  2  5  2  4  6  5  3 12  50.21150200.61
80 4282006 21710 3131720 7 7 93  6  4  2  5  6  7  3  3  40.21149203.70
80 4292006 31317171320171013120  5  6  6  5  7  6  4  5  60.21145203.51
80 4302006 41723102730231717163  6  9  4 12 15  9  6  6  80.52138200.90
80 5 12006 53020 71327272310157 15  7  3  5 12 12  9  4  80.52121218.50
80 5 22006 613101310101310 7 87  5  4  5  4  4  5  4  3  40.10149223.00
80 5 32006 7 3 71010 7 7 310 57  2  3  4  4  3  3  2  4  30.10140221.20
80 5 42006 8 317 7132017 7 3 87  2  6  3  5  7  6  3  2  40.10166223.11
80 5 52006 9 3 7171723232027137  2  3  6  6  9  9  7 12  70.31192221.90
80 5 62006102727272730232727213 12 12 12 12 15  9 12 12 120.73145203.50
80 5 7200611 3 7201717274020150  2  3  7  6  6 12 27  7  90.52147203.40
80 5 8200612303017 713 71017130 15 15  6  3  5  3  4  6  70.42157200.21
80 5 92006133030233330234740257 15 15  9 18 15  9 39 27 181.05168193.60
80 5102006143313131713132323150 18  5  5  6  5  5  9  9  80.42144191.10
80 5112006153720374043436060340 22  7 22 27 32 32 80 80 381.46142191.41
80 5122006164750373327273030280 39 48 22 18 12 12 15 15 231.15143189.50
80 51320061723272717 7203050200  9 12 12  6  3  7 15 48 140.84150192.90
80 5142006184337232023304323243 32 22  9  7  9 15 32  9 170.94166202.90
80 5152006191320271013 7 717113  5  7 12  4  5  3  3  6  60.31148199.80
80 51620062010131310 3 3 3 0 57  4  5  5  4  2  2  2  0  30.10148202.91
80 517200621 0 3 3 7 7 71017 53  0  2  2  3  3  3  4  6  30.10173207.51
80 518200622 0 3 717102013 7 77  0  2  3  6  4  7  5  3  40.10215214.31
80 519200623 3 7172030272317143  2  3  6  7 15 12  9  6  80.42218234.20
80 52020062420131710131010 3 97  7  5  6  4  5  4  4  2  50.21230244.71
80 521200625 3 0101010101320 77  2  0  4  4  4  4  5  7  40.10233252.60
80 5222006261017201723231310133  4  6  7  6  9  9  5  4  60.31244276.60
80 5232006272320101743302017180  9  7  4  6 32 15  7  6 110.63246289.50
80 5242007 12010102327304037197  7  4  4  9 12 15 27 22 120.73256290.20
80 5252007 23030506357371323303 15 15 48 94 67 22  5  9 341.46229292.80
80 5262007 32710172710 71327137 12  4  6 12  4  3  5 12  70.42220284.20
80 5272007 42710172710 71327137 12  4  6 12  4  3  5 12  70.42223281.21
80 5282007 51313 7171313 7 3 87  5  5  3  6  5  5  3  2  40.10190280.81
80 5292007 6 3 710 710133317100  2  3  4  3  4  5 18  6  60.31185252.30
80 5302007 72720302023272717190 12  7 15  7  9 12 12  6 100.63150222.70
80 5312007 82727232327372347233 12 12  9  9 12 22  9 39 160.94138200.60
80 6 12007 93033374733373337287 15 18 22 39 18 22 18 22 221.15152191.20
80 6 22007103313102013101020130 18  5  4  7  5  4  4  7  70.31124184.00
80 6 32007112710172333202720177 12  4  6  9 18  7 12  7  90.52128178.80
80 6 420071210 720171320 717110  4  3  7  6  5  7  3  6  50.21141181.50
80 6 5200713 7 31317 7 7 710 70  3  2  5  6  3  3  3  4  40.10150178.40
80 6 62007141010102333433347210  4  4  4  9 18 32 18 39 160.94131172.40
80 6 72007153733303743434747317 22 18 15 22 32 32 39 39 271.26149165.71
80 6 82007165340373343272717277 56 27 22 18 32 12 12  6 231.15150172.41
80 6 92007172013133327233047207  7  5  5 18 12  9 15 39 140.84164174.31
80 6102007184337403743505043343 32 22 27 22 32 48 48 32 331.36177176.10
80 6112007193333575063576060413 18 18 67 48 94 67 80 80 591.77172182.90
80 6122007204737374037404753337 39 22 22 27 22 27 39 56 321.36166189.31
80 6132007214340403330404743317 32 27 27 18 15 27 39 32 271.26161186.50
80 6142007223313171327272327180 18  5  6  5 12 12  9 12 100.63136188.81
80 6152007231017 7 713171710 97  4  6  3  3  5  6  6  4  50.21129186.40
80 6162007241013131730372320163  4  5  5  6 15 22  9  7  90.52134193.30
80 617200725 713 3 7 3 3 310 50  3  5  2  3  2  2  2  4  30.10129197.40
80 618200726 3 7 7 7 710 713 60  2  3  3  3  3  4  3  5  30.10146207.60
80 619200727 317171017273720147  2  6  6  4  6 12 22  7  80.42166219.81
80 6202008 1 713131320232010120  3  5  5  5  7  9  7  4  60.31179227.91
80 6212008 21313102017271313127  5  5  4  7  6 12  5  5  60.31191228.00
80 6222008 32013101017202023133  7  5  4  4  6  7  7  9  60.31196250.01
80 6232008 42013101023171713123  7  5  4  4  9  6  6  5  60.31190251.50
80 6242008 53727302727202330220 22 12 15 12 12  7  9 15 130.73193245.91
80 6252008 62723201017132727163 12  9  7  4  6  5 12 12  80.52179238.81
80 6262008 73317172040334323227 18  6  6  7 27 18 32  9 150.94166226.30
80 6272008 813 3 7 3 7 3 3 7 47  5  2  3  2  3  2  2  3  30.00185212.60
80 6282008 913 7 7 710 7 3 7 60  5  3  3  3  4  3  2  3  30.10188199.71
80 6292008101010101310101023 97  4  4  4  5  4  4  4  9  50.21149188.80
80 6302008112713132027231720160 12  5  5  7 12  9  6  7  80.42 97183.40
80 7 1200812201313101010 717100  7  5  5  4  4  4  3  6  50.21101160.01
80 7 2200813 7 3 313 3 71310 60  3  2  2  5  2  3  5  4  30.10108154.90
80 7 3200814 71310171310 310 83  3  5  4  6  5  4  2  4  40.10 97147.70
80 7 4200815 0 7172327301320137  0  3  6  9 12 15  5  7  70.42 85146.70
80 7 52008162740272733333317237 12 27 12 12 18 18 18  6 150.94 96152.51
80 7 62008172013103030272330183  7  5  4 15 15 12  9 15 100.63 98150.10
80 7 72008182320333727272723217  9  7 18 22 12 12 12  9 130.73 97152.50
80 7 82008194023172317303730217 27  9  6  9  6 15 22 15 140.84 87152.80
80 7 920082027272323171320 7157 12 12  9  9  6  5  7  3  80.42 84155.20
80 710200821 310 01013131710 77  2  4  0  4  5  5  6  4  40.10 86162.31
80 7112008222020101740202327177  7  7  4  6 27  7  9 12 100.63 87173.30
80 71220082320101010 7231013103  7  4  4  4  3  9  4  5  50.21 98178.00
80 7132008242323231023371710167  9  9  9  4  9 22  6  4  90.52105196.80
80 7142008252317132323203023173  9  6  5  9  9  7 15  9  90.52128209.70
80 7152008262323101710171020130  9  9  4  6  4  6  4  7  60.31161218.40
80 7162008271710132017171320127  6  4  5  7  6  6  5  7  60.31198235.41
80 7172009 12017171010102723133  7  6  6  4  4  4 12  9  60.31211250.21
80 7182009 23020131720276067253 15  7  5  6  7 12 80111 301.36241249.81
80 7192009 35340271023231317207 56 27 12  4  9  9  5  6 160.94220255.21
80 7202009 4171313 733332717160  6  5  5  3 18 18 12  6  90.52227258.00
80 7212009 53027201040332730217 15 12  7  4 27 18 12 15 140.84229254.00
80 7222009 610 7 7 3 3171030 87  4  3  3  2  2  6  4 15  50.21201248.70
80 7232009 713 3 31013171020 90  5  2  2  4  5  6  4  7  40.21184235.10
80 7242009 81020 7 323133023130  4  7  3  2  9  5 15  9  70.31155222.20
80 7252009 91013103747576370307  4  5  4 22 39 67 94132 461.57151206.40
80 7262009106037233347332720280 80 22  9 18 39 18 12  7 261.26138197.40
80 7272009113333303323232733237 18 18 15 18  9  9 12 18 150.84117188.40
80 7282009123737272733332013227 22 22 12 12 18 18  7  5 140.84127169.50
80 729200913 717101017232317123  3  6  4  4  6  9  9  6  60.31118155.30
80 7302009142013171320232327157  7  5  6  5  7  9  9 12  80.42108143.30
80 7312009152017201713101710123  7  6  7  6  5  4  6  4  60.31 81136.50
80 8 12009161017131010 7 710 83  4  6  5  4  4  3  3  4  40.10 78131.90
80 8 2200917 3 7 71023202733130  2  3  3  4  9  7 12 18  70.42 63131.80
80 8 32009184033404343202713260 27 18 27 32 32  7 12  5 201.05 65133.20
80 8 420091917202320332310 3150  6  7  9  7 18  9  4  2  80.42 65130.90
80 8 520092013 7101313101013 90  5  3  4  5  5  4  4  5  40.21 53132.60
80 8 62009214030202747334330270 27 15  7 12 39 18 32 15 211.15 72143.21
80 8 72009222327232720172730193  9 12  9 12  7  6 12 15 100.63 64142.30
80 8 82009231710 3 71010 720 83  6  4  2  3  4  4  3  7  40.10 90146.40
80 8 92009241310101727333023163  5  4  4  6 12 18 15  9  90.52125156.50
80 8102009252330302023231710177  9 15 15  7  9  9  6  4  90.52130173.50
80 8112009261317201310203030153  5  6  7  5  4  7 15 15  80.42181184.10
80 812200927432020 713101313140 32  7  7  3  5  4  5  5  80.52174189.60
80 8132010 11710101020201320120  6  4  4  4  7  7  5  7  60.21172193.31
80 8142010 210 3202020231710123  4  2  7  7  7  9  6  4  60.31193191.71
80 8152010 317201017201310 7113  6  7  4  6  7  5  4  3  50.21192191.90
80 8162010 41010131353634027230  4  4  5  5 56 94 27 12 261.26196195.70
80 8172010 51310172327203733180  5  4  6  9 12  7 22 18 100.63190197.71
80 8182010 63033405023201730243 15 18 27 48  9  7  6 15 181.05195204.31
80 8192010 74023203350574037300 27  9  7 18 48 67 27 22 281.26185201.40
80 8202010 82313 72723273727183  9  5  3 12  9 12 22 12 100.63179193.00
80 8212010 93027271713101010143 15 12 12  6  5  4  4  4  80.42152194.10
80 8222010101323232323233033193  5  9  9  9  9  9 15 18 100.63139178.31
80 8232010112310102013 7 7 3 93  9  4  4  7  5  3  3  2  50.21154174.10
80 824201012201710 7131010 3 90  7  6  4  3  5  4  4  2  40.21122164.31
80 825201013 3 7 3 713131033 90  2  3  2  3  5  5  4 18  50.21109153.81
80 8262010144033201723132033200 27 18  7  6  9  5  7 18 120.73101154.60
80 8272010153333375047303013273 18 18 22 48 39 15 15  5 221.15 98159.30
80 82820101620171310 713 3 3 87  7  6  5  4  3  5  2  2  40.10124168.30
80 829201017 3 3 0 3 3102330 77  2  2  0  2  2  4  9 15  40.21158178.50
80 8302010182023171313231710137  7  9  6  5  5  9  6  4  60.31184191.41
80 8312010192723231717 71320147 12  9  9  6  6  3  5  7  70.42194198.71
80 9 1201020332327101013 710133 18  9 12  4  4  5  3  4  70.42208213.21
80 9 22010211717101013 7 313 90  6  6  4  4  5  3  2  5  40.21226224.51
80 9 3201022 3 0132030403337177  2  0  5  7 15 27 18 22 120.73232232.10
80 9 42010234330201320232720197 32 15  7  5  7  9 12  7 120.73233225.10
80 9 52010242327171720303027190  9 12  6  6  7 15 15 12 100.63188215.61
80 9 62010252020201727331027173  7  7  7  6 12 18  4 12  90.52179210.90
80 9 72010263027102313172033173 15 12  4  9  5  6  7 18 100.52136213.00
80 9 82010273317132323271013160 18  6  5  9  9 12  4  5  80.52140200.90
80 9 92011 11720232333402027203  6  7  9  9 18 27  7 12 120.73108189.70
80 9102011 22317 7 3 3101017 90  9  6  3  2  2  4  4  6  40.21119188.70
80 9112011 31317101717231317127  5  6  4  6  6  9  5  6  60.31125188.10
80 9122011 41723432337403040253  6  9 32  9 22 27 15 27 181.05128178.90
80 9132011 53740303040272013237 22 27 15 15 27 12  7  5 160.94133171.90
80 9142011 62327102313 71037150  9 12  4  9  5  3  4 22  80.52100163.40
80 9152011 72720201720202023167 12  7  7  6  7  7  7  9  80.42 83153.80
80 9162011 8 717201717133323147  3  6  7  6  6  5 18  9  80.42 98159.60
80 9172011 92723274033231730220 12  9 12 27 18  9  6 15 140.84 93158.00
80 918201110 7 32313 3 72013 90  3  2  9  5  2  3  7  5  40.21114154.40
80 919201111 7 3 31720171727110  3  2  2  6  7  6  6 12  60.21137160.11
80 92020111233271313131710 7133 18 12  5  5  5  6  4  3  70.42150167.50
80 921201113 3 0 3 3 7 7 3 3 30  2  0  2  2  3  3  2  2  20.00134159.60
80 922201114 017172337272013153  0  6  6  9 22 12  7  5  80.52147178.60
80 923201115 7171020 7101713100  3  6  4  7  3  4  6  5  50.21158188.71
80 924201116 3 31310 7131313 77  2  2  5  4  3  5  5  5  40.10178191.30
80 9252011171730171713171710137  6 15  6  6  5  6  6  4  70.31168183.80
80 926201118 7171317171013 3 97  3  6  5  6  6  4  5  2  50.21209184.30
80 927201119 720 71717202720133  3  7  3  6  6  7 12  7  60.31231183.21
80 92820112020 717 723231723137  7  3  6  3  9  9  6  9  60.31181185.20
80 92920112113 7201317234020153  5  3  7  5  6  9 27  7  90.52166178.21
80 930201122231710 7 31023 3 97  9  6  4  3  2  4  9  2  50.21149174.10
8010 1201123 0 0 0 71310 710 47  0  0  0  3  5  4  3  4  20.00151171.10
8010 2201124101317172313 3 0 97  4  5  6  6  9  5  2  0  50.21135167.91
8010 3201125 0 0 710 7202030 93  0  0  3  4  3  7  7 15  50.21139174.10
8010 42011263043333340504037307 15 32 18 18 27 48 27 22 261.26121175.20
8010 52011274743403337302727283 39 32 27 18 22 15 12 12 221.15 96182.60
8010 62012 13033373720272320227 15 18 22 22  7 12  9  7 140.84116185.31
8010 72012 23730272333202317210 22 15 12  9 18  7  9  6 120.73135198.71
8010 82012 31727301727303330210  6 12 15  6 12 15 18 15 120.73173212.11
8010 92012 43727373323303720243 22 12 22 18  9 15 22  7 160.94186223.41
8010102012 53027202327373360257 15 12  7  9 12 22 18 80 221.15235232.70
8010112012 64757605350232323337 39 67 80 56 48  9  9  9 401.46260240.70
8010122012 71727331333232720193  6 12 18  5 18  9 12  7 110.63256247.81
8010132012 81010201720131313117  4  4  7  6  7  5  5  5  50.21213253.31
8010142012 91717201713304030183  6  6  7  6  5 15 27 15 110.63232251.10
8010152012103337373323202327233 18 22 22 18  9  7  9 12 150.84224237.00
80101620121123 7 7 3 3 3 7 7 60  9  3  3  2  2  2  3  3  30.10202214.90
801017201212 013171717101720110  0  5  6  6  6  4  6  7  50.21158201.10
8010182012133343433723334320277 18 32 32 22  9 18 32  7 211.15142200.60
8010192012142017232723273330200  7  6  9 12  9 12 18 15 110.63137203.30
8010202012151317 3101010 313 80  5  6  2  4  4  4  2  5  40.10167200.50
8010212012161323202023232017160  5  9  7  7  9  9  7  6  70.42155204.20
8010222012171733273733274753273  6 18 12 22 18 12 39 56 231.15164205.31
8010232012183343575760434730370 18 32 67 67 80 32 39 15 441.57140196.10
8010242012192723203037203333223 12  9  7 15 22  7 18 18 140.84127192.50
8010252012204023403733404043297 27  9 27 22 18 27 27 32 241.15118182.90
80102620122140304030171713 3190 27 15 27 15  6  6  5  2 130.73119180.31
801027201222 3 710 7 7 713 3 57  2  3  4  3  3  3  5  2  30.10134177.20
801028201223 0 0 3 3 3 3 7 7 27  0  0  2  2  2  2  3  3  20.00136178.21
801029201224 7 0 7 3 71013 7 53  3  0  3  2  3  4  5  3  30.10173186.40
80103020122520302713 3302033177  7 15 12  5  2 15  7 18 100.63184201.80
8010312012263333403353504040323 18 18 27 18 56 48 27 27 301.36178211.50
8011 12012273033373733371717240 15 18 22 22 18 22  6  6 160.94188226.30
8011 22013 11730172727372713193  6 15  6 12 12 22 12  5 110.63218234.20
8011 32013 2 713171720131310110  3  5  6  6  7  5  5  4  50.21204241.60
8011 42013 3 730274723202310187  3 15 12 39  9  7  9  4 120.73217249.91
8011 52013 42013131317 71310107  7  5  5  5  6  3  5  4  50.21201263.31
8011 62013 5 317131717202023130  2  6  5  6  6  7  7  9  60.31196273.91
8011 72013 62720101013101020120 12  7  4  4  5  4  4  7  60.31175272.70
8011 82013 72013101323132013127  7  5  4  5  9  5  7  5  60.31201266.21
8011 92013 81320103027301713160  5  7  4 15 12 15  6  5  90.52158255.41
8011102013 92333303737171327217  9 18 15 22 22  6  5 12 140.84158257.21
8011112013103333404030334740297 18 18 27 27 15 18 39 27 241.15144256.01
8011122013114027273023131720197 27 12 12 15  9  5  6  7 120.73120233.21
80111320131227 7131310102320123 12  3  5  5  4  4  9  7  60.31103226.80
8011142013131713103033302717177  6  5  4 15 18 15 12  6 100.63108218.81
8011152013143740473733332737290 22 27 39 22 18 18 12 22 221.15105205.21
8011162013153333303333302330247 18 18 15 18 18 15  9 15 160.94112191.10
8011172013162710272323203033193 12  4 12  9  9  7 15 18 110.63109181.61
8011182013173027273733372733250 15 12 12 22 18 22 12 18 160.94113174.90
8011192013183333233337373030257 18 18  9 18 22 22 15 15 170.94125172.40
8011202013192330372733404023253  9 15 22 12 18 27 27  9 170.94112161.60
8011212013202040372713172033207  7 27 22 12  5  6  7 18 130.73107161.80
8011222013212723232017171320160 12  9  9  7  6  6  5  7  80.42119171.40
801123201322232717 7 3273727167  9 12  6  3  2 12 22 12 100.52112167.20
8011242013233033302017202333207 15 18 15  7  6  7  9 18 120.73128174.91
8011252013243033332333303333250 15 18 18  9 18 15 18 18 160.94127176.41
8011262013254043374043272720277 27 32 22 27 32 12 12  7 211.15140189.60
8011272013264030373030373730270 27 15 22 15 15 22 22 15 191.05168185.30
8011282013274737404337272333287 39 22 27 32 22 12  9 18 231.15167191.40
8011292014 13033403030203033247 15 18 27 15 15  7 15 18 160.94148206.11
8011302014 24733272723404347287 39 18 12 12  9 27 32 39 241.15153216.30
8012 12014 35050332027131713223 48 48 18  7 12  5  6  5 191.05171223.00
8012 22014 41310 72023172330143  5  4  3  7  9  6  9 15  70.42176213.30
8012 32014 53337373730404033287 18 22 22 22 15 27 27 18 211.15152197.90
8012 42014 6233723202010 717157  9 22  9  7  7  4  3  6  80.52146199.40
8012 52014 71717 3 3 310 310 67  6  6  2  2  2  4  2  4  40.10131186.40
8012 62014 8 710 7 7 71313 3 67  3  4  3  3  3  5  5  2  40.10126171.00
8012 72014 91713172013 71720123  6  5  6  7  5  3  6  7  60.31108176.40
8012 820141023302310 7172330163  9 15  9  4  3  6  9 15  90.52124169.30
8012 92014112020272017302033187  7  7 12  7  6 15  7 18 100.63117175.10
8012102014123337232320132017187 18 22  9  9  7  5  7  6 100.63145180.50
8012112014131717133330334343230  6  6  5 18 15 18 32 32 160.94148203.51
8012122014144737272313133330223 39 22 12  9  5  5 18 15 160.94178240.51
801213201415 71313272013 713113  3  5  5 12  7  5  3  5  60.31185244.20
80121420141610 3 32723302723147  4  2  2 12  9 15 12  9  80.42213253.20
8012152014172733232720232023197 12 18  9 12  7  9  7  9 100.63217266.20
8012162014183027233337433313240 15 12  9 18 22 32 18  5 160.94237273.00
801217201419131710 3 72023 7100  5  6  4  2  3  7  9  3  50.21198254.80
8012182014201317403323403027223  5  6 27 18  9 27 15 12 150.84183255.10
8012192014213350473773777047433 18 48 39 22154179132 39 791.87166238.50
8012202014224037402730334330280 27 22 27 12 15 18 32 15 211.15171235.91
8012212014234047473327304340307 27 39 39 18 12 15 32 27 261.26170224.80
8012222014243030332720202017197 15 15 18 12  7  7  7  6 110.63178231.20
8012232014251317102313101710113  5  6  4  9  5  4  6  4  50.21177226.00
801224201426 7 3 3 7 7 7 7 3 43  3  2  2  3  3  3  3  2  30.00191223.60
801225201427102317172313 733143  4  9  6  6  9  5  3 18  80.42200220.70
8012262015 1202013172317 3 7120  7  7  5  6  9  6  2  3  60.31208220.10
8012272015 2 727333727131713173  3 12 18 22 12  5  6  5 100.63206220.30
8012282015 3 7 7131020 710 3 77  3  3  5  4  7  3  4  2  40.10206231.51
8012292015 4 720131730232330163  3  7  5  6 15  9  9 15  90.52208217.20
8012302015 53027403727 71017193 15 12 27 22 12  3  4  6 130.73187209.90
8012312015 63733271317333733230 22 18 12  5  6 18 22 18 150.94182199.00
