81 1 12015 72040233320233717213  7 27  9 18  7  9 22  6 130.84159189.70
81 1 22015 81313201720372323167  5  5  7  6  7 22  9  9  90.52141181.40
81 1 32015 93320272017172717177 18  7 12  7  6  6 12  6  90.52122173.10
81 1 42015104037302310233327223 27 22 15  9  4  9 18 12 140.84113166.80
81 1 52015111720202023233027180  6  7  7  7  9  9 15 12  90.52 94161.80
81 1 62015122320171327272327177  9  7  6  5 12 12  9 12  90.52 71157.40
81 1 72015132723131010131020127 12  9  5  4  4  5  4  7  60.31 95168.61
81 1 82015142017202730302730200  7  6  7 12 15 15 12 15 110.63108169.20
81 1 92015152330 3 017101017110  9 15  2  0  6  4  4  6  60.31126167.00
81 110201516 3 7131317233737150  2  3  5  5  6  9 22 22  90.52120164.60
81 1112015173747372333302730263 22 39 22  9 18 15 12 15 191.05123160.50
81 112201518231710 3 0 31010 77  9  6  4  2  0  2  4  4  40.10126156.60
81 1132015191020171317202017133  4  7  6  5  6  7  7  6  60.31123158.10
81 1142015201717131730 7 0 7107  6  6  5  6 15  3  0  3  60.21106153.90
81 1152015212310201717202027153  9  4  7  6  6  7  7 12  70.42106149.80
81 1162015223337303027171310197 18 22 15 15 12  6  5  4 120.73 81152.50
81 1172015232010201333172720160  7  4  7  5 18  6 12  7  80.42 72155.30
81 118201524201713 7 3 7 3 3 73  7  6  5  3  2  3  2  2  40.10 79161.00
81 119201525 3 3 7 71010 7 7 53  2  2  3  3  4  4  3  3  30.10 78165.40
81 12020152620 0 71010102010 87  7  0  3  4  4  4  7  4  40.10 88159.91
81 121201527 7 7 0 0 0 32010 47  3  3  0  0  0  2  7  4  20.00 99156.60
81 1222016 11710132030272727170  6  4  5  7 15 12 12 12  90.52 99156.40
81 1232016 217 3102733232320157  6  2  4 12 18  9  9  7  80.52115156.80
81 1242016 31313272027232323170  5  5 12  7 12  9  9  9  80.52113157.30
81 1252016 42013131020272323150  7  5  5  4  7 12  9  9  70.42115169.21
81 1262016 5 7 7201737202317147  3  3  7  6 22  7  9  6  80.42120174.60
81 1272016 63010172333131020157 15  4  6  9 18  5  4  7  80.52135175.81
81 1282016 73333273033203333243 18 18 12 15 18  7 18 18 160.94142197.21
81 1292016 83033403030233020237 15 18 27 15 15  9 15  7 150.94165204.20
81 1302016 92317101723232020153  9  6  4  6  9  9  7  7  70.42158209.10
81 1312016102350434327133337270  9 48 32 32 12  5 18 22 221.15143209.10
81 2 12016111733333333202733230  6 18 18 18 18  7 12 18 140.84148207.30
81 2 22016123330403337473727283 18 15 27 18 22 39 22 12 221.15132210.10
81 2 32016133023302730303317220 15  9 15 12 15 15 18  6 130.84150205.41
81 2 420161427131313 7233327157 12  5  5  5  3  9 18 12  90.52126197.50
81 2 52016152040334343434037300  7 27 18 32 32 32 27 22 251.26133187.80
81 2 62016163320233760606753353 18  7  9 22 80 80111 56 481.67172185.41
81 2 7201617604730202310 3 3197 80 39 15  7  9  4  2  2 201.05158180.51
81 2 8201618 0 3 3 737433043167  0  2  2  3 22 32 15 32 140.84129179.10
81 2 920161953504030301713 7240 56 48 27 15 15  6  5  3 221.15124176.70
81 210201620 7 7 3 0131013 3 57  3  3  2  0  5  4  5  2  30.10157185.20
81 211201621 7 3101330303037160  3  2  4  5 15 15 15 22 100.63172186.41
81 2122016224023233020102317187 27  9  9 15  7  4  9  6 110.63185190.61
81 2132016231317132030171317140  5  6  5  7 15  6  5  6  70.31143197.80
81 214201624 0 3 710 313 7 7 50  0  2  3  4  2  5  3  3  30.00142200.30
81 215201625 3 0 31723403727150  2  0  2  6  9 27 22 12 100.63124193.50
81 2162016262733203023271310183 12 18  7 15  9 12  5  4 100.63129186.90
81 2172016271310172023171013123  5  4  6  7  9  6  4  5  60.31120188.11
81 2182017 1 3 7 71320171727110  2  3  3  5  7  6  6 12  60.21131190.21
81 2192017 22723171017101017130 12  9  6  4  6  4  4  6  60.31138178.80
81 2202017 310 3203330301310150  4  2  7 18 15 15  5  4  90.52133188.30
81 2212017 41010272017 7 7 7103  4  4 12  7  6  3  3  3  50.21131189.91
81 2222017 5 0 0 0 7 7132043 90  0  0  0  3  3  5  7 32  60.31128199.50
81 2232017 6432313 723302027187 32  9  5  3  9 15  7 12 120.73 98217.91
81 2242017 72027172330434747253  7 12  6  9 15 32 39 39 201.05124231.51
81 2252017 84040473733333737303 27 27 39 22 18 18 22 22 241.26137233.80
81 2262017 93733273733406043310 22 18 12 22 18 27 80 32 291.36148238.50
81 2272017103333403733374030283 18 18 27 22 18 22 27 15 211.15175235.40
81 2282017113023232017203037200 15  9  9  7  6  7 15 22 110.63170224.91
81 3 12017123730474047372350310 22 15 39 27 39 22  9 48 281.26161224.41
81 3 22017133337505040332717287 18 22 48 48 27 18 12  6 251.26182230.61
81 3 32017142010101013232730143  7  4  4  4  5  9 12 15  80.42169238.91
81 3 4201715304040271310 717183 15 27 27 12  5  4  3  6 120.73173245.61
81 3 52017161353576770736343440  5 56 67111132154 94 32 811.87141227.30
81 3 62017172733302330202010193 12 18 15  9 15  7  7  4 110.63147212.70
81 3 72017182723274037434723267 12  9 12 27 22 32 39  9 201.05130201.40
81 3 820171923172737332010 3170  9  6 12 22 18  7  4  2 100.63142200.61
81 3 920172010 7 71010101013 77  4  3  3  4  4  4  4  5  40.10124202.90
81 31020172117202033272010 7153  6  7  7 18 12  7  4  3  80.42127203.10
81 31120172213202327201713 3137  5  7  9 12  7  6  5  2  70.31130199.70
81 31220172310 3233023203337180  4  2  9 15  9  7 18 22 110.63128188.80
81 3132017243323303043474753307 18  9 15 15 32 39 39 56 281.26127202.10
81 3142017253347575760474330373 18 39 67 67 80 39 32 15 451.57128208.90
81 3152017262747332030403333263 12 39 18  7 15 27 18 18 191.05110206.31
81 3162017273033271723302737223 15 18 12  6  9 15 12 22 140.84128194.90
81 3172018 14730233033303033257 39 15  9 15 18 15 15 18 181.05109181.50
81 3182018 23037403040373323270 15 22 27 15 27 22 18  9 191.05 95180.00
81 3192018 32320202013333317180  9  7  7  7  5 18 18  6 100.52 95175.10
81 3202018 4132323273327 7 3157  5  9  9 12 18 12  3  2  90.52120182.70
81 3212018 5 0 7201313103333130  0  3  7  5  5  4 18 18  80.42135189.50
81 3222018 6 72010 7 7131317 93  3  7  4  3  3  5  5  6  40.21134189.41
81 3232018 7 3 310172010 3 3 70  2  2  4  6  7  4  2  2  40.10130188.01
81 3242018 8 0 0 71010132017 77  0  0  3  4  4  5  7  6  40.10125191.40
81 3252018 93347472357534343347 18 39 39  9 67 56 32 32 361.46142199.30
81 3262018105033303350433040310 48 18 15 18 48 32 15 27 281.26133198.61
81 3272018112733301737302723223 12 18 15  6 22 15 12  9 140.84126197.60
81 3282018123027202730272730217 15 12  7 12 15 12 12 15 120.73165203.71
81 3292018132730374033403017253 12 15 22 27 18 27 15  6 181.05160212.41
81 3302018142323202727274343233  9  9  7 12 12 12 32 32 160.94152208.20
81 3312018155340233333434037303 56 27  9 18 18 32 27 22 261.26132214.01
81 4 12018164337304033433730293 32 22 15 27 18 32 22 15 231.15153210.81
81 4 22018171320202330273023187  5  7  7  9 15 12 15  9 100.63170211.21
81 4 32018182333132337333327223  9 18  5  9 22 18 18 12 140.84148221.20
81 4 42018192723171723203730193 12  9  6  6  9  7 22 15 110.63151219.70
81 4 5201820 7 3 71013101717 83  3  2  3  4  5  4  6  6  40.10146226.20
81 4 62018211730372723131320180  6 15 22 12  9  5  5  7 100.63132235.70
81 4 72018222017202027203317173  7  6  7  7 12  7 18  6  90.52152242.30
81 4 82018232710232310373027187 12  4  9  9  4 22 15 12 110.63195268.81
81 4 92018243733 7 317101017133 22 18  3  2  6  4  4  6  80.42199287.70
81 4102018251013173017232317150  4  5  6 15  6  9  9  6  80.42199268.81
81 411201826 717273063603760300  3  6 12 15 94 80 22 80 391.46200272.10
81 4122018277070575070635763500132132 67 48132 94 67 94 961.98193251.90
81 4132019 18083775763575750523207236179 67 94 67 67 481211.98197254.91
81 4142019 25040503337472013290 48 27 48 18 22 39  7  5 271.26180256.51
81 4152019 3 717172027302320160  3  6  6  7 12 15  9  7  80.42212254.91
81 4162019 43017174040232320210 15  6  6 27 27  9  9  7 130.84197247.51
81 4172019 52033473033303733263  7 18 39 15 18 15 22 18 191.05213242.70
81 4182019 63023102013433333207 15  9  4  7  5 32 18 18 140.84214229.20
81 4192019 76060334757474023367 80 80 18 39 67 39 27  9 451.57203214.90
81 4202019 84063534053505057407 27 94 56 27 56 48 48 67 531.67199200.91
81 4212019 94343534750435047377 32 32 56 39 48 32 48 39 411.57154196.10
81 4222019105047503343374733340 48 39 48 18 32 22 39 18 331.36122191.50
81 4232019114047474343374040337 27 39 39 32 32 22 27 27 311.36103204.90
81 4242019121737333747404027277  6 22 18 22 39 27 27 12 221.15 92203.01
81 4252019134337302730373037270 32 22 15 12 15 22 15 22 191.05119203.81
81 4262019143333575773505357413 18 18 67 67154 48 56 67 621.77 90198.80
81 4272019156053475347472737370 80 56 39 56 39 39 12 22 431.57 81194.71
81 4282019162013172727402340207  7  5  6 12 12 27  9 27 130.84 72178.21
81 4292019174733274033302723260 39 18 12 27 18 15 12  9 191.05100176.90
81 4302019182013231730102013147  7  5  9  6 15  4  7  5  70.42106175.30
81 5 12019191713403330373727233  6  5 27 18 15 22 22 12 160.94112188.00
81 5 22019203320201713171013143 18  7  7  6  5  6  4  5  70.42133193.40
81 5 3201921131323201710 7 7110  5  5  9  7  6  4  3  3  50.21156206.51
81 5 4201922 7101713101310 3 83  3  4  6  5  4  5  4  2  40.10152221.20
81 5 520192310 7 7 7171013 7 77  4  3  3  3  6  4  5  3  40.10162237.50
81 5 62019241013101017171710103  4  5  4  4  6  6  6  4  50.21192231.20
81 5 720192510171017171013 7100  4  6  4  6  6  4  5  3  50.21171234.20
81 5 82019261317102320373730187  5  6  4  9  7 22 22 15 110.63177222.41
81 5 92019274363634333332730337 32 94 94 32 18 18 12 15 391.46168218.60
81 5102020 13733271720404370287 22 18 12  6  7 27 32132 321.36148217.71
81 5112020 26767606053332733400111111 80 80 56 18 12 18 611.77169228.11
81 5122020 31723231330373733213  6  9  9  5 15 22 22 18 130.84183223.40
81 5132020 43340301317 7 710157 18 27 15  5  6  3  3  4 100.63149221.30
81 5142020 51727304337274030250  6 12 15 32 22 12 27 15 181.05140232.50
81 5152020 64070634343474747400 27132 94 32 32 39 39 39 541.67141223.90
81 5162020 74750576357605333420 39 48 67 94 67 80 56 18 591.77127218.90
81 5172020 82720131717202053187 12  7  5  6  6  7  7 56 130.84124207.60
81 5182020 95070675043434727397 48132111 48 32 32 39 12 571.77119194.40
81 5192020102030433730373030257  7 15 32 22 15 22 15 15 181.05100186.61
81 5202020114347633340476033367 32 39 94 18 27 39 80 18 431.57 77180.00
81 5212020122317202720203340200  9  6  7 12  7  7 18 27 120.73 99180.40
81 5222020132020201317172013140  7  7  7  5  6  6  7  5  60.31106169.31
81 5232020141023433740334027253  4  9 32 22 27 18 27 12 191.05 93159.60
81 5242020153323303330403340263 18  9 15 18 15 27 18 27 181.05 96169.80
81 5252020163347434737375347343 18 39 32 39 22 22 56 39 331.36 93177.20
81 5262020173720131010171720143 22  7  5  4  4  6  6  7  80.42105173.80
81 5272020181017 713 7102723113  4  6  3  5  3  4 12  9  60.31 99177.00
81 5282020192743202033231320200 12 32  7  7 18  9  5  7 120.73 93181.30
81 5292020202023131017101713123  7  9  5  4  6  4  6  5  60.31 92170.60
81 5302020211317101720231723140  5  6  4  6  7  9  6  9  60.31 83164.61
81 5312020222320202720231717167  9  7  7 12  7  9  6  6  80.42 92156.10
81 6 12020232017231710272313150  7  6  9  6  4 12  9  5  70.42 62149.60
81 6 22020242013172727201017150  7  5  6 12 12  7  4  6  70.42 59144.30
81 6 32020251723301740404030237  6  9 15  6 27 27 27 15 160.94 44134.90
81 6 4202026171317 7131317 3100  6  5  6  3  5  5  6  2  50.21 58133.80
81 6 52020272310131320101317120  9  4  5  5  7  4  5  6  60.31 55136.00
81 6 62021 12010103047303327207  7  4  4 15 39 15 18 12 140.84 57140.60
81 6 72021 23343504347576753393 18 32 48 32 39 67111 56 501.67 58146.70
81 6 82021 34733301313333023223 39 18 15  5  5 18 15  9 160.94 46146.71
81 6 92021 417101013 71710 7 90  6  4  4  5  3  6  4  3  40.21 58152.80
81 6102021 5 7 7101310131713 90  3  3  4  5  4  5  6  5  40.21 59157.10
81 6112021 6171320 717172020130  6  5  7  3  6  6  7  7  60.31 72154.80
81 6122021 71710 310 7 31313 77  6  4  2  4  3  2  5  5  40.10 79152.00
81 6132021 8 71017132710 7 7 97  3  4  6  5 12  4  3  3  50.21 86152.60
81 6142021 9 3 3 313102017 7 77  2  2  2  5  4  7  6  3  40.10 99159.10
81 6152021102323272727172730200  9  9 12 12 12  6 12 15 110.63111164.70
81 6162021113740233030374043280 22 27  9 15 15 22 27 32 211.15109169.10
81 6172021123730301713 31320163 22 15 15  6  5  2  5  7 100.52119171.20
81 6182021132320232320303020190  9  7  9  9  7 15 15  7 100.52104170.10
81 6192021142313132330302723183  9  5  5  9 15 15 12  9 100.63 90165.90
81 6202021152327272727202020190  9 12 12 12 12  7  7  7 100.52 71159.80
81 6212021161727231710201717147  6 12  9  6  4  7  6  6  70.42 87153.60
81 62220211710 3 3 3 7173013 87  4  2  2  2  3  6 15  5  50.21106166.11
81 623202118 7201013 7171013 97  3  7  4  5  3  6  4  5  50.21119171.21
81 6242021191710173330334310193  6  4  6 18 15 18 32  4 130.73109174.60
81 6252021201720173333472033220  6  7  6 18 18 39  7 18 150.84127183.60
81 6262021212723303340302023227 12  9 15 18 27 15  7  9 140.84127193.90
81 6272021222723302320233020197 12  9 15  9  7  9 15  7 100.63133193.40
81 6282021232723332320232010180 12  9 18  9  7  9  7  4  90.52123191.60
81 6292021242023605757332317290  7  9 80 67 67 18  9  6 331.36138187.51
81 6302021253320131727304333217 18  7  5  6 12 15 32 18 140.84161179.00
81 7 12021264027303037332730253 27 12 15 15 22 18 12 15 170.94149175.40
81 7 22021272730474047273330280 12 15 39 27 39 12 18 15 221.15140168.90
81 7 32022 11313171717102740153  5  5  6  6  6  4 12 27  90.52140163.31
81 7 42022 22313101017232040157  9  5  4  4  6  9  7 27  90.52112165.90
81 7 52022 32323233027333323217  9  9  9 15 12 18 18  9 120.73112152.50
81 7 62022 43030403733373723267 15 15 27 22 18 22 22  9 191.05 85148.70
81 7 72022 52730272337333023230 12 15 12  9 22 18 15  9 140.84 66149.80
81 7 82022 63027232717 717 7153 15 12  9 12  6  3  6  3  80.42 62152.40
81 7 92022 72017201317171720140  7  6  7  5  6  6  6  7  60.31 65150.01
81 7102022 8101310 7 7101713 87  4  5  4  3  3  4  6  5  40.10 99156.51
81 7112022 9 717373723303023203  3  6 22 22  9 15 15  9 130.73130167.40
81 7122022102333303737403740277  9 18 15 22 22 27 22 27 201.05139167.71
81 7132022113017172317232727180 15  6  6  9  6  9 12 12  90.52153174.21
81 7142022122717 71320301310137 12  6  3  5  7 15  5  4  70.42145184.20
81 7152022131013 710 7 310 7 67  4  5  3  4  3  2  4  3  40.10150194.51
81 7162022142320172310272023163  9  7  6  9  4 12  7  9  80.42161205.31
81 7172022152017374047274760293  7  6 22 27 39 12 39 80 291.36171200.81
81 7182022164023172020102323177 27  9  6  7  7  4  9  9 100.52161204.71
81 7192022172017171333232720170  7  6  6  5 18  9 12  7  90.52151220.30
81 7202022182323133343231717193  9  9  5 18 32  9  6  6 120.73145234.71
81 7212022192717171710131017127 12  6  6  6  4  5  4  6  60.31122228.11
81 7222022202330173747473747283  9 15  6 22 39 39 22 39 241.26129235.90
81 7232022213017405057535040337 15  6 27 48 67 56 48 27 371.46162254.71
81 7242022221713171730302747197  6  5  6  6 15 15 12 39 130.73196261.61
81 7252022234357674383837777530 32 67111 322362361791791341.98213259.70
81 7262022248067605057574033443207111 80 48 67 67 27 18 781.87206273.11
81 7272022254047504333271330283 27 39 48 32 18 12  5 15 241.26218255.81
81 7282022262027232023131720163  7 12  9  7  9  5  6  7  80.42208223.60
81 7292022272017 7 71013 723103  7  6  3  3  4  5  3  9  50.21159213.30
81 7302023 12013202727272720180  7  5  7 12 12 12 12  7  90.52156204.21
81 7312023 22320332320273033210  9  7 18  9  7 12 15 18 120.73152197.60
81 8 12023 32737333720304330257 12 22 18 22  7 15 32 15 181.05121183.90
81 8 22023 42010172333403043217  7  4  6  9 18 27 15 32 150.84105182.60
81 8 32023 52737433030333323257 12 22 32 15 15 18 18  9 181.05112192.40
81 8 42023 62340332710132010177  9 27 18 12  4  5  7  4 110.63109190.61
81 8 52023 7 737372727233730223  3 22 22 12 12  9 22 15 150.84113178.80
81 8 62023 84733302727201317213 39 18 15 12 12  7  5  6 140.84102179.60
81 8 72023 91317171327303720173  5  6  6  5 12 15 22  7 100.52107173.00
81 8 820231020 7 71310 0 020 77  7  3  3  5  4  0  0  7  40.10115178.40
81 8 92023113017 3 3 7132723123 15  6  2  2  3  5 12  9  70.31121180.50
81 8102023122747303730301017227 12 39 15 22 15 15  4  6 160.94138182.00
81 8112023132020172027404733223  7  7  6  7 12 27 39 18 150.94136206.40
81 8122023143027171320232323177 15 12  6  5  7  9  9  9  90.52140209.01
81 8132023152327232020172330183  9 12  9  7  7  6  9 15  90.52134208.70
81 8142023162310171727172327160  9  4  6  6 12  6  9 12  80.42140208.20
81 815202317 713131320174347173  3  5  5  5  7  6 32 39 130.73153225.10
81 8162023183323131720171020153 18  9  5  6  7  6  4  7  80.42134221.81
81 8172023194330405033333337300 32 15 27 48 18 18 18 22 251.26125228.70
81 8182023204723373340403733290 39  9 22 18 27 27 22 18 231.15148244.10
81 8192023212727232030202320190 12 12  9  7 15  7  9  7 100.52175254.61
81 82020232223232010 7233020157  9  9  7  4  3  9 15  7  80.42188269.80
81 8212023232317372330373723227  9  6 22  9 15 22 22  9 140.84222267.11
81 8222023243330272013273330213 18 15 12  7  5 12 18 15 130.73220262.21
81 8232023255040504763604360413 48 27 48 39 94 80 32 80 561.67200254.80
81 8242023264743272730504047310 39 32 12 12 15 48 27 39 281.26178258.90
81 8252023273720302727373730243 22  7 15 12 12 22 22 15 160.94189254.80
81 8262024 1 310131017332327137  2  4  5  4  6 18  9 12  80.42215272.91
81 8272024 22320173353534330273  9  7  6 18 56 56 32 15 251.26222281.61
81 8282024 33333373330402733267 18 18 22 18 15 27 12 18 181.05214275.30
81 8292024 42727334343332320250 12 12 18 32 32 18  9  7 181.05194259.10
81 8302024 53743273327301337247 22 32 12 18 12 15  5 22 170.94233265.10
81 8312024 6335333202017 7 3187 18 56 18  7  7  6  3  2 150.84216256.01
81 9 12024 7 3 7101017171717 97  2  3  4  4  6  6  6  6  50.21205248.30
81 9 22024 82330403033433027257  9 15 27 15 18 32 15 12 181.05183242.80
81 9 32024 92320233023231020173  9  7  9 15  9  9  4  7  90.52160229.00
81 9 420241020 0102327203043173  7  0  4  9 12  7 15 32 110.63170233.40
81 9 52024114333333327272033250 32 18 18 18 12 12  7 18 170.94195248.70
81 9 62024122723271717131020153 12  9 12  6  6  5  4  7  80.42220263.21
81 9 72024131017 71310202313113  4  6  3  5  4  7  9  5  50.21205262.51
81 9 820241413372310 3 31043143  5 22  9  4  2  2  4 32 100.63208266.31
81 9 92024153323302720202323200 18  9 15 12  7  7  9  9 110.63190256.50
81 9102024162320132330272320180  9  7  5  9 15 12  9  7  90.52196247.60
81 9112024174043403740172333273 27 32 27 22 27  6  9 18 211.15164240.80
81 9122024182327202033233017193  9 12  7  7 18  9 15  6 100.63138234.20
81 9132024193037272033271020203 15 22 12  7 18 12  4  7 120.73132230.20
81 914202420 313231737272727173  2  5  9  6 22 12 12 12 100.63148228.71
81 9152024211717372720271713173  6  6 22 12  7 12  6  5 100.52129230.40
81 9162024221730201717171317147  6 15  7  6  6  6  5  6  70.42138227.50
81 9172024231320 3 7131017 7 90  5  7  2  3  5  4  6  3  40.21129218.21
81 91820242413 310 710105357163  5  2  4  3  4  4 56 67 181.05145216.51
81 9192024255040604353304333353 48 27 80 32 56 15 32 18 381.46156210.51
81 9202024262723171717232723173 12  9  6  6  6  9 12  9  90.52137200.10
81 92120242727101317 7102030133 12  4  5  6  3  4  7 15  70.42175191.20
81 9222025 12043402017 72033200  7 32 27  7  6  3  7 18 130.84172183.00
81 9232025 22310 3101010 313 83  9  4  2  4  4  4  2  5  40.10137183.80
81 9242025 31020202023232023160  4  7  7  7  9  9  7  9  70.42135182.20
81 9252025 43030272037371313207 15 15 12  7 22 22  5  5 130.73142182.00
81 9262025 52337434347435047333  9 22 32 32 39 32 48 39 321.36153188.80
81 9272025 63743473323274023273 22 32 39 18  9 12 27  9 211.15181202.80
81 9282025 7302010131317 717127 15  7  4  5  5  6  3  6  60.31195200.90
81 9292025 81317131337403733203  5  6  5  5 22 27 22 18 140.84191204.50
81 9302025 92330273033303330237  9 15 12 15 18 15 18 15 150.84190203.80
8110 12025102323172327271327180  9  9  6  9 12 12  5 12  90.52216210.61
8110 22025113323172030276333247 18  9  6  7 15 12 94 18 221.15206204.81
8110 32025122330475757474337340  9 15 39 67 67 39 32 22 361.46219196.50
8110 42025132740333730273720250 12 27 18 22 15 12 22  7 170.94189191.10
8110 52025142013233317 7 313130  7  5  9 18  6  3  2  5  70.31195193.61
8110 6202515 3 3102327201020117  2  2  4  9 12  7  4  7  60.31169200.30
8110 72025163733274033406347320 22 18 12 27 18 27 94 39 321.36171204.11
8110 82025173743504327303337300 22 32 48 32 12 15 18 22 251.26185200.71
8110 92025184047334327303027277 27 39 18 32 12 15 15 12 211.15177205.41
8110102025192033333737505043303  7 18 18 22 22 48 48 32 271.26144213.40
8110112025204757575053533033380 39 67 67 48 56 56 15 18 461.57131220.00
81101220252137404027 3 3 3 7160 22 27 27 12  2  2  2  3 120.73123236.81
8110132025221713302323233357220  6  5 15  9  9  9 18 67 170.94171256.20
8110142025238077433733374757410207179 32 22 18 22 39 67 731.87187275.60
8110152025243040373343372727273 15 27 22 18 32 22 12 12 201.05212287.10
8110162025251733301310 71013133  6 18 15  5  4  3  4  5  80.42223302.40
8110172025261023404337403320247  4  9 27 32 22 27 18  7 181.05219302.90
81101820252730131310 7201717127 15  5  5  4  3  7  6  6  60.31210296.51
8110192026 12737404043333740297 12 22 27 27 32 18 22 27 231.15189278.60
8110202026 24037334767707053417 27 22 18 39111132132 56 671.77183257.81
8110212026 35357375033402333327 56 67 22 48 18 27  9 18 331.36145238.20
8110222026 43740405070676367433 22 27 27 48132111 94111 721.87145218.60
8110232026 55743503323302727290 67 32 48 18  9 15 12 12 271.26118208.20
8110242026 6 7 3133337503340217  3  2  5 18 22 48 18 27 181.05109201.10
8110252026 72747433333232017243 12 39 32 18 18  9  7  6 181.05101186.00
8110262026 81717333327201317177  6  6 18 18 12  7  5  6 100.52 92172.00
8110272026 92310171727302730180  9  4  6  6 12 15 12 15 100.63 75171.20
8110282026102323373330274343260  9  9 22 18 15 12 32 32 191.05 92182.40
8110292026112327273317201737200  9 12 12 18  6  7  6 22 120.73131187.50
8110302026122323202737372023210  9  9  7 12 22 22  7  9 120.73152201.50
81103120261320 313171710 7 7 93  7  2  5  6  6  4  3  3  40.21156207.10
8111 12026141323103023171317147  5  9  4 15  9  6  5  6  70.42165222.51
8111 22026151013 7 3 7172320100  4  5  3  2  3  6  9  7  50.21222241.31
8111 32026162727172313132713160 12 12  6  9  5  5 12  5  80.42218255.31
8111 4202617 31010 717202727120  2  4  4  3  6  7 12 12  60.31221263.10
8111 52026182330332730201717197  9 15 18 12 15  7  6  6 110.63233254.10
8111 62026193027102023132027170 15 12  4  7  9  5  7 12  90.52199244.60
8111 72026203347373337302023260 18 39 22 18 22 15  7  9 191.05192241.40
8111 82026212747505037403017297 12 39 48 48 22 27 15  6 271.26184234.71
8111 920262213 710172010 710 93  5  3  4  6  7  4  3  4  40.21134232.60
811110202623 320334033202730207  2  7 18 27 18  7 12 15 130.84147231.01
8111112026242333303360474347317  9 18 15 18 80 39 32 39 311.36146217.00
8111122026256067504730231010297 80111 48 39 15  9  4  4 391.46160223.50
811113202626 3 3 313 3102030 87  2  2  2  5  2  4  7 15  50.21158215.90
8111142026272333274347473750307  9 18 12 32 39 39 22 48 271.26178207.40
8111152027 14743372730372320263 39 32 22 12 15 22  9  7 201.05139191.20
8111162027 23740302327203737250 22 27 15  9 12  7 22 22 170.94126181.20
8111172027 34333275043474743333 32 18 12 48 32 39 39 32 321.36103172.70
8111182027 43733404740374333310 22 18 27 39 27 22 32 18 261.26108160.81
8111192027 53723272730333027233 22  9 12 12 15 18 15 12 140.84 90157.00
8111202027 63020303330232333223 15  7 15 18 15  9  9 18 130.84 82152.00
8111212027 73020272727303043233 15  7 12 12 12 15 15 32 150.84 82153.90
8111222027 83330332720201020193 18 15 18 12  7  7  4  7 110.63 73152.70
8111232027 92320274333433743270  9  7 12 32 18 32 22 32 201.05 65151.90
8111242027103323201730171717173 18  9  7  6 15  6  6  6  90.52 59150.40
8111252027114743375047332327307 39 32 22 48 39 18  9 12 271.26 60159.10
8111262027122727231723232713180 12 12  9  6  9  9 12  5  90.52 60178.31
811127202713 7131710 3 3 710 70  3  5  6  4  2  2  3  4  40.10 77190.30
811128202714301010 7 7131323113 15  4  4  3  3  5  5  9  60.31130206.41
8111292027152710 710 7 3 7 7 77 12  4  3  4  3  2  3  3  40.10148226.51
811130202716 0 0 010 7 3 0 3 23  0  0  0  4  3  2  0  2  10.00165231.60
8112 1202717 3 7101320302320127  2  3  4  5  7 15  9  7  60.31193230.71
8112 22027182010133720132327163  7  4  5 22  7  5  9 12  90.52197230.31
8112 32027191017132330202723163  4  6  5  9 15  7 12  9  80.52212238.60
8112 42027203033232320172027193 15 18  9  9  7  6  7 12 100.63212241.70
8112 52027212720232313172327173 12  7  9  9  5  6  9 12  90.52219260.00
8112 6202722172317 3 310 7 3 83  6  9  6  2  2  4  3  2  40.10234262.10
8112 7202723 0 0 7101010 720 63  0  0  3  4  4  4  3  7  30.10244275.61
8112 82027242023301030404327223  7  9 15  4 15 27 32 12 150.94249287.80
8112 92027252730202320232727197 12 15  7  9  7  9 12 12 100.63258292.41
81121020272620403020 713 710147  7 27 15  7  3  5  3  4  90.52253278.70
8112112027272323 3 710172017120  9  9  2  3  4  6  7  6  60.31263266.71
8112122028 13323303047434040287 18  9 15 15 39 32 27 27 231.15240254.21
8112132028 23337332730201010200 18 22 18 12 15  7  4  4 120.73185218.90
8112142028 320231313 7132013123  7  9  5  5  3  5  7  5  60.31159193.00
8112152028 41310 7 3 3 33033103  5  4  3  2  2  2 15 18  60.31113172.60
8112162028 513 01313 3 71720 87  5  0  5  5  2  3  6  7  40.10 66157.40
8112172028 6 3 3 310 7172740110  2  2  2  4  3  6 12 27  70.42 80144.20
8112182028 74030303023302323230 27 15 15 15  9 15  9  9 140.84 79136.31
8112192028 82317203333231017177  9  6  7 18 18  9  4  6 100.52 74129.70
8112202028 91723131310172020133  6  9  5  5  4  6  7  7  60.31 57133.90
8112212028101710101717201717123  6  4  4  6  6  7  6  6  60.31 65142.20
811222202811 3 0 7 7 717 7 3 50  2  0  3  3  3  6  3  2  30.00 75145.90
8112232028121027171313171323133  4 12  6  5  5  6  5  9  60.31 86153.00
8112242028133337201713202027187 18 22  7  6  5  7  7 12 100.63 68156.11
8112252028142320 71723272023160  9  7  3  6  9 12  7  9  80.42 62162.10
8112262028152720172310 713 3120 12  7  6  9  4  3  5  2  60.31100166.20
811227202816171313 713102323120  6  5  5  3  5  4  9  9  60.31104176.80
8112282028174023272033232017203 27  9 12  7 18  9  7  6 120.73136183.00
8112292028181747605043373320307  6 39 80 48 32 22 18  7 321.36132183.60
8112302028193357503747373023313 18 67 48 22 39 22 15  9 301.36112185.70
8112312028202327434337332023250  9 12 32 32 22 18  7  9 181.05126182.80
