8601012082243337373350403340303 18 22 22 18 48 27 18 27 251.26  0 67.00
8601022082253740303040372720260 22 27 15 15 27 22 12  7 181.05  0 67.60
8601032082261717133333271317170  6  6  5 18 18 12  5  6 100.52  0 68.40
8601042082272317 7 313131013100  9  6  3  2  5  5  4  5  50.21  0 69.50
8601052083 117 713101310 710 87  6  3  5  4  5  4  3  4  40.10  0 70.70
8601062083 210 3 7 727174763180  4  2  3  3 12  6 39 94 201.05  0 72.20
8601072083 35757403733332737320 67 67 27 22 18 18 12 22 321.36  0 71.60
8601082083 44323132317232317183 32  9  5  9  6  9  9  6 110.63  0 71.20
8601092083 52320101313304743200  9  7  4  5  5 15 39 32 140.84  0 72.70
8601102083 64337172323 710 3163 32 22  6  9  9  3  4  2 110.63  0 72.20
8601112083 7 71713101010 3 7 77  3  6  5  4  4  4  2  3  40.10  0 71.90
8601122083 820102010 7 71313100  7  4  7  4  3  3  5  5  50.21  0 71.20
8601132083 910 01010 71010 7 63  4  0  4  4  3  4  4  3  30.10 13 74.30
86011420831010 7 713101010 7 73  4  3  3  5  4  4  4  3  40.10 14 76.40
860115208311 3 71320132317 3100  2  3  5  7  5  9  6  2  50.21 12 75.10
860116208312 3 710 7 3 7 7 3 47  2  3  4  3  2  3  3  2  30.00  8 75.51
860117208313 0 7101313172330113  0  3  4  5  5  6  9 15  60.31  0 74.40
8601182083142720203013 71013140 12  7  7 15  5  3  4  5  70.42  0 73.10
8601192083151713 7 7 7 71017 83  6  5  3  3  3  3  4  6  40.10  0 70.20
8601202083163033332730102340227 15 18 18 12 15  4  9 27 150.84  0 69.20
8601212083175717 71330475043263 67  6  3  5 15 39 48 32 271.26  0 67.90
8601222083183327232720232727207 18 12  9 12  7  9 12 12 110.73  0 67.30
8601232083192717303033403737250 12  6 15 15 18 27 22 22 170.94  0 67.00
8601242083203027333327102327210 15 12 18 18 12  4  9 12 120.73  0 66.90
8601252083212337373037375347300  9 22 22 15 22 22 56 39 261.26  0 68.00
8601262083224027232730201317197 27 12  9 12 15  7  5  6 120.73  7 67.70
8601272083232353503753434347350  9 56 48 22 56 32 32 39 371.46  0 67.20
8601282083244347403740474040333 32 39 27 22 27 39 27 27 301.36  0 70.00
8601292083253337202340373343267 18 22  7  9 27 22 18 32 191.05  0 71.20
8601302083264037302720272723230 27 22 15 12  7 12 12  9 140.84  8 73.70
86013120832723302320201710 7150  9 15  9  7  7  6  4  3  80.42  8 76.60
8602012084 113 7 31013271717107  5  3  2  4  5 12  6  6  50.21 18 81.80
8602022084 213232017201323 7137  5  9  7  6  7  5  9  3  60.31 31 86.41
8602032084 317201313 7202023133  6  7  5  5  3  7  7  9  60.31 57 96.00
8602042084 417131010131713 3 97  6  5  4  4  5  6  5  2  50.21 58 97.81
8602052084 5 7 7 71720301730133  3  3  3  6  7 15  6 15  70.42 53 99.80
8602062084 6 3 3101033332740160  2  2  4  4 18 18 12 27 110.63 47 99.00
8602072084 73037335757776777433 15 22 18 67 67179111179 821.87 52 96.70
8602082084 870707367807790876131321321541112071794003002022.19 54 94.31
8602092084 98777534750635340470300179 56 39 48 94 56 271001.98 47 92.50
8602102084103320102010173033173 18  7  4  7  4  6 15 18 100.63 37 93.41
8602112084112327172740473743260  9 12  6 12 27 39 22 32 201.05 37 95.10
8602122084124033372727373727263 27 18 22 12 12 22 22 12 181.05 25 88.40
8602132084133733232327172743230 22 18  9  9 12  6 12 32 150.84 22 86.40
8602142084144737172730333037257 39 22  6 12 15 18 15 22 191.05 16 86.21
8602152084152320 710131010 7100  9  7  3  4  5  4  4  3  50.21 11 79.60
860216208416 0 7 710 7102330 93  0  3  3  4  3  4  9 15  50.21  0 71.20
8602172084172310 71313203040157  9  4  3  5  5  7 15 27  90.52  0 68.30
8602182084184030202317231343210 27 15  7  9  6  9  5 32 140.84  0 68.70
8602192084193720132020172317167 22  7  5  7  7  6  9  6  90.52  0 68.10
8602202084203030272333403730250 15 15 12  9 18 27 22 15 170.94 10 68.10
8602212084213733374733303753307 22 18 22 39 18 15 22 56 261.26 10 66.00
8602222084224740434040473740333 39 27 32 27 27 39 22 27 301.36 10 67.70
8602232084235347373347504737350 56 39 22 18 39 48 39 22 351.46 11 67.70
8602242084243037333337233740270 15 22 18 18 22  9 22 27 191.05  8 68.60
8602252084253737273330303737267 22 22 12 18 15 15 22 22 181.05 11 70.10
8602262084263033333737573340300 15 18 18 22 22 67 18 27 261.26 11 72.00
8602272084274043304327233333273 27 32 15 32 12  9 18 18 201.05 15 75.20
8602282085 13733273730505033297 22 18 12 22 15 48 48 18 251.26 10 77.00
8603012085 23323373327433723257 18  9 22 18 12 32 22  9 181.05 16 84.10
8603022085 32727333330201720207 12 12 18 18 15  7  6  7 120.73 33 89.20
8603032085 42317131317233047183  9  6  5  5  6  9 15 39 120.73 34 91.11
8603042085 52720201723202720173 12  7  7  6  9  7 12  7  80.52 32 91.40
8603052085 61717131320302330163  6  6  5  5  7 15  9 15  80.52 37 90.50
8603062085 74333103750474057317 32 18  4 22 48 39 27 67 321.36 33 89.71
8603072085 85040374033434750340 48 27 22 27 18 32 39 48 331.36 38 87.60
8603082085 95037303030434027287 48 22 15 15 15 32 27 12 231.15 32 85.10
86030920851020232313 3 7 3 3 97  7  9  9  5  2  3  2  2  50.21 23 84.30
860310208511 0 0 7 3 313 7 3 37  0  0  3  2  2  5  3  2  20.00 20 81.60
860311208512 0 3 0 3 3 71013 40  0  2  0  2  2  3  4  5  20.00 18 79.30
860312208513 7 323233017 723133  3  2  9  9 15  6  3  9  70.42 13 76.90
8603132085144033373737402333280 27 18 22 22 22 27  9 18 211.15  8 74.30
8603142085154020171013131717147 27  7  6  4  5  5  6  6  80.42  0 71.90
8603152085161723201313103030157  6  9  7  5  5  4 15 15  80.42 10 69.70
8603162085172320232317 71010133  9  7  9  9  6  3  4  4  60.31  0 68.90
8603172085181717271310171710127  6  6 12  5  4  6  6  4  60.31  0 68.90
8603182085192720172723231017163 12  7  6 12  9  9  4  6  80.42  0 68.90
8603192085202330232013272313173  9 15  9  7  5 12  9  5  90.52  0 68.80
860320208521 0 010 3101313 7 57  0  0  4  2  4  5  5  3  30.10 12 68.40
860321208522 723273347303040237  3  9 12 18 39 15 15 27 170.94 13 68.50
8603222085235047302030332733270 48 39 15  7 15 18 12 18 221.15 10 69.10
8603232085242320232327233727203  9  7  9  9 12  9 22 12 110.63 19 69.80
8603242085253030273747434023277 15 15 12 22 39 32 27  9 211.15 18 69.50
8603252085264033402737335347310 27 18 27 12 22 18 56 39 271.26 10 69.60
8603262085273320201327372730207 18  7  7  5 12 22 12 15 120.73 10 70.80
8603272086 14337433030272310243 32 22 32 15 15 12  9  4 181.05 11 70.20
8603282086 23027372327303723233 15 12 22  9 12 15 22  9 140.84 13 70.40
8603292086 3272317 717302310153 12  9  6  3  6 15  9  4  80.42 11 71.50
8603302086 4 3 0101717172320107  2  0  4  6  6  6  9  7  50.21 12 71.50
8603312086 510 3102023272717137  4  2  4  7  9 12 12  6  70.42  0 71.50
8604012086 61317173013133010143  5  6  6 15  5  5 15  4  80.42  9 71.80
8604022086 72020 71710101317113  7  7  3  6  4  4  5  6  50.21 10 70.60
8604032086 83740331020272717210 22 27 18  4  7 12 12  6 140.84 10 70.90
8604042086 9 3131010 7 71017 77  2  5  4  4  3  3  4  6  40.10  0 71.70
860405208610 730202010232733170  3 15  7  7  4  9 12 18  90.52  0 71.90
860406208611 71717 3 7 71020 87  3  6  6  2  3  3  4  7  40.10  0 71.90
8604072086121717101310131313107  6  6  4  5  4  5  5  5  50.21  0 71.90
860408208613 713132320 31020110  3  5  5  9  7  2  4  7  50.21  9 71.80
8604092086142733271730233030217 12 18 12  6 15  9 15 15 130.73  0 72.00
86041020861547404027274017 0237 39 27 27 12 12 27  6  0 191.05  9 72.50
860411208616 72313 3 7171027107  3  9  5  2  3  6  4 12  60.21 13 72.40
8604122086173317272317232023183 18  6 12  9  6  9  7  9 100.52 14 73.10
86041320861820 7131313 72017110  7  3  5  5  5  3  7  6  50.21 13 74.20
8604142086191013101010131313 93  4  5  4  4  4  5  5  5  40.21 26 76.00
860415208620 323131023271717133  2  9  5  4  9 12  6  6  70.31 25 76.00
8604162086213020 73020231713160 15  7  3 15  7  9  6  5  80.52 21 75.80
860417208622 710 71720172320120  3  4  3  6  7  6  9  7  60.31 13 75.30
860418208623332720 7 7 3 723127 18 12  7  3  3  2  3  9  70.42 15 74.40
8604192086243027172027302717193 15 12  6  7 12 15 12  6 110.63 13 74.90
8604202086251310 71710131720107  5  4  3  6  4  5  6  7  50.21 16 75.00
8604212086263717102010 71020130 22  6  4  7  4  3  4  7  70.42 22 74.20
8604222086272033233717172723197  7 18  9 22  6  6 12  9 110.63 20 75.10
8604232087 11723271710203730180  6  9 12  6  4  7 22 15 100.63 42 82.10
8604242087 23327303020232717207 18 12 15 15  7  9 12  6 120.73 58 87.40
8604252087 32727201717131010140 12 12  7  6  6  5  4  4  70.42 43 85.70
8604262087 43027202017 31013140 15 12  7  7  6  2  4  5  70.42 43 84.21
8604272087 51713 7 7 317 317 83  6  5  3  3  2  6  2  6  40.10 33 83.40
8604282087 630333730202010 7187 15 18 22 15  7  7  4  3 110.73 23 80.10
8604292087 71730302727 7 7 7150  6 15 15 12 12  3  3  3  90.52 28 77.00
8604302087 81720 710131710 7100  6  7  3  4  5  6  4  3  50.21 27 74.70
8605012087 91013171020 02313107  4  5  6  4  7  0  9  5  50.21 15 72.50
8605022087102030273357505767340  7 15 12 18 67 48 67111 431.57 26 74.30
8605032087117360532717 71717270154 80 56 12  6  3  6  6 401.57 15 73.80
8605042087121717204050301737227  6  6  7 27 48 15  6 22 170.94 12 71.60
8605052087133027131330273053223 15 12  5  5 15 12 15 56 170.94 10 70.80
8605062087144757504350676363440 39 67 48 32 48111 94 94 671.77  0 69.80
8605072087154317302320173317200 32  6 15  9  7  6 18  6 120.73  0 69.90
8605082087162010132030172017147  7  4  5  7 15  6  7  6  70.42  0 69.50
8605092087172020101313101317117  7  7  4  5  5  4  5  6  50.21  0 69.80
8605102087183013 723131020 7123 15  5  3  9  5  4  7  3  60.31  0 70.90
8605112087191717202017172020147  6  6  7  7  6  6  7  7  60.31  0 71.40
8605122087202333131320101013137  9 18  5  5  7  4  4  5  70.42  0 70.90
860513208721 7 7 710 7 71320 77  3  3  3  4  3  3  5  7  40.10  0 71.70
860514208722131310 0 3 7 710 63  5  5  4  0  2  3  3  4  30.10  0 71.60
860515208723 3101010 7 71317 77  2  4  4  4  3  3  5  6  40.10 10 72.70
860516208724 310202017132730140  2  4  7  7  6  5 12 15  70.42 12 74.30
8605172087252730102320231717167 12 15  4  9  7  9  6  6  80.52 13 75.30
860518208726 71723171310 320110  3  6  9  6  5  4  2  7  50.21 22 78.70
8605192087272017101727202723160  7  6  4  6 12  7 12  9  80.42 27 78.70
8605202088 11717 31717201017117  6  6  2  6  6  7  4  6  50.21 27 79.60
8605212088 2 3 7172323232010127  2  3  6  9  9  9  7  4  60.31 30 79.20
8605222088 3 3 7 3 0 3132013 63  2  3  2  0  2  5  7  5  30.10 27 79.20
8605232088 42020302323101320160  7  7 15  9  9  4  5  7  80.42 24 78.80
8605242088 5201713172723 717140  7  6  5  6 12  9  3  6  70.31 24 79.50
8605252088 62027303020231317180  7 12 15 15  7  9  5  6 100.52 22 81.10
8605262088 71717302320231710157  6  6 15  9  7  9  6  4  80.42 28 77.10
8605272088 82013201313202030150  7  5  7  5  5  7  7 15  70.42 19 74.70
8605282088 923 3 0 3 3 3 7 7 50  9  2  0  2  2  2  3  3  30.10 18 74.30
86052920881010 7 313 7 31020 73  4  3  2  5  3  2  4  7  40.10 19 74.30
8605302088111010 71017333733157  4  4  3  4  6 18 22 18 100.63 13 72.50
8605312088123037333027274033257 15 22 18 15 12 12 27 18 170.94 12 73.20
8606012088134323232717272740227 32  9  9 12  6 12 12 27 150.84  7 71.10
8606022088142723171020202723167 12  9  6  4  7  7 12  9  80.42  0 69.80
8606032088153327231317132727180 18 12  9  5  6  5 12 12 100.63  0 69.90
8606042088162020232720172010157  7  7  9 12  7  6  7  4  70.42  0 69.30
8606052088171310132310101317110  5  4  5  9  4  4  5  6  50.21  0 69.30
8606062088182013101320201310120  7  5  4  5  7  7  5  4  60.21  0 69.80
8606072088191720233333302333213  6  7  9 18 18 15  9 18 120.73  0 70.00
860608208820102330201310 723137  4  9 15  7  5  4  3  9  70.42  9 70.20
8606092088212717101013202320140 12  6  4  4  5  7  9  7  70.31  0 71.10
8606102088222730403027201723213 12 15 27 15 12  7  6  9 130.73  8 70.30
860611208823271020232013 713133 12  4  7  9  7  5  3  5  60.31  0 70.10
8606122088241323131020171023130  5  9  5  4  7  6  4  9  60.31  0 70.50
860613208825171320 717202317133  6  5  7  3  6  7  9  6  60.31  0 70.40
8606142088261717131713172717137  6  6  5  6  5  6 12  6  60.31  0 72.10
86061520882720 71310202010 7107  7  3  5  4  7  7  4  3  50.21  0 71.30
8606162089 1 7 7101717201720113  3  3  4  6  6  7  6  7  50.21  0 70.70
8606172089 2 717173723171717150  3  6  6 22  9  6  6  6  80.42  0 69.80
8606182089 320302020332013 7163  7 15  7  7 18  7  5  3  90.52  0 69.90
8606192089 417 7 010 7172327107  6  3  0  4  3  6  9 12  50.21  0 69.60
8606202089 52313171020131720133  9  5  6  4  7  5  6  7  60.31  0 69.60
8606212089 623202323101013 3127  9  7  9  9  4  4  5  2  60.31  0 69.20
8606222089 73027131013171323147 15 12  5  4  5  6  5  9  80.42  0 69.70
8606232089 82713101010 710 3 90 12  5  4  4  4  3  4  2  50.21  0 69.60
8606242089 9 3172033202317 3137  2  6  7 18  7  9  6  2  70.42  0 68.40
86062520891010 310 3 3 71010 57  4  2  4  2  2  3  4  4  30.10  8 68.50
86062620891113171310 3101020 97  5  6  5  4  2  4  4  7  50.21  0 68.20
8606272089121727173053474750287  6 12  6 15 56 39 39 48 281.26  0 68.60
8606282089134750301720102327223 39 48 15  6  7  4  9 12 181.05  0 68.30
8606292089142013131727372737190  7  5  5  6 12 22 12 22 110.73  0 68.30
8606302089153720 31717202327163 22  7  2  6  6  7  9 12  90.52  0 68.30
860701208916372310 7 3171317127 22  9  4  3  2  6  5  6  70.42  0 68.90
8607022089171320303723203733213  5  7 15 22  9  7 22 18 130.84  0 68.70
8607032089182323272313101720157  9  9 12  9  5  4  6  7  80.42 10 68.90
8607042089192717171313172323150 12  6  6  5  5  6  9  9  70.42 14 69.30
8607052089202713171317101330140 12  5  6  5  6  4  5 15  70.42 18 71.10
8607062089212317 713101017 7103  9  6  3  5  4  4  6  3  50.21 29 73.90
860707208922 31313 7 3 71017 73  2  5  5  3  2  3  4  6  40.10 29 72.10
860708208923 71313 710232320117  3  5  5  3  4  9  9  7  60.31 29 71.60
8607092089242017131723171313133  7  6  5  6  9  6  5  5  60.31 17 72.50
8607102089253017102010102010127 15  6  4  7  4  4  7  4  60.31 33 75.00
860711208926 31313 71010 7 3 67  2  5  5  3  4  4  3  2  40.10 35 74.70
8607122089271010 31310202323113  4  4  2  5  4  7  9  9  60.21 36 73.50
8607132090 1272320 727101010133 12  9  7  3 12  4  4  4  70.31 25 74.20
8607142090 21010 7101310 710 77  4  4  3  4  5  4  3  4  40.10 16 74.60
8607152090 3 710 7101010 713 73  3  4  3  4  4  4  3  5  40.10 28 74.00
8607162090 410 7 71320201323113  4  3  3  5  7  7  5  9  50.21 23 74.40
8607172090 5303023171710 720153 15 15  9  6  6  4  3  7  80.42 33 74.90
8607182090 62017 72017131017120  7  6  3  7  6  5  4  6  60.21 14 74.60
8607192090 7131317 3 3101013 83  5  5  6  2  2  4  4  5  40.10 12 73.30
8607202090 810 7 0 3 7101017 63  4  3  0  2  3  4  4  6  30.10 18 73.20
8607212090 91717102017171723137  6  6  4  7  6  6  6  9  60.31 21 72.50
860722209010302313172010 710130 15  9  5  6  7  4  3  4  70.31 26 73.20
8607232090112010101313131010100  7  4  4  5  5  5  4  4  50.21 14 71.60
860724209012 3131010 3133360147  2  5  4  4  2  5 18 80 150.84  0 71.20
8607252090133327201713173357217 18 12  7  6  5  6 18 67 170.94  0 70.90
8607262090144343333037332730277 32 32 18 15 22 18 12 15 201.05  0 71.10
8607272090152720375017232033227 12  7 22 48  6  9  7 18 160.94 10 71.60
8607282090163023232323201720180 15  9  9  9  9  7  6  7  90.52 12 72.50
8607292090173330273040273733257 18 15 12 15 27 12 22 18 170.94 16 74.00
8607302090183323332020232027200 18  9 18  7  7  9  7 12 110.63 18 73.60
8607312090193027204023202023203 15 12  7 27  9  7  7  9 120.73 17 72.60
86080120902020172010 7131720123  7  6  7  4  3  5  6  7  60.31 12 72.80
860802209021 31717132010 313 97  2  6  6  5  7  4  2  5  50.21 11 72.30
8608032090222327333033304740263  9 12 18 15 18 15 39 27 191.05 11 72.90
8608042090234747302730372027263 39 39 15 12 15 22  7 12 201.05 11 71.60
8608052090242023172020172333173  7  9  6  7  7  6  9 18  90.52 11 71.70
860806209025232023 317132310133  9  7  9  2  6  5  9  4  60.31 10 72.10
860807209026 7 3 7 3 3131023 70  3  2  3  2  2  5  4  9  40.10  8 71.90
8608082090272717172020232010153 12  6  6  7  7  9  7  4  70.42  9 71.30
8608092091 11717131017373330173  6  6  5  4  6 22 18 15 100.63  8 71.30
8608102091 227132013 7101713120 12  5  7  5  3  4  6  5  60.31  0 70.50
8608112091 320201727231713 7143  7  7  6 12  9  6  5  3  70.31  0 68.60
8608122091 4 323332323272323180  2  9 18  9  9 12  9  9 100.52  0 68.40
8608132091 52027333027231313187  7 12 18 15 12  9  5  5 100.63  0 67.90
8608142091 610 7101310232020113  4  3  4  5  4  9  7  7  50.21  0 68.20
8608152091 72313131717171317130  9  5  5  6  6  6  5  6  60.31  0 69.50
8608162091 820 7131010 31313 90  7  3  5  4  4  2  5  5  40.21  9 69.40
8608172091 9172310 7131310 7100  6  9  4  3  5  5  4  3  50.21  7 68.90
860818209110 710 7 7 7 7 3 0 47  3  4  3  3  3  3  2  0  30.00  0 69.10
860819209111 7 710202010 317 93  3  3  4  7  7  4  2  6  40.21  0 69.30
860820209112171313 730374737200  6  5  5  3 15 22 39 22 150.84 11 70.70
8608212091132323375050503340307  9  9 22 48 48 48 18 27 291.36 12 70.50
8608222091143047533047274040313 15 39 56 15 39 12 27 27 291.36 12 70.10
8608232091153040433040474033303 15 27 32 15 27 39 27 18 251.26 14 69.60
8608242091164033302323404743280 27 18 15  9  9 27 39 32 221.15  9 69.10
8608252091175040372317172327233 48 27 22  9  6  6  9 12 170.94  9 69.30
8608262091183030301740231017197 15 15 15  6 27  9  4  6 120.73  9 69.90
8608272091192730333033232027223 12 15 18 15 18  9  7 12 130.84  9 69.10
8608282091202013132040333723200  7  5  5  7 27 18 22  9 120.73  9 68.80
8608292091213737303740373340290 22 22 15 22 27 22 18 27 221.15  9 68.80
8608302091223740372733275350303 22 27 22 12 18 12 56 48 271.26  9 69.30
8608312091235040131723203030223 48 27  5  6  9  7 15 15 160.94  9 69.60
8609012091243330231710101727167 18 15  9  6  4  4  6 12  90.52  8 69.80
8609022091253743373327201713227 22 32 22 18 12  7  6  5 160.94  8 69.20
8609032091262020101010201330133  7  7  4  4  4  7  5 15  70.31  8 69.30
860904209127302310 317172023143 15  9  4  2  6  6  7  9  70.42  8 69.40
8609052092 12320201717132733170  9  7  7  6  6  5 12 18  90.52  8 69.60
8609062092 24020 7202020 713147 27  7  3  7  7  7  3  5  80.42 10 69.50
8609072092 32013201717 7 710110  7  5  7  6  6  3  3  4  50.21 13 69.90
8609082092 417131310 3 71723103  6  5  5  4  2  3  6  9  50.21 11 69.40
8609092092 52327171317 3 7 7113  9 12  6  5  6  2  3  3  60.31  9 69.40
8609102092 6201720201013 713120  7  6  7  7  4  5  3  5  60.21  8 69.30
8609112092 7172313 717 74057180  6  9  5  3  6  3 27 67 160.94  8 68.80
8609122092 85387735743404747447 56300154 67 32 27 39 39 891.87  0 68.80
8609132092 94740333027273047280 39 27 18 15 12 12 15 39 221.15  0 69.00
860914209210403320 7 7273027190 27 18  7  3  3 12 15 12 120.73  0 70.00
8609152092113027274037334020253 15 12 12 27 22 18 27  7 181.05  0 71.50
8609162092121723 7 3 7102730123  6  9  3  2  3  4 12 15  70.31  0 70.50
8609172092133330331320203040220 18 15 18  5  7  7 15 27 140.84  0 69.20
8609182092144340332727274330270 32 27 18 12 12 12 32 15 201.05  0 68.80
8609192092155043372023432327267 48 32 22  7  9 32  9 12 211.15  0 68.70
8609202092162720472320203350240 12  7 39  9  7  7 18 48 181.05  0 68.60
86092120921747301713171720 7167 39 15  6  5  6  6  7  3 110.63  0 68.80
860922209218 3 3 7 710 32320 77  2  2  3  3  4  2  9  7  40.10  0 68.30
8609232092193760503737534753373 22 80 48 22 22 56 39 56 431.57  0 68.70
8609242092204037433037273340287 27 22 32 15 22 12 18 27 221.15  0 68.80
8609252092212323233053473353287  9  9  9 15 56 39 18 56 261.26  0 69.40
8609262092225043434340402320303 48 32 32 32 27 27  9  7 271.26  0 68.50
8609272092233027403033304340273 15 12 27 15 18 15 32 27 201.05  0 68.90
8609282092243027302010103043200 15 12 15  7  4  4 15 32 130.73  0 70.30
8609292092254030202013233037213 27 15  7  7  5  9 15 22 130.84  8 71.50
8609302092262017232313 3 3 3107  7  6  9  9  5  2  2  2  50.21  9 71.60
8610 1209227 710103323201720140  3  4  4 18  9  7  6  7  70.42 12 71.20
8610 22093 13337132343533733273 18 22  5  9 32 56 22 18 231.15 14 71.60
8610 32093 233302010 7171730163 18 15  7  4  3  6  6 15  90.52 23 72.10
8610 42093 32720171013132317140 12  7  6  4  5  5  9  6  70.31 24 70.70
8610 52093 44033273040373723267 27 18 12 15 27 22 22  9 191.05 24 71.10
8610 62093 52037432313171320187  7 22 32  9  5  6  5  7 120.73 22 72.40
8610 72093 610171713 3101317100  4  6  6  5  2  4  5  6  50.21 27 74.30
8610 82093 7 7 7132017271310113  3  3  5  7  6 12  5  4  60.31 20 74.80
8610 92093 8131020 710132323120  5  4  7  3  4  5  9  9  60.31 32 74.60
8610102093 9 7 313 7 0 01017 57  3  2  5  3  0  0  4  6  30.10 29 73.30
861011209310 7 0 7 717131310 73  3  0  3  3  6  5  5  4  40.10 23 73.20
86101220931120 0 7 3 3 3 3 3 43  7  0  3  2  2  2  2  2  20.00 26 75.30
861013209312 3 3172033436750237  2  2  6  7 18 32111 48 281.26 22 75.10
8610142093134353474747203333323 32 56 39 39 39  7 18 18 311.36  0 75.00
8610152093142320403330233023223  9  7 27 18 15  9 15  9 140.84  0 71.80
8610162093151023131313102017120  4  9  5  5  5  4  7  6  60.31 11 79.10
86101720931627201313 7 71027123 12  7  5  5  3  3  4 12  60.31 16 82.60
86101820931710 7 72027434033187  4  3  3  7 12 32 27 18 130.84 22 86.30
8610192093183733333747333327280 22 18 18 22 39 18 18 12 211.15 31 88.60
8610202093192723232327373730227 12  9  9  9 12 22 22 15 140.84 39 92.20
8610212093203330232320202723200 18 15  9  9  7  7 12  9 110.63 47 91.50
86102220932123232320 3 710 3113  9  9  9  7  2  3  4  2  60.31 57 94.40
86102320932213 7 7 713102713 97  5  3  3  3  5  4 12  5  50.21 71 97.90
861024209323 3 0 0 3 317 010 37  2  0  0  2  2  6  0  4  20.00 76 97.30
861025209324 3 7 7 7 7 7 727 70  2  3  3  3  3  3  3 12  40.10 68 94.40
86102620932513 0 7 7 313 717 67  5  0  3  3  2  5  3  6  30.10 60 94.20
8610272093262023302733472727233  7  9 15 12 18 39 12 12 160.94 65 94.30
8610282093273733 713 3 01733143 22 18  3  5  2  0  6 18  90.52 61 93.60
8610292094 13730333327102040230 22 15 18 18 12  4  7 27 150.94 63 91.40
8610302094 23033232320303040230 15 18  9  9  7 15 15 27 140.84 62 89.80
8610312094 3232317131020 720133  9  9  6  5  4  7  3  7  60.31 50 89.20
8611 12094 440433323 7101310180 27 32 18  9  3  4  5  4 130.73 44 87.61
8611 22094 5 7 7172017132317120  3  3  6  7  6  5  9  6  60.31 35 84.10
8611 32094 62033272310273050220  7 18 12  9  4 12 15 48 160.94 37 80.80
8611 42094 76060476357536047447 80 80 39 94 67 56 80 39 671.77 37 82.30
8611 52094 84750403017132323243 39 48 27 15  6  5  9  9 201.05 35 81.50
8611 62094 92727232020204033210 12 12  9  7  7  7 27 18 120.73 31 80.60
8611 7209410301710 71310 020107 15  6  4  3  5  4  0  7  60.21 24 76.90
8611 820941120171013 71310 3 93  7  6  4  5  3  5  4  2  40.21 15 73.50
8611 92094121010131010 7 0 3 63  4  4  5  4  4  3  0  2  30.10 10 71.90
861110209413 713 3 3 7102323 90  3  5  2  2  3  4  9  9  50.21  9 70.40
8611112094142747402020172017207 12 39 27  7  7  6  7  6 140.84  9 69.90
8611122094154030271310 7 310140 27 15 12  5  4  3  2  4  90.52  0 71.40
86111320941610 3 7 720202713107  4  2  3  3  7  7 12  5  50.21 14 76.01
8611142094172013101710 71013100  7  5  4  6  4  3  4  5  50.21 12 74.10
8611152094182717132330372733207 12  6  5  9 15 22 12 18 120.73 12 75.10
8611162094192723202727332717200 12  9  7 12 12 18 12  6 110.63 12 75.00
8611172094202720202317202017163 12  7  7  9  6  7  7  6  80.42 12 73.80
8611182094212027171010 31313113  7 12  6  4  4  2  5  5  60.31 12 73.00
861119209422 3 7 0 7 3132323 80  2  3  0  3  2  5  9  9  40.10 12 72.50
8611202094232723 7 3 3 31017 93 12  9  3  2  2  2  4  6  50.21 12 72.50
861121209424 0 310 7 0101010 50  0  2  4  3  0  4  4  4  30.00 11 74.10
861122209425 013 3 3 0 0 710 37  0  5  2  2  0  0  3  4  20.00 10 74.50
861123209426 7 3 3 713173053133  3  2  2  3  5  6 15 56 120.73 18 75.80
8611242094275753274023476060367 67 56 12 27  9 39 80 80 461.57 12 77.00
8611252095 15047404753476743393 48 39 27 39 56 39111 32 491.67  0 75.50
8611262095 24033332740371310233 27 18 18 12 27 22  5  4 170.94  0 74.30
8611272095 3303030231710 7 3150 15 15 15  9  6  4  3  2  90.52 13 73.60
8611282095 4 0201713 7102013100  0  7  6  5  3  4  7  5  50.21  0 73.10
8611292095 52317131327372723180  9  6  5  5 12 22 12  9 100.63  8 72.40
8611302095 6 720302730372343217  3  7 15 12 15 22  9 32 140.84  0 70.90
8612 12095 74330333013202310203 32 15 18 15  5  7  9  4 130.84  0 70.70
8612 22095 82023231717171327157  7  9  9  6  6  6  5 12  80.42  0 70.60
8612 32095 92013131320171017123  7  5  5  5  7  6  4  6  60.31  0 70.20
8612 42095102010101023132327137  7  4  4  4  9  5  9 12  70.31  0 69.20
8612 520951130 3 0 7 3 0 310 57 15  2  0  3  2  0  2  4  40.10  0 70.00
8612 62095121023 713 0 71310 83  4  9  3  5  0  3  5  4  40.10  0 69.10
8612 720951310232023131713 7127  4  9  7  9  5  6  5  3  60.31  0 68.20
8612 820951410 7 310 3101713 73  4  3  2  4  2  4  6  5  40.10  0 69.10
8612 92095152310 71310232317127  9  4  3  5  4  9  9  6  60.31 12 70.80
8612102095163330131717272737200 18 15  5  6  6 12 12 22 120.73 20 72.30
8612112095173323231717171310153 18  9  9  6  6  6  5  4  80.42 23 73.00
861212209518 010 710 7101723 83  0  4  3  4  3  4  6  9  40.10 22 71.10
8612132095191320171020203050180  5  7  6  4  7  7 15 48 120.73 24 71.50
8612142095204747433020103017243 39 39 32 15  7  4 15  6 201.05 13 71.40
861215209521131013 7 3 31310 73  5  4  5  3  2  2  5  4  40.10  0 70.90
8612162095223733202017372017200 22 18  7  7  6 22  7  6 120.73 11 70.80
861217209523 7 7131013201713100  3  3  5  4  5  7  6  5  50.21  9 71.70
861218209524 3 310 710132727100  2  2  4  3  4  5 12 12  60.21  0 71.40
8612192095251320 7 7 7 31730103  5  7  3  3  3  2  6 15  60.21  0 71.00
8612202095262013171320301323150  7  5  6  5  7 15  5  9  70.42  0 70.40
86122120952723 7101727233737180  9  3  4  6 12  9 22 22 110.63 11 70.60
8612222096 13037102033372327217 15 22  4  7 18 22  9 12 140.84 16 71.40
8612232096 23330304047332743283 18 15 15 27 39 18 12 32 221.15 16 70.80
8612242096 33027202313173020180 15 12  7  9  5  6 15  7 100.52 13 70.00
8612252096 4274030301010 723177 12 27 15 15  4  4  3  9 110.63  9 70.00
8612262096 52733303020233033227 12 18 15 15  7  9 15 18 140.84  0 69.70
8612272096 63023231717231727177 15  9  9  6  6  9  6 12  90.52  0 69.40
8612282096 72013 713 3 3 0 3 63  7  5  3  5  2  2  0  2  30.10  0 69.20
8612292096 8171313 7 3 3 0 7 63  6  5  5  3  2  2  0  3  30.10  0 69.20
8612302096 917 7 0 0 7132320 87  6  3  0  0  3  5  9  7  40.10  0 69.60
861231209610171723232720 3 7137  6  6  9  9 12  7  2  3  70.31 11 68.10
