93 1 12177162033302020202030193  7 18 15  7  7  7  7 15 100.63 46118.30
93 1 22177173333334740404037303 18 18 18 39 27 27 27 22 241.26 41117.40
93 1 32177185350404333434037340 56 48 27 32 18 32 27 22 331.36 38120.60
93 1 42177195333374347374043333 56 18 22 32 39 22 27 32 311.36 52117.10
93 1 52177203337303733233030253 18 22 15 22 18  9 15 15 170.94 71120.80
93 1 62177213337302730303330250 18 22 15 12 15 15 18 15 160.94 84125.80
93 1 72177222737234027404747287 12 22  9 27 12 27 39 39 231.15 81126.30
93 1 82177233327202023373737233 18 12  7  7  9 22 22 22 150.84 89128.60
93 1 92177244027332333332727243 27 12 18  9 18 18 12 12 160.94 94124.50
93 1102177253340604040301010263 18 27 80 27 27 15  4  4 251.26100127.70
93 1112177262023133353403740260  7  9  5 18 56 27 22 27 211.15 91127.40
93 1122177274033272020302313207 27 18 12  7  7 15  9  5 120.73 94135.60
93 1132178 12013132027332047193  7  5  5  7 12 18  7 39 120.73 96136.60
93 1142178 23747273337333340287 22 39 12 18 22 18 18 27 221.15 69128.80
93 1152178 33330202723302737227 18 15  7 12  9 15 12 22 140.84 58121.90
93 1162178 42737201020272330193 12 22  7  4  7 12  9 15 110.63 59129.10
93 1172178 53730403023171713207 22 15 27 15  9  6  6  5 130.84 62121.90
93 1182178 62027132020272740193  7 12  5  7  7 12 12 27 110.63 66117.70
93 1192178 74033273723274747280 27 18 12 22  9 12 39 39 221.15 68112.70
93 1202178 837173330373310 7203 22  6 18 15 22 18  4  3 140.84 52106.50
93 1212178 9233313171713 7 7130  9 18  5  6  6  5  3  3  70.31 47103.30
93 122217810 717131010132730127  3  6  5  4  4  5 12 15  70.31 34101.00
93 12321781123 7 3 010 31017 73  9  3  2  0  4  2  4  6  40.10 30102.70
93 1242178121023233320233313180  4  9  9 18  7  9 18  5 100.63 45101.60
93 125217813 7 7173053405343250  3  3  6 15 56 27 56 32 251.26 51102.60
93 1262178145037373333333323280 48 22 22 18 18 18 18  9 221.15 37103.30
93 1272178152030302723302320203  7 15 15 12  9 15  9  7 110.63 43107.60
93 12821781613332020171010 7130  5 18  7  7  6  4  4  3  70.31 37108.60
93 129217817 710131310101323100  3  4  5  5  4  4  5  9  50.21 35110.70
93 1302178183337232023202333213 18 22  9  7  9  7  9 18 120.73 36109.60
93 1312178194353605750475760427 32 56 80 67 48 39 67 80 591.77 32115.60
93 2 12178205040474033503337330 48 27 39 27 18 48 18 22 311.36 22121.50
93 2 22178214347302727374020270 32 39 15 12 12 22 27  7 211.15 34124.70
93 2 32178221327171310133337163  5 12  6  5  4  5 18 22 100.52 73133.00
93 2 42178233020101013232020147 15  7  4  4  5  9  7  7  70.42 85143.20
93 2 521782413102313 7171723123  5  4  9  5  3  6  6  9  60.31119155.60
93 2 6217825 723131010 72313107  3  9  5  4  4  3  9  5  50.21121178.80
93 2 72178261340434023375347297  5 27 32 27  9 22 56 39 271.26128171.20
93 2 82178275353434033534747370 56 56 32 27 18 56 39 39 401.57134183.40
93 2 92179 13747334740434033320 22 39 18 39 27 32 27 18 281.26126180.30
93 2102179 22320302333335023237  9  7 15  9 18 18 48  9 170.94114175.00
93 2112179 34033302730333347273 27 18 15 12 15 18 18 39 201.05 95168.80
93 2122179 43730232720171330197 22 15  9 12  7  6  5 15 110.73 97144.90
93 2132179 54027172027202030200 27 12  6  7 12  7  7 15 120.73 92131.70
93 2142179 62030101713 72010127  7 15  4  6  5  3  7  4  60.31 82137.90
93 2152179 7 713 717201010 7 90  3  5  3  6  7  4  4  3  40.21 73131.60
93 2162179 8 71723232010 7 7113  3  6  9  9  7  4  3  3  60.21 88130.50
93 2172179 92040374767572313303  7 27 22 39111 67  9  5 361.46 68121.40
93 2182179101010173037303337203  4  4  6 15 22 15 18 22 130.84 80123.20
93 2192179113010271713102010137 15  4 12  6  5  4  7  4  70.42 88113.40
93 2202179123040474337273050303 15 27 39 32 22 12 15 48 261.26 97120.60
93 2212179132330374040504740307  9 15 22 27 27 48 39 27 271.26 92120.30
93 2222179143337604340373337320 18 22 80 32 27 22 18 22 301.36100130.30
93 2232179152730132020271710163 12 15  5  7  7 12  6  4  80.52101129.60
93 224217916202717202010 313130  7 12  6  7  7  4  2  5  60.31 90132.70
93 22521791710272013202010 7127  4 12  7  5  7  7  4  3  60.31 88125.50
93 226217918 713171017201013107  3  5  6  4  6  7  4  5  50.21 86123.80
93 227217919 7 7 7 710 3 730 77  3  3  3  3  4  2  3 15  40.21 86121.60
93 2282179203737373743332013257 22 22 22 22 32 18  7  5 191.05 88121.40
93 3 12179212020303747373033253  7  7 15 22 39 22 15 18 181.05 76129.60
93 3 22179221733473330404347290  6 18 39 18 15 27 32 39 241.26 80141.00
93 3 32179234343403740475743350 32 32 27 22 27 39 67 32 351.46 84148.60
93 3 42179245750372713302713253 67 48 22 12  5 15 12  5 231.15 93163.80
93 3 52179253320231710 7 720137 18  7  9  6  4  3  3  7  70.42105162.50
93 3 621792613 7202720203020157  5  3  7 12  7  7 15  7  80.42 96164.00
93 3 72179273750431717204340267 22 48 32  6  6  7 32 27 221.15 93150.90
93 3 82180 13333332033473763300 18 18 18  7 18 39 22 94 291.36 82144.30
93 3 92180 26767635747433347423111111 94 67 39 32 18 39 641.77 85140.60
93 3102180 35033201333201027207 48 18  7  5 18  7  4 12 150.84 81146.70
93 3112180 42713304757676057357 12  5 15 39 67111 80 67 501.67 86148.00
93 3122180 55733303027405037303 67 18 15 15 12 27 48 22 281.26 77158.70
93 3132180 64750372733505030323 39 48 22 12 18 48 48 15 311.36 67139.90
93 3142180 72727334040404043290 12 12 18 27 27 27 27 32 231.15 56134.20
93 3152180 84337575353474353387 32 22 67 56 56 39 32 56 451.57 60129.70
93 3162180 94350534727575023350 32 48 56 39 12 67 48  9 391.46 56120.50
93 3172180104033234733273747287 27 18  9 39 18 12 22 39 231.15 60122.40
93 3182180115037373330172023247 48 22 22 18 15  6  7  9 181.05 69126.20
93 3192180121713202723403017187  6  5  7 12  9 27 15  6 110.63 72133.40
93 3202180132340374740372723273  9 27 22 39 27 22 12  9 211.15 70127.00
93 3212180143043375053403333320 15 32 22 48 56 27 18 18 301.36 78129.70
93 3222180153733404333434040310 22 18 27 32 18 32 27 27 251.26 73126.60
93 3232180162717202030172043193 12  6  7  7 15  6  7 32 120.73 63120.10
93 3242180174060736047433343400 27 80154 80 39 32 18 32 581.77 42114.40
93 3252180183330333327373017240 18 15 18 18 12 22 15  6 160.94 40116.00
93 3262180191023132017133023150  4  9  5  7  6  5 15  9  80.42 46116.40
93 3272180203020231330332037207 15  7  9  5 15 18  7 22 120.73 51122.40
93 3282180213727202320304047243 22 12  7  9  7 15 27 39 170.94 51125.80
93 32921802243504317 710 730207 32 48 32  6  3  4  3 15 181.05 54128.30
93 3302180233323333040473023260 18  9 18 15 27 39 15  9 191.05 58128.70
93 331218024402017 720232027173 27  7  6  3  7  9  7 12 100.52 61124.90
93 4 12180252027201013232727167  7 12  7  4  5  9 12 12  80.52 67123.50
93 4 221802610131713 7 71013 90  4  5  6  5  3  3  4  5  40.21 67120.70
93 4 32180271710 3 3 7 71317 77  6  4  2  2  3  3  5  6  40.10 75117.00
93 4 42181 11717101350607077313  6  6  4  5 48 80132179 581.77 67116.40
93 4 52181 26373705763575733473 94154132 67 94 67 67 18 871.87 75118.90
93 4 62181 32023202730302347220  7  9  7 12 15 15  9 39 140.84 89133.10
93 4 72181 42030232017302340203  7 15  9  7  6 15  9 27 120.73 79130.00
93 4 82181 52330404043435030300  9 15 27 27 32 32 48 15 261.26 81143.50
93 4 92181 63730301720534357287 22 15 15  6  7 56 32 67 281.26 87136.00
93 4102181 74337402330303027260 32 22 27  9 15 15 15 12 181.05 79139.20
93 4112181 81727172027131727163  6 12  6  7 12  5  6 12  80.42 56119.40
93 4122181 94353271713 71717193 32 56 12  6  5  3  6  6 160.94 37103.70
93 4132181102050475743404020317  7 48 39 67 32 27 27  7 321.36 22 97.70
93 4142181113743333313373737270 22 32 18 18  5 22 22 22 201.05 15 92.80
93 4152181124347433317174753300 32 39 32 18  6  6 39 56 281.26 13 88.80
93 4162181133347372020302723237 18 39 22  7  7 15 12  9 160.94 13 90.90
93 4172181141720202717333717187  6  7  7 12  6 18 22  6 100.63 34 96.50
93 4182181153743334337332713267 22 32 18 32 22 18 12  5 201.05 49106.60
93 4192181162717132723302020177 12  6  5 12  9 15  7  7  90.52 51111.90
93 4202181173350373340373027287 18 48 22 18 27 22 15 12 231.15 89119.90
93 4212181184340473733574340340 32 27 39 22 18 67 32 27 331.36 98120.50
93 4222181193727301723405043267 22 12 15  6  9 27 48 32 211.15 93118.40
93 4232181202323132310274033193  9  9  5  9  4 12 27 18 120.73 96122.90
93 4242181213017202327272013177 15  6  7  9 12 12  7  5  90.52 98130.30
93 4252181222327332317132327187  9 12 18  9  6  5  9 12 100.63 88126.20
93 42621812310102010171313 7100  4  4  7  4  6  5  5  3  50.21 53125.00
93 427218124 7 710 71313 717 80  3  3  4  3  5  5  3  6  40.10 62119.60
93 42821812513101010171717 7100  5  4  4  4  6  6  6  3  50.21 54115.20
93 429218126 710101730303740180  3  4  4  6 15 15 22 27 120.73 41108.10
93 4302181274330271723233020213 32 15 12  6  9  9 15  7 130.84 38107.40
93 5 12182 13033132317 3 3 3127 15 18  5  9  6  2  2  2  70.42 33104.20
93 5 22182 2 310131313132720113  2  4  5  5  5  5 12  7  60.31 32104.70
93 5 32182 3231320233020 713150  9  5  7  9 15  7  3  5  80.42 42108.90
93 5 42182 4 71317 31323 710 93  3  5  6  2  5  9  3  4  50.21 69112.40
93 5 52182 51017201330 7 310110  4  6  7  5 15  3  2  4  60.31 77120.00
93 5 62182 62320202023273020183  9  7  7  7  9 12 15  7  90.52 75122.20
93 5 72182 71027202033334050233  4 12  7  7 18 18 27 48 181.05 74133.00
93 5 82182 85737504747374750370 67 22 48 39 39 22 39 48 401.57 81131.20
93 5 92182 95360504043405353393 56 80 48 27 32 27 56 56 481.67 87131.50
93 5102182105363575750302740377 56 94 67 67 48 15 12 27 481.67120136.80
93 511218211131713 710 71017 93  5  6  5  3  4  3  4  6  40.21125134.70
93 5122182122030273027304040243  7 15 12 15 12 15 27 27 160.94116129.00
93 5132182134023 3 3 7173727157 27  9  2  2  3  6 22 12 100.63 85122.40
93 5142182142027203747232020213  7 12  7 22 39  9  7  7 140.84 59114.60
93 5152182152317232330304327217  9  6  9  9 15 15 32 12 130.84 51106.70
93 5162182162743201723171730193 12 32  7  6  9  6  6 15 120.73 37101.10
93 5172182173040201723235040243 15 27  7  6  9  9 48 27 181.05 32 98.40
93 518218218 710101320172037133  3  4  4  5  7  6  7 22  70.42 24 93.50
93 5192182191723272030273317193  6  9 12  7 15 12 18  6 110.63 14 93.10
93 52021822013233317201713 3140  5  9 18  6  7  6  5  2  70.42 33 93.40
93 52121822110 3 3 7 3 710 7 50  4  2  2  3  2  3  4  3  30.10 25 93.30
93 522218222 713 713101313 3 80  3  5  3  5  4  5  5  2  40.10 19 94.10
93 523218223 3 3 3 313 3 7 0 37  2  2  2  2  5  2  3  0  20.00 22 97.30
93 524218224 7 71310 3 3 3 3 50  3  3  5  4  2  2  2  2  30.10 33100.90
93 525218225 7 7 0 0 3 3 3 3 27  3  3  0  0  2  2  2  2  20.00 53102.40
93 526218226 3 7 7 7 7101023 73  2  3  3  3  3  4  4  9  40.10 66110.40
93 5272182272340403333203333257  9 27 27 18 18  7 18 18 181.05 59122.70
93 5282183 13343273730434337293 18 32 12 22 15 32 32 22 231.15 74129.20
93 5292183 23720203310171720173 22  7  7 18  4  6  6  7 100.52 91132.50
93 5302183 3 72010 7131010 3 80  3  7  4  3  5  4  4  2  40.10 97144.10
93 5312183 410 7 713231317 7 97  4  3  3  5  9  5  6  3  50.21 96142.10
93 6 12183 52010 7 717 7 7 3 77  7  4  3  3  6  3  3  2  40.10105140.40
93 6 22183 61010132027101710117  4  4  5  7 12  4  6  4  60.31102143.40
93 6 32183 72320303333372727230  9  7 15 18 18 22 12 12 140.84101140.40
93 6 42183 84053576047405757410 27 56 67 80 39 27 67 67 541.67 82133.70
93 6 52183 95753434037375033350 67 56 32 27 22 22 48 18 361.46 75137.70
93 6 62183103333402727304033263 18 18 27 12 12 15 27 18 181.05 83131.30
93 6 72183113320334343333340280 18  7 18 32 32 18 18 27 211.15 72115.70
93 6 82183123730272030233717220 22 15 12  7 15  9 22  6 140.84 55115.20
93 6 92183132313101313131323123  9  5  4  5  5  5  5  9  60.31 46118.90
93 610218314 013171710275370207  0  5  6  6  4 12 56132 281.26 47116.00
93 6112183154020171717202317170 27  7  6  6  6  7  9  6  90.52 37104.90
93 6122183161723274023232033207  6  9 12 27  9  9  7 18 120.73 18 96.20
93 6132183172327373327172327213  9 12 22 18 12  6  9 12 120.73 10 89.40
93 6142183181023173317201720157  4  9  6 18  6  7  6  7  80.42 10 86.40
93 6152183192023201313 7 7 7110  7  9  7  5  5  3  3  3  50.21 10 84.60
93 616218320 7101310 7 3 3 3 57  3  4  5  4  3  2  2  2  30.10 13 85.00
93 617218321 7 7101013102017 93  3  3  4  4  5  4  7  6  40.21 17 86.10
93 618218322 7 3 0 3 720 7 7 53  3  2  0  2  3  7  3  3  30.10 16 87.40
93 619218323 317171017131717110  2  6  6  4  6  5  6  6  50.21 15 88.80
93 620218324 713231717 713 3100  3  5  9  6  6  3  5  2  50.21 24 94.10
93 621218325 3 0 0 3 3 7 3 3 23  2  0  0  2  2  3  2  2  20.00 26 94.00
93 62221832610101010 7102027103  4  4  4  4  3  4  7 12  50.21 27 99.80
93 6232183272717132733305330230 12  6  5 12 18 15 56 15 170.94 51113.10
93 6242184 13343473343433033307 18 32 39 18 32 32 15 18 261.26 50125.40
93 6252184 23023434030332727253 15  9 32 27 15 18 12 12 181.05 59122.60
93 6262184 32723171017201323150 12  9  6  4  6  7  5  9  70.42 59126.00
93 6272184 420131323132013 7123  7  5  5  9  5  7  5  3  60.31 67131.70
93 6282184 51013131710 7 7 7 83  4  5  5  6  4  3  3  3  40.10 69127.80
93 6292184 62023173333271020183  7  9  6 18 18 12  4  7 100.63 79126.70
93 6302184 72723231013332730187 12  9  9  4  5 18 12 15 100.63 70120.30
93 7 12184 83040304043233743287 15 27 15 27 32  9 22 32 221.15 58111.80
93 7 22184 93727234040334760307 22 12  9 27 27 18 39 80 291.36 61113.60
93 7 32184105343401727232730260 56 32 27  6 12  9 12 15 211.15 66114.20
93 7 42184113027172313201017157 15 12  6  9  5  7  4  6  80.42 80110.10
93 7 52184122027 7 3 71010 7 90  7 12  3  2  3  4  4  3  50.21 73103.90
93 7 6218413 3 7 72710 71317 90  2  3  3 12  4  3  5  6  50.21 58 98.40
93 7 72184143027201013132313150 15 12  7  4  5  5  9  5  80.42 45 96.50
93 7 82184152330333033372720233  9 15 18 15 18 22 12  7 140.84 40 96.40
93 7 92184162733232040432020227 12 18  9  7 27 32  7  7 150.84 38 93.20
93 7102184172323202730203330207  9  9  7 12 15  7 18 15 120.73 31 89.00
93 7112184183750433320332013250 22 48 32 18  7 18  7  5 201.05 35 85.80
93 7122184192317232020271320163  9  6  9  7  7 12  5  7  80.42 35 88.70
93 7132184202327302327201717183  9 12 15  9 12  7  6  6 100.52 51 89.50
93 714218421 7 7 7 3 7 7 7 7 50  3  3  3  2  3  3  3  3  30.10 63 95.70
93 715218422101713 717101720110  4  6  5  3  6  4  6  7  50.21 66 96.30
93 716218423 7 7 3 3 7171013 67  3  3  2  2  3  6  4  5  40.10 63100.30
93 71721842410 7 7 710 7 3 7 57  4  3  3  3  4  3  2  3  30.10 67102.60
93 71821842510 7131720101013100  4  3  5  6  7  4  4  5  50.21 80103.70
93 7192184261317101713101320113  5  6  4  6  5  4  5  7  50.21 82104.10
93 7202184271317274320304337230  5  6 12 32  7 15 32 22 160.94 71105.60
93 7212185 12737272733232727227 12 22 12 12 18  9 12 12 140.84 66108.90
93 7222185 22723272723172027190 12  9 12 12  9  6  7 12 100.63 58111.20
93 7232185 3232317131710 310117  9  9  6  5  6  4  2  4  60.31 68113.30
93 7242185 410 3 713102013 7 83  4  2  3  5  4  7  5  3  40.10 66109.80
93 7252185 527201010 7 7 7 7 93 12  7  4  4  3  3  3  3  50.21 61105.10
93 7262185 61013 310 717 3 7 70  4  5  2  4  3  6  2  3  40.10 55106.80
93 7272185 717 7 72030303323167  6  3  3  7 15 15 18  9 100.52 60106.40
93 7282185 82320171310131320130  9  7  6  5  4  5  5  7  60.31 59104.60
93 7292185 91710202040435027227  6  4  7  7 27 32 48 12 181.05 47103.50
93 7302185103023131013101310123 15  9  5  4  5  4  5  4  60.31 45100.80
93 7312185112323101717 71313123  9  9  4  6  6  3  5  5  60.31 46 99.10
93 8 121851213 3 3 3 31010 7 53  5  2  2  2  2  4  4  3  30.10 38102.80
93 8 2218513 71010 3 3 31310 60  3  4  4  2  2  2  5  4  30.10 40103.70
93 8 321851413 7101317202320123  5  3  4  5  6  7  9  7  60.31 36100.80
93 8 42185151717232343504353270  6  6  9  9 32 48 32 56 251.26 35 98.90
93 8 52185165047332717202713233 48 39 18 12  6  7 12  5 181.05 27 97.00
93 8 6218517 720403333372717213  3  7 27 18 18 22 12  6 140.84 49 97.10
93 8 72185182740273027202737233 12 27 12 15 12  7 12 22 150.84 43 93.80
93 8 8218519202030271317 710143  7  7 15 12  5  6  3  4  70.42 47 93.40
93 8 92185202723203323233017197 12  9  7 18  9  9 15  6 110.63 59 99.10
93 81021852113 7133017171720133  5  3  5 15  6  6  6  7  70.31 65104.50
93 8112185221717101010 3 7 7 80  6  6  4  4  4  2  3  3  40.10 73111.20
93 812218523102323172013 317127  4  9  9  6  7  5  2  6  60.31 58103.20
93 813218524131710101313 710 93  5  6  4  4  5  5  3  4  40.21 60 99.20
93 814218525 3 0 0 3 3 7 7 3 27  2  0  0  2  2  3  3  2  20.00 39 94.60
93 815218526 7 3 71017433350170  3  2  3  4  6 32 18 48 140.84 29 92.80
93 8162185275350606353577063470 56 48 80 94 56 67132 94 781.87 22 92.40
93 8172186 16753301723172313243111 56 15  6  9  6  9  5 271.26 29 95.10
93 8182186 23037373333333027260 15 22 22 18 18 18 15 12 181.05 28 94.30
93 8192186 33327232020203330207 18 12  9  7  7  7 18 15 120.73 28 93.90
93 8202186 427172320101317 7133 12  6  9  7  4  5  6  3  60.31 23 93.80
93 8212186 51317171310 710 7 93  5  6  6  5  4  3  4  3  40.21 31 97.00
93 8222186 61013132310101723120  4  5  5  9  4  4  6  9  60.31 42 96.20
93 8232186 72010 7 3 3 7 7 3 60  7  4  3  2  2  3  3  2  30.10 42 94.80
93 8242186 8 0 7132017 71017 90  0  3  5  7  6  3  4  6  40.10 56 92.50
93 8252186 917 3 310 7 7 713 67  6  2  2  4  3  3  3  5  40.10 53 90.60
93 82621861020 7131317132020123  7  3  5  5  6  5  7  7  60.31 44 90.20
93 8272186112010172747604340263  7  4  6 12 39 80 32 27 261.26 49 89.40
93 8282186122320133030272330197  9  7  5 15 15 12  9 15 110.63 48 90.20
93 8292186133030272027 71030180 15 15 12  7 12  3  4 15 100.63 49 91.70
93 830218614131313 7 3 7 717 80  5  5  5  3  2  3  3  6  40.10 37 90.70
93 831218615201710 713101313103  7  6  4  3  5  4  5  5  50.21 30 90.60
93 9 1218616 3 3 3 3 31010 7 43  2  2  2  2  2  4  4  3  30.00 26 87.10
93 9 2218617 7 7 71723132317113  3  3  3  6  9  5  9  6  60.21 24 82.60
93 9 32186182330333753435757333  9 15 18 22 56 32 67 67 361.46 22 80.90
93 9 42186194343473330432037297 32 32 39 18 15 32  7 22 251.26 23 80.50
93 9 52186204330231730202027210 32 15  9  6 15  7  7 12 130.73 22 81.00
93 9 62186213027232727173027207 15 12  9 12 12  6 15 12 120.73 14 80.20
93 9 72186221330231020171027150  5 15  9  4  7  6  4 12  80.42 12 79.60
93 9 82186233723131710101323147 22  9  5  6  4  4  5  9  80.42 12 80.20
93 9 921862413 3101313131713 97  5  2  4  5  5  5  6  5  50.21 16 80.10
93 910218625 71713101317 310 90  3  6  5  4  5  6  2  4  40.21  9 80.10
93 9112186262310 71717131723127  9  4  3  6  6  5  6  9  60.31 12 79.80
93 91221862713 3201323333357197  5  2  7  5  9 18 18 67 160.94  9 79.50
93 9132187 15777736357605343483 67179154 94 67 80 56 32 911.87 10 81.10
93 9142187 25030504037433333317 48 15 48 27 22 32 18 18 281.26 10 82.60
93 9152187 34037372730202723240 27 22 22 12 15  7 12  9 160.94 10 85.60
93 9162187 417131013202023 7123  6  5  4  5  7  7  9  3  60.31 23 89.00
93 9172187 5 71720101010 713 93  3  6  7  4  4  4  3  5  40.21 21 85.90
93 9182187 6 7171317 7 7 7 7 80  3  6  5  6  3  3  3  3  40.10 19 86.00
93 9192187 72013101713 7 0 7 87  7  5  4  6  5  3  0  3  40.10 15 85.00
93 9202187 8 713173737434050243  3  5  6 22 22 32 27 48 211.15 15 80.30
93 9212187 9532310 717272720183 56  9  4  3  6 12 12  7 140.84 14 80.60
93 922218710172720171010 717123  6 12  7  6  4  4  3  6  60.31 14 79.80
93 923218711 3 0 31030203050147  2  0  2  4 15  7 15 48 120.73 16 82.00
93 9242187124017272730334040253 27  6 12 12 15 18 27 27 181.05 23 90.00
93 9252187132020173030272727197  7  7  6 15 15 12 12 12 110.63 43 96.50
93 9262187142333233020131323180  9 18  9 15  7  5  5  9 100.52 43106.80
93 9272187153327201717202717177 18 12  7  6  6  7 12  6  90.52 49104.90
93 928218716 310 71720303027143  2  4  3  6  7 15 15 12  80.42 52111.70
93 9292187172013274040505037277  7  5 12 27 27 48 48 22 241.26 48116.80
93 9302187184043272013132050227 27 32 12  7  5  5  7 48 181.05 46120.90
9310 12187195043434730333020297 48 32 32 39 15 18 15  7 261.26 64117.10
9310 22187201010172317232710137  4  4  6  9  6  9 12  4  70.31 95126.90
9310 3218721 0 310 710172720 93  0  2  4  3  4  6 12  7  50.21 87124.80
9310 4218722 310101313203310113  2  4  4  5  5  7 18  4  60.31100121.50
9310 521872313 7 3 7 7202323103  5  3  2  3  3  7  9  9  50.21 90123.70
9310 62187244040331010 71727183 27 27 18  4  4  3  6 12 130.73 71118.00
9310 72187251717 3 013 7 3 3 63  6  6  2  0  5  3  2  2  30.10 65116.60
9310 82187261323473340202330230  5  9 39 18 27  7  9 15 160.94 70113.10
9310 92187273057536740334353377 15 67 56111 27 18 32 56 481.67 76110.10
9310102188 14050434047274343333 27 48 32 27 39 12 32 32 311.36 58107.10
9310112188 24033334343533037313 27 18 18 32 32 56 15 22 281.26 65102.30
9310122188 34037332740332027257 27 22 18 12 27 18  7 12 181.05 56 97.30
9310132188 43040301717172320193 15 27 15  6  6  6  9  7 110.73 37 94.50
9310142188 5332320172317 710150 18  9  7  6  9  6  3  4  80.42 31 90.80
9310152188 613 71013 7 7 3 3 63  5  3  4  5  3  3  2  2  30.10 52 93.50
9310162188 71313131010171320110  5  5  5  4  4  6  5  7  50.21 56 90.30
9310172188 8333010 710172023150 18 15  4  3  4  6  7  9  80.42 41 89.40
9310182188 92033131017171010130  7 18  5  4  6  6  4  4  70.31 37 86.70
9310192188102730172010102327163 12 15  6  7  4  4  9 12  90.52 44 88.10
93102021881117 710 3 7132013 90  6  3  4  2  3  5  7  5  40.21 63 93.50
9310212188121723202017 7 3 7113  6  9  7  7  6  3  2  3  50.21 73 94.20
9310222188134040272020273033237 27 27 12  7  7 12 15 18 160.94 61 91.30
9310232188142033401723203023207  7 18 27  6  9  7 15  9 120.73 58 91.40
9310242188154323171710272317177 32  9  6  6  4 12  9  6 100.63 55 90.60
9310252188162017276063603037313  7  6 12 80 94 80 15 22 401.46 43 86.00
9310262188172310231720473747223  9  4  9  6  7 39 22 39 170.94 50 87.40
9310272188184047474350475043367 27 39 39 32 48 39 48 32 381.46 39 86.00
9310282188193033373737202750270 15 18 22 22 22  7 12 48 211.15 29 87.30
9310292188204023171327271330190 27  9  6  5 12 12  5 15 110.73 23 90.50
93103021882120 7 7 7 7 7 010 63  7  3  3  3  3  3  0  4  30.10 30 90.00
93103121882210 3201717302323143  4  2  7  6  6 15  9  9  70.42 28 90.10
9311 12188233023172330303020203 15  9  6  9 15 15 15  7 110.73 13 90.00
9311 2218824232010 7 7 7 7 3 83  9  7  4  3  3  3  3  2  40.10 19 91.80
9311 3218825 3 0 7 713233360147  2  0  3  3  5  9 18 80 150.84 18 92.40
9311 42188266763536060576050470111 94 56 80 80 67 80 48 771.87 20 94.10
9311 52188274033534743434343347 27 18 56 39 32 32 32 32 341.36 30 94.80
9311 62189 13727434340374043310 22 12 32 32 27 22 27 32 261.26 33 94.90
9311 72189 23727333737433743293 22 12 18 22 22 32 22 32 231.15 34 93.50
9311 82189 33727233027334333253 22 12  9 15 12 18 32 18 170.94 33 90.20
9311 92189 43033232720172330203 15 18  9 12  7  6  9 15 110.73 26 88.70
9311102189 53030302027272710200 15 15 15  7 12 12 12  4 120.73 25 88.20
9311112189 6133317171710 7 7120  5 18  6  6  6  4  3  3  60.31 14 87.00
9311122189 7101710 7 7 7 7 3 67  4  6  4  3  3  3  3  2  40.10 15 88.90
9311132189 8 717201327272317150  3  6  7  5 12 12  9  6  80.42 21 92.20
9311142189 91723202730433330223  6  9  7 12 15 32 18 15 140.84 22 92.30
9311152189103033131713173043197 15 18  5  6  5  6 15 32 130.73 27 99.90
9311162189113023232023272327197 15  9  9  7  9 12  9 12 100.63 32 98.20
93111721891227 3 3 3 0 33327100 12  2  2  2  0  2 18 12  60.31 37 97.70
9311182189132313101050605743267  9  5  4  4 48 80 67 32 311.36 37100.20
9311192189144760232737374047317 39 80  9 12 22 22 27 39 311.36 42 98.70
9311202189153333232013131717170 18 18  9  7  5  5  6  6  90.52 43 98.00
9311212189163023232013101320153 15  9  9  7  5  4  5  7  80.42 56 94.80
931122218917271010 713 71717107 12  4  4  3  5  3  6  6  50.21 56 96.80
9311232189182323171320231710147  9  9  6  5  7  9  6  4  70.31 53 97.90
9311242189191723 7 7 7101317100  6  9  3  3  3  4  5  6  50.21 54 97.50
9311252189201317101013231727130  5  6  4  4  5  9  6 12  60.31 40 94.70
9311262189213723232023404730243 22  9  9  7  9 27 39 15 170.94 46 90.80
9311272189222723 7 7 3171727127 12  9  3  3  2  6  6 12  70.31 44 87.30
931128218923 3 310 717171320 90  2  2  4  3  6  6  5  7  40.21 53 90.70
9311292189244023202023232723200 27  9  7  7  9  9 12  9 110.63 55 91.20
93113021892523 310 7 7 7 710 73  9  2  4  3  3  3  3  4  40.10 69100.80
9312 12189262717174343474060293 12  6  6 32 32 39 27 80 291.36 67105.60
9312 22189274747474340435767390 39 39 39 32 27 32 67111 481.67 56101.30
9312 32190 16353504037233730333 94 56 48 27 22  9 22 15 371.46 60102.60
9312 42190 21710132017173323150  6  4  5  7  6  6 18  9  80.42 66101.60
9312 52190 31310102330373323180  5  4  4  9 15 22 18  9 110.63 63 98.30
9312 62190 42013171320172020140  7  5  6  5  7  6  7  7  60.31 55 99.90
9312 72190 52710171043404050237 12  4  6  4 32 27 27 48 201.05 65103.80
9312 82190 66363505043473313363 94 94 48 48 32 39 18  5 471.57 57101.90
9312 92190 710 7 3 3 0 7 317 50  4  3  2  2  0  3  2  6  30.00 53 95.40
9312102190 82320172023172720167  9  7  6  7  9  6 12  7  80.42 46 93.20
9312112190 933232013171317 7143 18  9  7  5  6  5  6  3  70.42 31 89.70
931212219010171013271720 713123  6  4  5 12  6  7  3  5  60.31 21 88.10
9312132190111310 310 3 3 317 63  5  4  2  4  2  2  2  6  30.10 17 85.10
9312142190121720 710 3 7 7 7 77  6  7  3  4  2  3  3  3  40.10 23 85.10
9312152190132327373030171710190  9 12 22 15 15  6  6  4 110.63  8 82.80
9312162190142037373743374043293  7 22 22 22 32 22 27 32 231.15 20 81.90
9312172190153340303033374337283 18 27 15 15 18 22 32 22 211.15 22 81.10
9312182190162730333030404040270 12 15 18 15 15 27 27 27 201.05 28 82.40
9312192190174030272020232720207 27 15 12  7  7  9 12  7 120.73 18 84.20
9312202190184033202023272730220 27 18  7  7  9 12 12 15 130.84 27 88.10
9312212190193327303333403343273 18 12 15 18 18 27 18 32 201.05 37 89.90
9312222190203023233730101723193 15  9  9 22 15  4  6  9 110.63 44 96.60
9312232190212327132317232343193  9 12  5  9  6  9  9 32 110.73 54101.60
9312242190222720232730272730210 12  7  9 12 15 12 12 15 120.73 63107.50
9312252190232033202730132330197  7 18  7 12 15  5  9 15 110.63 75115.20
9312262190242310171323232337170  9  4  6  5  9  9  9 22  90.52 62120.50
93122721902520231710202713 7137  7  9  6  4  7 12  5  3  70.31 69135.80
931228219026 3 0 3 710101313 60  2  0  2  3  4  4  5  5  30.10 61129.20
931229219027101710 3 3 0 0 3 47  4  6  4  2  2  0  0  2  20.00 73124.40
9312302191 12017131317 3 0 3 87  7  6  5  5  6  2  0  2  40.10 75138.00
9312312191 22033504323302037257  7 18 48 32  9 15  7 22 201.05 99136.20
