95 1 122041710 0 713 31027 7 77  4  0  3  5  2  4 12  3  40.10 10 72.90
95 1 22204181323273323374740243  5  9 12 18  9 22 39 27 181.05  8 74.80
95 1 32204195340433733473743333 56 27 32 22 18 39 22 32 311.36 11 74.30
95 1 42204204037333337273027263 27 22 18 18 22 12 15 12 181.05 14 74.40
95 1 52204213330334040404037293 18 15 18 27 27 27 27 22 231.15 11 73.80
95 1 62204222727273333273043247 12 12 12 18 18 12 15 32 160.94 15 72.00
95 1 72204232723273030232327210 12  9 12 15 15  9  9 12 120.73  7 72.20
95 1 82204243323131020202310153 18  9  5  4  7  7  9  4  80.42  9 71.30
95 1 922042520203310 7101320133  7  7 18  4  3  4  5  7  70.31  9 71.40
95 110220426 7 7131723172733143  3  3  5  6  9  6 12 18  80.42  8 70.90
95 1112204273333273343302323247 18 18 12 18 32 15  9  9 160.94  9 72.80
95 1122205 127 7 7 7 7101723103 12  3  3  3  3  4  6  9  50.21 12 73.70
95 1132205 21030332320101313153  4 15 18  9  7  4  5  5  80.52  8 72.50
95 1142205 3171013 7 3 71320 90  6  4  5  3  2  3  5  7  40.21 11 74.70
95 1152205 417 713 7 7 7 7 7 70  6  3  5  3  3  3  3  3  40.10 12 78.00
95 1162205 52320174340274033243  9  7  6 32 27 12 27 18 170.94 17 80.10
95 1172205 63037404730405363340 15 22 27 39 15 27 56 94 371.46 23 80.80
95 1182205 76063533730202027310 80 94 56 22 15  7  7 12 371.46 35 83.90
95 1192205 82010 317201010 7 97  7  4  2  6  7  4  4  3  50.21 42 87.30
95 1202205 9 7 7 3 713133327110  3  3  2  3  5  5 18 12  60.31 51 89.60
95 12122051023201710 7203027153  9  7  6  4  3  7 15 12  80.42 55 93.40
95 1222205112313101330231723153  9  5  4  5 15  9  6  9  80.42 53 92.50
95 1232205122733131010 31313123 12 18  5  4  4  2  5  5  70.31 50 93.00
95 1242205131713101310 3 7 3 77  6  5  4  5  4  2  3  2  40.10 53 94.10
95 12522051413231717131310 7113  5  9  6  6  5  5  4  3  50.21 49 86.80
95 12622051513 3 3101010 310 63  5  2  2  4  4  4  2  4  30.10 30 83.10
95 127220516 7 3 7131713 7 3 70  3  2  3  5  6  5  3  2  40.10 21 85.80
95 128220517 3101010 7 31010 63  2  4  4  4  3  2  4  4  30.10 25 80.20
95 1292205182047273740434363320  7 39 12 22 27 32 32 94 331.36 16 82.10
95 1302205195350404037475050367 56 48 27 27 22 39 48 48 391.46 31 83.90
95 1312205205343402037375033313 56 32 27  7 22 22 48 18 291.36 32 84.20
95 2 12205213033303030303320237 15 18 15 15 15 15 18  7 150.84 35 84.60
95 2 22205223340403740473740313 18 27 27 22 27 39 22 27 261.26 41 83.50
95 2 32205233740333340374340303 22 27 18 18 27 22 32 27 241.26 38 80.40
95 2 42205245337332737403027283 56 22 18 12 22 27 15 12 231.15 35 83.60
95 2 5220525201017 7102013 7103  7  4  6  3  4  7  5  3  50.21 35 78.80
95 2 62205263027132027301327187 15 12  5  7 12 15  5 12 100.63 34 82.00
95 2 72205273730271310131347190 22 15 12  5  4  5  5 39 130.84 16 81.50
95 2 82206 14053504343271320290 27 56 48 32 32 12  5  7 271.26 12 83.20
95 2 92206 2102317 3 0 3 3 3 63  4  9  6  2  0  2  2  2  30.10 17 81.50
95 2102206 3 0 0 0 3 313 717 43  0  0  0  2  2  5  3  6  20.00 23 79.30
95 2112206 42727533340403750307 12 12 56 18 27 27 22 48 281.26 13 79.00
95 2122206 54340303730475343323 32 27 15 22 15 39 56 32 301.36 14 79.10
95 2132206 65343474757473343370 56 32 39 39 67 39 18 32 401.57 14 83.50
95 2142206 75040273350434027310 48 27 12 18 48 32 27 12 281.26 17 80.40
95 2152206 83333273020373337250 18 18 12 15  7 22 18 22 160.94 25 82.90
95 2162206 91720201713331320153  6  7  7  6  5 18  5  7  80.42 26 83.50
95 2172206101010232320201313133  4  4  9  9  7  7  5  5  60.31 33 86.90
95 2182206113030202320233013190 15 15  7  9  7  9 15  5 100.63 31 86.70
95 2192206121727201710131723143  6 12  7  6  4  5  6  9  70.31 46 92.40
95 22022061317231313101313 7110  6  9  5  5  4  5  5  3  50.21 46 88.80
95 2212206141710102010 01020 97  6  4  4  7  4  0  4  7  40.21 45 87.10
95 222220615 3 71010 3 0 3 3 40  2  3  4  4  2  0  2  2  20.00 47 83.40
95 223220616101020171710 710100  4  4  7  6  6  4  3  4  50.21 42 82.90
95 22422061710 3 7 7 0 31310 53  4  2  3  3  0  2  5  4  30.10 30 81.70
95 225220618 0 0 0 3 7 3 3 3 20  0  0  0  2  3  2  2  2  10.00 26 81.60
95 2262206191730402327303330230  6 15 27  9 12 15 18 15 150.84 26 84.50
95 2272206202340304043375037300  9 27 15 27 32 22 48 22 251.26 32 85.90
95 2282206214340435027305747337 32 27 32 48 12 15 67 39 341.36 38 89.10
95 3 12206224047435727434743347 27 39 32 67 12 32 39 32 351.46 51 88.30
95 3 22206234047473737472727307 27 39 39 22 22 39 12 12 261.26 51 88.70
95 3 32206243313131010 71317117 18  5  5  4  4  3  5  6  60.31 55 89.40
95 3 42206252313202733374763263  9  5  7 12 18 22 39 94 261.26 65 87.60
95 3 52206264723233330303730253 39  9  9 18 15 15 22 15 181.05 61 82.90
95 3 6220627133010 3 710 0 0 73  5 15  4  2  3  4  0  0  40.10 38 82.20
95 3 72207 1 010 7 7 71310 7 60  0  4  3  3  3  5  4  3  30.10 36 82.70
95 3 82207 2131313 3 3 013 7 67  5  5  5  2  2  0  5  3  30.10 20 79.60
95 3 92207 3 727331720235043220  3 12 18  6  7  9 48 32 170.94 10 75.80
95 3102207 45337232027273033250 56 22  9  7 12 12 15 18 191.05  0 78.10
95 3112207 54733371030434757303 39 18 22  4 15 32 39 67 301.36  8 75.10
95 3122207 66060403330404753363 80 80 27 18 15 27 39 56 431.57 12 75.30
95 3132207 74337404753604737363 32 22 27 39 56 80 39 22 401.46 10 76.60
95 3142207 84040333337373730287 27 27 18 18 22 22 22 15 211.15 10 78.10
95 3152207 92330333023103033213  9 15 18 15  9  4 15 18 130.73 17 80.20
95 3162207103333302330272723227 18 18 15  9 15 12 12  9 140.84 13 83.30
95 3172207111727201720272320170  6 12  7  6  7 12  9  7  80.42 16 82.50
95 3182207122013171010 313 7 93  7  5  6  4  4  2  5  3  40.21 35 90.90
95 319220713171010 3 7101313 83  6  4  4  2  3  4  5  5  40.10 38 83.40
95 32022071410 0 713202013 3 87  4  0  3  5  7  7  5  2  40.10 41 88.30
95 321220715 0 710 3 3 3 3 3 33  0  3  4  2  2  2  2  2  20.00 42 89.30
95 322220716 31010 7 7 7 3 7 53  2  4  4  3  3  3  2  3  30.10 45 92.90
95 323220717 7 0 02723232313117  3  0  0 12  9  9  9  5  60.31 47 93.60
95 324220718231020 713171010110  9  4  7  3  5  6  4  4  50.21 44 94.40
95 3252207191723101710 71317113  6  9  4  6  4  3  5  6  50.21 42 91.80
95 3262207202013334357534340303  7  5 18 32 67 56 32 27 301.36 41 89.90
95 3272207213320403340333733270 18  7 27 18 27 18 22 18 191.05 28 88.60
95 3282207223733332037433317253 22 18 18  7 22 32 18  6 181.05 19 83.40
95 3292207233047403333272327260 15 39 27 18 18 12  9 12 191.05 23 80.70
95 33022072430271317301710 7150 15 12  5  6 15  6  4  3  80.42 23 79.50
95 3312207251313202717202020150  5  5  7 12  6  7  7  7  70.42 22 76.70
95 4 1220726 7 3 3 313374740153  3  2  2  2  5 22 39 27 130.73 16 75.30
95 4 22207274357234040171310243 32 67  9 27 27  6  5  4 221.15 17 76.20
95 4 32208 1 3 3 3 3 3 0 3 3 23  2  2  2  2  2  0  2  2  20.00 19 75.20
95 4 42208 213 710 3 310 313 63  5  3  4  2  2  4  2  5  30.10 10 73.10
95 4 52208 32720133320173023183 12  7  5 18  7  6 15  9 100.63  0 72.20
95 4 62208 42713 3 3 7 32027103 12  5  2  2  3  2  7 12  60.31  0 71.90
95 4 72208 54057605370807360493 27 67 80 56132207154 801001.98  0 70.70
95 4 82208 64047475040533333343 27 39 39 48 27 56 18 18 341.36  0 72.00
95 4 92208 74743434037402727303 39 32 32 27 22 27 12 12 251.26  8 72.90
95 4102208 83047404740403030303 15 39 27 39 27 27 15 15 261.26  7 74.80
95 4112208 92343373027305037277  9 32 22 15 12 15 48 22 221.15 10 78.00
95 4122208104340272323303020237 32 27 12  9  9 15 15  7 160.94 18 82.30
95 41322081127332010 7171323150 12 18  7  4  3  6  5  9  80.42 31 83.30
95 4142208122713 7 710101317103 12  5  3  3  4  4  5  6  50.21 38 88.90
95 4152208131010 3 3131310 3 67  4  4  2  2  5  5  4  2  40.10 42 92.00
95 416220814 7 31310 3 31717 73  3  2  5  4  2  2  6  6  40.10 46 89.70
95 41722081530171010 310 710 97 15  6  4  4  2  4  3  4  50.21 48 89.60
95 4182208162313132317202013143  9  5  5  9  6  7  7  5  70.31 37 90.70
95 41922081720232310 7101720130  7  9  9  4  3  4  6  7  60.31 34 92.60
95 4202208181730231720231710157  6 15  9  6  7  9  6  4  80.42 25 87.20
95 421220819 3 3 3 0 3 7 7 7 33  2  2  2  0  2  3  3  3  20.00 13 85.50
95 42222082010 3 32337404330190  4  2  2  9 22 27 32 15 140.84 11 84.80
95 4232208213730333733403047287 22 15 18 22 18 27 15 39 221.15  0 77.60
95 4242208224050432327404333300 27 48 32  9 12 27 32 18 261.26  0 73.40
95 4252208234747272027272717237 39 39 12  7 12 12 12  6 170.94  0 71.30
95 4262208243033272733373043260 15 18 12 12 18 22 15 32 181.05  0 70.20
95 4272208254033634343303013297 27 18 94 32 32 15 15  5 301.36  8 69.10
95 4282208262027303733231713200  7 12 15 22 18  9  6  5 120.73  0 68.60
95 4292208272320171327172020157  9  7  6  5 12  6  7  7  70.42  0 69.00
95 4302209 113 7 7 7 7 31320 77  5  3  3  3  3  2  5  7  40.10  0 68.20
95 5 12209 2 0 7 3 3 7 7 717 50  0  3  2  2  3  3  3  6  30.00  9 69.70
95 5 22209 32750403050635363377 12 48 27 15 48 94 56 94 491.67  0 69.90
95 5 32209 46053505747434343397 80 56 48 67 39 32 32 32 481.67  8 70.20
95 5 42209 55057503040333743340 48 67 48 15 27 18 22 32 351.46  8 71.80
95 5 52209 64353475750474343383 32 56 39 67 48 39 32 32 431.57 10 74.20
95 5 62209 75333504730233027293 56 18 48 39 15  9 15 12 261.26  9 77.80
95 5 72209 82333404040304047293  9 18 27 27 27 15 27 39 241.15  8 79.00
95 5 82209 94343232740273033267 32 32  9 12 27 12 15 18 201.05  9 79.40
95 5 92209102323232317133327183  9  9  9  9  6  5 18 12 100.52 10 79.20
95 5102209112020 71317131713120  7  7  3  5  6  5  6  5  60.21 11 79.30
95 5112209122317171317131713130  9  6  6  5  6  5  6  5  60.31 12 78.40
95 5122209132317171323172010140  9  6  6  5  9  6  7  4  60.31 26 82.40
95 5132209141323202333271320173  5  9  7  9 18 12  5  7  90.52 26 82.20
95 51422091517232313101313 7120  6  9  9  5  4  5  5  3  60.31 27 81.60
95 515220916 3 7 71020101323 93  2  3  3  4  7  4  5  9  50.21 36 87.80
95 5162209172740434760535353377 12 27 32 39 80 56 56 56 451.57 40 95.90
95 5172209184757474027333730317 39 67 39 27 12 18 22 15 301.36 43 97.30
95 5182209192313172030172737183  9  5  6  7 15  6 12 22 100.63 40 93.40
95 5192209202327372320203023203  9 12 22  9  7  7 15  9 110.63 35 88.30
95 5202209213027273020233730223 15 12 12 15  7  9 22 15 130.84 25 82.80
95 5212209222717 7 710 710 7 90 12  6  3  3  4  3  4  3  50.21 13 77.00
95 522220923172313131710 723123  6  9  5  5  6  4  3  9  60.31 10 72.60
95 5232209242010101323335057217  7  4  4  5  9 18 48 67 201.05  0 70.40
95 5242209253353474330372727297 18 56 39 32 15 22 12 12 261.26  0 68.80
95 5252209263037201327233017197 15 22  7  5 12  9 15  6 110.73  0 68.90
95 5262209272017172737273730210  7  6  6 12 22 12 22 15 130.73  0 68.10
95 5272210 110171317132023 3117  4  6  5  6  5  7  9  2  60.21  0 67.50
95 5282210 21720171323171320140  6  7  6  5  9  6  5  7  60.31  9 68.40
95 5292210 31017101327202317137  4  6  4  5 12  7  9  6  70.31 12 68.70
95 5302210 42343475757405037353  9 32 39 67 67 27 48 22 391.46 10 69.40
95 5312210 54333374043475033327 32 18 22 27 32 39 48 18 301.36  9 70.90
95 6 12210 64340373340473730307 32 27 22 18 27 39 22 15 251.26  8 72.50
95 6 22210 73340303033372730260 18 27 15 15 18 22 12 15 181.05  9 75.40
95 6 32210 83747433730303730290 22 39 32 22 15 15 22 15 231.15 12 76.80
95 6 42210 92010171717232017140  7  4  6  6  6  9  7  6  60.31 14 81.40
95 6 5221010201713 710201727130  7  6  5  3  4  7  6 12  60.31 30 84.20
95 6 62210112713131723132017143 12  5  5  6  9  5  7  6  70.31 24 81.80
95 6 722101227 7131310131723123 12  3  5  5  4  5  6  9  60.31 28 85.00
95 6 82210131317 7 7 3 7 7 3 63  5  6  3  3  2  3  3  2  30.10 28 86.80
95 6 9221014 7 7101313171717100  3  3  4  5  5  6  6  6  50.21 24 89.00
95 610221015273323231317 710153 12 18  9  9  5  6  3  4  80.42 30 87.00
95 611221016232317 7 7 7 7 7 97  9  9  6  3  3  3  3  3  50.21 24 85.10
95 612221017 7 71010 710 7 3 60  3  3  4  4  3  4  3  2  30.10 20 83.30
95 613221018 3 3 7 7 3 3 7 7 40  2  2  3  3  2  2  3  3  20.00 17 79.20
95 614221019 3 0 71317172723107  2  0  3  5  6  6 12  9  50.21 12 78.10
95 6152210201317171317131713120  5  6  6  5  6  5  6  5  60.21  0 75.60
95 6162210213727102330204020207 22 12  4  9 15  7 27  7 130.73  0 73.10
95 6172210222013131710101013107  7  5  5  6  4  4  4  5  50.21  7 72.10
95 6182210231027473333171027203  4 12 39 18 18  6  4 12 140.84  9 71.80
95 6192210243040404357334330317 15 27 27 32 67 18 32 15 291.36 18 73.70
95 6202210252350432730402723263  9 48 32 12 15 27 12  9 201.05 13 74.20
95 6212210262733232323232020193 12 18  9  9  9  9  7  7 100.63 15 74.70
95 6222210272317131727201317147  9  6  5  6 12  7  5  6  70.42 17 75.50
95 6232211 11720272317231010147  6  7 12  9  6  9  4  4  70.42 16 74.30
95 6242211 21013171010101310 93  4  5  6  4  4  4  5  4  40.21 13 73.40
95 6252211 3 010131740434733203  0  4  5  6 27 32 39 18 160.94 13 73.20
95 6262211 44340332720233030247 32 27 18 12  7  9 15 15 170.94 12 73.20
95 6272211 520172313 7101320123  7  6  9  5  3  4  5  7  60.31 10 74.70
95 6282211 61713171727272737180  6  5  6  6 12 12 12 22 100.63  9 77.00
95 6292211 71310131020301713127  5  4  5  4  7 15  6  5  60.31 14 80.10
95 6302211 83023203740375053290 15  9  7 22 27 22 48 56 261.26 27 80.80
95 7 12211 95030272017131720193 48 15 12  7  6  5  6  7 130.84 30 81.50
95 7 222111023 7 71010132313107  9  3  3  4  4  5  9  5  50.21 25 80.30
95 7 32211112717132323101733163 12  6  5  9  9  4  6 18  90.52 14 80.70
95 7 4221112272313 720231310137 12  9  5  3  7  9  5  4  70.31 14 83.50
95 7 522111310 7 71010 7 7 7 63  4  3  3  4  4  3  3  3  30.10 22 82.90
95 7 6221114 7 3 3 7 3 7 710 47  3  2  2  3  2  3  3  4  30.00 27 83.60
95 7 72211151323 7 7131010 3 87  5  9  3  3  5  4  4  2  40.21 29 83.30
95 7 8221116 7101313231310 3 93  3  4  5  5  9  5  4  2  50.21 25 84.20
95 7 9221117 3 7 713272317 7103  2  3  3  5 12  9  6  3  50.21 28 82.90
95 710221118 3 3 7 3 7 7 7 3 40  2  2  3  2  3  3  3  2  20.00 21 79.90
95 711221119 3 3 3 0 3 31010 37  2  2  2  0  2  2  4  4  20.00 18 78.60
95 71222112010 3 0 310131017 67  4  2  0  2  4  5  4  6  30.10 13 76.70
95 71322112117201713101313 3107  6  7  6  5  4  5  5  2  50.21 11 74.90
95 714221122 7 3 71310232723113  3  2  3  5  4  9 12  9  60.31 13 76.80
95 7152211231717171717131717130  6  6  6  6  6  5  6  6  60.31 19 76.80
95 71622112413 7171753604353263  5  3  6  6 56 80 32 56 301.36 17 75.90
95 7172211254740333040432333290 39 27 18 15 27 32  9 18 231.15 16 74.70
95 7182211263320202333172717190 18  7  7  9 18  6 12  6 100.63 14 74.40
95 7192211271723272013102337170  6  9 12  7  5  4  9 22  90.52 21 72.80
95 7202212 13023173720171010163 15  9  6 22  7  6  4  4  90.52 23 72.00
95 7212212 2 7 7131717171310100  3  3  5  6  6  6  5  4  50.21 14 70.80
95 7222212 3 717101020202013117  3  6  4  4  7  7  7  5  50.21 11 71.10
95 7232212 42713 7 720232317137 12  5  3  3  7  9  9  6  70.31  0 70.70
95 7242212 53037533737234340300 15 22 56 22 22  9 32 27 261.26  0 71.50
95 7252212 640271313 710 710127 27 12  5  5  3  4  3  4  80.42  0 72.00
95 7262212 71717131017131317117  6  6  5  4  6  5  5  6  50.21  7 71.60
95 7272212 8132013 7 7 72320110  5  7  5  3  3  3  9  7  50.21  8 72.70
95 7282212 92010 71010102027113  7  4  3  4  4  4  7 12  60.31  0 72.60
95 7292212102720 3 710201013110 12  7  2  3  4  7  4  5  60.21  0 72.00
95 73022121117 0 32013171730117  6  0  2  7  5  6  6 15  60.31  0 71.90
95 731221212171713 3 7171327113  6  6  5  2  3  6  5 12  60.31 10 72.90
95 8 122121320131317 7 7 7 3 87  7  5  5  6  3  3  3  2  40.10 14 74.80
95 8 222121410 710 7132027 7100  4  3  4  3  5  7 12  3  50.21 15 75.70
95 8 32212151717301723201713153  6  6 15  6  9  7  6  5  80.42 17 75.50
95 8 4221216 71013 7 7101723 93  3  4  5  3  3  4  6  9  50.21 16 75.10
95 8 5221217 713102017271017120  3  5  4  7  6 12  4  6  60.31 16 77.20
95 8 6221218 7 710 310 71717 77  3  3  4  2  4  3  6  6  40.10 22 77.30
95 8 7221219 7 7 72327203030150  3  3  3  9 12  7 15 15  80.52 18 75.80
95 8 82212204340302323205033263 32 27 15  9  9  7 48 18 211.15 13 75.60
95 8 92212214337302333374043287 32 22 15  9 18 22 27 32 221.15  9 75.50
95 8102212223740333020232320227 22 27 18 15  7  9  9  7 140.84 10 75.00
95 8112212231317232020171723150  5  6  9  7  7  6  6  9  70.31 11 74.90
95 8122212243310 72023101727147 18  4  3  7  9  4  6 12  80.42  0 73.80
95 8132212253030231720132740200 15 15  9  6  7  5 12 27 120.73  9 72.70
95 8142212264737473727303037290 39 22 39 22 12 15 15 22 231.15  0 71.90
95 8152212273337272327173327223 18 22 12  9 12  6 18 12 140.84 12 73.20
95 8162213 1203337131713 7 7147  7 18 22  5  6  5  3  3  90.52 21 72.30
95 8172213 22320203033302717200  9  7  7 15 18 15 12  6 110.63 13 71.50
95 8182213 31310 71020202320123  5  4  3  4  7  7  9  7  60.31  0 73.60
95 8192213 42313301317203030177  9  5 15  5  6  7 15 15 100.52  0 73.40
95 8202213 51317171320131010113  5  6  6  5  7  5  4  4  50.21  8 73.00
95 8212213 6 7 7101310 3 3 3 57  3  3  4  5  4  2  2  2  30.10  0 72.70
95 8222213 710 3 3 333234353173  4  2  2  2 18  9 32 56 160.94  8 71.90
95 8232213 84337302717101010183 32 22 15 12  6  4  4  4 120.73 15 75.90
95 8242213 91710101323172023133  6  4  4  5  9  6  7  9  60.31 31 78.80
95 8252213103340334017202027230 18 27 18 27  6  7  7 12 150.94 30 78.80
95 8262213112023231317 71020133  7  9  9  5  6  3  4  7  60.31 41 78.90
95 8272213122320171713172323153  9  7  6  6  5  6  9  9  70.42 32 81.60
95 828221313 7 7101317171710 97  3  3  4  5  6  6  6  4  50.21 24 83.20
95 8292213143027233320202320197 15 12  9 18  7  7  9  7 100.63 14 79.70
95 830221315172013 710 710 7 90  6  7  5  3  4  3  4  3  40.21 13 78.90
95 831221316 7 7 3 3 313 710 53  3  3  2  2  2  5  3  4  30.10 11 77.00
95 9 122131717 7 3 7 71013 3 67  6  3  2  3  3  4  5  2  40.10  9 75.00
95 9 222131810 3 3 710101710 70  4  2  2  3  4  4  6  4  40.10  8 74.60
95 9 32213191710 7 7 7101313 83  6  4  3  3  3  4  5  5  40.10  8 74.90
95 9 4221320 31717 713 7 723 93  2  6  6  3  5  3  3  9  50.21 16 75.60
95 9 52213213027274053475353330 15 12 12 27 56 39 56 56 341.36 16 75.90
95 9 62213225730333733332033277 67 15 18 22 18 18  7 18 231.15  8 73.00
95 9 72213233737304033403317267 22 22 15 27 18 27 18  6 191.05  8 71.20
95 9 82213243053635337473717337 15 56 94 56 22 39 22  6 391.46  0 70.10
95 9 92213253343333030201320223 18 32 18 15 15  7  5  7 150.84  0 69.70
95 910221326 710172017233347173  3  4  6  7  6  9 18 39 120.73  0 68.90
95 9112213275747333030373333300 67 39 18 15 15 22 18 18 261.26  0 68.90
95 9122214 12323132317274040207  9  9  5  9  6 12 27 27 130.73  9 69.50
95 9132214 23037374727302327257 15 22 22 39 12 15  9 12 181.05  8 70.10
95 9142214 32723131010132327147 12  9  5  4  4  5  9 12  80.42  0 70.30
95 9152214 43747374043503010293 22 39 22 27 32 48 15  4 261.26 10 70.90
95 9162214 52723303030132023197 12  9 15 15 15  5  7  9 110.63  8 70.40
95 9172214 623231013171317 3120  9  9  4  5  6  5  6  2  60.31  0 70.50
95 9182214 7 3 0 010 3 31317 50  2  0  0  4  2  2  5  6  30.00  0 72.30
95 9192214 810 3 710 3101710 70  4  2  3  4  2  4  6  4  40.10 11 74.30
95 9202214 91730271727201723177  6 15 12  6 12  7  6  9  90.52 21 76.20
95 9212214102020 71017201313120  7  7  3  4  6  7  5  5  60.21 22 74.50
95 92222141113 7 3 3 7 71313 67  5  3  2  2  3  3  5  5  40.10 30 75.10
95 9232214123330 72330203027200 18 15  3  9 15  7 15 12 120.73 29 75.50
95 92422141330331723 71310 3137 15 18  6  9  3  5  4  2  80.42 30 74.20
95 92522141410202010 31310 3 90  4  7  7  4  2  5  4  2  40.21 26 74.50
95 926221415 3171320 7 713 7 87  2  6  5  7  3  3  5  3  40.10 25 73.90
95 9272214162027233743537053327  7 12  9 22 32 56132 56 411.57 26 72.60
95 9282214172030534023 7 3 7183  7 15 56 27  9  3  2  3 150.94  9 73.00
95 929221418 3 3 713 713 3 3 53  2  2  3  5  3  5  2  2  30.10  9 74.00
95 930221419 7 7131713 7 720 90  3  3  5  6  5  3  3  7  40.21  8 73.00
9510 1221420 7 3 0 3 0 32017 53  3  2  0  2  0  2  7  6  30.00  0 72.80
9510 22214212710272740272747230 12  4 12 12 27 12 12 39 160.94  0 72.70
9510 32214224333272733473733280 32 18 12 12 18 39 22 18 211.15  0 71.10
9510 42214234043376767574750407 27 32 22111111 67 39 48 571.77  0 70.80
9510 52214243737374747231743287 22 22 22 39 39  9  6 32 241.26  0 69.80
9510 62214252340335033472740293  9 27 18 48 18 39 12 27 251.26  0 70.90
9510 72214264743474040332330303 39 32 39 27 27 18  9 15 261.26 10 72.80
9510 82214273337334343505023313 18 22 18 32 32 48 48  9 281.26  9 74.10
9510 92215 11033474033473340283  4 18 39 27 18 39 18 27 241.15 22 76.00
9510102215 23037371310 7 3 7143 15 22 22  5  4  3  2  3 100.52 29 82.10
9510112215 31340371327402020210  5 27 22  5 12 27  7  7 140.84 48 89.10
9510122215 43343474037132327263 18 32 39 27 22  5  9 12 201.05 57 91.80
9510132215 54017202017202323180 27  6  7  7  6  7  9  9 100.52 58 87.50
9510142215 61317131710132023127  5  6  5  6  4  5  7  9  60.31 54 86.70
9510152215 72010 7101717 323107  7  4  3  4  6  6  2  9  50.21 31 82.50
9510162215 82020 71020173017140  7  7  3  4  7  6 15  6  70.31 43 85.00
9510172215 9203333171320 710153  7 18 18  6  5  7  3  4  80.52 37 84.10
9510182215102017104030405367277  7  6  4 27 15 27 56111 321.36 28 80.90
9510192215116753433017132030273111 56 32 15  6  5  7 15 311.36 21 79.80
9510202215122357405040534023327  9 67 27 48 27 56 27  9 341.36 18 81.80
9510212215132313302337332033213  9  5 15  9 22 18  7 18 130.73 26 80.30
9510222215142727301323173727200 12 12 15  5  9  6 22 12 120.73 26 79.70
9510232215153350333727233323260 18 48 18 22 12  9 18  9 191.05 26 75.90
95102422151630 3101327402313160 15  2  4  5 12 27  9  5 100.63 25 73.50
951025221517172717 7 7 3 0 0 77  6 12  6  3  3  2  0  0  40.10 22 73.10
951026221518 0 3 0 7 3131320 60  0  2  0  3  2  5  5  7  30.10 22 73.00
95102722151917 7 7 31723 727107  6  3  3  2  6  9  3 12  60.21 12 73.10
95102822152010 7 0 0 0 0 7 7 30  4  3  0  0  0  0  3  3  20.00 10 72.90
951029221521 7 7131310 0 0 7 57  3  3  5  5  4  0  0  3  30.10  9 72.80
951030221522 7 0 31737472330163  3  0  2  6 22 39  9 15 120.73  0 72.30
9510312215234737332017303333250 39 22 18  7  6 15 18 18 181.05 10 72.20
9511 12215244047433043174333297 27 39 32 15 32  6 32 18 251.26  0 73.30
9511 222152527473740304027 3250 12 39 22 27 15 27 12  2 201.05  8 72.10
9511 3221526 7202713 7 713 3 97  3  7 12  5  3  3  5  2  50.21  8 71.40
9511 4221527 013131733472010153  0  5  5  6 18 39  7  4 100.63  0 72.00
9511 52216 13723132340372747247 22  9  5  9 27 22 12 39 181.05  0 73.90
9511 62216 24033473043303723283 27 18 39 15 32 15 22  9 221.15  8 73.50
9511 72216 32730272320102320180 12 15 12  9  7  4  9  7  90.52  8 73.20
9511 82216 42323172010201313140  9  9  6  7  4  7  5  5  60.31  8 74.80
9511 92216 513 710 7 7 71010 70  5  3  4  3  3  3  4  4  40.10  9 75.70
9511102216 6232310 7101313 7107  9  9  4  3  4  5  5  3  50.21 12 76.50
9511112216 71313 31313 71030103  5  5  2  5  5  3  4 15  60.21  9 75.90
9511122216 82023331723133713180  7  9 18  6  9  5 22  5 100.63  8 74.60
9511132216 9 310 7 3202017 7 87  2  4  3  2  7  7  6  3  40.10  8 71.50
95111422161013 71010 7 7 720 80  5  3  4  4  3  3  3  7  40.10  8 73.40
9511152216111320 710 3 0 3 0 57  5  7  3  4  2  0  2  0  30.10 20 75.00
95111622161210 0 3 710 3 730 70  4  0  2  3  4  2  3 15  40.10 22 74.20
9511172216133323171710 7 717130 18  9  6  6  4  3  3  6  70.31 33 73.40
95111822161410131313 7101320100  4  5  5  5  3  4  5  7  50.21 23 73.40
95111922161523272710 7 71333147  9 12 12  4  3  3  5 18  80.42 10 72.20
95112022161617 72713 3 0 313 83  6  3 12  5  2  0  2  5  40.21 10 71.50
9511212216171010 7 3 313 7 7 60  4  4  3  2  2  5  3  3  30.10  9 71.10
9511222216181317 7131327 720117  5  6  3  5  5 12  3  7  60.31  9 71.00
95112322161927 71310 3 31010 83 12  3  5  4  2  2  4  4  40.21  9 70.90
951124221620 7 0 3 0 3 7 3 3 27  3  0  2  0  2  3  2  2  20.00  0 70.40
95112522162110 3 0 3 0 0 313 33  4  2  0  2  0  0  2  5  20.00  0 69.90
9511262216222020 0 0 0 0 0 0 40  7  7  0  0  0  0  0  0  20.00  0 70.80
951127221623 710306337373733253  3  4 15 94 22 22 22 18 251.26  0 68.90
9511282216242027232313233027187  7 12  9  9  5  9 15 12 100.52  9 71.50
9511292216254030402320371717223 27 15 27  9  7 22  6  6 150.84 11 70.40
9511302216262733302713 3 7 7147 12 18 15 12  5  2  3  3  90.52 12 72.30
9512 12216272027102037434047243  7 12  4  7 22 32 27 39 191.05 16 70.70
9512 22217 14020232333172020197 27  7  9  9 18  6  7  7 110.63 12 71.20
9512 32217 210 7132017203327147  4  3  5  7  6  7 18 12  80.42 16 71.20
9512 42217 34347333313201020220 32 39 18 18  5  7  4  7 160.94 16 70.70
9512 52217 417 7 3 7 3 71723 83  6  3  2  3  2  3  6  9  40.10 14 71.40
9512 62217 5 0 7 71010171720 87  0  3  3  4  4  6  6  7  40.10 10 71.80
9512 72217 61010 7 71717 3 3 73  4  4  3  3  6  6  2  2  40.10 10 71.90
9512 82217 7 310 7 3 0 0 310 37  2  4  3  2  0  0  2  4  20.00  8 71.80
9512 92217 82340172023101013157  9 27  6  7  9  4  4  5  90.52 19 71.60
9512102217 9232717 7 3 3 3 3 87  9 12  6  3  2  2  2  2  50.21 17 71.30
9512112217101717 310 7 710 3 73  6  6  2  4  3  3  4  2  40.10 18 71.10
951212221711 3 7 7 313203017100  2  3  3  2  5  7 15  6  50.21 11 70.00
95121322171213 7 0 3 0 0 7 3 33  5  3  0  2  0  0  3  2  20.00 10 70.40
951214221713202310 7131013 3100  7  9  4  3  5  4  5  2  50.21  9 67.60
9512152217141010171737403327190  4  4  6  6 22 27 18 12 120.73  8 68.00
9512162217154053432733131310233 27 56 32 12 18  5  5  4 201.05  0 67.70
951217221716 710272720332720170  3  4 12 12  7 18 12  7  90.52  0 67.10
95121822171713 7 3101010 3 3 60  5  3  2  4  4  4  2  2  30.10  0 66.40
951219221718271317 7132310 7117 12  5  6  3  5  9  4  3  60.31  0 67.00
951220221719 310 3102717 3 0 73  2  4  2  4 12  6  2  0  40.10  8 67.30
951221221720 3 3 7 713272733120  2  2  3  3  5 12 12 18  70.42  9 67.80
9512222217213327272030335040260 18 12 12  7 15 18 48 27 201.05  9 68.90
9512232217223727 72313 720 3137 22 12  3  9  5  3  7  2  80.42  8 69.90
9512242217232023504750402333287  7  9 48 39 48 27  9 18 261.26  0 69.90
9512252217242730232730333027227 12 15  9 12 15 18 15 12 140.84 12 70.10
9512262217252740332330233323233 12 27 18  9 15  9 18  9 150.84 17 71.70
9512272217262720171320172020153 12  7  6  5  7  6  7  7  70.42 18 71.50
951228221727 71013 7 320 710 77  3  4  5  3  2  7  3  4  40.10 17 73.40
9512292218 1 7 710 3 3101317 70  3  3  4  2  2  4  5  6  40.10  9 73.90
9512302218 213 7 3 7 710 7 7 60  5  3  2  3  3  4  3  3  30.10 10 72.80
9512312218 31017331323202010147  4  6 18  5  9  7  7  4  80.42  0 72.70
