98 1 12245 6 71327 7 7 7 3 7 77  3  5 12  3  3  3  2  3  40.10 39 98.30
98 1 22245 7102013 72020 320113  4  7  5  3  7  7  2  7  50.21 31 97.60
98 1 32245 8 3 3131313 7 7 3 63  2  2  5  5  5  3  3  2  30.10 23 97.70
98 1 42245 9 0 0 0 7171010 7 50  0  0  0  3  6  4  4  3  20.00 20 87.70
98 1 5224510 3 0 010101713 3 57  2  0  0  4  4  6  5  2  30.10 10 86.30
98 1 6224511304013 030434037233 15 27  5  0 15 32 27 22 181.05  1 84.10
98 1 7224512536340372717 7 0243 56 94 27 22 12  6  3  0 281.26  0 82.10
98 1 8224513 0 3202720172733147  0  2  7 12  7  6 12 18  80.42  0 79.50
98 1 9224514231023233333 710163  9  4  9  9 18 18  3  4  90.52  0 78.90
98 1102245151020101727271710137  4  7  4  6 12 12  6  4  70.31 10 78.00
98 11122451617201713271310 7123  6  7  6  5 12  5  4  3  60.31 27 82.00
98 112224517 7172017 7 317 0 87  3  6  7  6  3  2  6  0  40.10 38 92.70
98 113224518 7 0 3 7231713 3 73  3  0  2  3  9  6  5  2  40.10 36 87.50
98 1142245191310 317 3 3 3 7 60  5  4  2  6  2  2  2  3  30.10 30 90.80
98 115224520 0 0 313 3 3 310 37  0  0  2  5  2  2  2  4  20.00 32 94.60
98 1162245211710 0 723303033150  6  4  0  3  9 15 15 18  90.52 52 94.40
98 117224522171713 710272723140  6  6  5  3  4 12 12  9  70.42 52 92.80
98 118224523171727203317 7 3140  6  6 12  7 18  6  3  2  80.42 46 92.00
98 119224524 3 3 7 713 72013 73  2  2  3  3  5  3  7  5  40.10 39 90.50
98 1202245251733101020404040210  6 18  4  4  7 27 27 27 150.84 17 88.50
98 12122452630303710 7 7 3 7130 15 15 22  4  3  3  2  3  80.52 14 88.00
98 12222452710 0 0 310101727 77  4  0  0  2  4  4  6 12  40.10 16 90.10
98 1232246 11010101010 3 310 67  4  4  4  4  4  2  2  4  40.10 40 93.90
98 1242246 2 723231313 31727127  3  9  9  5  5  2  6 12  60.31 66 94.50
98 1252246 3204010 7203730 7170  7 27  4  3  7 22 15  3 110.63 75105.00
98 1262246 4 3 010 7101010 7 57  2  0  4  3  4  4  4  3  30.10 67 96.90
98 1272246 520202327171317 7143  7  7  9 12  6  5  6  3  70.31 61 97.70
98 1282246 6 0 0 3 0 3101310 40  0  0  2  0  2  4  5  4  20.00 53 93.70
98 1292246 71320131023231337153  5  7  5  4  9  9  5 22  80.42 47 90.90
98 1302246 84043403037332017260 27 32 27 15 22 18  7  6 191.05 28 88.40
98 1312246 920171710 7304337180  7  6  6  4  3 15 32 22 120.73 13 86.80
98 2 122461020272730 7 32027160  7 12 12 15  3  2  7 12  90.52 17 88.10
98 2 222461110131010 3 0 0 7 53  4  5  4  4  2  0  0  3  30.00 15 86.50
98 2 3224612 0 0 0 017201013 60  0  0  0  0  6  7  4  5  30.00 28 86.30
98 2 4224613333023202017 7 0150 18 15  9  7  7  6  3  0  80.42 28 86.60
98 2 5224614 013 0 71310 710 60  0  5  0  3  5  4  3  4  30.10 22 83.10
98 2 622461510 7 7 3 310 7 0 47  4  3  3  2  2  4  3  0  30.00 30 81.80
98 2 7224616 010 7 3 3 31010 47  0  4  3  2  2  2  4  4  30.00 27 80.80
98 2 8224617 710 31013133340130  3  4  2  4  5  5 18 27  80.52 28 81.30
98 2 92246184030172330202317200 27 15  6  9 15  7  9  6 120.73 33 81.50
98 2102246193323231317171723167 18  9  9  5  6  6  6  9  80.52 42 81.50
98 2112246203330102033433340243 18 15  4  7 18 32 18 27 170.94 40 84.00
98 2122246213717172323232720187 22  6  6  9  9  9 12  7 100.63 47 88.30
98 2132246221717171017172713133  6  6  6  4  6  6 12  5  60.31 47 92.30
98 214224623 7 31713 7102330110  3  2  6  5  3  4  9 15  60.31 76102.30
98 2152246242720 3 7 0 0 0 0 57 12  7  2  3  0  0  0  0  30.10 65104.70
98 216224625 3 7 7 3 310 710 50  2  3  3  2  2  4  3  4  30.10 62104.20
98 217224626 3 7 71330334057190  2  3  3  5 15 18 27 67 181.05 58102.40
98 2182246276753403330403727327111 56 27 18 15 27 22 12 361.46 52100.90
98 2192247 110101020 7132323117  4  4  4  7  3  5  9  9  60.31 35 96.30
98 2202247 240171713 7172720157 27  6  6  5  3  6 12  7  90.52 28 93.60
98 2212247 320 3 3 7 7102017 87  7  2  2  3  3  4  7  6  40.10 21 92.80
98 2222247 417171723132723 3140  6  6  6  9  5 12  9  2  70.31 28 93.50
98 2232247 51723201723233027180  6  9  7  6  9  9 15 12  90.52 39 97.30
98 2242247 613 310 7 7 7 010 57  5  2  4  3  3  3  0  4  30.10 59 96.60
98 2252247 7 0 310 7 31017 7 57  0  2  4  3  2  4  6  3  30.10 58 92.90
98 2262247 8 3 0 3 3 3 310 7 33  2  0  2  2  2  2  4  3  20.00 45 90.90
98 2272247 9 3 0231313132010 97  2  0  9  5  5  5  7  4  50.21 43 88.60
98 2282247101320231733332350213  5  7  9  6 18 18  9 48 150.84 54 92.30
98 3 12247114033171730373033237 27 18  6  6 15 22 15 18 160.94 59 96.50
98 3 22247123730372730273033250 22 15 22 12 15 12 15 18 160.94 67 89.92
98 3 32247133017 7 0 0 313 7 77 15  6  3  0  0  2  5  3  40.10 35 95.00
98 3 42247142020101327402320173  7  7  4  5 12 27  9  7 100.52 36100.00
98 3 522471527172730 7 3 737153 12  6 12 15  3  2  3 22  90.52 32 95.10
98 3 6224716332317102317 713143 18  9  6  4  9  6  3  5  80.42 29 90.30
98 3 722471717171313 7 0 0 0 67  6  6  5  5  3  0  0  0  30.10 36 90.50
98 3 8224718 7 7 0 0 3 3 3 0 23  3  3  0  0  2  2  2  0  20.00 33 89.90
98 3 9224719 0 01313 7 0 0 3 37  0  0  5  5  3  0  0  2  20.00 35 88.70
98 3102247201020375040607360350  4  7 22 48 27 80154 80 531.67 50 95.00
98 3112247214340534330401740307 32 27 56 32 15 27  6 27 281.26 56 99.40
98 3122247223337302330233023230 18 22 15  9 15  9 15  9 140.84 72100.30
98 3132247232730232320332730213 12 15  9  9  7 18 12 15 120.73 74103.70
98 31422472417 7132323373030180  6  3  5  9  9 22 15 15 100.63 79118.20
98 3152247255047402023171330240 48 39 27  7  9  6  5 15 201.05 63131.60
98 3162247263730272027332010203 22 15 12  7 12 18  7  4 120.73 60122.60
98 3172247272327133017 71023150  9 12  5 15  6  3  4  9  80.42 59124.30
98 3182248 1 717 7 3 3 7 720 70  3  6  3  2  2  3  3  7  40.10 64125.90
98 3192248 213 3 3 71010 717 70  5  2  2  3  4  4  3  6  40.10 67123.50
98 3202248 327 7102020302323160 12  3  4  7  7 15  9  9  80.42 62125.50
98 3212248 42317234357635323303  9  6  9 32 67 94 56  9 351.46 69124.90
98 3222248 52023303727332710207  7  9 15 22 12 18 12  4 120.73 72126.80
98 3232248 62727 7 3 7 7 717100 12 12  3  2  3  3  3  6  60.21 55121.30
98 3242248 7 3 7201723132030133  2  3  7  6  9  5  7 15  70.31 59119.90
98 3252248 82330102343472717220  9 15  4  9 32 39 12  6 160.94 59114.40
98 3262248 9 717 32337403023180  3  6  2  9 22 27 15  9 120.73 52109.50
98 3272248103327332730303327240 18 12 18 12 15 15 18 12 150.84 51107.70
98 3282248112330173027171733193  9 15  6 15 12  6  6 18 110.63 56103.60
98 3292248124740231323473727257 39 27  9  5  9 39 22 12 201.05 58100.00
98 3302248131317272020231327160  5  6 12  7  7  9  5 12  80.42 46107.20
98 3312248143337301313 3 010140 18 22 15  5  5  2  0  4  90.52 55107.90
98 4 1224815131313 3 0 310 0 57  5  5  5  2  0  2  4  0  30.10 56105.60
98 4 2224816 3 0 3 0 7 31023 50  2  0  2  0  3  2  4  9  30.00 59103.40
98 4 3224817201317 313271310117  7  5  6  2  5 12  5  4  60.31 57103.60
98 4 4224818233323131720 720157  9 18  9  5  6  7  3  7  80.42 51110.20
98 4 522481917 710 7 7 7 7 0 60  6  3  4  3  3  3  3  0  30.10 59126.40
98 4 622482013 0 313201017 7 83  5  0  2  5  7  4  6  3  40.10 63133.70
98 4 7224821201710 313272730147  7  6  4  2  5 12 12 15  80.42 93135.50
98 4 8224822272013 3 3103017123 12  7  5  2  2  4 15  6  70.31106141.00
98 4 92248231720201717172017143  6  7  7  6  6  6  7  6  60.31122140.20
98 4102248242327201713404043223  9 12  7  6  5 27 27 32 160.94108130.20
98 4112248253320232020272733203 18  7  9  7  7 12 12 18 110.63 96128.80
98 41222482640331320 7101013147 27 18  5  7  3  4  4  5  90.52 80117.60
98 413224827 713 3 0 3 32027 77  3  5  2  0  2  2  7 12  40.10 64115.50
98 4142249 1172717132020 7 7127  6 12  6  5  7  7  3  3  60.31 70112.60
98 4152249 2 3131010 3 7 713 67  2  5  4  4  2  3  3  5  40.10 65113.50
98 4162249 320 7202317 7 727127  7  3  7  9  6  3  3 12  60.31 61107.20
98 4172249 42030273040303310220  7 15 12 15 27 15 18  4 140.84 46102.10
98 4182249 51010233020 7 7 0107  4  4  9 15  7  3  3  0  60.31 23 99.40
98 4192249 6 0 0 3 310202720 83  0  0  2  2  4  7 12  7  40.10 31 96.70
98 4202249 7 723272037101027160  3  9 12  7 22  4  4 12  90.52 30 98.70
98 4212249 82027101717171320140  7 12  4  6  6  6  5  7  70.31 34 92.90
98 4222249 9 72710 717171720120  3 12  4  3  6  6  6  7  60.31 32 88.50
98 42322491017272310 7 75043183  6 12  9  4  3  3 48 32 150.84 26 91.30
98 4242249114757534747202040330 39 67 56 39 39  7  7 27 351.46 14 91.70
98 4252249125040303040335027300 48 27 15 15 27 18 48 12 261.26 20 93.00
98 4262249134747373350473040330 39 39 22 18 48 39 15 27 311.36 13 91.80
98 4272249144037232723132013197 27 22  9 12  9  5  7  5 120.73 12 92.60
98 4282249153023171717172023163 15  9  6  6  6  6  7  9  80.42 28 99.80
98 4292249161713 7101010 717 90  6  5  3  4  4  4  3  6  40.21 36102.00
98 43022491717 7 72733403030190  6  3  3 12 18 27 15 15 120.73 46104.10
98 5 12249181317171020131743150  5  6  6  4  7  5  6 32  90.52 57115.10
98 5 22249193350476067605060427 18 48 39 80111 80 48 80 631.77 73118.80
98 5 32249206060534350476060433 80 80 56 32 48 39 80 80 621.77 74119.30
98 5 42249216087835760372330437 80300236 67 80 22  9 151011.98 73123.20
98 5 52249223367472753574020343 18111 39 12 56 67 27  7 421.57 79135.70
98 5 6224923131310102013 723110  5  5  4  4  7  5  3  9  50.21 76132.40
98 5 72249242727103023202030187 12 12  4 15  9  7  7 15 100.63 71125.60
98 5 82249254033334043433323290 27 18 18 27 32 32 18  9 231.15 63120.20
98 5 92249261333331320333723207  5 18 18  5  7 18 22  9 130.73 54112.80
98 5102249271310273030232723183  5  4 12 15 15  9 12  9 100.63 43109.30
98 5112250 12323232317233037200  9  9  9  9  6  9 15 22 110.63 58110.20
98 5122250 23733302723233013217 22 18 15 12  9  9 15  5 130.84 73114.40
98 5132250 3171317 71310 713 97  6  5  6  3  5  4  3  5  50.21 80119.10
98 5142250 4 71013 713 3 710 70  3  4  5  3  5  2  3  4  40.10 82119.80
98 5152250 510 3 3 330302323127  4  2  2  2 15 15  9  9  70.42 80118.60
98 5162250 61720101320334037190  6  7  4  5  7 18 27 22 120.73 79120.40
98 5172250 75017101020231330173 48  6  4  4  7  9  5 15 120.73 71113.00
98 5182250 82013131330233027170  7  5  5  5 15  9 15 12  90.52 67104.60
98 5192250 9172313231017 3 0107  6  9  5  9  4  6  2  0  50.21 56101.50
98 52022501010 7132033374317180  4  3  5  7 18 22 32  6 120.73 43 94.10
98 5212250113033302327133033220 15 18 15  9 12  5 15 18 130.84 26 91.20
98 5222250123310101720271010137 18  4  4  6  7 12  4  4  70.42 21 89.60
98 5232250132323271723203033197  9  9 12  6  9  7 15 18 110.63 28 92.60
98 5242250143027372027272320210 15 12 22  7 12 12  9  7 120.73 32 98.00
98 5252250151313302020302727180  5  5 15  7  7 15 12 12 100.52 41 94.70
98 52622501630 7 7 317273023143 15  3  3  2  6 12 15  9  80.42 43 94.90
98 5272250172020101713131020123  7  7  4  6  5  5  4  7  60.31 51 96.60
98 528225018 713 7 310 71730 93  3  5  3  2  4  3  6 15  50.21 33101.10
98 5292250192327202037673333260  9 12  7  7 22111 18 18 261.26 28 97.60
98 5302250204740372723331723247 39 27 22 12  9 18  6  9 181.05 40 98.80
98 5312250212010 710 7 31710 83  7  4  3  4  3  2  6  4  40.10 49 96.80
98 6 1225022171010 3 7101310 80  6  4  4  2  3  4  5  4  40.10 49103.00
98 6 22250232013102023101727140  7  5  4  7  9  4  6 12  70.31 57107.70
98 6 32250241313203040273337213  5  5  7 15 27 12 18 22 140.84 55116.40
98 6 42250253020172017101313140 15  7  6  7  6  4  5  5  70.31 74115.00
98 6 52250261720172337403020203  6  7  6  9 22 27 15  7 120.73 79118.40
98 6 62250271720132737374037227  6  7  5 12 22 22 27 22 150.94 72118.50
98 6 72251 14337332020232327227 32 22 18  7  7  9  9 12 140.84 66116.40
98 6 82251 23020201723302717183 15  7  7  6  9 15 12  6 100.52 66120.50
98 6 92251 3 710272320203017153  3  4 12  9  7  7 15  6  80.42 81115.70
98 6102251 42010232747232740217  7  4  9 12 39  9 12 27 150.84 77115.30
98 6112251 530131317 7 713 3103 15  5  5  6  3  3  5  2  60.21 76115.80
98 6122251 61727231313 3 710113  6 12  9  5  5  2  3  4  60.31 83115.70
98 6132251 7 710 3 310102717 87  3  4  2  2  4  4 12  6  50.21 91113.90
98 6142251 83043272027231317200 15 32 12  7 12  9  5  6 120.73 69105.10
98 6152251 9 713132330231010130  3  5  5  9 15  9  4  4  70.31 53103.60
98 6162251101310101310301317117  5  4  4  5  4 15  5  6  60.31 49107.30
98 6172251111013 7 0 3 0 0 7 40  4  5  3  0  2  0  0  3  20.00 67103.90
98 618225112 710 71010 71030 90  3  4  3  4  4  3  4 15  50.21 55103.30
98 6192251132710304023232310187 12  4 15 27  9  9  9  4 110.63 52101.80
98 6202251141030271720203347203  4 15 12  6  7  7 18 39 140.84 60104.40
98 6212251153333333723102730227 18 18 18 22  9  4 12 15 140.84 64105.40
98 6222251163017132017203327177 15  6  5  7  6  7 18 12 100.52 51103.80
98 62322511717131710 7232743157  6  5  6  4  3  9 12 32 100.52 53 98.90
98 6242251182730203033373037243 12 15  7 15 18 22 15 22 160.94 45108.80
98 62522511923271717 7272730173  9 12  6  6  3 12 12 15  90.52 75109.70
98 6262251206363504337274020343 94 94 48 32 22 12 27  7 421.57 83112.80
98 627225121171710101313 7 7 93  6  6  4  4  5  5  3  3  40.21100119.10
98 628225122 0 3 71010 7 7 7 50  0  2  3  4  4  3  3  3  30.00108126.10
98 629225123 3 3 71017 7 3 3 53  2  2  3  4  6  3  2  2  30.10109123.30
98 630225124 7 7 3 31310 3 7 53  3  3  2  2  5  4  2  3  30.10101125.00
98 7 1225125 7 3 310 7202327100  3  2  2  4  3  7  9 12  50.21 94131.10
98 7 22251263317231317101320147 18  6  9  5  6  4  5  7  80.42 95124.40
98 7 32251273320101020102327153 18  7  4  4  7  4  9 12  80.42 95131.90
98 7 42252 12327231317203327183  9 12  9  5  6  7 18 12 100.52100133.50
98 7 52252 24030203027304023240 27 15  7 15 12 15 27  9 160.94 94127.60
98 7 62252 33040373050271713243 15 27 22 15 48 12  6  5 191.05 74125.20
98 7 72252 42017131720 7 3 0 97  7  6  5  6  7  3  2  0  40.21 51118.50
98 7 82252 5 317 7 3 3 710 7 57  2  6  3  2  2  3  4  3  30.10 38116.20
98 7 92252 6 3 3131027434343187  2  2  5  4 12 32 32 32 150.94 32118.20
98 7102252 72710 3 7 3101020 90 12  4  2  3  2  4  4  7  50.21 49112.90
98 7112252 82320171023334023190  9  7  6  4  9 18 27  9 110.63 57111.30
98 7122252 91313301710 7 717113  5  5 15  6  4  3  3  6  60.31 55102.60
98 713225210 7 7 3 3 7102323 83  3  3  2  2  3  4  9  9  40.21 44109.70
98 714225211 3 0 3 310 3 7 0 30  2  0  2  2  4  2  3  0  20.00 41106.30
98 715225212 3 3 3 0 3 7 327 50  2  2  2  0  2  3  2 12  30.10 55108.20
98 7162252133360434743504037353 18 80 32 39 32 48 27 22 371.46 67109.70
98 71722521427172717231710 3140 12  6 12  6  9  6  4  2  70.42 59103.60
98 71822521513 7 31317171327110  5  3  2  5  6  6  5 12  60.21 42102.40
98 7192252161013201310 7 313 90  4  5  7  5  4  3  2  5  40.21 35105.20
98 7202252172010 7 0 3 3 713 63  7  4  3  0  2  2  3  5  30.10 69115.40
98 7212252181037332723131710170  4 22 18 12  9  5  6  4 100.63 78113.90
98 7222252191310 71330332040167  5  4  3  5 15 18  7 27 100.63 91117.80
98 7232252203353504750504043367 18 56 48 39 48 48 27 32 401.46 90119.10
98 7242252214037335037474033317 27 22 18 48 22 39 27 18 281.26 79129.20
98 7252252222333332313301717190  9 18 18  9  5 15  6  6 110.63 68125.50
98 726225223202010101310 3 7 93  7  7  4  4  5  4  2  3  40.21 63122.80
98 727225224 310 31710 7 710 67  2  4  2  6  4  3  3  4  40.10 65123.20
98 728225225 3 7 3 720132027100  2  3  2  3  7  5  7 12  50.21 85125.10
98 7292252262027201317171013137  7 12  7  5  6  6  4  5  60.31 74123.10
98 7302252271713 31013202750153  6  5  2  4  5  7 12 48 110.63 57118.30
98 7312253 13730473743475033323 22 15 39 22 32 39 48 18 291.36 68117.20
98 8 12253 21713232043435723240  6  5  9  7 32 32 67  9 211.15 64115.40
98 8 22253 320131317 7 72320120  7  5  5  6  3  3  9  7  60.31 76112.90
98 8 32253 41010132313 71317107  4  4  5  9  5  3  5  6  50.21 68111.70
98 8 42253 520271310 7232720147  7 12  5  4  3  9 12  7  70.42 66119.20
98 8 52253 61017132323201710133  4  6  5  9  9  7  6  4  60.31 70130.50
98 8 62253 72040607367274063390  7 27 80154111 12 27 94 641.77 98142.20
98 8 72253 84360333037172723270 32 80 18 15 22  6 12  9 241.26104149.10
98 8 82253 923272017201713 3140  9 12  7  6  7  6  5  2  70.31 97150.90
98 8 9225310 0 3 3 31013 7 3 43  0  2  2  2  4  5  3  2  20.00117158.30
98 8102253113330331333173733230 18 15 18  5 18  6 22 18 150.84119153.30
98 81122531223 7101313131330123  9  3  4  5  5  5  5 15  60.31118154.10
98 812225313272717 7 7101030133 12 12  6  3  3  4  4 15  70.42121150.90
98 813225314272020171010 3 0107 12  7  7  6  4  4  2  0  50.21 92140.40
98 814225315 3 31720232723 3120  2  2  6  7  9 12  9  2  60.31 94140.60
98 815225316 0 7 01317172313 90  0  3  0  5  6  6  9  5  40.10 73136.80
98 816225317 710 3 3 713 3 0 47  3  4  2  2  3  5  2  0  30.00 94143.30
98 817225318 313 7 3 3 7 3 7 47  2  5  3  2  2  3  2  3  30.00 87139.70
98 818225319 31020 7 7101320 90  2  4  7  3  3  4  5  7  40.21 83135.80
98 81922532017 713 713203040147  6  3  5  3  5  7 15 27  90.52101137.90
98 8202253213723233330374030253 22  9  9 18 15 22 27 15 170.94 91141.90
98 8212253223010 7 3 3 0 023 77 15  4  3  2  2  0  0  9  40.21 89135.20
98 8222253231313304033374330240  5  5 15 27 18 22 32 15 170.94 81135.90
98 8232253243730404037302713253 22 15 27 27 22 15 12  5 181.05 84129.30
98 824225325 720231720232030160  3  7  9  6  7  9  7 15  80.42 79123.90
98 8252253263733101313132723170 22 18  4  5  5  5 12  9 100.63 73124.80
98 8262253272023475747575763370  7  9 39 67 39 67 67 94 491.67 87129.60
98 8272254 18080776767677063570207207179111111111132 941442.09100137.80
98 8282254 24350433337474033327 32 48 32 18 22 39 27 18 301.36 96142.00
98 8292254 33730271737375320257 22 15 12  6 22 22 56  7 201.05102149.40
98 8302254 43037233027333723240 15 22  9 15 12 18 22  9 150.94117166.40
98 8312254 52723373037403027250 12  9 22 15 22 27 15 12 170.94109181.80
98 9 12254 63040202733404030260 15 27  7 12 18 27 27 15 181.05100180.20
98 9 22254 720 7 72727272327163  7  3  3 12 12 12  9 12  90.52 85166.30
98 9 32254 83320 7 71730 717137 18  7  3  3  6 15  3  6  80.42 79165.50
98 9 42254 917171710 7 71317103  6  6  6  4  3  3  5  6  50.21 68157.30
98 9 5225410 7 0 717 3171727 93  3  0  3  6  2  6  6 12  50.21 80156.80
98 9 62254112323 71317 7 313107  9  9  3  5  6  3  2  5  50.21112167.10
98 9 722541210 7 71010173017107  4  3  3  4  4  6 15  6  60.31116153.50
98 9 822541337371010 7202013153 22 22  4  4  3  7  7  5  90.52125155.80
98 9 92254143327 72013132010143 18 12  3  7  5  5  7  4  80.42119147.40
98 910225415272710 7 7 71310107 12 12  4  3  3  3  5  4  60.31112143.60
98 91122541610 013 313172030107  4  0  5  2  5  6  7 15  60.21 96140.40
98 9122254172320272730332723210  9  7 12 12 15 18 12  9 120.73 92136.60
98 913225418272013171313 7 3113 12  7  5  6  5  5  3  2  60.31 95132.30
98 91422541910 310 7 3 31020 67  4  2  4  3  2  2  4  7  40.10 78123.30
98 91522542010232017 71017 3107  4  9  7  6  3  4  6  2  50.21 60118.60
98 916225421 7 0131017 71017 80  3  0  5  4  6  3  4  6  40.10 56119.90
98 9172254222730 7 3 3 71323113 12 15  3  2  2  3  5  9  60.31 74118.60
98 9182254232320133753435037277  9  7  5 22 56 32 48 22 251.26 70123.70
98 9192254242717132023102323157 12  6  5  7  9  4  9  9  80.42 93128.00
98 92022542527 7101010 7 313 87 12  3  4  4  4  3  2  5  50.21114133.30
98 921225426303737273010 3 0173 15 22 22 12 15  4  2  0 120.73125139.40
98 922225427 017271313103313127  0  6 12  5  5  4 18  5  70.31138142.10
98 9232255 13030272323132727200 15 15 12  9  9  5 12 12 110.63135144.10
98 9242255 23347403713273360290 18 39 27 22  5 12 18 80 281.26117136.20
98 9252255 37780837063572723480179207236132 94 67 12  91171.98105139.20
98 9262255 42017132740434333237  7  6  5 12 27 32 32 18 170.94 82136.20
98 9272255 53323203030201713187 18  9  7 15 15  7  6  5 100.63 76128.00
98 9282255 610131710 3 72013 93  4  5  6  4  2  3  7  5  40.21 85123.00
98 9292255 7 723201713133017140  3  9  7  6  5  5 15  6  70.42 60116.30
98 9302255 81723 71313172740157  6  9  3  5  5  6 12 27  90.52 41121.80
9810 12255 95337333030433330290 56 22 18 15 15 32 18 15 241.26 30119.10
9810 22255104333472340475347333 32 18 39  9 27 39 56 39 321.36 32112.90
9810 322551143403317301010 7190 32 27 18  6 15  4  4  3 140.84 25112.00
9810 422551213 710 313 0 017 63  5  3  4  2  5  0  0  6  30.10 19114.90
9810 522551317 3 0 3 3 31310 53  6  2  0  2  2  2  5  4  30.10 30117.10
9810 6225514 3 0 0 0 0231313 53  2  0  0  0  0  9  5  5  30.00 54116.90
9810 72255153027272743575330293 15 12 12 12 32 67 56 15 281.26 66124.10
9810 82255164323333023272730237 32  9 18 15  9 12 12 15 150.94 92123.80
9810 92255173040373030232330243 15 27 22 15 15  9  9 15 160.94 84123.20
9810102255182333201313 72013143  9 18  7  5  5  3  7  5  70.42 60120.30
981011225519301710 720 72013123 15  6  4  3  7  3  7  5  60.31 51118.50
9810122255203013 0 7101010 7 87 15  5  0  3  4  4  4  3  50.21 42113.40
98101322552113171020 7 7 717 97  5  6  4  7  3  3  3  6  50.21 48117.50
981014225522 323 3 3 0 0 3 0 37  2  9  2  2  0  0  2  0  20.00 66118.40
981015225523 0 3 7 3132713 3 70  0  2  3  2  5 12  5  2  40.10 84130.40
981016225524 7 0 3 710 01017 53  3  0  2  3  4  0  4  6  30.00 93130.10
9810172255251320272023272017167  5  7 12  7  9 12  7  6  80.42 98134.40
9810182255261320232017203330177  5  7  9  7  6  7 18 15  90.52105125.00
9810192255275367405063605043427 56111 27 48 94 80 48 32 621.77 96116.80
9810202256 13030333720205050270 15 15 18 22  7  7 48 48 221.15 81120.20
9810212256 24743373327374313280 39 32 22 18 12 22 32  5 231.15 63117.20
9810222256 32023404037433730270  7  9 27 27 22 32 22 15 201.05 49113.80
9810232256 42327132337403333230  9 12  5  9 22 27 18 18 150.84 50111.40
9810242256 53333271720172330200 18 18 12  6  7  6  9 15 110.73 39109.60
9810252256 633402320233020 3193 18 27  9  7  9 15  7  2 120.73 31106.30
9810262256 7 3132010 3 3 720 80  2  5  7  4  2  2  3  7  40.10 32102.80
9810272256 81710101320172747160  6  4  4  5  7  6 12 39 100.63 18101.80
9810282256 93020232017172323173 15  7  9  7  6  6  9  9  80.52 23106.40
9810292256103317272327272023197 18  6 12  9 12 12  7  9 110.63 54108.00
98103022561123271713 3 0 3 3 90  9 12  6  5  2  0  2  2  50.21 54109.90
9810312256121010 3 7 3 733 7 80  4  4  2  3  2  3 18  3  50.21 52117.00
9811 12256131713 3 7 0 717 7 70  6  5  2  3  0  3  6  3  40.10 37119.50
9811 22256142313 0 310 32310 87  9  5  0  2  4  2  9  4  40.21 41124.10
9811 32256151317 717 7202323127  5  6  3  6  3  7  9  9  60.31 56149.30
9811 422561627 7131710171310113 12  3  5  6  4  6  5  4  60.31 88139.00
9811 522561720 7131727302023157  7  3  5  6 12 15  7  9  80.42 95150.10
9811 62256182733433033373337273 12 18 32 15 18 22 18 22 201.05 98138.40
9811 72256192727304050504033297 12 12 15 27 48 48 27 18 261.26103145.80
9811 82256206077734740332733390 80179154 39 27 18 12 18 661.77 92149.90
9811 92256214757676360536747460 39 67111 94 80 56111 39 751.87 71159.30
98111022562237231317 7 7 3 0107 22  9  5  6  3  3  2  0  60.31 68150.80
981111225623 0 0 313 7 3 717 50  0  0  2  5  3  2  3  6  30.00 66144.10
981112225624 7 713 3 7 31017 67  3  3  5  2  3  2  4  6  40.10 73138.70
9811132256256057575043576057440 80 67 67 48 32 67 80 67 641.77 88132.60
9811142256265357435753373723360 56 67 32 67 56 22 22  9 411.57 94123.80
9811152256271710102330233330177  6  4  4  9 15  9 18 15 100.63 95123.70
9811162257 12323171713171327150  9  9  6  6  5  6  5 12  70.42 76121.80
9811172257 2302320 7 710 3 3103 15  9  7  3  3  4  2  2  60.31 53118.00
9811182257 32023232023132017160  7  9  9  7  9  5  7  6  70.42 51112.20
9811192257 42720172020231310150 12  7  6  7  7  9  5  4  70.42 35113.70
9811202257 5 720232720103333173  3  7  9 12  7  4 18 18 100.52 46118.60
9811212257 62020131317231013130  7  7  5  5  6  9  4  5  60.31 33118.30
9811222257 723232313101710 3123  9  9  9  5  4  6  4  2  60.31 41123.00
9811232257 82723172030272333200 12  9  6  7 15 12  9 18 110.63 47126.70
9811242257 92330202733404027240  9 15  7 12 18 27 27 12 160.94 59136.70
9811252257102030232017373730213  7 15  9  7  6 22 22 15 130.73 85145.60
9811262257112320303020332013190  9  7 15 15  7 18  7  5 100.63106152.30
981127225712303020202327 7 7163 15 15  7  7  9 12  3  3  90.52114154.70
9811282257132330 7 3 7231713123  9 15  3  2  3  9  6  5  60.31106160.40
9811292257142323131713 33720150  9  9  5  6  5  2 22  7  80.42105163.20
981130225715 340373017334343247  2 27 22 15  6 18 32 32 191.05 99158.90
9812 12257163333202733231310193 18 18  7 12 18  9  5  4 110.73108158.20
9812 2225717 7172010 3 71313 90  3  6  7  4  2  3  5  5  40.21 99147.40
9812 322571817 7171023332310140  6  3  6  4  9 18  9  4  70.42101148.70
9812 42257191323202027332723187  5  9  7  7 12 18 12  9 100.63 86144.00
9812 52257202730372733233013220 12 15 22 12 18  9 15  5 140.84 68138.30
9812 6225721 023172323232020150  0  9  6  9  9  9  7  7  70.42 89138.10
9812 722572223 7231017271327147  9  3  9  4  6 12  5 12  80.42 95148.70
9812 822572317 31010 717 7 7 77  6  2  4  4  3  6  3  3  40.10119157.10
9812 922572417171713133310 0120  6  6  6  5  5 18  4  0  60.31109149.30
98121022572510 7131010202033123  4  3  5  4  4  7  7 18  60.31108129.80
9812112257264747534040473333340 39 39 56 27 27 39 18 18 331.36105138.80
9812122257273323131310 71720137 18  9  5  5  4  3  6  7  70.42102138.90
9812132258 110 3 0 3 3101313 57  4  2  0  2  2  4  5  5  30.10 84139.70
9812142258 2171310132013 717110  6  5  4  5  7  5  3  6  50.21 83139.90
9812152258 330 7 7 7 7 7 730100 15  3  3  3  3  3  3 15  60.31 72137.20
9812162258 433273330173310 3187 18 12 18 15  6 18  4  2 120.73 60136.10
9812172258 5 3 0 0 0 0 0 0 0 03  2  0  0  0  0  0  0  0  00.00 49141.50
9812182258 6 0 3 31310 7 3 7 47  0  2  2  5  4  3  2  3  30.00 60149.80
9812192258 710 3 71027302337147  4  2  3  4 12 15  9 22  90.52 50133.60
9812202258 82730272730272717210 12 15 12 12 15 12 12  6 120.73 50130.40
9812212258 9 7 3 7 71013 713 67  3  2  3  3  4  5  3  5  40.10 43130.90
9812222258101310 7 3 3 72710 80  5  4  3  2  2  3 12  4  40.21 39124.60
98122322581113 3201717231717127  5  2  7  6  6  9  6  6  60.31 47135.20
9812242258121313 3 7 7101013 77  5  5  2  3  3  4  4  5  40.10 58134.90
9812252258133023204017232330207 15  9  7 27  6  9  9 15 120.73 66139.60
9812262258142340332040172330227  9 27 18  7 27  6  9 15 150.84 81140.20
98122722581520 3 0 7 3 3 0 0 37  7  2  0  3  2  2  0  0  20.00100161.40
981228225816 010 3 710233730120  0  4  2  3  4  9 22 15  70.42121178.30
9812292258172023273037405043270  7  9 12 15 22 27 48 32 221.15 96176.80
981230225818272723 7 3131013123 12 12  9  3  2  5  4  5  60.31 99173.10
9812312258191710 7 710 710 3 70  6  4  3  3  4  3  4  2  40.10 92168.80
