0201012299 92327231313102717153  9 12  9  5  5  4 12  6  80.42136224.50
02010222991020 7102027272320153  7  3  4  7 12 12  9  7  80.42135223.50
02010322991110 7 7 7 3 7 0 0 40  4  3  3  3  2  3  0  0  20.00136213.00
020104229912 710 3 7 7 7 7 7 53  3  4  2  3  3  3  3  3  30.10142211.00
0201052299131013 3 3 3 3 3 0 40  4  5  2  2  2  2  2  0  20.00118205.20
020106229914 3 0 0 01013 310 40  2  0  0  0  4  5  2  4  20.00 98190.10
020107229915 013132313272720137  0  5  5  9  5 12 12  7  70.31 90182.40
02010822991630303717301710 3173 15 15 22  6 15  6  4  2 110.63100192.60
020109229917 0 0 0 3 71713 7 47  0  0  0  2  3  6  5  3  20.00121220.90
0201102299181317232340504033240  5  6  9  9 27 48 27 18 191.05115217.30
0201112299194350433733433330313 32 48 32 22 18 32 18 15 271.26129221.40
0201122299203733373727373013250 22 18 22 22 12 22 15  5 170.94129225.70
0201132299212327303330232033220  9 12 15 18 15  9  7 18 130.73124232.90
0201142299222723171323201720160 12  9  6  5  9  7  6  7  80.42122221.60
0201152299231317202320201320147  5  6  7  9  7  7  5  7  70.31104211.20
020116229924131020 7 7 7 7 0 70  5  4  7  3  3  3  3  0  40.10 87209.10
0201172299252723132320271323170 12  9  5  9  7 12  5  9  80.52 74205.00
0201182299263020 7131013 3 0 97 15  7  3  5  4  5  2  0  50.21 86203.80
020119229927 010173037403337203  0  4  6 15 22 27 18 22 140.84 99206.90
0201202300 13730171717202023180 22 15  6  6  6  7  7  9 100.52109215.20
0201212300 23730202023272720203 22 15  7  7  9 12 12  7 110.73118217.50
0201222300 31013201720171317127  4  5  7  6  7  6  5  6  60.31120221.50
0201232300 42713172017203023167 12  5  6  7  6  7 15  9  80.52140219.40
0201242300 51730 0 3 310 3 3 70  6 15  0  2  2  4  2  2  40.10115223.60
0201252300 610 7101730373720167  4  3  4  6 15 22 22  7 100.63 94227.60
0201262300 73023202013202010157 15  9  7  7  5  7  7  4  80.42106248.70
0201272300 83023172020171317157 15  9  6  7  7  6  5  6  80.42118240.50
0201282300 92310102327201720150  9  4  4  9 12  7  6  7  70.42121252.00
02012923001020201017 7 7 3 7 90  7  7  4  6  3  3  2  3  40.21116253.20
020130230011 7 0 3 3 7 71010 47  3  0  2  2  3  3  4  4  30.00119248.80
0201312300122317 3 3 3101037107  9  6  2  2  2  4  4 22  60.31112235.50
0202012300134333202337271320217 32 18  7  9 22 12  5  7 140.84113238.50
0202022300143340473337301323257 18 27 39 18 22 15  5  9 191.05135233.70
0202032300152017 7101317 3 3 90  7  6  3  4  5  6  2  2  40.21159226.30
020204230016 320 3 713202027113  2  7  2  3  5  7  7 12  60.31153228.10
0202052300174030202333335047277 27 15  7  9 18 18 48 39 231.15151214.50
0202062300184037473737303323283 27 22 39 22 22 15 18  9 221.15125196.90
0202072300192733333337201733233 12 18 18 18 22  7  6 18 150.84104186.60
0202082300203320172730302323203 18  7  6 12 15 15  9  9 110.73104186.40
0202092300212730232317132737197 12 15  9  9  6  5 12 22 110.63110194.10
0202102300223030271723131017167 15 15 12  6  9  5  4  6  90.52105210.90
0202112300233023233333302727227 15  9  9 18 18 15 12 12 140.84109196.60
0202122300243323231313131033163 18  9  9  5  5  5  4 18  90.52110203.10
0202132300252320303330371310197  9  7 15 18 15 22  5  4 120.73104198.50
020214230026 0 317 7 7 7 3 3 47  0  2  6  3  3  3  2  2  30.00 92191.30
020215230027 0 310 3 7171710 67  0  2  4  2  3  6  6  4  30.10103190.30
0202162301 11010 71013231013 97  4  4  3  4  5  9  4  5  50.21 79188.90
0202172301 22733402323201020197 12 18 27  9  9  7  4  7 120.73 91192.00
0202182301 31020201317273737180  4  7  7  5  6 12 22 22 110.63 80188.40
0202192301 4301017 7 7102013113 15  4  6  3  3  4  7  5  60.31 78185.10
0202202301 517 7201727232027157  6  3  7  6 12  9  7 12  80.42 95189.10
0202212301 61320231720172030160  5  7  9  6  7  6  7 15  80.42 81196.70
0202222301 72030101017103020147  7 15  4  4  6  4 15  7  80.42 84187.90
0202232301 8231310 710 7 010 80  9  5  4  3  4  3  0  4  40.10 94184.20
0202242301 91713101720101313113  6  5  4  6  7  4  5  5  50.21 99188.90
02022523011020 0131723172023133  7  0  5  6  9  6  7  9  60.31121206.40
0202262301111720202017172327160  6  7  7  7  6  6  9 12  80.42123203.50
02022723011227 7101317101017110 12  3  4  5  6  4  4  6  60.21107194.90
0202282301131740303033304060280  6 27 15 15 18 15 27 80 251.26 97200.40
0203012301144733171317 7 7 3143 39 18  6  5  6  3  3  2 100.63109184.30
0203022301151313131313231710117  5  5  5  5  5  9  6  4  60.21 78187.60
0203032301161713232330203037193  6  5  9  9 15  7 15 22 110.63112179.60
0203042301173020201720302727190 15  7  7  6  7 15 12 12 100.63114172.00
0203052301184343303330403327280 32 32 15 18 15 27 18 12 211.15106169.40
0203062301192033373033374023253  7 18 22 15 18 22 27  9 170.94112175.00
0203072301201720233030131027170  6  7  9 15 15  5  4 12  90.52 93177.00
02030823012110132323 7 3 3 0 83  4  5  9  9  3  2  2  0  40.10 79174.20
020309230122 3 0 713202717 7 93  2  0  3  5  7 12  6  3  50.21 74204.82
020310230123 010103330131333143  0  4  4 18 15  5  5 18  90.52 78176.90
0203112301242740172020202013177 12 27  6  7  7  7  7  5 100.52103180.00
0203122301252317303023272327200  9  6 15 15  9 12  9 12 110.63 90176.20
02031323012620 720132310 7 0100  7  3  7  5  9  4  3  0  50.21 92182.10
020314230127 3 3 3 71010 7 3 47  2  2  2  3  4  4  3  2  30.00 87178.60
0203152302 1 0 313 7 3132327 90  0  2  5  3  2  5  9 12  50.21100174.00
0203162302 210 3 7101313 7 0 63  4  2  3  4  5  5  3  0  30.10 94182.70
0203172302 3 0 0 0 3 7 310 7 30  0  0  0  2  3  2  4  3  20.00 88182.70
0203182302 420 7 71350333030190  7  3  3  5 48 18 15 15 140.84 92176.50
0203192302 55053332010101720213 48 56 18  7  4  4  6  7 191.05 76173.30
0203202302 610 3 3 330432713133  4  2  2  2 15 32 12  5  90.52 85186.30
0203212302 72013271713132317143  7  5 12  6  5  5  9  6  70.31 95172.80
0203222302 827302020 7 7 3 3117 12 15  7  7  3  3  2  2  60.31 93170.40
0203232302 9 0 0 73037373340183  0  0  3 15 22 22 18 27 130.84106169.40
0203242302105060604740503333373 48 80 80 39 27 48 18 18 451.57111174.30
0203252302112320 7 720302010137  9  7  3  3  7 15  7  4  70.31109169.10
0203262302122323273330172030203  9  9 12 18 15  6  7 15 110.73101164.90
020327230213 71317 3 7 710 7 70  3  5  6  2  3  3  4  3  40.10115168.40
020328230214 3 7 0 710 7 7 3 43  2  3  0  3  4  3  3  2  20.00107175.60
020329230215 0 0 31010101333 80  0  0  2  4  4  4  5 18  50.21114180.80
0203302302162040403343333327270  7 27 27 18 32 18 18 12 201.05111188.20
0203312302172340403730334030273  9 27 27 22 15 18 27 15 201.05125204.00
0204012302183337433337303013257 18 22 32 18 22 15 15  5 181.05116206.70
0204022302192040433720132013207  7 27 32 22  7  5  7  5 140.84130205.90
0204032302203340373020202320223 18 27 22 15  7  7  9  7 140.84126209.40
0204042302211720171720 7 7 7110  6  7  6  6  7  3  3  3  50.21127216.30
0204052302221013 3 310 313 3 60  4  5  2  2  4  2  5  2  30.10127217.60
0204062302231013 31010101010 77  4  5  2  4  4  4  4  4  40.10136206.70
020407230224171320233023 7 7140  6  5  7  9 15  9  3  3  70.42138208.40
020408230225 0 0 7 7 7 3 7 3 33  0  0  3  3  3  2  3  2  20.00134206.80
020409230226 71010 310 7 3 7 57  3  4  4  2  4  3  2  3  30.10148205.80
020410230227 0 7101327231313107  0  3  4  5 12  9  5  5  50.21142195.10
0204112303 12313334033332333233  9  5 18 27 18 18  9 18 150.94152198.30
0204122303 24327232737272730240 32 12  9 12 22 12 12 15 160.94162213.00
0204132303 33033273333373033257 15 18 12 18 18 22 15 18 170.94144227.30
0204142303 433331010433713 3183 18 18  4  4 32 22  5  2 130.84150211.60
0204152303 52010 3 317202023117  7  4  2  2  6  7  7  9  60.21138204.70
0204162303 6202727 713 71713130  7 12 12  3  5  3  6  5  70.31113197.20
0204172303 73030276067736330380 15 15 12 80111154 94 15 621.77 94195.00
0204182303 87067575743474043423132111 67 67 32 39 27 32 631.77106189.80
0204192303 93737436060636753420 22 22 32 80 80 94111 56 621.77104181.40
0204202303107073574350604727427132154 67 32 48 80 39 12 701.87102179.00
020421230311231710 710 71323110  9  6  4  3  4  3  5  9  50.21 95175.10
0204222303122740171723302010183 12 27  6  6  9 15  7  4 110.63 93171.70
0204232303131047603333432333283  4 39 80 18 18 32  9 18 271.26114177.20
0204242303143317131713201320147 18  6  5  6  5  7  5  7  70.42150178.90
02042523031520 7 0 3 7 710 0 53  7  3  0  2  3  3  4  0  30.00147169.30
020426230316 7 3 3 3 3101313 57  3  2  2  2  2  4  5  5  30.10101164.70
0204272303171313102330273330180  5  5  4  9 15 12 18 15 100.63 88159.00
0204282303183747403333332320267 22 39 27 18 18 18  9  7 201.05 71149.20
0204292303192010132730272023170  7  4  5 12 15 12  7  9  90.52 87155.20
02043023032020201320272017 3140  7  7  5  7 12  7  6  2  70.31 85155.60
0205012303211013101010 3 7 7 70  4  5  4  4  4  2  3  3  40.10102164.90
0205022303221713 3 72323 7 7100  6  5  2  3  9  9  3  3  50.21114171.70
020503230323132013 7131317 7103  5  7  5  3  5  5  6  3  50.21149182.00
020504230324 71720 7 7101710 93  3  6  7  3  3  4  6  4  40.21166192.70
020505230325 7 3 31010 3 713 57  3  2  2  4  4  2  3  5  30.10172183.20
020506230326 7 7101320302330140  3  3  4  5  7 15  9 15  80.42149194.30
0205072303272313101020232730157  9  5  4  4  7  9 12 15  80.42157190.30
0205082304 13027231313171717157 15 12  9  5  5  6  6  6  80.42142190.20
0205092304 22710202317 3 710117 12  4  7  9  6  2  3  4  60.31126193.70
0205102304 32017303723303340230  7  6 15 22  9 15 18 27 150.84133194.80
0205112304 410 7205767675343323  4  3  7 67111111 56 32 491.67138191.80
0205122304 54730372027232023227 39 15 22  7 12  9  7  9 150.84130187.10
0205132304 63727101323131010143 22 12  4  5  9  5  4  4  80.42104175.60
0205142304 73747433737405037327 22 39 32 22 22 27 48 22 291.36 76164.20
0205152304 83733232317232720203 22 18  9  9  6  9 12  7 120.73 74162.70
0205162304 91720172017132023147  6  7  6  7  6  5  7  9  70.31 84162.00
02051723041010 3131023131713103  4  2  5  4  9  5  6  5  50.21 86160.70
0205182304111310101013105343163  5  4  4  4  5  4 56 32 140.84 93166.80
02051923041233404010 7 3 3 7143 18 27 27  4  3  2  2  3 110.63 93175.00
020520230413 727203320233320183  3 12  7 18  7  9 18  7 100.63107175.40
0205212304143310331017 71337160 18  4 18  4  6  3  5 22 100.63121190.40
0205222304151713172723202317157  6  5  6 12  9  7  9  6  80.42137185.60
0205232304162727206777835033383 12 12  7111179236 48 18 781.87136184.80
020524230417 7 3 3 3 3 0 3 7 30  3  2  2  2  2  0  2  3  20.00128193.90
020525230418 7 3 3 313201310 73  3  2  2  2  5  7  5  4  40.10127187.40
0205262304191310131313231730133  5  4  5  5  5  9  6 15  70.31121188.00
0205272304203323473740472327277 18  9 39 22 27 39  9 12 221.15123191.60
0205282304212327271323232320180  9 12 12  5  9  9  9  7  90.52119191.40
0205292304223017171027101010130 15  6  6  4 12  4  4  4  70.31114189.80
0205302304231713201320171013123  6  5  7  5  7  6  4  5  60.31103185.10
0205312304241310 3 7 7 7 7 7 60  5  4  2  3  3  3  3  3  30.10120187.00
020601230425 0 3 7 7 3101323 67  0  2  3  3  2  4  5  9  40.10124183.90
0206022304264033202327303337243 27 18  7  9 12 15 18 22 160.94129180.00
0206032304273033231017102723173 15 18  9  4  6  4 12  9 100.52133175.40
0206042305 13330402727231720217 18 15 27 12 12  9  6  7 130.84150174.70
0206052305 2302313 713101313123 15  9  5  3  5  4  5  5  60.31126163.70
0206062305 317131310 3101013 90  6  5  5  4  2  4  4  5  40.21135159.10
0206072305 41310101010101323100  5  4  4  4  4  4  5  9  50.21135163.10
0206082305 5 710102040373737197  3  4  4  7 27 22 22 22 140.84127159.90
0206092305 62727201713172720167 12 12  7  6  5  6 12  7  80.52113161.90
0206102305 71720332733373027223  6  7 18 12 18 22 15 12 140.84 88156.20
0206112305 82317232317202320167  9  6  9  9  6  7  9  7  80.42 68152.40
0206122305 92717 71717131320130 12  6  3  6  6  5  5  7  60.31 75146.20
0206132305101323171317232713147  5  9  6  5  6  9 12  5  70.42 55137.60
02061423051117 710 710101010 80  6  3  4  3  4  4  4  4  40.10 73135.60
02061523051210 7 7 7 7 31023 73  4  3  3  3  3  2  4  9  40.10 70139.70
0206162305132017271727101320150  7  6 12  6 12  4  5  7  70.42 80141.00
02061723051423131310 710 7 7 90  9  5  5  4  3  4  3  3  40.21 60147.50
020618230515 7 7 72333303327167  3  3  3  9 18 15 18 12 100.63 87147.50
0206192305163727232713232030200 22 12  9 12  5  9  7 15 110.73 79150.50
0206202305172020201710 710 7110  7  7  7  6  4  3  4  3  50.21 74149.80
0206212305181723101323202313143  6  9  4  5  9  7  9  5  70.31 57144.20
02062223051910 7 71313202027117  4  3  3  5  5  7  7 12  60.31 57146.60
0206232305201723303023132020177  6  9 15 15  9  5  7  7  90.52 65147.50
02062423052117171313102013 7110  6  6  5  5  4  7  5  3  50.21 74155.30
0206252305222013101733131727150  7  5  4  6 18  5  6 12  80.42 76149.50
0206262305232710 3 317231010103 12  4  2  2  6  9  4  4  50.21 74148.60
02062723052410 3 3 3 3 310 0 37  4  2  2  2  2  2  4  0  20.00 66143.20
020628230525 3 3 3 3 710 7 3 40  2  2  2  2  3  4  3  2  20.00 60141.90
02062923052610 7 31310132323103  4  3  2  5  4  5  9  9  50.21 66147.50
0206302305272327302727232333213  9 12 15 12 12  9  9 18 120.73 72151.40
0207012306 13033203037302710217 15 18  7 15 22 15 12  4 140.84 58152.30
0207022306 2231013 7 3 71713 93  9  4  5  3  2  3  6  5  50.21 61153.50
0207032306 3 7 7 71013 717 7 73  3  3  3  4  5  3  6  3  40.10 80152.42
0207042306 413 7 7 3 7 31330 83  5  3  3  2  3  2  5 15  50.21 82151.30
0207052306 52013232023274033200  7  5  9  7  9 12 27 18 120.73 88143.50
0207062306 64043334033373330290 27 32 18 27 18 22 18 15 221.15 75138.00
0207072306 73313171320232310153 18  5  6  5  7  9  9  4  80.42 66141.50
0207082306 82013101720131740150  7  5  4  6  7  5  6 27  80.52 63135.30
0207092306 93023272723303027217 15  9 12 12  9 15 15 12 120.73 64140.90
0207102306102017231717132320150  7  6  9  6  6  5  9  7  70.31 58133.10
02071123061113 3 71017102027107  5  2  3  4  6  4  7 12  50.21 61141.00
0207122306122027304740403020253  7 12 15 39 27 27 15  7 191.05 52137.70
0207132306132020131317171710127  7  7  5  5  6  6  6  4  60.31 72139.40
020714230614 3 3 7 7 3 7 7 3 40  2  2  3  3  2  3  3  2  20.00 78148.60
020715230615 7 313 710131713 83  3  2  5  3  4  5  6  5  40.10 96164.82
0207162306161720131727304033197  6  7  5  6 12 15 27 18 120.73 99177.20
0207172306172737302323504030260 12 22 15  9  9 48 27 15 201.05 91185.90
02071823061827171717 7 3 3 3 93 12  6  6  6  3  2  2  2  50.21 92186.60
020719230619 3 7 33320331740157  2  3  2 18  7 18  6 27 100.63 83188.30
0207202306204343272017233040243 32 32 12  7  6  9 15 27 181.05 77190.70
0207212306214347331337373310253 32 39 18  5 22 22 18  4 201.05 77188.70
0207222306222323403733302730243  9  9 27 22 18 15 12 15 160.94 91195.80
0207232306233720232027333747243 22  7  9  7 12 18 22 39 170.94121204.60
0207242306242720171720102013143 12  7  6  6  7  4  7  5  70.31129215.00
0207252306252323172727273037210  9  9  6 12 12 12 15 22 120.73133224.50
0207262306263327202720302730213 18 12  7 12  7 15 12 15 120.73164249.10
0207272306273730233340333030257 22 15  9 18 27 18 15 15 170.94182238.00
0207282307 13730231720272020193 22 15  9  6  7 12  7  7 110.63192246.20
0207292307 21723201043301713173  6  9  7  4 32 15  6  5 100.63181241.10
0207302307 3131310 710203023127  5  5  4  3  4  7 15  9  60.31174234.10
0207312307 41710 72023302010137  6  4  3  7  9 15  7  4  70.31148214.80
0208012307 5 733334053403047283  3 18 18 27 56 27 15 39 251.26137188.30
0208022307 66060372343374057357 80 80 22  9 32 22 27 67 421.57132185.70
0208032307 74727332720202720220 39 12 18 12  7  7 12  7 140.84121172.70
0208042307 833433327131723 7197 18 32 18 12  5  6  9  3 130.73 95155.30
0208052307 910131010 7101320 93  4  5  4  4  3  4  5  7  40.21 84146.00
0208062307102013 7 713 3 3 7 73  7  5  3  3  5  2  2  3  40.10 87148.80
02080723071120101010 71313 7 90  7  4  4  4  3  5  5  3  40.21 88140.10
0208082307121017 31017132330123  4  6  2  4  6  5  9 15  60.31 76138.30
0208092307131710201740333733207  6  4  7  6 27 18 22 18 140.84 73144.00
0208102307143747202733201727227 22 39  7 12 18  7  6 12 150.94 73152.40
020811230715 713172743373323200  3  5  6 12 32 22 18  9 130.84 99176.90
0208122307163030272730172027207 15 15 12 12 15  6  7 12 120.73117188.80
0208132307173030201713102020160 15 15  7  6  5  4  7  7  80.42134196.80
0208142307181717202037372730203  6  6  7  7 22 22 12 15 120.73177213.50
0208152307192017233330335350260  7  6  9 18 15 18 56 48 221.15185215.70
0208162307202723432327171310183 12  9 32  9 12  6  5  4 110.63174219.10
020817230721 730331320132020157  3 15 18  5  7  5  7  7  80.52186232.30
0208182307223327131320175353230 18 12  5  5  7  6 56 56 211.15179246.90
0208192307234340504033303750323 32 27 48 27 18 15 22 48 301.36164242.60
0208202307243340171713335763273 18 27  6  6  5 18 67 94 301.36140232.80
0208212307255353533040273030317 56 56 56 15 27 12 15 15 321.36127225.00
0208222307263027271010131710143 15 12 12  4  4  5  6  4  80.42114225.10
0208232307271013171710132727133  4  5  6  6  4  5 12 12  70.31123229.50
0208242308 1201010101310 7 7 87  7  4  4  4  5  4  3  3  40.10 99199.80
0208252308 21710171310 7 723103  6  4  6  5  4  3  3  9  50.21 98182.40
0208262308 32020173337473330237  7  7  6 18 22 39 18 15 160.94 79172.20
0208272308 42737232727272033220 12 22  9 12 12 12  7 18 130.73 80164.70
0208282308 52017201313172323147  7  6  7  5  5  6  9  9  70.31 81166.40
0208292308 63010 71330301713150 15  4  3  5 15 15  6  5  80.52 82172.60
0208302308 710273017271723 3153  4 12 15  6 12  6  9  2  80.42 97173.52
0208312308 8 713172320131733143  3  5  6  9  7  5  6 18  70.42106183.70
0209012308 93723201717132040187 22  9  7  6  6  5  7 27 110.63120183.80
020902230810332317302010 7 7147 18  9  6 15  7  4  3  3  80.42136176.90
020903230811 3 7 72313 73327120  2  3  3  9  5  3 18 12  70.31147174.40
0209042308124363435047474727367 32 94 32 48 39 39 39 12 421.57144174.20
0209052308132033171717171313147  7 18  6  6  6  6  5  5  70.42132178.10
0209062308141720232027131313147  6  7  9  7 12  5  5  5  70.42118180.90
0209072308152033301727677370337  7 18 15  6 12111154132 571.77120185.60
02090823081673573317 7203037273154 67 18  6  3  7 15 22 361.46124194.40
02090923081717 7 3 717203340143  6  3  2  3  6  7 18 27  90.52116209.00
0209102308183723173040474347283 22  9  6 15 27 39 32 39 241.15118223.50
0209112308192323405030473747297  9  9 27 48 15 39 22 39 261.26109219.00
0209122308203330273033273020230 18 15 12 15 18 12 15  7 140.84109215.10
0209132308213330303017132013187 18 15 15 15  6  5  7  5 110.63109208.60
02091423082227302323171313 7153 12 15  9  9  6  5  5  3  80.42 87209.20
0209152308231710131713172320130  6  4  5  6  5  6  9  7  60.31 97189.90
02091623082410101317301313 3110  4  4  5  6 15  5  5  2  60.31 99184.50
020917230825 327203027272730190  2 12  7 15 12 12 12 15 110.63116195.90
0209182308263727233337272027230 22 12  9 18 22 12  7 12 140.84121178.40
0209192308272713203037472030223 12  5  7 15 22 39  7 15 150.94112166.70
0209202309 1201710 7 3 7 313 80  7  6  4  3  2  3  2  5  40.10114165.80
0209212309 217101020232710 7123  6  4  4  7  9 12  4  3  60.31106159.80
0209222309 3201320 720271713137  7  5  7  3  7 12  6  5  60.31108161.10
0209232309 410 3 7 0 0 7 7 0 33  4  2  3  0  0  3  3  0  20.00112154.80
0209242309 5 0 0 31313 310 3 47  0  0  2  5  5  2  4  2  20.00103158.90
0209252309 6 0 0 0 31310 310 40  0  0  0  2  5  4  2  4  20.00111154.20
0209262309 717 71010 7131727107  6  3  4  4  3  5  6 12  50.21 90150.60
0209272309 83013 3131717 717117 15  5  2  5  6  6  3  6  60.31 90152.20
0209282309 9201310 7 3131713 97  7  5  4  3  2  5  6  5  50.21 80149.10
020929230910 3 710 31310 717 70  2  3  4  2  5  4  3  6  40.10 76138.60
0209302309111737405050333347307  6 22 27 48 48 18 18 39 281.26 64140.10
0210012309121727475767734767400  6 12 39 67111154 39111 671.77 58140.10
0210022309137073533727332733353132154 56 22 12 18 12 18 531.67 70136.00
0210032309146027373037506357360 80 12 22 15 22 48 94 67 451.57 67146.10
0210042309157357604740376343420154 67 80 39 27 22 94 32 641.77 60157.60
0210052309164343273347533330310 32 32 12 18 39 56 18 15 281.26 76155.10
0210062309171733373013173740223  6 18 22 15  5  6 22 27 150.94 81161.60
0210072309183353573750475757390 18 56 67 22 48 39 67 67 481.67 79163.50
0210082309194760434040433323330 39 80 32 27 27 32 18  9 331.36101165.10
0210092309201030433337403733263  4 15 32 18 22 27 22 18 201.05106166.80
0210102309213037404023201330233 15 22 27 27  9  7  5 15 160.94129171.40
0210112309221320201720171017133  5  7  7  6  7  6  4  6  60.31121178.70
021012230923171013231720 717123  6  4  5  9  6  7  3  6  60.31122179.70
0210132309241317171010101717110  5  6  6  4  4  4  6  6  50.21119178.30
0210142309252737473347373030287 12 22 39 18 39 22 15 15 231.15114180.20
0210152309262733274027403727257 12 18 12 27 12 27 22 12 181.05116175.70
0210162309273317172327305730233 18  6  6  9 12 15 67 15 181.05128181.40
0210172310 13733271730202327213 22 18 12  6 15  7  9 12 130.73110177.70
0210182310 23333232030302730227 18 18  9  7 15 15 12 15 140.84118171.30
0210192310 32733272020233737223 12 18 12  7  7  9 22 22 140.84120178.10
0210202310 43033172327171727190 15 18  6  9 12  6  6 12 100.63122178.70
0210212310 52027271720201720167  7 12 12  6  7  7  6  7  80.42 93180.80
0210222310 63017173723172710177 15  6  6 22  9  6 12  4 100.63 88167.70
0210232310 71010202030333033187  4  4  7  7 15 18 15 18 110.63 77161.90
0210242310 85057436060635747437 48 67 32 80 80 94 67 39 631.77 73158.50
0210252310 96050504347303343357 80 48 48 32 39 15 18 32 391.46 77170.90
0210262310104040374740404330317 27 27 22 39 27 27 32 15 271.26 81156.10
0210272310113040372737404050300 15 27 22 12 22 27 27 48 251.26 84155.20
0210282310124737333330233327263 39 22 18 18 15  9 18 12 191.05 87156.30
0210292310133327303727173030230 18 12 15 22 12  6 15 15 140.84114159.40
0210302310142027502720233330230  7 12 48 12  7  9 18 15 160.94120165.30
0210312310154033303340403320270 27 18 15 18 27 27 18  7 201.05110167.70
0211012310162013201710232023147  7  5  7  6  4  9  7  9  70.31124159.70
0211022310174730334037375043317 39 15 18 27 22 22 48 32 281.26115162.10
0211032310183747404043534747353 22 39 27 27 32 56 39 39 351.46123166.50
0211042310194040373327403047293 27 27 22 18 12 27 15 39 231.15107174.40
0211052310203347374040333037297 18 39 22 27 27 18 15 22 241.15122180.00
0211062310214033333333334337287 27 18 18 18 18 18 32 22 211.15137181.20
0211072310223733233023272717217 22 18  9 15  9 12 12  6 130.73145186.40
0211082310231013131713 720 3 97  4  5  5  6  5  3  7  2  50.21122185.50
021109231024 7 010 7 7172730103  3  0  4  3  3  6 12 15  60.31129187.00
0211102310253743501720201723227 22 32 48  6  7  7  6  9 170.94126187.70
0211112310262020303337132327203  7  7 15 18 22  5  9 12 120.73114181.00
0211122310272027234033174040240  7 12  9 27 18  6 27 27 170.94100174.60
0211132311 14037232730171720210 27 22  9 12 15  6  6  7 130.73 94178.60
0211142311 23020131720272020167 15  7  5  6  7 12  7  7  80.42104180.20
0211152311 33027273023202330210 15 12 12 15  9  7  9 15 120.73102193.20
0211162311 4301310 310 71733123 15  5  4  2  4  3  6 18  70.42 89194.80
0211172311 5372310 3 7171020127 22  9  4  2  3  6  4  7  70.42 91180.50
0211182311 63020171323203030183 15  7  6  5  9  7 15 15 100.63 93174.80
0211192311 73033332020173340227 15 18 18  7  7  6 18 27 140.84 74164.30
0211202311 83327132310406050257 18 12  5  9  4 27 80 48 251.26 94155.30
0211212311 94353675347434743397 32 56111 56 39 32 39 32 501.67 82147.20
0211222311104737333747403037307 39 22 18 22 39 27 15 22 261.26 79145.50
0211232311114043302727332720247 27 32 15 12 12 18 12  7 170.94 77143.80
0211242311123033273023373030240 15 18 12 15  9 22 15 15 150.94 67142.50
0211252311132727303333372033240 12 12 15 18 18 22  7 18 150.94 56133.20
0211262311143023101320172350187 15  9  4  5  7  6  9 48 130.73 49138.50
0211272311155050432733202727277 48 48 32 12 18  7 12 12 241.15 68138.80
0211282311162730301727303320213 12 15 15  6 12 15 18  7 120.73 70136.00
0211292311172723302027333333227 12  9 15  7 12 18 18 18 140.84 61137.50
0211302311183337373030272330247 18 22 22 15 15 12  9 15 160.94 61142.10
0212012311193733303333372337263 22 18 15 18 18 22  9 22 181.05 72145.50
0212022311202727272720333030220 12 12 12 12  7 18 15 15 130.73 66142.00
0212032311212730202730202717197 12 15  7 12 15  7 12  6 110.63 64141.80
0212042311221720272023373727207  6  7 12  7  9 22 22 12 120.73 80144.50
0212052311233027232020201717173 15 12  9  7  7  7  6  6  90.52 82144.40
0212062311241723172310302330173  6  9  6  9  4 15  9 15  90.52 82143.90
0212072311253730303733303333263 22 15 15 22 18 15 18 18 181.05 79146.60
0212082311262040201327332723203  7 27  7  5 12 18 12  9 120.73 98149.80
02120923112730 7 71013171013107 15  3  3  4  5  6  4  5  60.31107151.60
0212102312 123101010 3101320100  9  4  4  4  2  4  5  7  50.21 94156.50
0212112312 2 3131717131010 7 90  2  5  6  6  5  4  4  3  40.21 74147.70
0212122312 31313 71013131313 97  5  5  3  4  5  5  5  5  50.21 65148.40
0212132312 41713 3 710131317 93  6  5  2  3  4  5  5  6  40.21 75161.80
0212142312 52020202323403733217  7  7  7  9  9 27 22 18 130.84124180.10
0212152312 63320131723132017157 18  7  5  6  9  5  7  6  80.42119196.60
0212162312 7171317171310 717110  6  5  6  6  5  4  3  6  50.21129196.50
0212172312 82010 3 0 3 3 7 7 53  7  4  2  0  2  2  3  3  30.10140205.80
0212182312 9 7 7 7 313 7 3 7 53  3  3  3  2  5  3  2  3  30.10134190.60
0212192312102737434343404720300 12 22 32 32 32 27 39  7 251.26134186.70
0212202312113340202333334347273 18 27  7  9 18 18 32 39 211.15124190.30
0212212312125057271720301723240 48 67 12  6  7 15  6  9 211.15112177.90
0212222312132313102033233327183  9  5  4  7 18  9 18 12 100.63104166.40
0212232312143330404340304040297 18 15 27 32 27 15 27 27 241.15 75153.70
0212242312153710273047433730260 22  4 12 15 39 32 22 15 201.05 57142.50
0212252312163027272033233317210 15 12 12  7 18  9 18  6 120.73 35127.60
0212262312171717173033333047223  6  6  6 15 18 18 15 39 150.94 32123.20
0212272312184760474343433733353 39 80 39 32 32 32 22 18 371.46 29112.70
0212282312193337434030332723267 18 22 32 27 15 18 12  9 191.05 27113.10
0212292312203020232723373027217 15  7  9 12  9 22 15 12 130.73 31111.00
0212302312213317272027233023200 18  6 12  7 12  9 15  9 110.63 29110.10
0212312312223323172017 7 313133 18  9  6  7  6  3  2  5  70.42 33111.30
