0301012312231023271320131723147  4  9 12  5  7  5  6  9  70.42 31111.20
0301022312242310101717171717127  9  4  4  6  6  6  6  6  60.31 27114.40
03010323122527 7201727504043230 12  3  7  6 12 48 27 32 181.05 66133.10
0301042312264743232023233027237 39 32  9  7  9  9 15 12 160.94 65138.20
0301052312271717171320202027150  6  6  6  5  7  7  7 12  70.42 68143.20
0301062313 1 7 7 7 3 7131323 80  3  3  3  2  3  5  5  9  40.10 86156.80
0301072313 213171317 7132717123  5  6  5  6  3  5 12  6  60.31 90157.80
0301082313 320 720 7 710 7 3 80  7  3  7  3  3  4  3  2  40.10108168.00
0301092313 4 0 0 0 0 3102317 53  0  0  0  0  2  4  9  6  30.00109176.90
0301102313 52323132027273040203  9  9  5  7 12 12 15 27 120.73117178.70
0301112313 63733 7 710132030157 22 18  3  3  4  5  7 15 100.52117182.60
0301122313 72323271720202313167  9  9 12  6  7  7  9  5  80.42104167.70
0301132313 830201317 7101027133 15  7  5  6  3  4  4 12  70.42 94166.20
0301142313 9333023232017 713167 18 15  9  9  7  6  3  5  90.52 94158.60
0301152313102717102023171013137 12  6  4  7  9  6  4  5  70.31 84145.00
03011623131117 3101723 71310100  6  2  4  6  9  3  5  4  50.21 84139.90
0301172313121020172327201010137  4  7  6  9 12  7  4  4  70.31 81137.10
0301182313132023272737232727210  7  9 12 12 22  9 12 12 120.73 77133.00
0301192313142323333733403733260  9  9 18 22 18 27 22 18 181.05 87126.10
0301202313154747232327303027253 39 39  9  9 12 15 15 12 191.05 93133.70
0301212313163737373333302733267 22 22 22 18 18 15 12 18 181.05 68129.40
0301222313173730272327333350260 22 15 12  9 12 18 18 48 191.05 86125.40
0301232313185343132333302730253 56 32  5  9 18 15 12 15 201.05 70131.60
0301242313193723233030373740257 22  9  9 15 15 22 22 27 181.05 76125.80
0301252313203747574340332327307 22 39 67 32 27 18  9 12 281.26 59124.90
0301262313214737373333232733270 39 22 22 18 18  9 12 18 201.05 72121.20
0301272313223330 7 0 7301737160 18 15  3  0  3 15  6 22 100.63 85117.70
0301282313233743272317132023203 22 32 12  9  6  5  7  9 130.73 85121.80
0301292313241317202733404040230  5  6  7 12 18 27 27 27 160.94 84120.70
0301302313255033403737473713293 48 18 27 22 22 39 22  5 251.26 62117.60
0301312313263730334733301717243 22 15 18 39 18 15  6  6 170.94 41116.90
0302012313273020 7 713274743193 15  7  3  3  5 12 39 32 140.84 40122.10
0302022314 15750535047575347413 67 48 56 48 39 67 56 39 521.67 43123.00
0302032314 25030273033374037283 48 15 12 15 18 22 27 22 221.15 36128.70
0302042314 34050574723303737320 27 48 67 39  9 15 22 22 311.36 35131.00
0302052314 43727232737371723227 22 12  9 12 22 22  6  9 140.84 50136.20
0302062314 52017303337303330230  7  6 15 18 22 15 18 15 140.84 68145.40
0302072314 63330232333233023220 18 15  9  9 18  9 15  9 130.73 82143.30
0302082314 73333303030272737247 18 18 15 15 15 12 12 22 160.94 87135.40
0302092314 84027332333433333267 27 12 18  9 18 32 18 18 191.05 93137.60
0302102314 93740402320132337233 22 27 27  9  7  5  9 22 160.94 73132.60
0302112314104027302013171313173 27 12 15  7  5  6  5  5 100.63 73131.40
0302122314111323173023373333210  5  9  6 15  9 22 18 18 130.73 71128.20
0302132314122017101710 31037123  7  6  4  6  4  2  4 22  70.31 59127.30
0302142314134337203037333337270 32 22  7 15 22 18 18 22 201.05 45128.10
0302152314144043274040432727287 27 32 12 27 27 32 12 12 231.15 31120.60
0302162314152730333033333040257 12 15 18 15 18 18 15 27 170.94 20115.70
0302172314163323273327231727210 18  9 12 18 12  9  6 12 120.73 10109.40
0302182314172353403330232340267  9 56 27 18 15  9  9 27 211.15 20107.40
0302192314182327202033302340217  9 12  7  7 18 15  9 27 130.73 33113.60
0302202314192333333730304030257  9 18 18 22 15 15 27 15 170.94 44115.70
0302212314202033302713373327220  7 18 15 12  5 22 18 12 140.84 46117.00
0302222314212030202733331720200  7 15  7 12 18 18  6  7 110.63 34104.30
0302232314223027202033232323200 15 12  7  7 18  9  9  9 110.63 28101.80
03022423142317 7 72020171720123  6  3  3  7  7  6  6  7  60.31 28 99.90
03022523142420 713171710 7 7 97  7  3  5  6  6  4  3  3  50.21 32 99.50
030226231425 723373330232743223  3  9 22 18 15  9 12 32 150.84 30107.20
0302272314265047333343403743327 48 39 18 18 32 27 22 32 301.36 43115.40
0302282314273310273730373043247 18  4 12 22 15 22 15 32 181.05 34122.60
0303012315 14320173333272727227 32  7  6 18 18 12 12 12 150.84 48135.60
0303022315 22027202727203330203  7 12  7 12 12  7 18 15 110.63 59144.70
0303032315 33313202030405353263 18  5  7  7 15 27 56 56 241.26 57146.50
0303042315 45047474743403340347 48 39 39 39 32 27 18 27 341.36 80143.60
0303052315 53327273333403340267 18 12 12 18 18 27 18 27 191.05 65146.20
0303062315 64337373740473343317 32 22 22 22 27 39 18 32 271.26 63147.90
0303072315 74033333323132730233 27 18 18 18  9  5 12 15 150.94 79147.60
0303082315 81313131323332723160  5  5  5  5  9 18 12  9  80.52 66146.20
0303092315 92333301317172337193  9 18 15  5  6  6  9 22 110.63 89150.60
0303102315101733272730373040240  6 18 12 12 15 22 15 27 160.94 71141.70
0303112315113327302323371710200 18 12 15  9  9 22  6  4 120.73 69139.70
0303122315122317202020131733163  9  6  7  7  7  5  6 18  80.42 56136.20
0303132315134033272737131717210 27 18 12 12 22  5  6  6 140.84 45132.50
0303142315142023373753274337277  7  9 22 22 56 12 32 22 231.15 58137.30
0303152315155040373337433337310 48 27 22 18 22 32 18 22 261.26 63129.30
0303162315163030234043436047317 15 15  9 27 32 32 80 39 311.36 62127.20
0303172315173047503753475057370 15 39 48 22 56 39 48 67 421.57 41123.12
0303182315184747474747232327307 39 39 39 39 39  9  9 12 281.26 43117.30
0303192315193340301723232320210 18 27 15  6  9  9  9  7 120.73 39107.20
0303202315201027333743474347287  4 12 18 22 32 39 32 39 251.26 29 96.60
0303212315214347405033203750320 32 39 27 48 18  7 22 48 301.36 23 90.30
0303222315223737403020132337237 22 22 27 15  7  5  9 22 160.94  8 88.30
0303232315233727375030304030280 22 12 22 48 15 15 27 15 221.15 27 92.40
030324231524272323201010 7 3123 12  9  9  7  4  4  3  2  60.31 33 97.30
030325231525 31313 0 71010 7 63  2  5  5  0  3  4  4  3  30.10 52108.20
030326231526 323171317133027143  2  9  6  5  6  5 15 12  80.42 70126.60
0303272315274730473737433033303 39 15 39 22 22 32 15 18 251.26 81140.50
0303282316 14040402320374357300 27 27 27  9  7 22 32 67 271.26 91146.40
0303292316 25047373040435353353 48 39 22 15 27 32 56 56 371.46112154.60
0303302316 35337404040475057363 56 22 27 27 27 39 48 67 391.46112154.20
0303312316 43323304757635743353 18  9 15 39 67 94 67 32 431.57102159.80
0304012316 54737232023374023250 39 22  9  7  9 22 27  9 181.05 93152.80
0304022316 62340433337374047300  9 27 32 18 22 22 27 39 241.26103157.30
0304032316 73327332030303343250 18 12 18  7 15 15 18 32 170.94 90155.70
0304042316 84333403740374350323 32 18 27 22 27 22 32 48 281.26 72148.82
0304052316 94340303037475337317 32 27 15 15 22 39 56 22 281.26 60137.50
0304062316102730201713301717170 12 15  7  6  5 15  6  6  90.52 52126.10
03040723161113 3 7172720 7 7100  5  2  3  6 12  7  3  3  50.21 48115.90
0304082316123733404743401723280 22 18 27 39 32 27  6  9 221.15 34112.60
0304092316134033474043332023280 27 18 39 27 32 18  7  9 221.15 42109.70
0304102316142740404337334033293 12 27 27 32 22 18 27 18 231.15 38104.10
0304112316152333202317304037223  9 18  7  9  6 15 27 22 140.84 25103.00
0304122316163320171330231313163 18  7  6  5 15  9  5  5  90.52 37102.60
0304132316173333202023131013167 18 18  7  7  9  5  4  5  90.52 38103.00
0304142316182033102743373040240  7 18  4 12 32 22 15 27 170.94 35102.60
0304152316193740374027172030247 22 27 22 27 12  6  7 15 170.94 29101.10
0304162316204033475337405040340 27 18 39 56 22 27 48 27 331.36 16 99.20
0304172316213347405037474017310 18 39 27 48 22 39 27  6 281.26 19101.80
0304182316222043334343332733277  7 32 18 32 32 18 12 18 211.15 27108.70
0304192316232327201320203027180  9 12  7  5  7  7 15 12  90.52 34113.10
0304202316243337271327302037223 18 22 12  5 12 15  7 22 140.84 45119.70
0304212316253737473330333733287 22 22 39 18 15 18 22 18 221.15 58127.00
0304222316263740334327373740293 22 27 18 32 12 22 22 27 231.15 75133.80
0304232316271740373733304027260  6 27 22 22 18 15 27 12 191.05 73134.30
0304242317 13323373340434750307 18  9 22 18 27 32 39 48 271.26 73129.80
0304252317 24050434737373353340 27 48 32 39 22 22 18 56 331.36 89145.30
0304262317 33323332327334027240 18  9 18  9 12 18 27 12 150.94 86145.50
0304272317 42730232023333730223 12 15  9  7  9 18 22 15 130.84103156.10
0304282317 53043373720131317210 15 32 22 22  7  5  5  6 140.84100154.30
0304292317 6172317 740506047260  6  9  6  3 27 48 80 39 271.26109157.40
0304302317 75353374333505060380 56 56 22 32 18 48 48 80 451.57 98155.80
0305012317 86753474347403730363111 56 39 32 39 27 22 15 431.57 99151.00
0305022317 93050272730201323220 15 48 12 12 15  7  5  9 150.94 86145.32
0305032317102030203023201323180  7 15  7 15  9  7  5  9  90.52 95150.10
0305042317112013102013171013117  7  5  4  7  5  6  4  5  50.21 96144.40
0305052317121323171723434037213  5  9  6  6  9 32 27 22 140.84 93131.10
0305062317133323273353474743307 18  9 12 18 56 39 39 32 281.26 78124.10
0305072317145050574743404033360 48 48 67 39 32 27 27 18 381.46 65112.20
0305082317154347404347505740367 32 39 27 32 39 48 67 27 391.46 33102.80
0305092317164043504753372033323 27 32 48 39 56 22  7 18 311.36 20 98.90
0305102317176763533313333727327111 94 56 18  5 18 22 12 421.57 17 94.50
0305112317184723574750372730317 39  9 67 39 48 22 12 15 311.36 36 93.40
0305122317193337333033334330273 18 22 18 15 18 18 32 15 201.05 38 95.80
0305132317204027334737374040300 27 12 18 39 22 22 27 27 241.26 41 98.10
0305142317214343402737504733320 32 32 27 12 22 48 39 18 291.36 43 98.30
0305152317223337373043433333290 18 22 22 15 32 32 18 18 221.15 50101.40
0305162317233317171017172330163 18  6  6  4  6  6  9 15  90.52 51104.90
03051723172427232313171013 7133 12  9  9  5  6  4  5  3  70.31 39104.70
030518231725101310 310273730140  4  5  4  2  4 12 22 15  80.52 44111.50
0305192317263023201317232733187 15  9  7  5  6  9 12 18 100.63 48117.40
0305202317273017232730131727183 15  6  9 12 15  5  6 12 100.63 61120.00
0305212318 13033171327475360280 15 18  6  5 12 39 56 80 291.36 50122.20
0305222318 25343372340404023300 56 32 22  9 27 27 27  9 261.26 65121.30
0305232318 32340333723332327240  9 27 18 22  9 18  9 12 160.94 57120.90
0305242318 42737402733374337280 12 22 27 12 18 22 32 22 211.15 37119.80
0305252318 54337332317302733243 32 22 18  9  6 15 12 18 160.94 39124.30
0305262318 64327372323232740243 32 12 22  9  9  9 12 27 160.94 52128.40
0305272318 74037273340305750313 27 22 12 18 27 15 67 48 301.36 57132.30
0305282318 85740474340404040347 67 27 39 32 27 27 27 27 341.36 62133.70
0305292318 94037373070778383457 27 22 22 151321792362361091.98 56141.60
0305302318107353403037605057400154 56 27 15 22 80 48 67 591.77 44120.40
0305312318115353231027231713220 56 56  9  4 12  9  6  5 201.05 42116.30
0306012318122037332737334747280  7 22 18 12 22 18 39 39 221.15 42115.50
0306022318134050535340402750353 27 48 56 56 27 27 12 48 381.46 38124.80
0306032318144730304040374353320 39 15 15 27 27 22 32 56 291.36 40117.80
0306042318153327274043434330287 18 12 12 27 32 32 32 15 221.15 47108.70
0306052318162323232027302723197  9  9  9  7 12 15 12  9 100.63 59117.00
0306062318172020272727333330217  7  7 12 12 12 18 18 15 130.73 86129.40
0306072318183737333747403343307 22 22 18 22 39 27 18 32 251.26 98137.20
0306082318193343373737535357350 18 32 22 22 22 56 56 67 371.46101158.00
0306092318203033334030374360307 15 18 18 27 15 22 32 80 281.26111163.10
0306102318213723574030333330283 22  9 67 27 15 18 18 15 241.26111182.00
0306112318222330332727273020217  9 15 18 12 12 12 15  7 120.73116198.90
0306122318231313231323231720147  5  5  9  5  9  9  6  7  70.31115168.60
0306132318242310 7 713133337143  9  4  3  3  5  5 18 22  90.52 96155.80
0306142318252337374347504337317  9 22 22 32 39 48 32 22 281.26 81137.70
0306152318263747332733273027260 22 39 18 12 18 12 15 12 181.05 63132.80
0306162318273347235040376060350 18 39  9 48 27 22 80 80 401.57 57126.50
0306172319 15360535050503743397 56 80 56 48 48 48 22 32 491.67 56125.80
0306182319 25057676740504740417 48 67111111 27 48 39 27 601.77 68124.30
0306192319 34033272723273317227 27 18 12 12  9 12 18  6 140.84 76126.80
0306202319 41323302327302727200  5  9 15  9 12 15 12 12 110.63 74120.80
0306212319 54737402027402740277 39 22 27  7 12 27 12 27 221.15 62118.80
0306222319 62720302017303730210 12  7 15  7  6 15 22 15 120.73 61113.90
0306232319 74040333723272733260 27 27 18 22  9 12 12 18 181.05 66117.20
0306242319 84040434343232030283 27 27 32 32 32  9  7 15 231.15 68118.30
0306252319 92023372727333740243  7  9 22 12 12 18 22 27 160.94 76120.20
0306262319103330303340302330250 18 15 15 18 27 15  9 15 160.94 82122.90
0306272319114033474050474037333 27 18 39 27 48 39 27 22 311.36 93128.10
0306282319123047336357474047363 15 39 18 94 67 39 27 39 421.57 93128.10
0306292319133733404733373740303 22 18 27 39 18 22 22 27 241.26 94131.60
0306302319143340433020272727247 18 27 32 15  7 12 12 12 170.94 92132.50
0307012319152023201723231720163  7  9  7  6  9  9  6  7  80.42100135.60
0307022319161320272727304023207  5  7 12 12 12 15 27  9 120.73 97139.30
0307032319172727132033375040247 12 12  5  7 18 22 48 27 191.05 80136.70
0307042319183737334340373030287 22 22 18 32 27 22 15 15 221.15 67144.80
0307052319194033372337333027260 27 18 22  9 22 18 15 12 181.05 56146.70
0307062319202020132033302320180  7  7  5  7 18 15  9  7  90.52 63134.00
0307072319212723372033231710190 12  9 22  7 18  9  6  4 110.63 85137.80
030708231922 3 3 3 7171010 0 53  2  2  2  3  6  4  4  0  30.10 89135.70
030709231923 317 7 710 31713 77  2  6  3  3  4  2  6  5  40.10 90130.20
0307102319241313202027101327143  5  5  7  7 12  4  5 12  70.42 74126.90
0307112319252743605053535757400 12 32 80 48 56 56 67 67 521.67 61126.10
0307122319266067533340303733353 80111 56 18 27 15 22 18 431.57 68125.50
0307132319273027332323332327220 15 12 18  9  9 18  9 12 130.73 96130.70
0307142320 12023271330333040217  7  9 12  5 15 18 15 27 140.84 96131.40
0307152320 25047274723174347300 48 39 12 39  9  6 32 39 281.26105129.90
0307162320 34343536060374053390 32 32 56 80 80 22 27 56 481.67105137.50
0307172320 44730202733273733253 39 15  7 12 18 12 22 18 181.05112143.20
0307182320 53037171320273047220 15 22  6  5  7 12 15 39 150.94121144.30
0307192320 64323274040434357317 32  9 12 27 27 32 32 67 301.36128150.80
0307202320 74330302730273037253 32 15 15 12 15 12 15 22 170.94161162.40
0307212320 83723171013 713 7127 22  9  6  4  5  3  5  3  70.42146160.70
0307222320 920102023132020 3130  7  4  7  9  5  7  7  2  60.31123157.40
0307232320101720171720332330177  6  7  6  6  7 18  9 15  90.52100148.70
0307242320112313 3 313172037130  9  5  2  2  5  6  7 22  70.42 78129.20
0307252320121313372323101013143  5  5 22  9  9  4  4  5  80.42 47115.10
0307262320132323233343506053310  9  9  9 18 32 48 80 56 331.36 28105.90
0307272320145040433733272717273 48 27 32 22 18 12 12  6 221.15 33104.90
0307282320152017203053473333253  7  6  7 15 56 39 18 18 211.15 50106.60
0307292320163747333350505353357 22 39 18 18 48 48 56 56 381.46 43103.00
0307302320173340404340404340320 18 27 27 32 27 27 32 27 271.26 38101.70
0307312320184040405747404047350 27 27 27 67 39 27 27 39 351.46 42105.20
0308012320195350434353303353360 56 48 32 32 56 15 18 56 391.46 49110.60
0308022320204033332727374340280 27 18 18 12 12 22 32 27 211.15 56114.70
0308032320213033273017233033223 15 18 12 15  6  9 15 18 140.84 76123.60
03080423202213172720 7233333173  5  6 12  7  3  9 18 18 100.52 73126.00
0308052320233010101010101730127 15  4  4  4  4  4  6 15  70.42 87134.40
0308062320245753573737202023303 67 56 67 22 22  7  7  9 321.36 83132.40
0308072320251017172040506750270  4  6  6  7 27 48111 48 321.36 78140.90
0308082320265053474330404333340 48 56 39 32 15 27 32 18 331.36 69136.60
0308092320272323332727233040227  9  9 18 12 12  9 15 27 140.84 70133.60
0308102321 14017202020172317173 27  6  7  7  7  6  9  6  90.52 72134.70
0308112321 21720171723233033180  6  7  6  6  9  9 15 18 100.52 72132.70
0308122321 33740474043403330310 22 27 39 27 32 27 18 15 261.26 71126.60
0308132321 43043271727202737227 15 32 12  6 12  7 12 22 150.84 70134.30
0308142321 53033332023273330230 15 18 18  7  9 12 18 15 140.84 63133.10
0308152321 62320232023332733203  9  7  9  7  9 18 12 18 110.63 67134.70
0308162321 72723171727271710163 12  9  6  6 12 12  6  4  80.52 73130.10
0308172321 8 7 3 3 347404353200  3  2  2  2 39 27 32 56 201.05 74122.30
0308182321 95763706770736360523 67 94132111132154 94 801081.98 67118.70
0308192321105737272320332720243 67 22 12  9  7 18 12  7 191.05 58119.50
0308202321111030301727333050227  4 15 15  6 12 18 15 48 170.94 62114.50
0308212321124347604353576060423 32 39 80 32 56 67 80 80 581.77 58122.00
0308222321135350474757504743393 56 48 39 39 67 48 39 32 461.57 69123.70
0308232321144053574747403333350 27 56 67 39 39 27 18 18 361.46 76122.90
0308242321153030473333234327267 15 15 39 18 18  9 32 12 201.05 82119.00
0308252321164047433030332023267 27 39 32 15 15 18  7  9 201.05 82119.00
0308262321173713 72320272730183 22  5  3  9  7 12 12 15 110.63 89123.40
0308272321182020202020232727177  7  7  7  7  7  9 12 12  80.52 90128.30
0308282321193333334327333030263 18 18 18 32 12 18 15 15 181.05 95121.10
0308292321201013133030375027210  4  5  5 15 15 22 48 12 160.94 85118.70
0308302321214043232723232013213 27 32  9 12  9  9  7  5 140.84 74116.20
0308312321221320171720172010133  5  7  6  6  7  6  7  4  60.31 65111.80
0309012321232037331313274023207  7 22 18  5  5 12 27  9 130.84 46110.10
0309022321243317172340231730200 18  6  6  9 27  9  6 15 120.73 46107.60
0309032321253030273327273333240 15 15 12 18 12 12 18 18 150.84 47112.40
0309042321263333373040304043287 18 18 22 15 27 15 27 32 221.15 50114.10
0309052321274037333030332013237 27 22 18 15 15 18  7  5 160.94 39109.80
0309062322 12720202320202323177 12  7  7  9  7  7  9  9  80.52 37106.60
0309072322 22320 7 0 31310 3 80  9  7  3  0  2  5  4  2  40.10 30109.40
0309082322 3 7 3 3 720131730100  3  2  2  3  7  5  6 15  50.21 25100.30
0309092322 42020234343334347273  7  7  9 32 32 18 32 39 221.15 17 97.30
0309102322 55020234730303730267 48  7  9 39 15 15 22 15 211.15 25100.60
0309112322 64040132320273027220 27 27  5  9  7 12 15 12 140.84 34 98.00
0309122322 72333302020172013177  9 18 15  7  7  6  7  5  90.52 29 95.60
0309132322 833302317 3 31023143 18 15  9  6  2  2  4  9  80.42 30 97.30
0309142322 913 710 313131317 90  5  3  4  2  5  5  5  6  40.21 33 95.80
03091523221013 3 0 0 3 72030 77  5  2  0  0  2  3  7 15  40.10 42 98.40
0309162322114740434057434330343 39 27 32 27 67 32 32 15 341.36 46100.40
0309172322125353506370535057450 56 56 48 94132 56 48 67 701.77 58107.00
0309182322135057436047504750403 48 67 32 80 39 48 39 48 501.67 58110.20
0309192322144737535350434733363 39 22 56 56 48 32 39 18 391.46 52112.10
0309202322154047473740472727310 27 39 39 22 27 39 12 12 271.26 46112.90
0309212322164027303340333323260 27 12 15 18 27 18 18  9 181.05 50120.90
0309222322173033303733304010243 15 18 15 22 18 15 27  4 170.94 57123.50
0309232322182340232330333030233  9 27  9  9 15 18 15 15 150.84 65125.70
0309242322195753503740404747370 67 56 48 22 27 27 39 39 411.57 64134.30
0309252322204340404340404337327 32 27 27 32 27 27 32 22 281.26 67133.40
0309262322213027373323303030240 15 12 22 18  9 15 15 15 150.94 77131.80
0309272322223310 7 7 3 3 723 93 18  4  3  3  2  2  3  9  60.21 79130.30
030928232223 7 31310131713 3 80  3  2  5  4  5  6  5  2  40.10 71137.60
0309292322241720 313 7 3 717 87  6  7  2  5  3  2  3  6  40.10 74135.60
030930232225 3 717101317 720 93  2  3  6  4  5  6  3  7  40.21 66133.30
0310012322263020131010103040163 15  7  5  4  4  4 15 27 100.63 76137.10
031002232227272313 713172327150 12  9  5  3  5  6  9 12  80.42 68125.00
0310032323 13347301730373020243 18 39 15  6 15 22 15  7 170.94 62120.30
0310042323 21317301323 3 0 0100  5  6 15  5  9  2  0  0  50.21 49119.00
0310052323 3 0 7 3 0 3172733 90  0  3  2  0  2  6 12 18  50.21 50109.60
0310062323 42310101320203333163  9  4  4  5  7  7 18 18  90.52 41112.00
0310072323 54320273327332723233 32  7 12 18 12 18 12  9 150.84 41111.80
0310082323 61713201717 72027137  6  5  7  6  6  3  7 12  60.31 43113.10
0310092323 7402310131310 7 3120 27  9  4  5  5  4  3  2  70.42 47110.50
0310102323 8 0 0 7 3 7 7 717 47  0  0  3  2  3  3  3  6  20.00 45111.40
0310112323 910 0 7 3 3 0 3 7 33  4  0  3  2  2  0  2  3  20.00 44105.40
031012232310 3 3 31010101317 70  2  2  2  4  4  4  5  6  40.10 25 97.40
0310132323113330171327303747233 18 15  6  5 12 15 22 39 160.94 13 94.00
0310142323123340575043437373413 18 27 67 48 32 32154154 661.77 13 91.90
0310152323133343605740474750377 18 32 80 67 27 39 39 48 441.57 13 95.30
0310162323145033334740433343323 48 18 18 39 27 32 18 32 291.36 19 94.60
0310172323154753574337232737323 39 56 67 32 22  9 12 22 321.36 30 98.10
0310182323164047433340333040307 27 39 32 18 27 18 15 27 251.26 41107.80
0310192323173743433347475353357 22 32 32 18 39 39 56 56 371.46 41119.40
0310202323183730504340435057350 22 15 48 32 27 32 48 67 361.46 47133.90
0310212323194740474753535360400 39 27 39 39 56 56 56 80 491.67 59150.20
0310222323204753503343503717330 39 56 48 18 32 48 22  6 341.36 58152.02
031023232321271323171010 7 3110 12  5  9  6  4  4  3  2  60.31 61181.32
031024232322 313202747675060287  2  5  7 12 39111 48 80 381.46 75188.50
0310252323234027272343371327237 27 12 12  9 32 22  5 12 160.94 88219.00
0310262323242320172010103337170  9  7  6  7  4  4 18 22 100.52 89240.62
0310272323253733332020231310190 22 18 18  7  7  9  5  4 110.63133254.00
0310282323263047374727403340300 15 39 22 39 12 27 18 27 251.26165270.90
0310292323274740908077778787583 39 274002071791793003002042.19167275.42
0310302324 18773534750709090560300154 56 39 481324004001912.19167267.60
0310312324 28377736773474043503236179154111154 39 27 321161.98160245.20
0311012324 35047402730333340300 48 39 27 12 15 18 18 27 261.26124207.20
0311022324 43337333027334327263 18 22 18 15 12 18 32 12 181.05112187.40
0311032324 53330272720232733220 18 15 12 12  7  9 12 18 130.73 72164.20
0311042324 63030637027203327300 15 15 94132 12  7 18 12 381.46 52165.62
0311052324 717 01310 7132333117  6  0  5  4  3  5  9 18  60.31 12112.10
0311062324 8271710 717235743200 12  6  4  3  6  9 67 32 170.94  9 96.10
0311072324 93327172310171313153 18 12  6  9  4  6  5  5  80.42 12 89.40
0311082324101310 71727332320150  5  4  3  6 12 18  9  7  80.42 21 91.00
0311092324112730373757405033310 12 15 22 22 67 27 48 18 291.36 39 91.20
0311102324123340373740374747317 18 27 22 22 27 22 39 39 271.26 39 92.80
0311112324135753605753575347437 67 56 80 67 56 67 56 39 611.77 30 93.70
0311122324144337374037505030323 32 22 22 27 22 48 48 15 301.36 11 96.70
0311132324153740505360506053403 22 27 48 56 80 48 80 56 521.67 21100.00
0311142324165350474747334737360 56 48 39 39 39 18 39 22 381.46 23 96.80
0311152324173040604750534340363 15 27 80 39 48 56 32 27 401.57 33 95.60
0311162324184047504050534350373 27 39 48 27 48 56 32 48 411.57 42102.00
0311172324194750434747534340370 39 48 32 39 39 56 32 27 391.46 34118.20
0311182324205037334040433330307 48 22 18 27 27 32 18 15 261.26 52141.00
0311192324212323302330303013203  9  9 15  9 15 15 15  5 120.73 70151.50
0311202324221037636377878780503  4 22 94 941793003002071502.09 90171.00
0311212324236760603720302727327111 80 80 22  7 15 12 12 421.57 97172.80
0311222324244330232730476047307 32 15  9 12 15 39 80 39 301.36 83171.90
0311232324253750372733234037283 22 48 22 12 18  9 27 22 221.15109173.80
0311242324262720232340302330217 12  7  9  9 27 15  9 15 130.73107172.80
0311252324273333302730332323233 18 18 15 12 15 18  9  9 140.84123166.30
0311262325 12320171327232027170  9  7  6  5 12  9  7 12  80.52119166.50
0311272325 22023131710 71713120  7  9  5  6  4  3  6  5  60.31132170.10
0311282325 3172010202317 3 3113  6  7  4  7  9  6  2  2  50.21121163.20
0311292325 4232017171313 720130  9  7  6  6  5  5  3  7  60.31113161.40
0311302325 52030101023373730197  7 15  4  4  9 22 22 15 120.73116148.60
0312012325 62733232313171330180 12 18  9  9  5  6  5 15 100.63 92139.30
0312022325 72723272013 3 310127 12  9 12  7  5  2  2  4  70.31 72135.40
0312032325 8 7 710 7 717 310 67  3  3  4  3  3  6  2  4  40.10 72120.30
0312042325 913 3 7 710131737107  5  2  3  3  4  5  6 22  60.31 66112.50
0312052325103053574350473743360 15 56 67 32 48 39 22 32 391.46 59108.50
0312062325114740373730403330293 39 27 22 22 15 27 18 15 231.15 45105.70
0312072325123020231330333737223 15  7  9  5 15 18 22 22 140.84 32 89.30
0312082325132747404347475347350 12 39 27 32 39 39 56 39 351.46 26 90.90
0312092325143340433743404050327 18 27 32 22 32 27 27 48 291.36 16 89.40
0312102325155337404743535050373 56 22 27 39 32 56 48 48 411.57 25 86.50
0312112325165747505043433743370 67 39 48 48 32 32 22 32 401.46 25 83.40
0312122325174337373337334047307 32 22 22 18 22 18 27 39 251.26 25 84.50
0312132325184737304043403740313 39 22 15 27 32 27 22 27 261.26 28 85.00
0312142325194033273337504743310 27 18 12 18 22 48 39 32 271.26 31 89.50
0312152325204743373747372730303 39 32 22 22 39 22 12 15 251.26 30 97.70
0312162325212327272717272720193  9 12 12 12  6 12 12  7 100.63 39103.00
03121723252223272017172010 3137  9 12  7  6  6  7  4  2  70.31 68113.80
031218232523 7201010 7 7 0 0 60  3  7  4  4  3  3  0  0  30.10 71119.10
031219232524 0 0 7 3 7 0 0 7 23  0  0  3  2  3  0  0  3  10.00 71118.60
031220232525 313103330473340210  2  5  4 18 15 39 18 27 160.94 74125.90
0312212325264343403330403733300 32 32 27 18 15 27 22 18 241.26 60129.10
0312222325273033333333373033263 15 18 18 18 18 22 15 18 181.05 74133.20
0312232326 12020132023232317160  7  7  5  7  9  9  9  6  70.42 76137.40
0312242326 2102010 717271723130  4  7  4  3  6 12  6  9  60.31 59134.40
0312252326 317 7 7102320 313100  6  3  3  4  9  7  2  5  50.21 44134.60
0312262326 42727101313171327147 12 12  4  5  5  6  5 12  80.42 40132.70
0312272326 51730102717202343187  6 15  4 12  6  7  9 32 110.73 31122.42
0312282326 63737202327233320220 22 22  7  9 12  9 18  7 130.84 34115.10
0312292326 713 01017173010 3100  5  0  4  6  6 15  4  2  50.21 26110.70
0312302326 8101013 313133023117  4  4  5  2  5  5 15  9  60.31 17104.20
0312312326 93020132330474340247 15  7  5  9 15 39 32 27 191.05 12102.10
