0501012339251733302330334340250  6 18 15  9 15 18 32 27 181.05 32 95.60
0501022339264347474033573353353 32 39 39 27 18 67 18 56 371.46 32 96.70
0501032339273737273740373023267 22 22 12 22 27 22 15  9 191.05 24 91.00
0501042340 14343333047433333307 32 32 18 15 39 32 18 18 261.26 14 85.10
0501052340 24033373333332023253 27 18 22 18 18 18  7  9 170.94 11 85.30
0501062340 320 3 3 3 7 72713 83  7  2  2  2  3  3 12  5  40.21 12 80.40
0501072340 4 3 0 01750534077240  2  0  0  6 48 56 27179 401.46 11 80.70
0501082340 57057403733202023300132 67 27 22 18  7  7  9 361.46 10 85.60
0501092340 61010 330 7 310 0 73  4  4  2 15  3  2  4  0  40.10 14 84.60
0501102340 7 710101013232327123  3  4  4  4  5  9  9 12  60.31 19 87.10
0501112340 82030372313332040217  7 15 22  9  5 18  7 27 140.84 27 91.10
0501122340 94353404347404033340 32 56 27 32 39 27 27 18 321.36 40 98.80
0501132340102737272023333730233 12 22 12  7  9 18 22 15 150.84 41111.90
0501142340112727231313134350210 12 12  9  5  5  5 32 48 160.94 54125.60
0501152340123743403030332717257 22 32 27 15 15 18 12  6 181.05 59140.20
0501162340133323272733333040247 18  9 12 12 18 18 15 27 160.94 65139.80
0501172340145043406063635047417 48 32 27 80 94 94 48 39 581.77 64133.10
0501182340157057775753535057473132 67179 67 56 56 48 67 841.87 61120.30
0501192340166360676053402337403 94 80111 80 56 27  9 22 601.77 45128.30
0501202340172320203040473030240  9  7  7 15 27 39 15 15 170.94 42118.80
0501212340183320232327678073347 18  7  9  9 12111207154 661.77 45109.90
0501222340195760372737334030320 67 80 22 12 22 18 27 15 331.36 31 99.10
0501232340203737332733402733267 22 22 18 12 18 27 12 18 191.05 26 92.80
0501242340213017172030302017180 15  6  6  7 15 15  7  6 100.52 28 91.70
05012523402210 31010 7101710 77  4  2  4  4  3  4  6  4  40.10 32 91.20
050126234023 7 3 3 7 7 3 7 7 43  3  2  2  3  3  2  3  3  30.00 23 86.60
050127234024 3 0 3 3 0 71013 40  2  0  2  2  0  3  4  5  20.00 20 84.30
0501282340252317 7 7 7 72727120  9  6  3  3  3  3 12 12  60.31 20 82.40
0501292340263320304033304043270 18  7 15 27 18 15 27 32 201.05 19 83.90
0501302340274043303330272020243 27 32 15 18 15 12  7  7 170.94 22 82.90
0501312341 133273037474030 7250 18 12 15 22 39 27 15  3 191.05 23 83.60
0502012341 230 3 7171317 710103 15  2  3  6  5  6  3  4  60.21 19 81.30
0502022341 3 723201717303313160  3  9  7  6  6 15 18  5  90.52 17 79.40
0502032341 420403320101310 7153  7 27 18  7  4  5  4  3  90.52 11 80.70
0502042341 5 0 0 3171317 7 7 63  0  0  2  6  5  6  3  3  30.10 15 79.80
0502052341 6 3 710 310 0 3 0 37  2  3  4  2  4  0  2  0  20.00 16 92.00
0502062341 71027331710132730167  4 12 18  6  4  5 12 15 100.52 38 94.30
0502072341 83033233047375753310 15 18  9 15 39 22 67 56 301.36 38100.30
0502082341 94053373337435043337 27 56 22 18 22 32 48 32 321.36 35105.40
0502092341103343474037333737307 18 32 39 27 22 18 22 22 251.26 39105.80
0502102341113737373340304027280 22 22 22 18 27 15 27 12 211.15 48111.10
0502112341122727233323133030207 12 12  9 18  9  5 15 15 120.73 52111.20
050212234113202313 3 7 717 0 90  7  9  5  2  3  3  6  0  40.21 56113.50
0502132341141710 7 7 3 720 3 73  6  4  3  3  2  3  7  2  40.10 48112.70
050214234115 723131013 72020113  3  9  5  4  5  3  7  7  50.21 48115.20
050215234116 71017 3 3 31313 70  3  4  6  2  2  2  5  5  40.10 52118.70
0502162341173020132333373333223 15  7  5  9 18 22 18 18 140.84 45110.20
0502172341181720 0131013 737117  6  7  0  5  4  5  3 22  60.31 43108.80
0502182341196347473037432320310 94 39 39 15 22 32  9  7 321.36 37101.80
0502192341201320334037333027233  5  7 18 27 22 18 15 12 160.94 31 96.30
050220234121403330 313303030210 27 18 15  2  5 15 15 15 140.84 27 93.60
0502212341223027131010 7 310110 15 12  5  4  4  3  2  4  60.31 20 92.50
050222234123 310 0 310171717 77  2  4  0  2  4  6  6  6  40.10 20 90.40
05022323412413 313 7 7 313 7 67  5  2  5  3  3  2  5  3  40.10 16 82.80
050224234125 0 3131330131013 97  0  2  5  5 15  5  4  5  50.21 11 78.60
0502252341261013202320333320173  4  5  7  9  7 18 18  7  90.52  8 76.70
0502262341273023232330272317197 15  9  9  9 15 12  9  6 100.63 12 75.10
0502272342 1 327271030171713143  2 12 12  4 15  6  6  5  80.42  8 74.40
0502282342 22027303327232037217  7 12 15 18 12  9  7 22 130.73  7 73.60
0503012342 32323333313201733197  9  9 18 18  5  7  6 18 110.63  0 72.40
0503022342 43730303330331313220 22 15 15 18 15 18  5  5 140.84  8 73.40
0503032342 51310 7 3131320 7 87  5  4  3  2  5  5  7  3  40.10  9 75.70
0503042342 6 7 0 3 3 3 710 3 37  3  0  2  2  2  3  4  2  20.00  8 77.70
0503052342 71327231320233040190  5 12  9  5  7  9 15 27 110.63  9 79.90
0503062342 85337434030504753353 56 22 32 27 15 48 39 56 371.46 10 82.30
0503072342 94743534340475740370 39 32 56 32 27 39 67 27 401.46 18 85.70
0503082342104753403027374343320 39 56 27 15 12 22 32 32 291.36 33 92.20
0503092342113343332727375047297 18 32 18 12 12 22 48 39 251.26 38 98.50
0503102342123733302727372313227 22 18 15 12 12 22  9  5 140.84 41100.30
0503112342132323171010 7 013103  9  9  6  4  4  3  0  5  50.21 43103.60
05031223421417 710 0 3 7 317 63  6  3  4  0  2  3  2  6  30.10 42108.80
05031323421513 0 0 7 7132333 97  5  0  0  3  3  5  9 18  50.21 42112.50
0503142342164340273047272023257 32 27 12 15 39 12  7  9 191.05 40110.30
050315234217201010 7 7 0 320 77  7  4  4  3  3  0  2  7  40.10 37107.00
050316234218 7 3 71730202020123  3  2  3  6 15  7  7  7  60.31 28103.60
0503172342193037232317432013207 15 22  9  9  6 32  7  5 130.84 25100.40
050318234220 7101317 7174040150  3  4  5  6  3  6 27 27 100.63 25 95.70
0503192342214740171713 0 310147 39 27  6  6  5  0  2  4 110.63 26 92.20
050320234222 320101010 310 3 70  2  7  4  4  4  2  4  2  40.10 25 88.30
050321234223 3 3133333171013127  2  2  5 18 18  6  4  5  80.42 30 89.10
050322234224 3 3 3 3 7 71017 53  2  2  2  2  3  3  4  6  30.10 28 86.70
050323234225 3 0 3 317102017 73  2  0  2  2  6  4  7  6  40.10 32 87.10
050324234226 3 7 3 727101717 90  2  3  2  3 12  4  6  6  50.21 41 86.60
0503252342271737403037372743267  6 22 27 15 22 22 12 32 201.05 34 81.70
0503262343 11737333737303020240  6 22 18 22 22 15 15  7 160.94 26 77.40
0503272343 22320302730373720223  9  7 15 12 15 22 22  7 140.84 22 78.10
0503282343 3171713 3 3 31317 87  6  6  5  2  2  2  5  6  40.10 10 79.40
0503292343 4 010 7 3 713 727 73  0  4  3  2  3  5  3 12  40.10  9 78.60
0503302343 5272727171020 7 3137 12 12 12  6  4  7  3  2  70.42  7 77.50
0503312343 613302310 7273323167  5 15  9  4  3 12 18  9  90.52 15 76.50
0504012343 7 720231010101310103  3  7  9  4  4  4  5  4  50.21 16 78.20
0504022343 8 7 3 710 713 3 3 53  3  2  3  4  3  5  2  2  30.10 20 80.20
0504032343 92017 710 7101720107  7  6  3  4  3  4  6  7  50.21 28 81.10
0504042343101320202727435360263  5  7  7 12 12 32 56 80 261.26 33 84.90
0504052343117067503333303047360132111 48 18 18 15 15 39 501.67 35 88.50
0504062343123727132020272027190 22 12  5  7  7 12  7 12 100.63 29 88.20
050407234313272323201717 0 7133 12  9  9  7  6  6  0  3  60.31 28 88.00
05040823431423 3 7 3 7 310 3 60  9  2  3  2  3  2  4  2  30.10 27 87.90
05040923431517 7 0 3 3 3 313 50  6  3  0  2  2  2  2  5  30.00 27 88.80
05041023431610 3 3 310 7 0 3 40  4  2  2  2  4  3  0  2  20.00 27 88.60
0504112343171317 0 710304040157  5  6  0  3  4 15 27 27 110.63 13 87.90
0504122343185050333343274343323 48 48 18 18 32 12 32 32 301.36 21 85.30
0504132343192743404043504047330 12 32 27 27 32 48 27 39 301.36 29 84.00
0504142343203343232330273030240 18 32  9  9 15 12 15 15 160.94 35 86.00
0504152343212730201730302737217 12 15  7  6 15 15 12 22 130.73 36 85.50
050416234322301310 710132017120 15  5  4  3  4  5  7  6  60.31 28 83.60
050417234323132317 310 3 7 7 83  5  9  6  2  4  2  3  3  40.10 26 84.20
0504182343241027201020171320137  4 12  7  4  7  6  5  7  60.31 26 82.00
0504192343251717271323131020140  6  6 12  5  9  5  4  7  70.31 26 78.90
0504202343262347404337302317260  9 39 27 32 22 15  9  6 201.05 25 77.80
05042123432717 3 7 0 3 7 7 3 47  6  2  3  0  2  3  3  2  30.00 16 77.90
0504222344 12313 7 730173020147  9  5  3  3 15  6 15  7  80.42 16 78.10
0504232344 213 7101010232317113  5  3  4  4  4  9  9  6  60.21 14 80.20
0504242344 33027171320171717157 15 12  6  5  7  6  6  6  80.42  9 83.20
0504252344 42333271720101017157  9 18 12  6  7  4  4  6  80.42 13 87.10
0504262344 5 7 0 3 7 7 310 7 43  3  0  2  3  3  2  4  3  20.00 11 92.10
0504272344 6 0 0 01013 3 0 0 27  0  0  0  4  5  2  0  0  10.00 17 96.60
0504282344 7 0 0 0 3131310 3 43  0  0  0  2  5  5  4  2  20.00 30 99.40
0504292344 8 710201327203337167  3  4  7  5 12  7 18 22 100.52 35106.50
0504302344 95033303337373343297 48 18 15 18 22 22 18 32 241.26 37108.00
0505012344104047373337304023287 27 39 22 18 22 15 27  9 221.15 39113.40
0505022344112320131323201717147  9  7  5  5  9  7  6  6  70.31 42114.00
0505032344122717132330271717170 12  6  5  9 15 12  6  6  90.52 47114.20
0505042344132323 7 310 713 7 93  9  9  3  2  4  3  5  3  50.21 43110.60
050505234414101310131017 7 3 83  4  5  4  5  4  6  3  2  40.10 40111.00
05050623441510 0 0 320172013 83  4  0  0  2  7  6  7  5  40.10 45112.40
05050723441613 7 31027202747153  5  3  2  4 12  7 12 39 100.63 37101.80
0505082344176053376083775337460 80 56 22 80236179 56 22 911.98 46103.20
05050923441830271010 7232737170 15 12  4  4  3  9 12 22 100.63 63112.20
0505102344192720231317102020150 12  7  9  5  6  4  7  7  70.42 77121.60
05051123442010 3202023334037187  4  2  7  7  9 18 27 22 120.73 82127.90
0505122344212337301723303733230  9 22 15  6  9 15 22 18 140.84 80119.90
0505132344224740402733402720273 39 27 27 12 18 27 12  7 211.15 62128.60
05051423442317132013131723 7123  6  5  7  5  5  6  9  3  60.31 51101.70
0505152344245757837740405050453 67 67236179 27 27 48 48 871.87 39105.20
0505162344254063604050471723340 27 94 80 27 48 39  6  9 411.57 43101.40
0505172344263343372320371727237 18 32 22  9  7 22  6 12 160.94 33 92.00
050518234427272320202323 310150 12  9  7  7  9  9  2  4  70.42 26 85.80
0505192345 11020301717132020147  4  7 15  6  6  5  7  7  70.42 23 86.70
0505202345 22747504033332027277 12 39 48 27 18 18  7 12 231.15 15 85.60
0505212345 32740373027274030257 12 27 22 15 12 12 27 15 181.05 13 83.90
0505222345 43720232327 71013160 22  7  9  9 12  3  4  5  90.52 24 84.20
0505232345 517 7 7 72313 7 7 87  6  3  3  3  9  5  3  3  40.21 25 85.50
0505242345 6 7 3 0 310 31020 57  3  2  0  2  4  2  4  7  30.10 25 87.40
0505252345 713101310 713 3 0 70  5  4  5  4  3  5  2  0  40.10 30 86.00
0505262345 8 0 3 3 3 3 3 3 0 20  0  2  2  2  2  2  2  0  20.00 44 92.80
0505272345 9 3 7 3 310 0 0 0 27  2  3  2  2  4  0  0  0  20.00 44 98.10
050528234510 320131717374033180  2  7  5  6  6 22 27 18 120.73 37 95.10
0505292345113030303013303057250 15 15 15 15  5 15 15 67 201.05 43 95.30
0505302345124033636373776747463 27 18 94 94154179111 39 901.87 46 97.50
0505312345133337272733202027223 18 22 12 12 18  7  7 12 140.84 58 99.00
05060123451430201717101310 7123 15  7  6  6  4  5  4  3  60.31 53 96.90
0506022345151017101313131727120  4  6  4  5  5  5  6 12  60.31 40 96.00
05060323451617202017231710 7130  6  7  7  6  9  6  4  3  60.31 33 98.00
0506042345171713232033435743250  6  5  9  7 18 32 67 32 221.15 49 99.80
0506052345183330373023304030253 18 15 22 15  9 15 27 15 170.94 62108.60
050606234519372723 7 7102037167 22 12  9  3  3  4  7 22 100.63 64109.20
0506072345203037303030232020220 15 22 15 15 15  9  7  7 130.84 73112.40
05060823452123131310 7 3 7 7 83  9  5  5  4  3  2  3  3  40.10 68119.30
050609234522 7 7 71720101013 90  3  3  3  6  7  4  4  5  40.21 67119.70
050610234523 7 7 0 7 7 7 7 7 47  3  3  0  3  3  3  3  3  30.00 70117.90
05061123452413 7 7 7 7131720 90  5  3  3  3  3  5  6  7  40.21 55111.40
0506122345251717374053607360357  6  6 22 27 56 80154 80 541.67 52106.30
0506132345266057433040273317307 80 67 32 15 27 12 18  6 321.36 31 94.70
0506142345271717201720104730177  6  6  7  6  7  4 39 15 110.63 33 96.80
0506152346 13037432043232010227 15 22 32  7 32  9  7  4 160.94 40 97.50
0506162346 2 717304750504033273  3  6 15 39 48 48 27 18 261.26 43101.30
0506172346 34733171727272713207 39 18  6  6 12 12 12  5 140.84 48 93.70
0506182346 41320201313101710117  5  7  7  5  5  4  6  4  50.21 32 92.90
0506192346 5131010101317 713 93  5  4  4  4  5  6  3  5  40.21 29 89.80
0506202346 610 7 7101010 3 0 57  4  3  3  4  4  4  2  0  30.10 31 88.90
0506212346 7 0 0 3 0 0 3 710 23  0  0  2  0  0  2  3  4  10.00 34 85.50
0506222346 817 7 71713101327110  6  3  3  6  5  4  5 12  60.21 27 82.10
0506232346 93750705057404733383 22 48132 48 67 27 39 18 501.67 11 80.10
0506242346103333173023 7 313160 18 18  6 15  9  3  2  5 100.52 13 79.20
0506252346112730131713332330187 12 15  5  6  5 18  9 15 110.63 12 79.30
0506262346122323132017131310133  9  9  5  7  6  5  5  4  60.31  0 81.30
05062723461310 3 0 313 71713 67  4  2  0  2  5  3  6  5  30.10 13 80.00
050628234614 71010 3131013 7 73  3  4  4  2  5  4  5  3  40.10  9 82.60
05062923461517 713131717 7 7 97  6  3  5  5  6  6  3  3  50.21 28 91.90
0506302346161010131313202020120  4  4  5  5  5  7  7  7  60.21 67105.90
050701234617231713 720434337203  9  6  5  3  7 32 32 22 140.84 78118.50
0507022346184020232317232733207 27  7  9  9  6  9 12 18 120.73 95128.00
0507032346193020172020101023150 15  7  6  7  7  4  4  9  70.42101134.10
05070423462013131010 710 717 87  5  5  4  4  3  4  3  6  40.10107127.80
0507052346211010101313 3 310 73  4  4  4  5  5  2  2  4  40.10103131.00
05070623462210 710 7 710 713 70  4  3  4  3  3  4  3  5  40.10 84127.20
050707234623 713131020231327127  3  5  5  4  7  9  5 12  60.31 75129.10
0507082346241310 3 710101013 77  5  4  2  3  4  4  4  5  40.10 64114.20
0507092346252020273750434343283  7  7 12 22 48 32 32 32 241.26 57110.20
0507102346264043435763535760417 27 32 32 67 94 56 67 80 571.77 42105.20
0507112346273733403330305020273 22 18 27 18 15 15 48  7 211.15 41 96.40
0507122347 14753405363432013333 39 56 27 56 94 32  7  5 401.46 38 98.50
0507132347 21730505053433337313  6 15 48 48 56 32 18 22 311.36 41 94.80
0507142347 3133023172010 310127  5 15  9  6  7  4  2  4  60.31 30 92.90
0507152347 4 310101013102017 93  2  4  4  4  5  4  7  6  40.21 21 90.10
0507162347 53023231017232020167 15  9  9  4  6  9  7  7  80.42 11 78.80
0507172347 62720335030332350267 12  7 18 48 15 18  9 48 221.15  8 76.50
0507182347 74353532323132037267 32 56 56  9  9  5  7 22 241.26  0 74.40
0507192347 82713171013131730140 12  5  6  4  5  5  6 15  70.42  9 73.50
0507202347 93023233747334033267 15  9  9 22 39 18 27 18 201.05  0 74.40
0507212347105050402317272327257 48 48 27  9  6 12  9 12 211.15  0 75.20
0507222347113023131330333327203 15  9  5  5 15 18 18 12 120.73  8 75.90
05072323471213 713 7 720 713 87  5  3  5  3  3  7  3  5  40.10 16 82.70
050724234713 3 3 7 7171013 7 67  2  2  3  3  6  4  5  3  40.10 11 82.80
050725234714131010 3 7 7 717 73  5  4  4  2  3  3  3  6  40.10 12 86.50
05072623471510 71010 7101017 80  4  3  4  4  3  4  4  6  40.10 15 89.20
0507272347161023171027203750193  4  9  6  4 12  7 22 48 140.84 11 93.40
0507282347173053302747273033277 15 56 15 12 39 12 15 18 231.15 18 98.70
0507292347182733272730433330250 12 18 12 12 15 32 18 15 170.94 34106.90
0507302347193727332313101717177 22 12 18  9  5  4  6  6 100.63 43108.20
0507312347201720171327 71333147  6  7  6  5 12  3  5 18  80.42 69113.10
0508012347213317303727302730230 18  6 15 22 12 15 12 15 140.84 63114.60
0508022347222327173027202010173  9 12  6 15 12  7  7  4  90.52 69113.50
0508032347231720131013233033160  6  7  5  4  5  9 15 18  90.52 48112.20
0508042347242717272023171323167 12  6 12  7  9  6  5  9  80.42 40109.20
050805234725 710101013273327137  3  4  4  4  5 12 18 12  80.42 40101.70
0508062347264043434737374733327 27 32 32 39 22 22 39 18 291.36 33 96.10
0508072347273033333723132727223 15 18 18 22  9  5 12 12 140.84 39 94.90
0508082348 1201317102717 723133  7  5  6  4 12  6  3  9  60.31 37 88.90
0508092348 22323131720173027170  9  9  5  6  7  6 15 12  90.52 34 84.70
0508102348 3271740434323 7 7207 12  6 27 32 32  9  3  3 160.94 16 78.30
0508112348 4 7 0101013 3 3 3 50  3  0  4  4  5  2  2  2  30.00 22 77.90
0508122348 5101010 310101330 97  4  4  4  2  4  4  5 15  50.21 27 78.30
0508132348 62733203327104040230 12 18  7 18 12  4 27 27 160.94 22 77.40
0508142348 73333131313 71317143 18 18  5  5  5  3  5  6  80.42 26 76.70
0508152348 8 3 7 31017232030113  2  3  2  4  6  9  7 15  60.31 27 77.70
0508162348 93037232733232337233 15 22  9 12 18  9  9 22 140.84 24 77.70
0508172348103327202030272733217 18 12  7  7 15 12 12 18 130.73 20 78.90
0508182348113020303027272723213 15  7 15 15 12 12 12  9 120.73 19 84.70
0508192348122313132017 71717127  9  5  5  7  6  3  6  6  60.31 44 95.30
05082023481317 7 0 310 710 3 57  6  3  0  2  4  3  4  2  30.10 48100.40
050821234814 710 7 720472320140  3  4  3  3  7 39  9  7  90.52 39100.80
0508222348152333131323231327170  9 18  5  5  9  9  5 12  90.52 38107.22
0508232348162013171727231717150  7  5  6  6 12  9  6  6  70.42 36109.32
0508242348172733638773676343457 12 18 94300154111 94 321021.98 42100.70
0508252348184733232737503723277 39 18  9 12 22 48 22  9 221.15 41 94.40
05082623481927272310 0101017123 12 12  9  4  0  4  4  6  60.31 37 95.20
0508272348202717201310 3 3 7100 12  6  7  5  4  2  2  3  50.21 42 94.00
0508282348212013 310 7101327103  7  5  2  4  3  4  5 12  50.21 46 91.60
05082923482230332010 7 7 0 7113 15 18  7  4  3  3  0  3  70.31 43 90.90
050830234823 3 3 0 3 0 32717 57  2  2  0  2  0  2 12  6  30.10 37 87.60
0508312348241323232750706757330  5  9  9 12 48132111 67 491.67 29 85.60
0509012348254340202033101027203 32 27  7  7 18  4  4 12 140.84 17 80.60
0509022348262733403343576740340 12 18 27 18 32 67111 27 391.46 14 78.50
0509032348275350434337171730290 56 48 32 32 22  6  6 15 271.26  9 75.40
0509042349 13740474737302727290 22 27 39 39 22 15 12 12 241.15  9 75.80
0509052349 23323233020233020203 18  9  9 15  7  9 15  7 110.63  8 76.20
0509062349 33020 72320231017150 15  7  3  9  7  9  4  6  80.42  8 84.70
0509072349 433331017132730 3167 18 18  4  6  5 12 15  2 100.63 14 93.62
0509082349 52320101013131720127  9  7  4  4  5  5  6  7  60.31 20 95.50
0509092349 61320 71743434333220  5  7  3  6 32 32 32 18 170.94 28100.62
0509102349 72327403340575350323  9 12 27 18 27 67 56 48 331.36 35117.60
0509112349 86370776370536047503 94132179 94132 56 80 391011.98 34111.10
0509122349 94743705747606070453 39 32132 67 39 80 80132 751.87 37119.50
0509132349105747406057204737363 67 39 27 80 67  7 39 22 441.57 50115.02
0509142349113327403340333320260 18 12 27 18 27 18 18  7 181.05 41117.90
0509152349123017335763705043363 15  6 18 67 94132 48 32 521.67 39120.60
0509162349133737374033233323263 22 22 22 27 18  9 18  9 181.05 33112.92
050917234914 720133030373030197  3  7  5 15 15 22 15 15 120.73 35104.90
0509182349151727303027171710173  6 12 15 15 12  6  6  4 100.52 33103.20
05091923491627131717172013 7130 12  5  6  6  6  7  5  3  60.31 26 91.90
050920234917 720132013 710 7 97  3  7  5  7  5  3  4  3  50.21 14 88.50
05092123491813 3131310 7 0 0 60  5  2  5  5  4  3  0  0  30.10 13 86.70
05092223491910231710172323 7130  4  9  6  4  6  9  9  3  60.31 14 84.30
0509232349201727271010 71013120  6 12 12  4  4  3  4  5  60.31 19 83.30
05092423492113 3 3 3 7 3 3 3 40  5  2  2  2  3  2  2  2  20.00 17 81.90
050925234922 3 0 3203013 320 93  2  0  2  7 15  5  2  7  50.21 16 81.40
0509262349233730202737233033237 22 15  7 12 22  9 15 18 150.84 22 81.70
0509272349243340232017171333197 18 27  9  7  6  6  5 18 120.73 16 77.20
0509282349253027302020331717193 15 12 15  7  7 18  6  6 110.63 15 74.90
050929234926272317201723 7 7140 12  9  6  7  6  9  3  3  70.31 14 74.00
050930234927 313131737232027153  2  5  5  6 22  9  7 12  80.52  7 72.40
0510012350 13033332317173033217 15 18 18  9  6  6 15 18 130.84  9 72.30
0510022350 23737372320331727230 22 22 22  9  7 18  6 12 150.84  8 75.00
0510032350 32727201710 71313133 12 12  7  6  4  3  5  5  70.31 10 74.40
0510042350 41313 31010 3 7 3 63  5  5  2  4  4  2  3  2  30.10 14 82.70
0510052350 5 710 7 710 713 7 67  3  4  3  3  4  3  5  3  40.10 17 81.30
0510062350 61013 7 7131313 3 80  4  5  3  3  5  5  5  2  40.10 15 79.40
0510072350 71720172020203047190  6  7  6  7  7  7 15 39 120.73 14 78.70
0510082350 84343434030204737303 32 32 32 27 15  7 39 22 261.26 12 78.00
0510092350 93020172020103033180 15  7  6  7  7  4 15 18 100.63 10 78.70
0510102350103027273017 7 727170 15 12 12 15  6  3  3 12 100.52 16 78.80
0510112350113317 7 717201717133 18  6  3  3  6  7  6  6  70.31 14 77.30
051012235012 3 7 3 0 7 0 010 30  2  3  2  0  3  0  0  4  20.00 14 76.50
051013235013 7101010 7 720 7 77  3  4  4  4  3  3  7  3  40.10  0 77.60
051014235014 720 3 3 3 0 0 3 40  3  7  2  2  2  0  0  2  20.00  8 78.00
051015235015 3 7 7 3 3 0 7 7 37  2  3  3  2  2  0  3  3  20.00  8 79.10
051016235016 317201313202033140  2  6  7  5  5  7  7 18  70.42  8 78.70
05101723501733433327272710 3203 18 32 18 12 12 12  4  2 140.84  8 77.50
051018235018 7231010201717 7110  3  9  4  4  7  6  6  3  50.21  8 77.70
0510192350192027131320201013137  7 12  5  5  7  7  4  5  60.31 16 77.20
05102023502013 310 7 0 3 3 7 47  5  2  4  3  0  2  2  3  30.00  9 76.00
051021235021 0 0 0 3 0 0 323 30  0  0  0  2  0  0  2  9  20.00  8 74.60
051022235022402710 310 31310117 27 12  4  2  4  2  5  4  80.42  7 74.00
05102323502310 3 3 3 7 7 7 0 40  4  2  2  2  3  3  3  0  20.00  8 73.40
05102423502410 3 0 313202013 83  4  2  0  2  5  7  7  5  40.10  0 72.50
0510252350254043374017333037277 27 32 22 27  6 18 15 22 211.15  0 72.10
0510262350262020302020373017193  7  7 15  7  7 22 15  6 110.63  0 71.20
0510272350273010 320273320 3147 15  4  2  7 12 18  7  2  80.52  0 70.70
0510282351 1 3 7132020132013110  2  3  5  7  7  5  7  5  50.21  0 72.10
0510292351 2 3 013 3 01317 3 53  2  0  5  2  0  5  6  2  30.00  8 73.10
0510302351 31020 31010102020103  4  7  2  4  4  4  7  7  50.21  9 74.50
0510312351 41020131730405040220  4  7  5  6 15 27 48 27 170.94 12 76.70
0511012351 53320 71717331727170 18  7  3  6  6 18  6 12 100.52 18 76.10
0511022351 61717 7 310103737137  6  6  3  2  4  4 22 22  90.52 19 76.80
0511032351 73747303733404033297 22 39 15 22 18 27 27 18 241.15 11 75.50
0511042351 83743333027334323270 22 32 18 15 12 18 32  9 201.05 12 76.10
0511052351 93033401720272030217 15 18 27  6  7 12  7 15 130.84 12 77.90
0511062351104027232717333030227 27 12  9 12  6 18 15 15 140.84 14 80.30
0511072351113017201310171717140 15  6  7  5  4  6  6  6  70.31 25 78.00
05110823511210 710 7 01010 7 60  4  3  4  3  0  4  4  3  30.10  8 77.90
05110923511323 7 3 7 0 7 7 7 60  9  3  2  3  0  3  3  3  30.10  8 76.60
051110235114 0 010 3 0 01017 40  0  0  4  2  0  0  4  6  20.00  0 76.40
051111235115 727101010201310107  3 12  4  4  4  7  5  4  50.21  0 77.00
0511122351162730202030332723210 12 15  7  7 15 18 12  9 120.73 10 81.40
0511132351173040272327301733227 15 27 12  9 12 15  6 18 140.84 12 86.00
0511142351183333172020 71720167 18 18  6  7  7  3  6  7  90.52 19 90.40
0511152351191310171713 3 713 93  5  4  6  6  5  2  3  5  40.21 20 97.80
051116235120 313 3 3 310 710 53  2  5  2  2  2  4  3  4  30.10 23 91.80
051117235121 7 023 7 0 0 0 0 37  3  0  9  3  0  0  0  0  20.00 24 98.20
051118235122 0 010 3132023 3 73  0  0  4  2  5  7  9  2  40.10 26 98.80
05111923512310 7 3 013404033147  4  3  2  0  5 27 27 18 110.63 26 99.60
0511202351241327302010171720153  5 12 15  7  4  6  6  7  80.42 33 94.10
0511212351252023 7 7 71010 3 87  7  9  3  3  3  4  4  2  40.21 27 92.40
05112223512613 3201320231723133  5  2  7  5  7  9  6  9  60.31 27 90.30
0511232351271727271720171317153  6 12 12  6  7  6  5  6  80.42 24 87.50
0511242352 11720202717232333180  6  7  7 12  6  9  9 18  90.52 27 84.40
0511252352 23733331713231723197 22 18 18  6  5  9  6  9 120.73 20 77.90
0511262352 320 713201313 710103  7  3  5  7  5  5  3  4  50.21 15 78.70
0511272352 4 310 7 7 0 7 713 53  2  4  3  3  0  3  3  5  30.10 16 78.60
0511282352 5 3 3202033202327150  2  2  7  7 18  7  9 12  80.42 17 79.70
0511292352 627 3 7 7 7171747130 12  2  3  3  3  6  6 39  90.52 16 82.40
0511302352 73027234330172033223 15 12  9 32 15  6  7 18 140.84 30 92.00
0512012352 84327172727233047240 32 12  6 12 12  9 15 39 170.94 49 95.50
0512022352 93333333027203033240 18 18 18 15 12  7 15 18 150.94 54103.30
0512032352104030172327333327230 27 15  6  9 12 18 18 12 150.84 60 98.40
05120423521117 7101320172713123  6  3  4  5  7  6 12  5  60.31 55 92.50
0512052352121313 3 7 3 3 7 0 50  5  5  2  3  2  2  3  0  30.00 55 89.00
051206235213 0 3 7 710 3 3 7 40  0  2  3  3  4  2  2  3  20.00 45 86.50
051207235214 0 0 3 0 0 0 0 3 07  0  0  2  0  0  0  0  2  00.00 23 86.30
051208235215 0 0 0 0 0 3 710 20  0  0  0  0  0  2  3  4  10.00 25 86.90
05120923521617 3 3 7 3101737 97  6  2  2  3  2  4  6 22  60.31 23 86.40
0512102352173043331017203030213 15 32 18  4  6  7 15 15 140.84 39 88.70
0512112352183723274027474330273 22  9 12 27 12 39 32 15 211.15 38 90.20
0512122352193033201320303030207 15 18  7  5  7 15 15 15 120.73 33 85.60
051213235220 71710 723102017110  3  6  4  3  9  4  7  6  50.21 38 85.20
051214235221 31017 7 7 0 7 3 53  2  4  6  3  3  0  3  2  30.10 38 86.80
05121523522210 7 710 0 0 0 3 37  4  3  3  4  0  0  0  2  20.00 36 84.20
05121623522313331317132020 7137  5 18  5  6  5  7  7  3  70.42 31 83.10
051217235224 010131717 7 3 7 73  0  4  5  6  6  3  2  3  40.10 28 82.50
05121823522513 7 71713 3 010 70  5  3  3  6  5  2  0  4  40.10 28 82.80
0512192352261010131023233737163  4  4  5  4  9  9 22 22 100.63 43 86.60
0512202352274033232033304030250 27 18  9  7 18 15 27 15 170.94 39 84.90
0512212353 11320232730301317173  5  7  9 12 15 15  5  6  90.52 42 83.70
0512222353 227101313 3 310 7 87 12  4  5  5  2  2  4  3  50.21 41 84.80
0512232353 3 3 0 0 0 0 0 0 0 03  2  0  0  0  0  0  0  0  00.00 36 90.10
0512242353 4 0 0 31323101717 83  0  0  2  5  9  4  6  6  40.10 53 88.90
0512252353 5132720172313 3 7123  5 12  7  6  9  5  2  3  60.31 43 88.80
0512262353 6 0 010 313173033107  0  0  4  2  5  6 15 18  60.31 52 89.50
0512272353 73010 31027404753220 15  4  2  4 12 27 39 56 201.05 51 89.20
0512282353 83727273030303343257 22 12 12 15 15 15 18 32 181.05 44 86.10
0512292353 93330332723272027220 18 15 18 12  9 12  7 12 130.73 45 87.40
0512302353102730172010202023167 12 15  6  7  4  7  7  9  80.52 46 86.90
0512312353113023231027302033197 15  9  9  4 12 15  7 18 110.63 41 84.50
