100101240715 0 0 0 0 0 0 010 10  0  0  0  0  0  0  0  4  00.00 12 72.70
100102240716 0 0 3 3 0 3 3 3 17  0  0  2  2  0  2  2  2  10.00 14 75.40
100103240717 313 72017 7 0 3 70  2  5  3  7  6  3  0  2  40.10 11 73.80
100104240718 3 01310 3 0 3 0 33  2  0  5  4  2  0  2  0  20.00 10 70.60
100105240719 0 0 0 0 710 3 0 20  0  0  0  0  3  4  2  0  10.00  7 74.30
100106240720 7 3 3 3 0 0 0 0 17  3  2  2  2  0  0  0  0  10.00  0 74.70
100107240721 0 0 0 0 0 0 7 0 07  0  0  0  0  0  0  3  0  00.00  0 75.50
100108240722 7 0 3 0 0 3 0 0 13  3  0  2  0  0  2  0  0  10.00 10 74.90
100109240723 0 0 0 3 3 3 0 3 13  0  0  0  2  2  2  0  2  10.00 10 79.00
100110240724 0 0 7101317 7 0 53  0  0  3  4  5  6  3  0  30.00 15 81.60
100111240725 717232323171010130  3  6  9  9  9  6  4  4  60.31 25 86.30
1001122407261320 7 3 0 01717 77  5  7  3  2  0  0  6  6  40.10 24 90.20
100113240727302313 710171323137 15  9  5  3  4  6  5  9  70.42 21 87.50
1001142408 11717 01313 713 7 87  6  6  0  5  5  3  5  3  40.10 18 87.00
1001152408 210 3 3 3 3102023 77  4  2  2  2  2  4  7  9  40.10 18 82.60
1001162408 3 3 0 0 7 3 0 0 3 17  2  0  0  3  2  0  0  2  10.00 16 81.40
1001172408 4 0 3 0 3 3 0 0 0 10  0  2  0  2  2  0  0  0  10.00 12 79.90
1001182408 5 010 3 3 713 7 7 50  0  4  2  2  3  5  3  3  30.00  9 78.90
1001192408 6 7 0 0 0 3 3 0 3 17  3  0  0  0  2  2  0  2  10.00  0 81.60
1001202408 7 7 013 723404037167  3  0  5  3  9 27 27 22 120.73  9 79.10
1001212408 82027231010 3 0 3 97  7 12  9  4  4  2  0  2  50.21 12 80.00
1001222408 91017 0 7 7 3 710 60  4  6  0  3  3  2  3  4  30.10 21 79.80
1001232408102313102017 3 310100  9  5  4  7  6  2  2  4  50.21 26 82.00
100124240811101313171310 7 3 87  4  5  5  6  5  4  3  2  40.10 26 81.90
100125240812 7 713 313 0 313 60  3  3  5  2  5  0  2  5  30.10 23 78.70
1001262408132013 3 3 3 3 7 7 60  7  5  2  2  2  2  3  3  30.10 17 77.30
100127240814 0 0 3 3 0 0 0 7 13  0  0  2  2  0  0  0  3  10.00  9 75.40
100128240815 7 3 0 3101317 3 57  3  2  0  2  4  5  6  2  30.10  8 74.00
100129240816 7 3 0 7 0 0 0 7 23  3  2  0  3  0  0  0  3  10.00  8 71.10
100130240817202010 310101320107  7  7  4  2  4  4  5  7  50.21  8 72.80
1001312408182310 3 710 71310 83  9  4  2  3  4  3  5  4  40.10 11 73.00
10020124081913 0171727272037157  5  0  6  6 12 12  7 22  90.52 11 73.10
1002022408203020101720171340167 15  7  4  6  7  6  5 27 100.52  9 73.00
10020324082130102727272720 7173 15  4 12 12 12 12  7  3 100.52  9 72.30
1002042408222313 3 0 0 0 010 50  9  5  2  0  0  0  0  4  20.00  8 71.80
100205240823 710 3 3 3 7 0 3 37  3  4  2  2  2  3  0  2  20.00  8 75.60
100206240824 3 0 0 720271313 83  2  0  0  3  7 12  5  5  40.10 24 85.10
100207240825 7 3 3 3 0 71720 60  3  2  2  2  0  3  6  7  30.10 25 87.80
1002082408262723 310 3 0 017 83 12  9  2  4  2  0  0  6  40.21 39 91.20
10020924082710 3 710 3 7 3 3 47  4  2  3  4  2  3  2  2  30.00 37 89.00
1002102409 11013 710 3 0 7 7 57  4  5  3  4  2  0  3  3  30.10 33 88.90
1002112409 22020171320 7 310110  7  7  6  5  7  3  2  4  50.21 29 91.80
1002122409 317331710 713 710113  6 18  6  4  3  5  3  4  60.31 27 93.10
1002132409 41010 3 3 3172310 80  4  4  2  2  2  6  9  4  40.10 28 91.80
1002142409 5 7 3 3 720 0 327 70  3  2  2  3  7  0  2 12  40.10 22 87.20
1002152409 63030172013203743210 15 15  6  7  5  7 22 32 140.84 20 85.50
1002162409 737202323 3 71333160 22  7  9  9  2  3  5 18  90.52 20 84.70
1002172409 83323 7 3 0 0 330100 18  9  3  2  0  0  2 15  60.31 28 84.80
1002182409 9 3 0 310203020 3 90  2  0  2  4  7 15  7  2  50.21 15 83.10
10021924091013 7 3 710 72017 83  5  3  2  3  4  3  7  6  40.10 13 81.80
100220240911 0 0 0 0 3 7 0 3 13  0  0  0  0  2  3  0  2  10.00 13 82.00
100221240912 0 0 0 0 7 7 7 3 23  0  0  0  0  3  3  3  2  10.00 11 81.70
1002222409131020 01010131317 93  4  7  0  4  4  5  5  6  40.21 11 81.90
1002232409142313 0 3 0 3 3 0 47  9  5  0  2  0  2  2  0  20.00 10 82.40
100224240915 723 3 7 3 310 7 63  3  9  2  3  2  2  4  3  40.10 20 80.90
10022524091620 0 3 0 0 31027 63  7  0  2  0  0  2  4 12  30.10 19 81.10
10022624091727 3 0 3 0 0 0 0 33 12  2  0  2  0  0  0  0  20.00 18 78.90
100227240918 0 0 0 0 0 710 3 20  0  0  0  0  0  3  4  2  10.00  9 77.10
100228240919 0 010 310 7 3 7 40  0  0  4  2  4  3  2  3  20.00  9 76.60
100301240920131010 720131713103  5  4  4  3  7  5  6  5  50.21 15 76.50
100302240921 3 3 0132010 723 80  2  2  0  5  7  4  3  9  40.10 24 78.00
1003032409221320 72023272323157  5  7  3  7  9 12  9  9  80.42 23 79.00
100304240923203020 720171010133  7 15  7  3  7  6  4  4  70.31 25 80.00
100305240924 3 0101317 7 7 7 63  2  0  4  5  6  3  3  3  30.10 18 78.20
10030624092527 3 3 0 0 71017 67 12  2  2  0  0  3  4  6  40.10  0 77.10
100307240926203023 7 7 0 0 0 87  7 15  9  3  3  0  0  0  50.21  8 75.40
100308240927 71710 3 0 3 7 3 50  3  6  4  2  0  2  3  2  30.00 11 75.10
1003092410 1 0 0 3 31710 3 7 43  0  0  2  2  6  4  2  3  20.00  0 76.80
1003102410 213 7131027372327157  5  3  5  4 12 22  9 12  90.52  0 79.30
1003112410 33727302317 717 7163 22 12 15  9  6  3  6  3 100.52 22 83.10
1003122410 42733231720201713170 12 18  9  6  7  7  6  5  90.52 23 88.50
1003132410 513 0 3 3 0101710 57  5  0  2  2  0  4  6  4  30.10 20 90.70
1003142410 6271010 720101020113 12  4  4  3  7  4  4  7  60.31 21 88.30
1003152410 7 3 0 0 0 31023 3 43  2  0  0  0  2  4  9  2  20.00 17 85.50
1003162410 8 01013 710 3 720 70  0  4  5  3  4  2  3  7  40.10 15 84.30
1003172410 9 7372310 3 3 727117  3 22  9  4  2  2  3 12  70.42 18 85.90
1003182410103023 3 0 7 71717103 15  9  2  0  3  3  6  6  60.21 19 85.00
100319241011 7 010 7 3 71713 63  3  0  4  3  2  3  6  5  30.10 14 83.70
10032024101217272310171717 3130  6 12  9  4  6  6  6  2  60.31  9 82.80
100321241013 7 0 3 3 3 0 0 3 20  3  0  2  2  2  0  0  2  10.00 14 84.10
100322241014 0 0 3 0 0 0 0 0 03  0  0  2  0  0  0  0  0  00.00 11 81.90
100323241015 3 0 0 0 7 3 3 0 17  2  0  0  0  3  2  2  0  10.00  9 83.30
100324241016 0 0 0 32023 713 67  0  0  0  2  7  9  3  5  30.10 11 83.90
1003252410171017 313172327 7117  4  6  2  5  6  9 12  3  60.31 15 87.10
100326241018 013101017 0 020 70  0  5  4  4  6  0  0  7  30.10 14 85.50
1003272410191723 3 3 3 7 7 0 63  6  9  2  2  2  3  3  0  30.10 22 87.80
100328241020 0302313171310 7113  0 15  9  5  6  5  4  3  60.31 20 85.70
10032924102117 3 7 71313 323 87  6  2  3  3  5  5  2  9  40.21 21 82.90
1003302410222713 7 7 7132727127 12  5  3  3  3  5 12 12  70.31 21 82.60
1003312410232020 717 3 7 720100  7  7  3  6  2  3  3  7  50.21 17 80.90
1004012410243330201733301327203 18 15  7  6 18 15  5 12 120.73 17 79.10
1004022410253027373020203027220 15 12 22 15  7  7 15 12 130.84 17 76.10
1004032410262713131020332723167 12  5  5  4  7 18 12  9  90.52 18 77.40
1004042410273327331317203037210 18 12 18  5  6  7 15 22 130.73 25 78.70
1004052411 13033537757504337380 15 18 56179 67 48 32 22 551.67 26 79.30
1004062411 25053474743534747387 48 56 39 39 32 56 39 39 441.57 19 77.70
1004072411 34323433733373733287 32  9 32 22 18 22 22 18 221.15 16 76.50
1004082411 44323232313102037193 32  9  9  9  5  4  7 22 120.73 22 75.90
1004092411 533231010 71017 7117 18  9  4  4  3  4  6  3  60.31  7 76.30
1004102411 61010 3 0 7 3 310 47  4  4  2  0  3  2  2  4  30.00  8 75.30
1004112411 713 0 7 337373737170  5  0  3  2 22 22 22 22 120.73  8 74.90
1004122411 85740331313302710223 67 27 18  5  5 15 12  4 191.05  8 74.90
1004132411 9 0 010 7 3 7 320 50  0  0  4  3  2  3  2  7  30.00  7 75.30
1004142411101710 310 7132350133  6  4  2  4  3  5  9 48 100.63  0 75.60
100415241111373713101313 3 0127 22 22  5  4  5  5  2  0  80.42  0 75.00
1004162411121313 3 3 3 710 3 57  5  5  2  2  2  3  4  2  30.10  0 75.40
100417241113 7 3 7 3 0 01717 53  3  2  3  2  0  0  6  6  30.00  0 74.50
10041824111413 3 3 3 0 7 710 47  5  2  2  2  0  3  3  4  30.00  0 75.30
100419241115132010171010 7 7 93  5  7  4  6  4  4  3  3  40.21  0 76.10
100420241116 3 310 720171313 87  2  2  4  3  7  6  5  5  40.10  0 76.40
100421241117 7232013231710 7120  3  9  7  5  9  6  4  3  60.31  7 76.90
100422241118 71310 7 3172723107  3  5  4  3  2  6 12  9  60.21  7 76.90
100423241119433313 713 31323150 32 18  5  3  5  2  5  9 100.63  0 75.80
1004242411203733 7 710 7 7 0107 22 18  3  3  4  3  3  0  70.42  0 75.00
1004252411211017 3 3 3 3 3 3 47  4  6  2  2  2  2  2  2  30.00 12 76.40
100426241122 0 0 3 3 3 7 3 3 23  0  0  2  2  2  3  2  2  20.00  0 77.00
1004272411232310 3 3 3171017 87  9  4  2  2  2  6  4  6  40.21  0 75.70
10042824112410 710 313 7 310 63  4  3  4  2  5  3  2  4  30.10  8 77.20
1004292411253033 3 3 7 310 7 97 15 18  2  2  3  2  4  3  60.31  0 77.30
10043024112613 7 7 3 7 7 7 7 57  5  3  3  2  3  3  3  3  30.10  7 79.80
100501241127 713 3 3 710 3 3 50  3  5  2  2  3  4  2  2  30.10  8 79.00
1005022412 11010134060505753293  4  4  5 27 80 48 67 56 361.46 13 80.80
1005032412 25040373337303337297 48 27 22 18 22 15 18 22 241.26 25 81.60
1005042412 33720232320171730187 22  7  9  9  7  6  6 15 100.63 32 83.10
1005052412 42720131010202717143 12  7  5  4  4  7 12  6  70.42 29 84.70
1005062412 5 723201717272727163  3  9  7  6  6 12 12 12  80.52 12 80.50
1005072412 63023201320172320167 15  9  7  5  7  6  9  7  80.42 10 80.50
1005082412 72020171013 71310110  7  7  6  4  5  3  5  4  50.21 10 80.30
1005092412 813 3 0 0 3 3 7 7 37  5  2  0  0  2  2  3  3  20.00  0 76.90
1005102412 910 7 0 7 7102313 77  4  3  0  3  3  4  9  5  40.10  0 75.10
10051124121023201713131017 7120  9  7  6  5  5  4  6  3  60.31  0 75.00
1005122412111717 7202310 010103  6  6  3  7  9  4  0  4  50.21  0 72.70
10051324121213 3 3 3 710 7 0 47  5  2  2  2  3  4  3  0  30.00  0 70.90
100514241213 3 7 3 3 31710 0 47  2  3  2  2  2  6  4  0  30.00  0 71.20
1005152412141313 3 7 3 3 0 0 43  5  5  2  3  2  2  0  0  20.00  0 71.80
100516241215 7 7 3 3 3131313 63  3  3  2  2  2  5  5  5  30.10  0 70.00
1005172412162013 71017131713110  7  5  3  4  6  5  6  5  50.21  0 70.80
1005182412171717131317101010107  6  6  5  5  6  4  4  4  50.21  0 70.30
100519241218 7 7 71733271720133  3  3  3  6 18 12  6  7  70.42  0 70.20
1005202412193317202330271023183 18  6  7  9 15 12  4  9 100.63  0 70.40
100521241220201013 710 7 7 7 80  7  4  5  3  4  3  3  3  40.10  9 72.60
100522241221 0131310 3 3 3 3 50  0  5  5  4  2  2  2  2  30.00 13 74.30
100523241222 3 3 0 0 0 0 0 0 07  2  2  0  0  0  0  0  0  00.00 14 76.40
100524241223 0 3 0 0 3 7 3 3 20  0  2  0  0  2  3  2  2  10.00 12 74.40
1005252412241010101013 71023 93  4  4  4  4  5  3  4  9  50.21 15 75.10
100526241225171310131310 713 97  6  5  4  5  5  4  3  5  50.21 10 74.30
10052724122613 3 3 7 3 3 3 3 40  5  2  2  3  2  2  2  2  20.00  8 74.60
1005282412271730173030132333193  6 15  6 15 15  5  9 18 110.63  8 75.20
1005292413 12737533743434330313 12 22 56 22 32 32 32 15 281.26 12 75.70
1005302413 22723402720405040267 12  9 27 12  7 27 48 27 211.15 18 75.00
1005312413 32727333037272733240 12 12 18 15 22 12 12 18 150.94 11 74.10
1006012413 43720201320203723190 22  7  7  5  7  7 22  9 110.63 11 74.80
1006022413 5202713 713171320130  7 12  5  3  5  6  5  7  60.31 13 76.10
1006032413 61317173323172733180  5  6  6 18  9  6 12 18 100.63 15 76.80
1006042413 74740203317101317197 39 27  7 18  6  4  5  6 140.84 20 74.00
1006052413 8131313 3 3101327 97  5  5  5  2  2  4  5 12  50.21 19 72.40
1006062413 92013 710 7102320110  7  5  3  4  3  4  9  7  50.21  9 70.00
1006072413101710 71017101310 93  6  4  3  4  6  4  5  4  40.21 13 70.60
10060824131110 3 7 7 31010 0 50  4  2  3  3  2  4  4  0  30.00 10 74.00
100609241312 7 7 7 7 7131010 67  3  3  3  3  3  5  4  4  40.10 21 73.70
1006102413132320172010 7 310110  9  7  6  7  4  3  2  4  50.21 28 75.20
1006112413141713 7 71310 3 7 77  6  5  3  3  5  4  2  3  40.10 33 76.90
100612241315 3 3 3 3 3 310 3 33  2  2  2  2  2  2  4  2  20.00 33 78.60
100613241316 717171717131017113  3  6  6  6  6  5  4  6  50.21 18 78.70
10061424131713101310 7 710 7 77  5  4  5  4  3  3  4  3  40.10 10 75.10
100615241318 713172313232330150  3  5  6  9  5  9  9 15  80.42  0 72.30
1006162413193333303330333730260 18 18 15 18 15 18 22 15 170.94  0 73.90
10061724132020173020 7202317153  7  6 15  7  3  7  9  6  80.42  9 72.70
10061824132117171310 71717 0 97  6  6  5  4  3  6  6  0  40.21  9 72.80
100619241322 7 3 3 7 3 717 7 53  3  2  2  3  2  3  6  3  30.10 19 71.20
100620241323 3 3 3 7 7 7 313 47  2  2  2  3  3  3  2  5  30.00 13 72.30
10062124132410 723 3 3 31717 83  4  3  9  2  2  2  6  6  40.10 10 74.30
100622241325 713 71310171013 90  3  5  3  5  4  6  4  5  40.21 11 75.70
100623241326 3101313 7 7 7 3 63  2  4  5  5  3  3  3  2  30.10 10 76.50
100624241327 0 3 3 713202313 83  0  2  2  3  5  7  9  5  40.10  9 76.90
1006252414 120 7 71313202330133  7  3  3  5  5  7  9 15  70.31 12 76.90
1006262414 22733332720232330217 12 18 18 12  7  9  9 15 120.73 13 76.90
1006272414 33037302723202027213 15 22 15 12  9  7  7 12 120.73  8 75.30
1006282414 41717171713231713133  6  6  6  6  5  9  6  5  60.31  8 76.40
1006292414 51320231717172343173  5  7  9  6  6  6  9 32 100.63 16 76.00
1006302414 64340302727232330243 32 27 15 12 12  9  9 15 160.94  8 76.30
1007012414 72027202020303320190  7 12  7  7  7 15 18  7 100.63  8 75.50
1007022414 82720231717131727160 12  7  9  6  6  5  6 12  80.42  8 75.90
1007032414 91723 01717201320127  6  9  0  6  6  7  5  7  60.31  8 74.80
10070424141017 71013101010 7 83  6  3  4  5  4  4  4  3  40.10  9 74.00
100705241411 3 71010 7 3 7 7 53  2  3  4  4  3  2  3  3  30.10 17 75.20
10070624141213 7 7 3 0 3 3 0 37  5  3  3  2  0  2  2  0  20.00 16 75.20
100707241413 0 3 0 3 7 7 3 7 30  0  2  0  2  3  3  2  3  20.00  8 76.60
100708241414 0 0 3 3 3 31313 40  0  0  2  2  2  2  5  5  20.00  8 78.20
1007092414152017131010 7 7 7 90  7  6  5  4  4  3  3  3  40.21 11 82.70
100710241416 0 3 3 0 3 3 3 0 17  0  2  2  0  2  2  2  0  10.00 14 82.60
100711241417 0 7 3 31717 720 73  0  3  2  2  6  6  3  7  40.10 23 85.40
10071224141813 3 3 310 31017 63  5  2  2  2  4  2  4  6  30.10 22 82.60
100713241419 7 7 3 0 3 3 3 7 33  3  3  2  0  2  2  2  3  20.00 19 81.10
100714241420 713102017172343150  3  5  4  7  6  6  9 32  90.52 11 80.30
100715241421402313171720 710147 27  9  5  6  6  7  3  4  80.52 16 78.40
100716241422 0 3101020 3 3 3 53  0  2  4  4  7  2  2  2  30.10 10 79.10
100717241423 0 3 3 3 3 3 0 3 20  0  2  2  2  2  2  0  2  20.00  9 81.30
100718241424 0 0 3 7 3 7 3 3 27  0  0  2  3  2  3  2  2  20.00  9 79.40
100719241425 3 3 3 7 713 7 7 50  2  2  2  3  3  5  3  3  30.10  9 82.50
10072024142610 7171017101310 93  4  3  6  4  6  4  5  4  40.21 19 89.90
1007212414271017 3 7131317 7 87  4  6  2  3  5  5  6  3  40.10 22 92.00
1007222415 1 71010101310 710 77  3  4  4  4  5  4  3  4  40.10 23 90.50
1007232415 21320171710202723147  5  7  6  6  4  7 12  9  70.42 28 89.20
1007242415 31710 7 3 7131020 87  6  4  3  2  3  5  4  7  40.10 30 87.90
1007252415 42313101013131317113  9  5  4  4  5  5  5  6  50.21 25 87.90
1007262415 520171310 7 71320107  7  6  5  4  3  3  5  7  50.21 21 87.10
1007272415 62733373727334033267 12 18 22 22 12 18 27 18 191.05 12 85.20
1007282415 74017232727202323200 27  6  9 12 12  7  9  9 110.73 22 88.00
1007292415 81720201720101313130  6  7  7  6  7  4  5  5  60.31 24 87.20
1007302415 91710 71317232023130  6  4  3  5  6  9  7  9  60.31 20 85.70
10073124151020 7 313232310 7107  7  3  2  5  9  9  4  3  50.21 17 83.90
100801241511 3 7101010101013 73  2  3  4  4  4  4  4  5  40.10 16 82.10
100802241512102013101717 720113  4  7  5  4  6  6  3  7  50.21 16 81.50
1008032415132320171313334767233  9  7  6  5  5 18 39111 251.26  9 83.00
1008042415146343275050376347380 94 32 12 48 48 22 94 39 491.67 21 83.20
1008052415154027 71017101320143 27 12  3  4  6  4  5  7  80.52 34 85.10
1008062415161323131013101310107  5  9  5  4  5  4  5  4  50.21 34 84.40
100807241517 7131310 310 7 7 70  3  5  5  4  2  4  3  3  40.10 32 93.10
100808241518 3 3 010 71020 7 60  2  2  0  4  3  4  7  3  30.10 25 84.90
1008092415192330171323272020173  9 15  6  5  9 12  7  7  90.52 36 86.50
100810241520202017 713101327127  7  7  6  3  5  4  5 12  60.31 38 85.80
10081124152133202713101310 7133 18  7 12  5  4  5  4  3  70.42 44 88.10
100812241522171310 7 7 7 710 77  6  5  4  3  3  3  3  4  40.10 33 86.00
1008132415231013 3 3 310 7 3 53  4  5  2  2  2  4  3  2  30.10 27 86.00
100814241524 3 3 3 71010 7 7 50  2  2  2  3  4  4  3  3  30.10 22 87.40
1008152415252313 31013101720110  9  5  2  4  5  4  6  7  50.21 25 87.80
10081624152613171010 71320 7 97  5  6  4  4  3  5  7  3  50.21 34 86.90
1008172415271010 3 710171710 83  4  4  2  3  4  6  6  4  40.10 17 83.10
1008182416 1132313 713 3 3 3 80  5  9  5  3  5  2  2  2  40.10 15 81.80
1008192416 210101013 7 3 3 3 60  4  4  4  5  3  2  2  2  30.10 10 79.80
1008202416 3 0 0 0 31310 310 40  0  0  0  2  5  4  2  4  20.00  8 78.90
1008212416 4 0 7 0 3 7 7 7 7 37  0  3  0  2  3  3  3  3  20.00  0 77.30
1008222416 5 0 3 0 3 3 3 0 3 17  0  2  0  2  2  2  0  2  10.00  0 76.30
1008232416 6 3 3 3 313101337 87  2  2  2  2  5  4  5 22  60.21  0 76.50
1008242416 73737373040332337273 22 22 22 15 27 18  9 22 201.05  8 75.20
1008252416 84347232730301730247 32 39  9 12 15 15  6 15 181.05 15 75.10
1008262416 93027301723201717180 15 12 15  6  9  7  6  6 100.52 15 75.00
1008272416102030333327331330220  7 15 18 18 12 18  5 15 140.84  8 74.80
1008282416112720271717131317150 12  7 12  6  6  5  5  6  70.42  8 73.30
10082924161213 0 7 3 3 0 3 7 37  5  0  3  2  2  0  2  3  20.00 18 75.40
100830241613 3 0 0 0 0 3 3 3 13  2  0  0  0  0  2  2  2  10.00 19 76.40
100831241614 3 0 7 310 7 713 50  2  0  3  2  4  3  3  5  30.00 20 76.00
100901241615 010 3 3 7132323 83  0  4  2  2  3  5  9  9  40.10 21 77.70
10090224161620172020102310 7127  7  6  7  7  4  9  4  3  60.31 40 78.40
10090324161713 3 0 7 3 0 7 0 33  5  2  0  3  2  0  3  0  20.00 34 78.50
100904241618 0 3 0 0 3 3 310 23  0  2  0  0  2  2  2  4  20.00 40 83.60
100905241619 0 3 3 7 0 71030 60  0  2  2  3  0  3  4 15  40.10 30 83.50
1009062416202730171313171723157 12 15  6  5  5  6  6  9  80.42 20 81.00
1009072416212730102727272023190 12 15  4 12 12 12  7  9 100.63 10 77.30
1009082416222323101737372320190  9  9  4  6 22 22  9  7 110.63  0 75.60
10090924162310 0 0132330 713 97  4  0  0  5  9 15  3  5  50.21  0 74.70
1009102416241010 7 3 3 3 0 0 37  4  4  3  2  2  2  0  0  20.00 11 76.40
100911241625 0 0 3 3 3 0 0 0 10  0  0  2  2  2  0  0  0  10.00  8 79.10
100912241626 0 0 7 3 3 3 3 0 20  0  0  3  2  2  2  2  0  10.00  9 79.30
100913241627 3 0 0 3 717 7 0 37  2  0  0  2  3  6  3  0  20.00 18 80.40
1009142417 1 717302013232327160  3  6 15  7  5  9  9 12  80.42 19 81.60
1009152417 237131323 7 3 310110 22  5  5  9  3  2  2  4  60.31 19 82.10
1009162417 3 7 3 3 317233717110  3  2  2  2  6  9 22  6  60.31 30 83.30
1009172417 42030272317171310157  7 15 12  9  6  6  5  4  80.42 37 83.00
1009182417 527101010 310 7 7 83 12  4  4  4  2  4  3  3  40.21 35 82.90
1009192417 61013 7 7 7 7 7 7 63  4  5  3  3  3  3  3  3  30.10 34 81.90
1009202417 7 717 3 7 7 720 3 70  3  6  2  3  3  3  7  2  40.10 27 83.30
1009212417 817272010 3 0 0 7 83  6 12  7  4  2  0  0  3  40.10 26 85.20
1009222417 913 3 0 0 3 3 3 7 33  5  2  0  0  2  2  2  3  20.00 25 85.40
1009232417101013201723131713127  4  5  7  6  9  5  6  5  60.31 27 84.90
1009242417112327332027402737233  9 12 18  7 12 27 12 22 150.84 27 83.10
100925241712333020131313 7 7137 18 15  7  5  5  5  3  3  80.42 27 83.40
10092624171310 3101027272320130  4  2  4  4 12 12  9  7  70.31 34 84.30
10092724171413 0 7 317272727120  5  0  3  2  6 12 12 12  60.31 39 83.40
10092824171520134333272017 7180  7  5 32 18 12  7  6  3 110.63 38 83.50
1009292417161027 7 710 7 3 0 70  4 12  3  3  4  3  2  0  40.10 38 91.00
100930241717 0 0 3 7 3 3 3 7 27  0  0  2  3  2  2  2  3  20.00 33 90.20
101001241718 7 7 0 3 3 0 0 3 23  3  3  0  2  2  0  0  2  20.00 25 86.90
101002241719 0 0 0 0 0 0 0 0 00  0  0  0  0  0  0  0  0  00.00 19 85.10
101003241720 710 0 7 0 0 3 0 27  3  4  0  3  0  0  2  0  20.00 20 80.10
101004241721 0 0 0 0 7 3 710 27  0  0  0  0  3  2  3  4  20.00 15 76.10
101005241722171723201013 7 3110  6  6  9  7  4  5  3  2  50.21  9 75.40
10100624172313 01313232017 3103  5  0  5  5  9  7  6  2  50.21  0 74.20
101007241724 710 7 713 3 013 60  3  4  3  3  5  2  0  5  30.10  0 75.00
1010082417253017 710 3 7 310 87 15  6  3  4  2  3  2  4  50.21  0 74.70
10100924172620131017 310 7 3 83  7  5  4  6  2  4  3  2  40.10  9 76.20
101010241727 3 0 0 710 71020 57  2  0  0  3  4  3  4  7  30.10  9 75.70
1010112418 1 720303743434033253  3  7 15 22 32 32 27 18 201.05  9 75.00
1010122418 23037201317271327183 15 22  7  5  6 12  5 12 100.63  9 74.90
1010132418 3171320 7 713 7 3 87  6  5  7  3  3  5  3  2  40.10 16 77.70
1010142418 4 7 0 0 3 0 0 0 3 13  3  0  0  2  0  0  0  2  10.00 26 79.90
1010152418 5 7 7 71713132020103  3  3  3  6  5  5  7  7  50.21 29 81.70
1010162418 62317 7 010202727130  9  6  3  0  4  7 12 12  70.31 34 86.30
1010172418 72333372013 72327183  9 18 22  7  5  3  9 12 110.63 40 83.00
1010182418 823 7 710 3 31727 97  9  3  3  4  2  2  6 12  50.21 42 89.90
1010192418 92327231713 7 713130  9 12  9  6  5  3  3  5  60.31 44 85.90
1010202418102013 31320 31010 93  7  5  2  5  7  2  4  4  40.21 36 83.20
10102124181117 7 0 31010 7 0 53  6  3  0  2  4  4  3  0  30.00 25 82.70
101022241812 0 7131010132330107  0  3  5  4  4  5  9 15  60.31 25 81.40
1010232418133727374350373047307 22 12 22 32 48 22 15 39 261.26 31 83.40
1010242418143740233030304023253 22 27  9 15 15 15 27  9 170.94 42 81.20
1010252418151320201727102713147  5  7  7  6 12  4 12  5  70.42 47 85.20
1010262418162717202013203020167 12  6  7  7  5  7 15  7  80.42 44 85.10
101027241817 71013 710 72710 90  3  4  5  3  4  3 12  4  50.21 29 86.50
101028241818 7 3 713131010 3 67  3  2  3  5  5  4  4  2  40.10 22 85.30
1010292418191720 7 01010 0 0 63  6  7  3  0  4  4  0  0  30.10 27 84.50
101030241820 0 0 010 717 0 3 37  0  0  0  4  3  6  0  2  20.00 23 83.60
101031241821 013 72023 7 710 87  0  5  3  7  9  3  3  4  40.10 24 80.00
101101241822 0 713 717 0 7 7 57  0  3  5  3  6  0  3  3  30.10 13 77.90
101102241823 3 31013 3 3 3 3 43  2  2  4  5  2  2  2  2  30.00 11 77.70
10110324182417171010101017 7 97  6  6  4  4  4  4  6  3  50.21 11 77.20
1011042418251713 0 713 7 0 7 63  6  5  0  3  5  3  0  3  30.10  9 77.80
101105241826 0 0 7101013 7 0 47  0  0  3  4  4  5  3  0  20.00 17 81.60
101106241827 0 0 0 3 3 7 0 7 20  0  0  0  2  2  3  0  3  10.00 22 87.10
1011072419 1 7 0 0 0 3 317 3 33  3  0  0  0  2  2  6  2  20.00 23 83.50
1011082419 2 0 01010201713 7 77  0  0  4  4  7  6  5  3  40.10 23 82.20
1011092419 3 020 7 3 3 3 0 3 40  0  7  3  2  2  2  0  2  20.00 19 82.50
1011102419 4 0 0 3 0 0102030 63  0  0  2  0  0  4  7 15  40.10 30 83.90
1011112419 53313203333332747240 18  5  7 18 18 18 12 39 170.94 32 82.80
1011122419 63733373733201730243 22 18 22 22 18  7  6 15 160.94 30 83.70
1011132419 727 7101013132727133 12  3  4  4  5  5 12 12  70.42 43 83.60
1011142419 81720 71010272330143  6  7  3  4  4 12  9 15  80.42 38 84.60
1011152419 92333172310 3 737153  9 18  6  9  4  2  3 22  90.52 38 88.80
1011162419103320 717202310 7137 18  7  3  6  7  9  4  3  70.42 37 89.80
101117241911 727171010 3 710 90  3 12  6  4  4  2  3  4  50.21 35 89.10
1011182419121023171317101710117  4  9  6  5  6  4  6  4  60.21 29 84.50
101119241913 713 3 7 7 3 0 0 40  3  5  2  3  3  2  0  0  20.00 26 82.00
101120241914 0 71710 3 3 3 3 47  0  3  6  4  2  2  2  2  30.00 18 77.90
10112124191517 7 01710 717 7 80  6  3  0  6  4  3  6  3  40.10 17 75.80
101122241916 713172020201313123  3  5  6  7  7  7  5  5  60.31 15 72.90
1011232419172020301013303023177  7  7 15  4  5 15 15  9 100.52 16 73.40
1011242419181713131310172717127  6  5  5  5  4  6 12  6  60.31  8 73.90
101125241919131313 713 3 7 0 70  5  5  5  3  5  2  3  0  40.10 15 75.90
101126241920 0 0 0 3 3 310 0 20  0  0  0  2  2  2  4  0  10.00 14 74.20
101127241921 0 0 0 3 7174747120  0  0  0  2  3  6 39 39 110.63  8 74.50
1011282419223033201010202717167 15 18  7  4  4  7 12  6  90.52 17 77.90
101129241923 3 7131013 320 3 73  2  3  5  4  5  2  7  2  40.10 18 80.20
1011302419241010 710 71010 7 70  4  4  3  4  3  4  4  3  40.10 15 84.00
10120124192513 3 3 0 0 317 3 43  5  2  2  0  0  2  6  2  20.00 19 84.10
1012022419261713 7 0 3 0 0 3 43  6  5  3  0  2  0  0  2  20.00 21 84.10
101203241927 0 7 0 0 0 0 3 3 13  0  3  0  0  0  0  2  2  10.00 24 84.40
1012042420 1 0 0 7 3 3 010 0 23  0  0  3  2  2  0  4  0  10.00 31 84.90
1012052420 2 0 0 0 0 0 0 017 17  0  0  0  0  0  0  0  6  10.00 26 85.40
1012062420 3 7 3 3 7 31017 3 53  3  2  2  3  2  4  6  2  30.10 17 85.90
1012072420 410 3101020201713103  4  2  4  4  7  7  6  5  50.21 18 84.50
1012082420 5172013 3 7303010130  6  7  5  2  3 15 15  4  70.42 18 84.60
1012092420 6 3 3 7 3 0 0 0 3 20  2  2  3  2  0  0  0  2  10.00 17 84.20
1012102420 7 0 3 0 3 0 0 3 0 10  0  2  0  2  0  0  2  0  10.00 21 85.80
1012112420 8 3 3 3 0 3 0 0 3 17  2  2  2  0  2  0  0  2  10.00 16 84.30
1012122420 9 0 0 3 0 7302023 83  0  0  2  0  3 15  7  9  40.21 16 86.70
101213242010272723 710173027167 12 12  9  3  4  6 15 12  90.52 28 85.00
1012142420112327233033333737243  9 12  9 15 18 18 22 22 160.94 16 87.50
1012152420123337171020201710163 18 22  6  4  7  7  6  4  90.52  8 84.20
10121624201323172020 3131710123  9  6  7  7  2  5  6  4  60.31 14 81.40
1012172420142013 0 3 7171713 90  7  5  0  2  3  6  6  5  40.10  7 79.10
101218242015 323 7 0101010 7 70  2  9  3  0  4  4  4  3  40.10  0 78.00
10121924201613 7 3 0 0 3 020 47  5  3  2  0  0  2  0  7  20.00  0 78.30
1012202420171337232320201737190  5 22  9  9  7  7  6 22 110.63  0 75.40
101221242018 7 7 3 3 710 3 0 40  3  3  2  2  3  4  2  0  20.00  0 75.30
101222242019 0 0 0 3 3 3 0 0 10  0  0  0  2  2  2  0  0  10.00 10 75.20
101223242020 3 0 0 3 0 0 0 7 13  2  0  0  2  0  0  0  3  10.00 10 77.50
101224242021102010 0 710 3 0 60  4  7  4  0  3  4  2  0  30.10  8 76.10
101225242022171313 710202010110  6  5  5  3  4  7  7  4  50.21 15 76.80
10122624202310 7 7 3 3 31713 63  4  3  3  2  2  2  6  5  30.10 20 77.90
10122724202420 0 0 0 0 0 313 37  7  0  0  0  0  0  2  5  20.00 10 77.40
101228242025 3 7 7 737403013143  2  3  3  3 22 27 15  5 100.63 13 78.00
101229242026171010 7101020 0 83  6  4  4  3  4  4  7  0  40.10 11 79.90
101230242027 0 0101013231713 87  0  0  4  4  5  9  6  5  40.10  8 80.20
1012312421 117 71013 713 7 3 77  6  3  4  5  3  5  3  2  40.10 27 87.90
