1301012448 4 7 3 3 0 3 0 0 0 17  3  2  2  0  2  0  0  0  10.00 65113.90
1301022448 5 7 71310 7 710 7 67  3  3  5  4  3  3  4  3  40.10 62115.00
1301032448 617 7 7 3 7 0 0 0 40  6  3  3  2  3  0  0  0  20.00 85124.60
1301042448 717 310 3 0 0 7 7 47  6  2  4  2  0  0  3  3  20.00 98138.40
1301052448 8 71010 7 0 0 3 0 37  3  4  4  3  0  0  2  0  20.00106140.30
1301062448 9 7 7 71010101710 77  3  3  3  4  4  4  6  4  40.10105137.50
13010724481013 317 3 3 0 3 7 50  5  2  6  2  2  0  2  3  30.00 95144.80
130108244811 7131013 3101023 90  3  5  4  5  2  4  4  9  40.21101150.50
1301092448122313 323 7 3 7 7 87  9  5  2  9  3  2  3  3  40.21102163.80
13011024481313 3 7 7 3 3 7 3 47  5  2  3  3  2  2  3  2  30.00 97168.20
130111244814 7 710 7 7 0 717 60  3  3  4  3  3  0  3  6  30.10107166.70
13011224481520101010 7 310 3 73  7  4  4  4  3  2  4  2  40.10105163.00
1301132448162713201323272737187 12  5  7  5  9 12 12 22 100.63 84151.40
1301142448173323272320172017180 18  9 12  9  7  6  7  6  90.52 78149.10
1301152448182020132017 713 3113  7  7  5  7  6  3  5  2  50.21 72135.20
130116244819131020 7 7102320110  5  4  7  3  3  4  9  7  50.21 59132.60
1301172448203030171730402730220 15 15  6  6 15 27 12 15 140.84 41118.80
1301182448213030172030202030197 15 15  6  7 15  7  7 15 110.63 28111.50
1301192448223310 7 313232027137 18  4  3  2  5  9  7 12  80.42 31103.30
130120244823333037202710 3 7167 18 15 22  7 12  4  2  3 100.63 31103.20
1301212448242020 71310 7 310 90  7  7  3  5  4  3  2  4  40.21 24104.90
130122244825 7 310 3 0 0 0 0 23  3  2  4  2  0  0  0  0  10.00 36106.90
130123244826 71017 3 0 3 0 3 43  3  4  6  2  0  2  0  2  20.00 39101.60
13012424482713 717 3 0 0 0 0 40  5  3  6  2  0  0  0  0  20.00 36100.20
1301252449 1 7 71310 3171730103  3  3  5  4  2  6  6 15  60.21 32097.50
1301262449 24323333330374040280 32  9 18 18 15 22 27 27 211.15 43096.30
1301272449 333231010102017 3127 18  9  4  4  4  7  6  2  70.31 47094.70
1301282449 4131013 310101317 90  5  4  5  2  4  4  5  6  40.21 40094.70
1301292449 520 317 3 3 0 3 0 50  7  2  6  2  2  0  2  0  30.00 34092.60
1301302449 6 7 317 0 0 3 0 3 33  3  2  6  0  0  2  0  2  20.00 35093.80
1301312449 7 7 313 3 0 3 710 47  3  2  5  2  0  2  3  4  30.00 32099.70
1302012449 820 0 01010171323 93  7  0  0  4  4  6  5  9  40.21 40100.70
1302022449 91733232720203010180  6 18  9 12  7  7 15  4 100.52 45108.60
13020324491027 7 3101710 3 7 83 12  3  2  4  6  4  2  3  40.21 50107.90
130204244911 7 710 3132023 3 87  3  3  4  2  5  7  9  2  40.21 24103.70
130205244912 31013 7 7 3 0 0 43  2  4  5  3  3  2  0  0  20.00 26102.20
130206244913 0 0 0 0 0 0 710 17  0  0  0  0  0  0  3  4  10.00 27100.70
1302072449141013273020101313137  4  5 12 15  7  4  5  5  70.42 39100.00
1302082449151723301727201013157  6  9 15  6 12  7  4  5  80.42 37101.40
130209244916171710 7 0 010 3 63  6  6  4  3  0  0  4  2  30.10 38104.80
130210244917171713 7 3 72010 93  6  6  5  3  2  3  7  4  40.21 30103.20
1302112449181317 7 3 7102020 97  5  6  3  2  3  4  7  7  50.21 35102.50
13021224491910 3 0 713171727 93  4  2  0  3  5  6  6 12  50.21 40099.20
1302132449202730131710133343187 12 15  5  6  4  5 18 32 120.73 24097.80
1302142449214037333027202320230 27 22 18 15 12  7  9  7 150.84 22097.00
130215244922 0101010 7132013 83  0  4  4  4  3  5  7  5  40.10 26097.70
130216244923 7 0 0 723403310120  3  0  0  3  9 27 18  4  80.42 25100.80
130217244924 317172027333020167  2  6  6  7 12 18 15  7  90.52 45103.10
130218244925 3 0 0 3 7 71033 63  2  0  0  2  3  3  4 18  40.10 68102.30
130219244926 313131720232017127  2  5  5  6  7  9  7  6  60.31 71109.90
1302202449271313173023202010147  5  5  6 15  9  7  7  4  70.42 67111.00
1302212450 1302323 7 7131720140 15  9  9  3  3  5  6  7  70.42 49106.20
1302222450 22327172030202333193  9 12  6  7 15  7  9 18 100.63 42104.70
1302232450 33013 32023102323147 15  5  2  7  9  4  9  9  80.42 31097.50
1302242450 4 717 710 310 3 7 63  3  6  3  4  2  4  2  3  30.10 19093.00
1302252450 5 0 0 3 710131017 60  0  0  2  3  4  5  4  6  30.10 32093.50
1302262450 61017101713102010107  4  6  4  6  5  4  7  4  50.21 33096.80
1302272450 7101317 713 7 0 7 73  4  5  6  3  5  3  0  3  40.10 36100.00
1302282450 81710171017 71740133  6  4  6  4  6  3  6 27  80.42 44103.60
1303012450 94737475043434043350 39 22 39 48 32 32 27 32 341.36 57110.60
1303022450104033271320273033223 27 18 12  5  7 12 15 18 140.84 71109.10
1303032450112730231717172023173 12 15  9  6  6  6  7  9  90.52 68110.10
13030424501223 7131317 3 3 7 87  9  3  5  5  6  2  2  3  40.21 65112.40
13030524501327 3 3 3 7 710 7 67 12  2  2  2  3  3  4  3  40.10 61116.60
1303062450141323 3 3 3 0 3 3 53  5  9  2  2  2  0  2  2  30.10 57112.60
130307245015 3 7101010 0 0 3 43  2  3  4  4  4  0  0  2  20.00 49112.10
130308245016 0 0 3 3 7 713 7 40  0  0  2  2  3  3  5  3  20.00 54113.30
13030924501723201317201317 3127  9  7  5  6  7  5  6  2  60.31 60114.60
13031024501810 0 7 3 3101020 63  4  0  3  2  2  4  4  7  30.10 74117.70
130311245019302313 3 7 3 3 3 87 15  9  5  2  3  2  2  2  50.21 75118.20
1303122450201310131023132010113  5  4  5  4  9  5  7  4  50.21 85121.50
13031324502120 710 7 3 3 7 7 63  7  3  4  3  2  2  3  3  30.10 81121.50
130314245022 0 7 0132717 7 7 77  0  3  0  5 12  6  3  3  40.10 91121.50
130315245023 733231710 3 310107  3 18  9  6  4  2  2  4  60.31 82121.80
1303162450243337272017131713177 18 22 12  7  6  5  6  5 100.63 81124.80
1303172450252023676357636760420  7  9111 94 67 94111 80 721.87 88124.50
1303182450263023201713 71713140 15  9  7  6  5  3  6  5  70.42 79116.60
1303192450271313 7 3 7 71727 93  5  5  3  2  3  3  6 12  50.21 49109.50
1303202451 1202717 720232733173  7 12  6  3  7  9 12 18  90.52 38106.70
1303212451 24343371010 7 710167 32 32 22  4  4  3  3  4 130.73 36105.30
1303222451 3 7 7 31010102023 90  3  3  2  4  4  4  7  9  40.21 36100.20
1303232451 417 7131727173340170  6  3  5  6 12  6 18 27 100.63 36097.60
1303242451 530131313131310 3110 15  5  5  5  5  5  4  2  60.31 30095.40
1303252451 6 0 0 7 7 7 717 7 50  0  0  3  3  3  3  6  3  30.00 31092.20
1303262451 713 7 3 7 7 3 3 0 43  5  3  2  3  3  2  2  0  20.00 22092.00
1303272451 81727273030503343257  6 12 12 15 15 48 18 32 201.05 28092.60
1303282451 94017102013302023173 27  6  4  7  5 15  7  9 100.63 35098.30
1303292451103337474037533730313 18 22 39 27 22 56 22 15 281.26 53104.80
1303302451115050231720103323227 48 48  9  6  7  4 18  9 191.05 54108.20
13033124511213 7 7 3 7101720 83  5  3  3  2  3  4  6  7  40.10 70113.10
130401245113101717131010 720103  4  6  6  5  4  4  3  7  50.21 53119.00
13040224511420 3 3 0 3 71017 63  7  2  2  0  2  3  4  6  30.10 66122.10
130403245115 3 3 3 3 7 3 313 40  2  2  2  2  3  2  2  5  20.00 68127.00
1304042451161720 71010 7 7 3 80  6  7  3  4  4  3  3  2  40.10 63128.60
130405245117 0 3 3 3 7 31313 47  0  2  2  2  3  2  5  5  30.00 77134.50
1304062451181313171313 71013100  5  5  6  5  5  3  4  5  50.21 76137.30
13040724511910171010201713 0 97  4  6  4  4  7  6  5  0  40.21 85138.20
130408245120 0 3 7 3 7 7 3 3 33  0  2  3  2  3  3  2  2  20.00 82139.60
1304092451211313 313 3 7 7 3 63  5  5  2  5  2  3  3  2  30.10 92147.00
130410245122 310131313 7 723 90  2  4  5  5  5  3  3  9  40.21 94148.60
130411245123 3 3 7131013 720 77  2  2  3  5  4  5  3  7  40.10 85137.80
1304122451242017131013 7 3 3 87  7  6  5  4  5  3  2  2  40.10 84138.60
1304132451252023 713 7 7 330110  7  9  3  5  3  3  2 15  60.31 79125.80
1304142451262733332723301720210 12 18 18 12  9 15  6  7 120.73 74117.50
130415245127101310 310 03020 97  4  5  4  2  4  0 15  7  50.21 63114.10
1304162452 110 0 0 0 0101720 57  4  0  0  0  0  4  6  7  30.00 63114.10
1304172452 2 7 7 7 3 7 3 0 3 37  3  3  3  2  3  2  0  2  20.00 64107.10
1304182452 310 0 3 3 3 3 7 0 30  4  0  2  2  2  2  3  0  20.00 57105.90
1304192452 4 0 0 0 0 3 0 3 3 10  0  0  0  0  2  0  2  2  10.00 59100.30
1304202452 5 3 0 71320 7 0 7 57  2  0  3  5  7  3  0  3  30.10 61105.90
1304212452 6 0 3 3 3 313 7 3 37  0  2  2  2  2  5  3  2  20.00 63110.50
1304222452 71717 3 71010 3 7 73  6  6  2  3  4  4  2  3  40.10 60114.10
1304232452 8 310101313232027120  2  4  4  5  5  9  7 12  60.31 55118.80
1304242452 93730234047335030290 22 15  9 27 39 18 48 15 241.26 66116.10
1304252452103023132723272717187 15  9  5 12  9 12 12  6 100.63 75120.70
1304262452113047303027302733253 15 39 15 15 12 15 12 18 181.05 71123.50
130427245212232017101317 713120  9  7  6  4  5  6  3  5  60.31 72128.80
130428245213 3 0 31723202020107  2  0  2  6  9  7  7  7  50.21 69133.50
13042924521427 3 7 310 0 713 70 12  2  3  2  4  0  3  5  40.10 95144.50
13043024521513 710171713 727110  5  3  4  6  6  5  3 12  60.21101156.70
1305012452162730473747335733310 12 15 39 22 39 18 67 18 291.36 93161.70
1305022452173337201710173017180 18 22  7  6  4  6 15  6 100.63 68151.80
130503245218171310 7132017 7103  6  5  4  3  5  7  6  3  50.21 64150.40
13050424521913 7131313171317107  5  3  5  5  5  6  5  6  50.21 80144.10
13050524522020201713203317 3143  7  7  6  5  7 18  6  2  70.42 72139.50
1305062452211310232317202023150  5  4  9  9  6  7  7  9  70.42 71133.00
13050724522230272723201717 7167 15 12 12  9  7  6  6  3  90.52 76131.10
1305082452233017171013171313130 15  6  6  4  5  6  5  5  60.31 80129.30
13050924522413131013 7 7 3 3 70  5  5  4  5  3  3  2  2  40.10 76130.90
1305102452251013 71313 3 7 3 70  4  5  3  5  5  2  3  2  40.10 82127.30
130511245226 013 710 3 3 7 7 50  0  5  3  4  2  2  3  3  30.00 88139.40
1305122452271017 710 310 3 3 63  4  6  3  4  2  4  2  2  30.10 93150.40
1305132453 1 71013 7 72310 3 80  3  4  5  3  3  9  4  2  40.10100153.50
1305142453 213 7202323172017140  5  3  7  9  9  6  7  6  60.31105151.10
1305152453 3 3101720402320 7140  2  4  6  7 27  9  7  3  80.42113148.80
1305162453 43340171733402333237 18 27  6  6 18 27  9 18 160.94135148.00
1305172453 52323131317233320167  9  9  5  5  6  9 18  7  80.52120139.60
1305182453 64353302320173320240 32 56 15  9  7  6 18  7 191.05 87135.20
1305192453 73320202023272037200 18  7  7  7  9 12  7 22 110.63 83138.50
1305202453 82013 31017232320130  7  5  2  4  6  9  9  7  60.31 73135.20
1305212453 917101710 7 71023100  6  4  6  4  3  3  4  9  50.21 74128.40
1305222453103017172327232723187 15  6  6  9 12  9 12  9 100.52 86136.70
1305232453111330132023172017153  5 15  5  7  9  6  7  6  80.42 71137.90
1305242453122027202733235743250  7 12  7 12 18  9 67 32 201.05 71130.60
1305252453134350304340505050357 32 48 15 32 27 48 48 48 371.46 77124.50
1305262453144037401720403720250 27 22 27  6  7 27 22  7 181.05 63123.20
1305272453152030202330334023220  7 15  7  9 15 18 27  9 130.84 60113.10
130528245316273023202010 7 0137 12 15  9  7  7  4  3  0  70.42 51107.60
130529245317 0 3 0 0 3 3 3 0 13  0  2  0  0  2  2  2  0  10.00 47109.80
130530245318 3 0 0 3 3 7 7 0 23  2  0  0  2  2  3  3  0  20.00 48106.90
130531245319 0 3 3 713333737133  0  2  2  3  5 18 22 22  90.52 33104.70
1306012453205770635057333730397 67132 94 48 67 18 22 15 581.77 41108.80
1306022453214033333033273027253 27 18 18 15 18 12 15 12 170.94 53114.10
1306032453223020171713202730173 15  7  6  6  5  7 12 15  90.52 44115.00
13060424532330232013 7101727147 15  9  7  5  3  4  6 12  80.42 35113.10
1306052453242313101013101310103  9  5  4  4  5  4  5  4  50.21 54112.10
1306062453251330303037504047277  5 15 15 15 22 48 27 39 231.15 52112.30
1306072453265057474030231713277 48 67 39 27 15  9  6  5 271.26 33113.10
1306082453272330302310 3 310133  9 15 15  9  4  2  2  4  80.42 18106.30
1306092454 11013131023272323143  4  5  5  4  9 12  9  9  70.42 24099.00
1306102454 223333327232017 3180  9 18 18 12  9  7  6  2 100.63 18096.20
1306112454 3 3 3 31027231313 97  2  2  2  4 12  9  5  5  50.21 11092.30
1306122454 41013101010 7 310 73  4  5  4  4  4  3  2  4  40.10 20096.20
1306132454 51710 0 3 3 3 3 7 47  6  4  0  2  2  2  2  3  30.00 35102.00
1306142454 610 3 310 3 31013 57  4  2  2  4  2  2  4  5  30.10 44112.60
1306152454 717 71310 3 7 310 70  6  3  5  4  2  3  2  4  40.10 65114.50
1306162454 8 3 0 0 7 3 3 7 3 27  2  0  0  3  2  2  3  2  20.00 71119.70
1306172454 9 31010 7 7 3 7 7 53  2  4  4  3  3  2  3  3  30.10 76127.80
130618245410 713 7 3 71013 7 67  3  5  3  2  3  4  5  3  40.10 77128.80
1306192454111313 3 310101020 83  5  5  2  2  4  4  4  7  40.10 84127.40
1306202454122317101720234333187  9  6  4  6  7  9 32 18 110.73 88130.50
1306212454134037272730303730257 27 22 12 12 15 15 22 15 181.05 95137.60
1306222454143330302720233327223 18 15 15 12  7  9 18 12 130.84 94134.20
1306232454153340372720373330257 18 27 22 12  7 22 18 15 181.05 81132.40
1306242454163030232337404327253 15 15  9  9 22 27 32 12 181.05 74124.60
13062524541730231710 3131317127 15  9  6  4  2  5  5  6  60.31 53112.90
130626245418 3 3 3 3 310 3 3 33  2  2  2  2  2  4  2  2  20.00 41110.10
130627245419 7 3 3 333202027117  3  2  2  2 18  7  7 12  70.31 42102.90
1306282454203330172733474347277 18 15  6 12 18 39 32 39 221.15 51104.30
1306292454215763575347404337397 67 94 67 56 39 27 32 22 501.67 47103.60
1306302454223320102727232327190 18  7  4 12 12  9  9 12 100.63 55106.30
1307012454233023231310 310 3117 15  9  9  5  4  2  4  2  60.31 51111.40
130702245424 3 7 7 7 7131010 63  2  3  3  3  3  5  4  4  30.10 74118.10
13070324542510 3 7 7 3101017 67  4  2  3  3  2  4  4  6  40.10 72128.70
13070424542610 3 3 0 7131317 67  4  2  2  0  3  5  5  6  30.10 80142.30
1307052454271720171320203717160  6  7  6  5  7  7 22  6  80.42 72145.60
1307062455 13043473747403040313 15 32 39 22 39 27 15 27 271.26 82138.70
1307072455 24010 3 0 710 7 3 80 27  4  2  0  3  4  3  2  60.31 93129.80
1307082455 3 31717 7 7 7 7 7 70  2  6  6  3  3  3  3  3  40.10 81123.30
1307092455 4 0 3101723273333147  0  2  4  6  9 12 18 18  90.52 73124.00
1307102455 54340304337404333310 32 27 15 32 22 27 32 18 261.26 53121.90
1307112455 62330472730374720260  9 15 39 12 15 22 39  7 201.05 52117.10
1307122455 71723231717202330170  6  9  9  6  6  7  9 15  80.52 48121.60
1307132455 830302310 7131723153 15 15  9  4  3  5  6  9  80.42 24117.80
1307142455 93030333743405040303 15 15 18 22 32 27 48 27 261.26 40116.70
1307152455105350373737231717270 56 48 22 22 22  9  6  6 241.26 51117.90
130716245511 310101013102310 90  2  4  4  4  5  4  9  4  40.21 51117.60
130717245512 31010 3 7 71017 67  2  4  4  2  3  3  4  6  40.10 48114.90
13071824551310 3172043474723210  4  2  6  7 32 39 39  9 170.94 63118.60
1307192455142727372733273727240 12 12 22 12 18 12 22 12 150.94 56117.30
13072024551530 71310 7 3 3 7 80 15  3  5  4  3  2  2  3  50.21 39116.10
130721245516 7 7 71010101313 77  3  3  3  4  4  4  5  5  40.10 35112.90
130722245517 3 3 3 717171327 90  2  2  2  3  6  6  5 12  50.21 38113.40
1307232455182013 310 7101013 87  7  5  2  4  3  4  4  5  40.10 53110.10
13072424551920 7 7 310 71013 77  7  3  3  2  4  3  4  5  40.10 46111.00
130725245520 310 7 717374040160  2  4  3  3  6 22 27 27 120.73 56110.30
1307262455214033171723232017190 27 18  6  6  9  9  7  6 110.63 47112.90
1307272455222717132327232723180 12  6  5  9 12  9 12  9  90.52 45111.30
13072824552320231010 7101723120  7  9  4  4  3  4  6  9  60.31 48112.70
1307292455241317131020 7 310 93  5  6  5  4  7  3  2  4  40.21 68115.60
130730245525 713101020101317100  3  5  4  4  7  4  5  6  50.21 59116.50
1307312455262010 0 7101013 7 77  7  4  0  3  4  4  5  3  40.10 68112.00
1308012455271317 7101320 3 0 83  5  6  3  4  5  7  2  0  40.10 69115.40
1308022456 1 3 7 3 7 310 7 0 40  2  3  2  3  2  4  3  0  20.00 82116.20
1308032456 2 7 3 3 310 71320 67  3  2  2  2  4  3  5  7  40.10 77110.50
1308042456 31310232313473740207  5  4  9  9  5 39 22 27 150.84 62107.90
1308052456 44337232720232723223 32 22  9 12  7  9 12  9 140.84 59107.30
1308062456 52013171313 31017107  7  5  6  5  5  2  4  6  50.21 51106.80
1308072456 6131013 3 7 3 7 0 57  5  4  5  2  3  2  3  0  30.10 62108.50
1308082456 7 3 310 3 7 71017 60  2  2  4  2  3  3  4  6  30.10 64107.30
1308092456 8 720172020102313130  3  7  6  7  7  4  9  5  60.31 46106.50
1308102456 91013171723 71010107  4  5  6  6  9  3  4  4  50.21 52105.30
130811245610101010131310 710 83  4  4  4  5  5  4  3  4  40.10 58113.40
13081224561110 3 3 7 7101730 87  4  2  2  3  3  4  6 15  50.21 65117.20
13081324561220 3 32013333023147  7  2  2  7  5 18 15  9  80.42 78125.10
130814245613373017 310132330163 22 15  6  2  4  5  9 15 100.52 78128.50
1308152456143723202727371733220 22  9  7 12 12 22  6 18 140.84 89125.80
1308162456153753332343433333300 22 56 18  9 32 32 18 18 261.26 69122.90
1308172456162323231320171317150  9  9  9  5  7  6  5  6  70.42 72153.40
13081824561717 7201313172010117  6  3  7  5  5  6  7  4  50.21 79129.20
1308192456181713 7 71313 7 7 83  6  5  3  3  5  5  3  3  40.10 96131.40
130820245619 7 0 3 7 3 7 723 57  3  0  2  3  2  3  3  9  30.10 93134.60
1308212456202337233030334043260  9 22  9 15 15 18 27 32 181.05105133.40
1308222456213737231317173037210 22 22  9  5  6  6 15 22 130.84100134.50
1308232456224330332720272723230 32 15 18 12  7 12 12  9 150.84 99126.80
1308242456232317171723132010140  9  6  6  6  9  5  7  4  60.31 56119.90
130825245624101713172020 713117  4  6  5  6  7  7  3  5  50.21 36115.00
1308262456252010101010 71720103  7  4  4  4  4  3  6  7  50.21 31113.50
13082724562627 7 31330305043203 12  3  2  5 15 15 48 32 160.94 40111.90
130828245627403020131713 710150 27 15  7  5  6  5  3  4  90.52 36110.30
1308292457 1 3 0 3 3 3 7 7 3 30  2  0  2  2  2  3  3  2  20.00 38111.00
1308302457 2 0 0102020172340130  0  0  4  7  7  6  9 27  80.42 51109.50
1308312457 3402730232717 323190 27 12 15  9 12  6  2  9 120.73 53109.50
1309012457 43320231327202323183 18  7  9  5 12  7  9  9 100.52 50105.60
1309022457 513333320271713 7163  5 18 18  7 12  6  5  3  90.52 61107.50
1309032457 613 3101720101733123  5  2  4  6  7  4  6 18  60.31 49107.90
1309042457 720 7101713 71713103  7  3  4  6  5  3  6  5  50.21 53111.10
1309052457 8 0 0 017 7 710 7 47  0  0  0  6  3  3  4  3  20.00 44111.90
1309062457 91313 71010 72017 97  5  5  3  4  4  3  7  6  50.21 33102.90
130907245710 31010 7 7 3 3 7 50  2  4  4  3  3  2  2  3  30.10 25100.00
130908245711173013101713 7 0107  6 15  5  4  6  5  3  0  60.21 17097.10
130909245712 0101310 3 3 7 3 50  0  4  5  4  2  2  3  2  30.00  9095.60
130910245713 0 0 02323272723123  0  0  0  9  9 12 12  9  60.31 10096.20
13091124571417 3 71717101717103  6  2  3  6  6  4  6  6  50.21 41094.10
13091224571523 3131310132027123  9  2  5  5  4  5  7 12  60.31 35094.10
1309132457163017201320372310170 15  6  7  5  7 22  9  4  90.52 25092.70
1309142457171717231313 310 7103  6  6  9  5  5  2  4  3  50.21 17093.60
13091524571813 0 0 0 0 7 710 37  5  0  0  0  0  3  3  4  20.00  9093.80
13091624571917 71310 7 7 310 73  6  3  5  4  3  3  2  4  40.10 17095.50
130917245720172323 717173020153  6  9  9  3  6  6 15  7  80.42 35099.70
1309182457212323 31320272327160  9  9  2  5  7 12  9 12  80.42 43105.10
1309192457222730403717172717210 12 15 27 22  6  6 12  6 130.84 43108.90
1309202457231723171320 3 720120  6  9  6  5  7  2  3  7  60.31 61110.00
1309212457241320172720232017157  5  7  6 12  7  9  7  6  70.42 52111.20
130922245725232020 713 7 3 7100  9  7  7  3  5  3  2  3  50.21 54111.90
130923245726 72013 3 7 71713 87  3  7  5  2  3  3  6  5  40.10 49108.50
1309242457271710 73743331013170  6  4  3 22 32 18  4  5 120.73 44110.90
1309252458 1271717 3 3 0 0 7 73 12  6  6  2  2  0  0  3  40.10 48111.70
1309262458 2 0 0 0 3 3 0 3 0 10  0  0  0  2  2  0  2  0  10.00 37110.50
1309272458 3 0 0 0 0 3 0 7 3 13  0  0  0  0  2  0  3  2  10.00 43108.30
1309282458 4 0 0 0 0 0 0 3 0  3  0  0  0  0  0  0  2  0  00.00 38106.00
1309292458 5 0 0 0 0 0 01017 27  0  0  0  0  0  0  4  6  10.00 29103.40
1309302458 61710 3 0 0 0 0 3 33  6  4  2  0  0  0  0  2  20.00 36105.20
1310012458 7 0 0 7 320172023 90  0  0  3  2  7  6  7  9  40.10 36107.00
1310022458 85377573730335747390 56179 67 22 15 18 67 39 581.77 45108.30
1310032458 933 3 0 0 01317 0 67 18  2  0  0  0  5  6  0  40.10 51113.90
131004245810 0 0 0 0 0 7 3 0 10  0  0  0  0  0  3  2  0  10.00 59109.20
131005245811 0 0 0 3 0 0 0 0  3  0  0  0  2  0  0  0  0  00.00 43105.90
131006245812 0 0 3 3 7 3 313 33  0  0  2  2  3  2  2  5  20.00 35106.50
131007245813102717 7 7 7 7 7 87  4 12  6  3  3  3  3  3  50.21 55111.80
131008245814 3 7 3 713105057150  2  3  2  3  5  4 48 67 170.94 72111.70
1310092458155050533730331733303 48 48 56 22 15 18  6 18 291.36 79113.10
131010245816373717201013 710150 22 22  6  7  4  5  3  4  90.52 90120.30
1310112458171720201317 710 7110  6  7  7  5  6  3  4  3  50.21 91128.50
131012245818 010 310 7 72023 80  0  4  2  4  3  3  7  9  40.10 84127.30
13101324581913 0 0 3 0 3 7 0 27  5  0  0  2  0  2  3  0  20.00 99128.60
131014245820 023233333434040237  0  9  9 18 18 32 27 27 181.05 96124.30
1310152458214340304027 71030227 32 27 15 27 12  3  4 15 170.94 96124.50
1310162458223727171720271723183 22 12  6  6  7 12  6  9 100.63 89127.20
1310172458232730232327201310173 12 15  9  9 12  7  5  4  90.52109135.10
131018245824 3 0 7 0 3 017 3 33  2  0  3  0  2  0  6  2  20.00116138.80
131019245825 0 0 3 7 3 7 0 0 20  0  0  2  3  2  3  0  0  10.00 97131.60
131020245826 0 0 3 3 3 3 310 27  0  0  2  2  2  2  2  4  20.00 85132.20
131021245827 0 0 3 0 310 3 0 20  0  0  2  0  2  4  2  0  10.00 96134.50
1310222459 1 0 32017 3 71720 87  0  2  7  6  2  3  6  7  40.10 88144.80
1310232459 210231713 3 0 3 0 70  4  9  6  5  2  0  2  0  40.10 93151.10
1310242459 3 310 010 3 0 0 0 27  2  4  0  4  2  0  0  0  20.00108158.80
1310252459 4 0 3 7 0 3 7 310 33  0  2  3  0  2  3  2  4  20.00103159.60
1310262459 5 3 0 3 3 0 3 310 27  2  0  2  2  0  2  2  4  20.00 99169.70
1310272459 6 0 0 7 710 310 0 37  0  0  3  3  4  2  4  0  20.00111164.80
1310282459 7 3 3 3 3 0 3 0 0 17  2  2  2  2  0  2  0  0  10.00110157.80
1310292459 8 0 0 32720 72323103  0  0  2 12  7  3  9  9  50.21112150.60
1310302459 9 3 7233030333340200  2  3  9 15 15 18 18 27 130.84109139.90
13103124591020 3 71720231320123  7  2  3  6  7  9  5  7  60.31 97140.50
1311012459112320101313 710 3100  9  7  4  5  5  3  4  2  50.21 72144.20
1311022459121313 0 7 3 7 017 60  5  5  0  3  2  3  0  6  30.10 69139.40
13110324591327272710 3 02317133 12 12 12  4  2  0  9  6  70.42 84141.10
131104245914 013171710231310103  0  5  6  6  4  9  5  4  50.21 87144.90
13110524591517 71013 3 7 313 73  6  3  4  5  2  3  2  5  40.10 83145.90
131106245916 3 01010 3101720 73  2  0  4  4  2  4  6  7  40.10 99150.80
1311072459171733274033102017197  6 18 12 27 18  4  7  6 120.73113145.30
13110824591827171310 3 3 0 0 73 12  6  5  4  2  2  0  0  40.10 97143.30
1311092459193047504337232013263 15 39 48 32 22  9  7  5 221.15 71145.20
1311102459203030172720233333213 15 15  6 12  7  9 18 18 120.73 69151.10
13111124592143404737373723 3267 32 27 39 22 22 22  9  2 221.15 77160.40
131112245922 7 7 3 7 3 0 3 0 30  3  3  2  3  2  0  2  0  20.00 92164.00
131113245923 0 710 713 0 3 3 43  0  3  4  3  5  0  2  2  20.00104167.40
131114245924 0 0 3 7 7 7 3 7 33  0  0  2  3  3  3  2  3  20.00118172.00
131115245925202310 713232740163  7  9  4  3  5  9 12 27 100.52113174.00
1311162459263337303023171320203 18 22 15 15  9  6  5  7 120.73125170.60
1311172459271720231713 71313123  6  7  9  6  5  3  5  5  60.31131172.90
1311182460 110 0 7 7 0 3 0 0 27  4  0  3  3  0  2  0  0  20.00 99159.50
1311192460 2 0 0 7 7 7102010 60  0  0  3  3  3  4  7  4  30.10 77149.30
1311202460 31017131317 0 3 0 73  4  6  5  5  6  0  2  0  40.10 57143.50
1311212460 4 0 0 0 0 0 0 3 7 10  0  0  0  0  0  0  2  3  10.00 49137.80
1311222460 5 7 0 0 0 0 01010 27  3  0  0  0  0  0  4  4  10.00 46139.20
1311232460 6 7273330201010 0137  3 12 18 15  7  4  4  0  80.42 45132.20
1311242460 7 0 0 0 3 0 0 0 0  3  0  0  0  2  0  0  0  0  00.00 49123.90
1311252460 8 0 0 0 0 0 0 0 0  0  0  0  0  0  0  0  0  0  00.00 27116.00
1311262460 9 0 0 0 3 0 3 3 7 17  0  0  0  2  0  2  2  3  10.00 25112.40
131127246010 0 0 0 0 3 7 0 0 10  0  0  0  0  2  3  0  0  10.00 50125.60
131128246011 0 0 0 0 3 7 0 3 13  0  0  0  0  2  3  0  2  10.00 68129.30
1311292460121023131313203317143  4  9  5  5  5  7 18  6  70.42 67125.00
1311302460131310132020202737160  5  4  5  7  7  7 12 22  90.52 65127.60
131201246014373327132710 0 7153 22 18 12  5 12  4  0  3 100.52 90126.90
131202246015 3 0 0 0 3 3 0 0 10  2  0  0  0  2  2  0  0  10.00101130.00
1312032460161320132023202717153  5  7  5  7  9  7 12  6  70.42 80131.90
1312042460172313 7 0 0 71710 77  9  5  3  0  0  3  6  4  40.10 85134.00
131205246018 313 71713 710 7 77  2  5  3  6  5  3  4  3  40.10 80145.30
131206246019101310 3 3 3 713 63  4  5  4  2  2  2  3  5  30.10 71146.10
131207246020201017 0 3 32027100  7  4  6  0  2  2  7 12  50.21 65152.30
1312082460216057372020333017273 80 67 22  7  7 18 15  6 281.26 69160.60
131209246022 7 0 0 313201313 70  3  0  0  2  5  7  5  5  30.10103163.10
1312102460231027101010 3 3 0 73  4 12  4  4  4  2  2  0  40.10136169.90
131211246024 7 7 71010 3 310 57  3  3  3  4  4  2  2  4  30.10128165.60
131212246025 3 3 0 0 0 0 0 3 10  2  2  0  0  0  0  0  2  10.00110159.80
131213246026 3 3 0 32017 7 7 60  2  2  0  2  7  6  3  3  30.10105158.10
1312142460273340201313334023217 18 27  7  5  5 18 27  9 140.84 98159.00
1312152461 12010101010271010107  7  4  4  4  4 12  4  4  50.21 98151.30
1312162461 2232717 710 71313117  9 12  6  3  4  3  5  5  60.31 83149.40
1312172461 317 7 0 0 01023 7 63  6  3  0  0  0  4  9  3  30.10 88153.90
1312182461 4 71013 7 0 7 313 60  3  4  5  3  0  3  2  5  30.10102151.10
1312192461 51313 3 0 7232017 97  5  5  2  0  3  9  7  6  50.21102148.50
1312202461 62323 0 7 7131710100  9  9  0  3  3  5  6  4  50.21104144.40
1312212461 71017 3 7 3 0 7 3 50  4  6  2  3  2  0  3  2  30.00102139.50
1312222461 8 0 3 0 7 0 0 0 0 10  0  2  0  3  0  0  0  0  10.00 83133.40
1312232461 9 7 3 3 0 3 3 3 7 30  3  2  2  0  2  2  2  3  20.00 81131.60
131224246110 0 0 0 0 0 7 317 27  0  0  0  0  0  3  2  6  10.00 79124.10
13122524611120101713302013 3127  7  4  6  5 15  7  5  2  60.31 70118.70
131226246112 3 3 3 3 7 3 3 0 27  2  2  2  2  3  2  2  0  20.00 75120.60
131227246113 0 0 0 0 0 010 3 13  0  0  0  0  0  0  4  2  10.00 77126.30
131228246114 0 0 0 0 7 71010 33  0  0  0  0  3  3  4  4  20.00 73130.10
13122924611517 7 717 71010 0 73  6  3  3  6  3  4  4  0  40.10 90132.50
131230246116 0 010 7 7 7 0 3 33  0  0  4  3  3  3  0  2  20.00 73138.20
13123124611713172013131010 7103  5  6  7  5  5  4  4  3  50.21 99140.50
