DST0003*01  X220   0   3   6  10  15   0  -8 -14 -20 -27 -33 -34 -31 -33 -35 -41 -44 -39 -36 -31 -27 -27 -29 -30 -26 -22
DST0003*02  X220   0 -28 -29 -29 -27 -32 -31 -32 -27 -26 -22 -17 -15 -14 -15 -15 -14  -9  -5  -5  -7  -5  -7 -10  -5 -18
DST0003*03  X220   0  -3  -3  -7 -10 -10  -9  -8  -7  -9  -8  -6  -5  -5  -8  -4  -1   3   2  -5  -9 -10 -10  -5  -5  -6
DST0003*04  X220   0  -3  -1  -2  -3  -3  -3  -2  -2  -1   0   2   4   2   0   2  -3  -7  -5   0  -1   1   3   5   9   0
DST0003*05  X220   0  12  15  15  11   3  -1  -1   1   1   1  -2  -1   2   3   3   2  -1  -2   0  -4 -10 -12 -19 -14   0
DST0003*06  X220   0  -7   1   7   0  -5  -1  -4  -5 -11 -15 -11  -6  -3  -4  -1   1  -4  -9 -11 -15 -21 -24 -25 -26  -8
DST0003*07  X220   0 -26 -29 -27 -28 -37 -36 -29 -32 -36 -35 -27 -25 -25 -20 -18 -21 -22 -20 -17 -19 -27 -31 -29 -28 -27
DST0003*08  X220   0 -25 -27 -23 -18 -20 -22 -20 -19 -22 -26 -33 -29 -21 -22 -24 -24 -32 -31 -28 -34 -43 -51 -47 -41 -28
DST0003*09  X220   0 -35 -27 -21 -17 -16 -17 -18 -19 -18 -17 -15 -11 -11 -12  -9  -9  -8  -7  -6  -4  -5  -6 -10  -8 -14
DST0003*10  X220   0  -2   1   3   3   4   5   4   2  -2  -9 -15 -18 -16 -19 -18 -21 -21 -26 -30 -32 -35 -35 -39 -34 -15
DST0003*11  X220   0 -40 -41 -39 -41 -40 -36 -34 -38 -37 -33 -35 -37 -36 -31 -32 -31 -28 -31 -36 -37 -40 -43 -40 -38 -36
DST0003*12  X220   0 -38 -34 -31 -27 -18 -27 -32 -22 -19 -21 -22 -20 -23 -18 -11  -2  -3  -6  -9  -7 -12 -14 -13 -19 -19
DST0003*13  X220   0 -23 -19 -16 -20 -26 -24 -21 -21 -20 -18 -17 -14 -14 -11  -8  -4  -1   3   5   3  -3  -6 -12 -15 -13
DST0003*14  X220   0 -17 -16 -12 -11 -13 -12 -11  -8  -9 -16 -16 -12 -10 -10 -14 -16 -13 -10  -9  -8 -11 -13 -18 -19 -13
DST0003*15  X220   0 -17 -17 -17 -13  -8  -5  -6  -6  -6  -4  -2   0   1   1  -2  -3  -3  -3  -4  -6  -6  -4  -2   0  -6
DST0003*16  X220   0   1   3   6   7   9  10   9   9   9  10  10  11  11  11  12  17  19  17  18  19  19  17  17  15  12
DST0003*17  X220   0  17  13  14  15  17  19  21  23  19  16  14  14  14  12   7   6   9  11  11  11   9   6   4   1  13
DST0003*18  X220   0   1   5   8   9  10  12  14  13  13  13  14  13  13  13  14  18  15  15  14   7   2   0  -3  -1  10
DST0003*19  X220   0  -2  -2   1   3  10   6  -2  -8  -8  -5  -1   4   8   8   6   7   8   5   6   5   4   2   1   2   2
DST0003*20  X220   0  -1   3   7   5   6   7  12  11  11  11   5  -2  -3   4   8  11  12  12  10   9   6   8   8   8   7
DST0003*21  X220   0   8  11  13  12  13  15  17  16  14  13  12  15  18  20  18  23  24  23  21  20  18  18  16  14  16
DST0003*22  X220   0  11   8  11  10  10  12  18  22  15  24  32  46  45  39  46  42  36  35  27   5   1   1  -2  -5  20
DST0003*23  X220   0   0   6   7   0   0  -2   0  -3  -1   1   3   2   7   7   3   0   7   8   6   6   3  -1  -6  -5   2
DST0003*24  X220   0  -4  -3   1   2   3   3   5   8  10   8   7   8   2  -7 -10  -7  -4  -7  -9 -11 -13 -15 -17 -17  -3
DST0003*25  X220   0 -18 -18 -17 -18 -12  -8  -8 -11 -10  -9  -9 -14 -16 -12  -9  -7  -6  -3 -11  -4   0  -1  -1  -1  -9
DST0003*26  X220   0  -1  -2  -3  -3  -3  -1   0   2   2   0  -1  -2  -2  -1   0   3   0   1   2  -1  -1  -1  -2  -5  -1
DST0003*27  X220   0  -3  -4  -2  -1  -3  -1  -2  -1   0   0  -1  -2  -2  -1   0   2   2   2   5   9  12  14   9   6   2
DST0003*28  X220   0   0  -2   1   6   9   5   2   2   2   2   0  -2  -2  -1  -1  -1  -1   2   2   2   2   2   1  -2   1
DST0003*29  X220   0  -4  -1   3   7   3   0   0   2   4   7   7   7   9   9  12  11  11  12  13  22  15  -6 -16 -16   5
DST0003*30  X220   0  -8  -9 -12  -4  -1  -3  -3  -5  -5  -1  -2  -4  -3  -2   6  10  13  12   2  -6  -4  -7 -11  -3  -2
DST0003*31  X220   0  -8 -10 -12 -15 -13 -16 -29 -40 -48 -46 -56 -59 -55 -43 -44 -45 -48 -50 -50 -53 -53 -50 -47 -39 -39

