DST0007*01  X220   0  -7 -10 -10  -2   2   3   3   4   3   7  10   8   8   9  11  14  15  16  16  18  20  15  15  14   8
DST0007*02  X220   0  13  12  13  12  11  11   9   4   3   3   6   5   8  11  12  10   7  13  14  14  17  17  17  15  11
DST0007*03  X220   0  10   9   2   3   5   6   9  12   9   8  14  15   9   6  11  13   9   6   4   4   8  10   8   3   8
DST0007*04  X220   0  -3  -1   5  10  10  13  13  14  14  13  17  19  15  27  19  15  16  11  13  13  14  12  12  14  13
DST0007*05  X220   0  14  13  15  14  12  12  12   6   2  -6  -3  -2  -3  -8 -12  -8  -4  -5  -6  -7  -6  -5  -3  -3   1
DST0007*06  X220   0  -1   3   7  10   9   6   6   5   8   6   4   2   0   0   1   0   2   5   5   7  11  11  11   6   5
DST0007*07  X220   0   2   1   3   1  -2  -1   0   4   6   7   7   9  12  14  13  12   9   9   9   7  11  14  13  16   7
DST0007*08  X220   0  11   8   6   5   3   4   6   9   9  10   7   8   5   5   7   8   5  11  14  12  14  12  14  14   9
DST0007*09  X220   0   9   9  12  12  10   8   9   5   5   7   3   1   4   3   4   6   8  10  13   7   5  10  11   5   7
DST0007*10  X220   0   2   3   8  12  13   6  11  -2 -17   0   7   2   1  13  13  11   9  12  16   9   9  16  21  17   8
DST0007*11  X220   0  17  23  18  34  44  50  25  21  25  22  28  20  25  11  10   2  -3  -2  -5 -13 -15 -21 -11   1  13
DST0007*12  X220   0 -18 -25 -23 -23 -24 -20 -16 -14 -12  -1  -5 -12 -16 -16  -9  -2   4   5  -1  -6  -6  -5  -8  -7 -11
DST0007*13  X220   0  -6  -4   0   1   1   6   9   7   4  17  51  30  26  -7  -9 -11  -8  -8 -14 -24 -37 -43 -41 -37  -4
DST0007*14  X220   0 -29 -20 -12 -14 -20 -19 -23 -17 -17 -17 -17 -23 -28 -24 -19  -7  -9  -1   1   3 -14 -25 -23 -28 -17
DST0007*15  X220   0 -33 -25 -25 -32 -28 -16 -18 -21 -32 -38 -43 -42 -49 -57 -24   7 -36 -46 -43 -60-197-289-280-280 -71
DST0007*16  X220   0-300-300-278-259-232-208-195-178-174-165-157-148-142-135-138-138-131-125-124-123-120-116-117-116-172
DST0007*17  X220   0-113-110-106-100 -93 -86 -79 -75 -67 -70 -69 -68 -69 -69 -68 -64 -58 -53 -48 -44 -42 -40 -40 -40 -70
DST0007*18  X220   0 -39 -35 -33 -37 -35 -34 -39 -36 -36 -39 -40 -41 -37 -36 -39 -36 -33 -31 -27 -17 -14 -22 -26 -31 -33
DST0007*19  X220   0 -33 -35 -33 -34 -33 -28 -22 -18 -19 -24 -27 -29 -29 -27 -24 -12  -2  -2   5   2  -2  -7 -20 -28 -20
DST0007*20  X220   0 -26 -29 -47 -62 -71 -70 -62 -77 -82 -92 -81 -81 -87 -82 -85 -77 -73 -73 -61 -60 -56 -55 -59 -61 -67
DST0007*21  X220   0 -59 -56 -51 -50 -48 -42 -39 -35 -33 -34 -35 -41 -48 -48 -46 -41 -40 -40 -39 -34 -31 -28 -22 -21 -40
DST0007*22  X220   0 -24 -26 -29 -33 -31 -30 -24 -24 -30 -38 -38 -41 -42 -45 -49 -54 -59 -62 -56 -50 -44 -47 -43 -38 -40
DST0007*23  X220   0 -39 -36 -31 -36 -37 -34 -22 -19 -20 -17 -12 -12 -13 -14 -25 -29 -31 -42 -40 -43 -46 -57 -67 -62 -33
DST0007*24  X220   0 -54 -54 -53 -53 -46 -42 -42 -39 -39 -39 -35 -35 -36 -34 -33 -32 -31 -29 -29 -30 -29 -28 -25 -21 -37
DST0007*25  X220   0 -21 -20 -20 -22 -23 -24 -21 -16 -15 -15 -14 -13 -16 -17 -17 -18 -19 -18 -22 -24 -22 -21 -19 -15 -19
DST0007*26  X220   0 -16 -19 -13 -11  -7  -8  -8 -19 -28 -37 -41 -37 -35 -33 -40 -43 -40 -37 -36 -26 -41 -38 -27 -22 -28
DST0007*27  X220   0 -30 -39 -41 -39 -34 -30 -26 -19 -15 -18 -22 -26 -31 -33 -32 -27 -22 -23 -22 -20 -18 -20 -18 -16 -26
DST0007*28  X220   0 -15 -17 -23 -29 -33 -42 -36 -47 -49 -29  -9 -15 -21 -30 -26 -43 -45 -31 -18 -11 -11 -25 -29 -25 -27
DST0007*29  X220   0 -27 -16 -25 -28 -27 -33 -40 -46 -37 -41 -56 -69 -60 -37 -30 -34 -40 -34 -31 -36 -40 -42 -41 -38 -38
DST0007*30  X220   0 -34 -31 -34 -38 -36 -32 -26 -25 -22 -21 -17 -17 -21 -22 -23 -24 -23 -17 -16 -16 -16 -16 -16 -17 -23
DST0007*31  X220   0 -17 -17 -16 -17 -19 -21 -21 -17 -19 -19 -27 -32 -33 -33 -37 -38 -29 -26 -32 -31 -26 -24 -26 -32 -25

