DST0004*01  X220   0 -33 -29 -24 -17 -16 -18 -13  -8  -7  -5   3   4  -6 -11  -8  -6  -9 -16 -31 -37 -31 -32 -34 -45 -18
DST0004*02  X220   0 -49 -44 -44 -44 -39 -41 -41 -44 -44 -44 -39 -37 -50 -50 -45 -45 -44 -37 -31 -29 -30 -33 -28 -30 -40
DST0004*03  X220   0 -37 -37 -31 -29 -29 -28 -29 -29 -28 -29 -32 -26 -31 -28 -23 -18 -22 -17 -12 -11 -13 -14  -8  -4 -24
DST0004*04  X220   0 -14 -30 -43 -43 -40 -34 -35 -36 -31 -27 -23 -24 -24 -29 -38 -39 -42 -50 -52 -47 -48 -52 -50 -51 -38
DST0004*05  X220   0 -58 -63 -63 -58 -48 -50 -43 -40 -38 -34 -30 -30 -29 -30 -31 -28 -28 -26 -18 -10  -8 -12 -17 -17 -34
DST0004*06  X220   0 -16 -18 -16 -21 -26 -30 -39 -43 -44 -27 -15 -11 -18 -20 -24 -21  -5 -14 -60-124-199-231-291-266 -66
DST0004*07  X220   0-292-247-227-196-213-199-193-185-158-164-164-161-158-151-139-137-129-136-125-112-103 -98-100 -92-162
DST0004*08  X220   0 -87 -86 -82 -79 -78 -77 -80 -82 -76 -68 -68 -66 -73 -73 -69 -61 -59 -57 -51 -44 -39 -38 -39 -35 -65
DST0004*09  X220   0 -36 -38 -38 -41 -38 -38 -36 -32 -29 -27 -25 -33 -40 -39 -31 -33 -36 -41 -33 -34 -36 -41 -47 -42 -36
DST0004*10  X220   0 -50 -64 -62 -60 -63 -66 -60 -56 -59 -51 -46 -52 -53 -53 -52 -54 -49 -45 -35 -33 -31 -42 -44 -39 -51
DST0004*11  X220   0 -33 -32 -36 -32 -32 -34 -31 -30 -30 -31 -28 -26 -27 -31 -33 -32 -41 -40 -34 -28 -24 -25 -26 -25 -31
DST0004*12  X220   0 -29 -38 -38 -35 -32 -29 -26 -23 -19 -18 -18 -17 -16 -14 -12 -12 -13 -12  -2   3   4  -4   0  -3 -17
DST0004*13  X220   0 -11 -23 -29 -22 -25 -24 -24 -25 -23 -17 -12 -11 -16 -16 -14 -11 -11 -10  -7  -3  -2  -3  -3  -3 -14
DST0004*14  X220   0  -6  -9 -10  -8  -6  -6  -8  -8  -4  -2  -3  -2  -2  -3  -1  -3  -4  -1   2   3  10   9   8   6  -2
DST0004*15  X220   0   4   5   6   5   5   4   3   4   4   3   4   4   0   2   4   4   4   6   8   3  -5 -10 -13 -22   1
DST0004*16  X220   0 -32 -42 -52 -54 -57 -60 -48 -36 -43 -61 -78 -78 -45 -49 -65 -62 -55 -46 -39 -30 -30 -29 -23 -19 -47
DST0004*17  X220   0 -20 -23 -24 -17 -13 -20 -17 -26 -28 -20 -19 -18 -24 -27 -27 -28 -30 -30 -29 -22 -22 -25 -27 -26 -23
DST0004*18  X220   0 -23 -21 -20 -18 -17 -14 -12 -10 -11  -7  -2   0  -2  -1   0   0  -1   0   2  -2  -1  -6 -10  -7  -8
DST0004*19  X220   0 -12 -13  -5 -10 -13 -12  -9  -4  -7   2   5   1  -5  -6  -9 -10  -5  -5  -5  -8  -8  -8  -8  -7  -7
DST0004*20  X220   0  -9 -24 -25 -22 -21 -17 -19 -17 -15 -10  -6  -8 -12  -9  -7  -6  -9 -12 -11  -5  -6 -12 -15 -13 -13
DST0004*21  X220   0 -11 -13 -15 -12  -9  -8  -5  -1   2   2  -9  -9  -2  -2  -2  -3  -4  -1   2   3   3   2   4   5  -3
DST0004*22  X220   0   2   0   0   3   6   4  -1  -3  -4  -4   0   4   3   0   1   2   1   4   3  -2  -3  -1  -1   0   1
DST0004*23  X220   0  -1  -2   1   5   7   9  10   9   1   2   3   2  -2  -6  -7  -8  -5  -1   0   6   8   8   8   6   2
DST0004*24  X220   0   5   0  -1   2  14   2 -12 -16 -15  -3   1 -15 -25 -51 -60 -50 -49 -51 -52 -49 -47 -46 -44 -44 -25
DST0004*25  X220   0 -42 -39 -38 -35 -32 -32 -31 -28 -25 -23 -24 -23 -21 -20 -17 -18 -20 -22 -23 -23 -15 -15 -14 -12 -25
DST0004*26  X220   0 -14 -18 -18 -15 -11  -7  -7  -5  -4  -7  -8  -7  -5  -5  -3  -3  -4  -3  -2   0   1   2   2   4  -6
DST0004*27  X220   0   8  12  10   1   6  10  14   9  14   6  -2  -4 -12 -16 -22 -26 -27 -17 -12  -3  -9  -8 -10 -14  -4
DST0004*28  X220   0 -20 -28 -31 -32 -30 -28 -25 -22 -23 -22 -25 -22 -21 -21 -19 -19 -24 -22 -26 -26 -21 -19 -18 -21 -24
DST0004*29  X220   0 -17 -12 -14 -16 -12  -7  -7  -5  -8  -7  -3  -5 -10  -7  -7 -11  -7  -5  -9 -11 -11  -8 -11 -20 -10
DST0004*30  X220   0 -22 -19 -23 -31 -23 -19 -16 -13 -12 -11  -7  -4  -5  -8  -9 -13 -16 -16 -21 -19 -19 -21 -12  -7 -15

