DST0006*01  X220   0 -14 -11 -10 -14 -12 -16 -17 -18 -23 -18 -16 -18 -19 -18 -14 -12 -15 -14 -12 -10  -8  -4  -5  -5 -13
DST0006*02  X220   0  -6 -10 -10  -5  -2  -2  -7 -10 -13 -10  -8  -7  -8  -4  -1   2   2  -1  -2  -2   2   2   2   2  -4
DST0006*03  X220   0   2  -4 -11 -13  -8  -5  -3  -5  -9   0  -4  -5 -12  -9  -4  -9 -14 -19 -18 -21 -17 -16 -17 -14 -10
DST0006*04  X220   0 -12 -11 -11 -11  -9  -8 -10 -10 -13  -9  -9 -10  -9  -7  -4   8   6   5   7   3  -7  -6  -8 -21  -7
DST0006*05  X220   0 -29 -33 -28 -26 -29 -18   4  -4  -6 -24 -30 -34 -28 -14  -1   4   1  -3 -13 -15  -6   9  20   6 -12
DST0006*06  X220   0   4  -7 -11  -7 -12  -5  -3   6   7   1   6   2  -2   3   7   7  -6 -13 -10  -8  -4  -3  -3  -2  -2
DST0006*07  X220   0  -4 -10  -9  -4   0   3   2  -2  -7  -3   2   3   2   5   5   2   2   1   4   5   2  -4 -13 -12  -1
DST0006*08  X220   0  -1  -1  -3 -10 -16 -23 -21 -24 -28  11  -5   2   3   7  -7  -1 -29 -70 -85 -90 -87 -81 -61 -54 -28
DST0006*09  X220   0 -55 -56 -52 -45 -41 -38 -35 -36 -37 -34 -34 -37 -31 -27 -26 -28 -31 -32 -32 -32 -28 -25 -20 -14 -34
DST0006*10  X220   0 -22 -33 -35 -33 -39 -37 -44 -52 -50 -47 -43 -43 -40 -42 -46 -49 -48 -48 -49 -48 -41 -37 -30 -24 -41
DST0006*11  X220   0 -26 -28 -31 -33 -31 -25 -25 -24 -16 -10 -27 -34 -33 -32 -33 -33 -36 -24 -15 -25 -33 -34 -30 -24 -28
DST0006*12  X220   0 -22 -22 -19 -15 -18 -17 -13 -15 -24 -21 -23 -21 -20 -19 -20 -19 -25 -32 -33 -24 -17 -18  -7  -4 -20
DST0006*13  X220   0  -2   0  -2   0  -7 -16 -18 -24 -26 -22 -28 -32 -37 -28 -26 -26 -25 -20 -11  -6  -4  -4  -8 -17 -16
DST0006*14  X220   0 -26 -19  -8  -1   3   1   0  -6 -19 -18  -8   1   7  -3  12   8  17  24  16  25  26  29  25  16   4
DST0006*15  X220   0  -4 -11  -6  -3  -9 -12  -8 -10  -6  -3  -6  -7 -13 -17 -16 -17 -18 -26 -23 -18 -16 -24 -23 -19 -13
DST0006*16  X220   0 -18 -17 -11  -6  -7  -9 -10 -10  -9  -9  -9  -5  -5  -3  -1  -2  -2   0   1   0  -4  -5  -4  -2  -6
DST0006*17  X220   0   0   2   2   4   6   7   7   6   6   7   8   5   2  -2   2   5   4   7  12  14  16  14  11  12   7
DST0006*18  X220   0   9   7   7  10   9   6   4   4   4   4   0   0   4   5   2  -6 -11 -12  -8  -2  -5 -10  -9  -5   0
DST0006*19  X220   0  -1  -3  -5  -4  -5  -4  -3  -2  -2   1   1   1  -1  -1   4   5   6   7  12  18  16  15  17  14   4
DST0006*20  X220   0   6   7  10  16  17  20  21  19  13   9   3  -2  -1  -3  -6  -5  -5  -3  -2  -1   0   1   4   4   5
DST0006*21  X220   0   0  -2  -2  -2  -2  -3  -3  -2   1   2   1   2   4   6   9   6   4   6   8   8  15  18   7  -5   3
DST0006*22  X220   0  -6  -4  -2   7   8   8   7   8  10  16  21  15  20  18  21  21  16  14  19  20  14  10  14  16  12
DST0006*23  X220   0  16  15  11   8   9  -1   2   7  10   9  11   8   6  30  13  11  13  17   3 -18 -25 -22 -21 -23   4
DST0006*24  X220   0 -23 -14  -6  -9  -1 -10 -31 -34 -33 -30 -28 -30 -28 -24 -18 -19 -21 -22 -19 -18 -14 -11 -12 -14 -20
DST0006*25  X220   0 -14 -13 -10  -9  -9  -9  -8  -6  -5  -5  -6  -5  -5  -5  -5  -6  -6  -5  -6  -5  -1   3   1  -2  -6
DST0006*26  X220   0  -1   8   5  -4 -11 -16 -16 -14 -27 -39 -48 -53 -38 -41 -42 -56 -67 -75 -72 -69 -47 -48 -51 -48 -36
DST0006*27  X220   0 -53 -47 -39 -43 -40 -40 -34 -31 -26 -28 -32 -33 -32 -27 -24 -27 -29 -29 -30 -22 -14 -14 -21 -21 -31
DST0006*28  X220   0 -28 -34 -32 -30 -31 -28 -24 -22 -19 -16 -14 -13 -11 -11 -12 -12 -16 -17 -14 -14 -19 -25 -23 -21 -20
DST0006*29  X220   0 -24 -25 -29 -31 -36 -39 -33 -26 -25 -22 -21 -25 -29 -29 -28 -24 -23 -19 -12 -10  -9 -11 -13 -13 -23
DST0006*30  X220   0 -13 -12 -10  -9 -10  -9  -7  -5  -3   0  -1  -1   0   0  -2  -5  -6  -6  -6  -8  -9  -7  -7  -5  -6

