DST0507*01  X220   0   8   4  -2  -5  -2   0   2   3   9  16  20  18  14  12  27  23  11   6   8  -2  -9  -8  -6 -11   6
DST0507*02  X220   0 -10 -14 -12 -13 -12  -9  -9  -6  -8  -7  -7  -8  -6  -5  -4  -4  -8  -7  -9  -9  -9 -12 -12 -15  -9
DST0507*03  X220   0 -15 -16 -12 -12 -11  -9  -5  -3 -10 -12  -9  -2   3   0  -5  -6  -6  -3  -1   0   1   3   4   5  -5
DST0507*04  X220   0   3  -3  -5  -5  -3  -3  -3  -4  -2  -3  -1  -3  -2   0   0  -1  -2   2   3   2   2   0   3   4  -1
DST0507*05  X220   0   4   6   7   7   6   4   5   2   0  -3  -3  -2   1   1   3   3   2   2   1   3   5   7   7   8   3
DST0507*06  X220   0   5   3   3   2   2   3   5   7   9  10  10   9   9  12  12  10   7   7   7   7   6   5   3   9   7
DST0507*07  X220   0  10   7   7   6   6   9   9  11   9  10   8   3   5   8   8   5   1   2   2  -1  -2  -2   1  -1   5
DST0507*08  X220   0  -3  -4  -1   9   9   9  11  12  13  14  14  15  15  16  17  17  18  15  17  15  13  13  12   8  11
DST0507*09  X220   0   6   4  14  19  26  20  10   2  -7 -18 -28 -24 -28 -37 -43 -46 -49 -49 -54 -53 -55 -51 -47 -47 -22
DST0507*10  X220   0 -50 -45 -39 -34 -31 -21 -22 -23 -10  -1   7  10 -48 -63 -62 -57 -62 -51 -55 -73 -92 -89 -65 -62 -43
DST0507*11  X220   0 -70 -74 -75 -65 -58 -58 -57 -40 -25 -18 -18 -27 -33 -30 -35 -41 -45 -45 -51 -54 -46 -39 -37 -44 -45
DST0507*12  X220   0 -47 -53 -60 -67 -72 -78 -75 -67 -51 -44 -44 -53 -50 -46 -46 -50 -48 -48 -46 -45 -44 -37 -30 -25 -51
DST0507*13  X220   0 -26 -28 -27 -29 -28 -11  -8 -14 -28 -37 -43 -47 -34 -36 -38 -44 -48 -46 -40 -39 -34 -33 -28 -25 -32
DST0507*14  X220   0 -25 -27 -29 -31 -33 -32 -26 -25 -28 -29 -27 -27 -28 -29 -29 -30 -32 -30 -28 -26 -23 -17 -13 -14 -27
DST0507*15  X220   0 -18 -21 -23 -18 -17 -16 -15 -15 -14 -12 -12 -13 -14 -16 -18 -17 -20 -18 -14 -17 -13 -10 -11 -13 -16
DST0507*16  X220   0 -12 -11  -7  -8 -16 -17 -21 -21 -14  -9  -5  -4  -3  -6  -9 -12 -16  -4   1   0  -1   3   7   4  -8
DST0507*17  X220   0  -3  -2   8   6  10  13   7   1  -2 -21 -34 -30 -17 -10 -18 -27 -25 -12 -15 -12  -9  -5  -8 -14  -9
DST0507*18  X220   0 -28 -39 -49 -58 -58 -61 -67 -56 -56 -51 -45 -39 -35 -29 -29 -25 -23 -22 -23 -28 -32 -29 -23 -26 -39
DST0507*19  X220   0 -26 -28 -28 -30 -28 -28 -24 -20 -18 -16 -13 -12 -13 -15 -17 -17 -15 -15 -16 -17 -19 -22 -19 -15 -20
DST0507*20  X220   0 -18 -13  -8  -4  -9 -16 -13  -5  -2   1   3   4 -15 -24 -18 -18 -21 -23 -30 -29 -23 -16  -9  -5 -13
DST0507*21  X220   0 -26 -41 -42 -32 -33 -26 -30 -26 -31 -23 -19 -16 -14 -16 -19 -23 -24 -32 -31 -34 -31 -27 -24 -23 -27
DST0507*22  X220   0 -23 -18 -15 -16 -18 -20 -21 -16 -14 -12 -11 -10  -7 -12 -23 -26 -25 -22 -21 -24 -18 -15 -12 -11 -17
DST0507*23  X220   0 -12 -15 -19 -20 -20 -20 -18 -17 -20 -19 -15 -13 -15 -19 -21 -21 -21 -18 -15 -13 -10  -7  -8  -7 -16
DST0507*24  X220   0  -5  -5  -6  -5  -6  -5  -7  -6  -7  -6  -4  -1  -2  -3  -4  -1   1   1  -2  -1   2   3   0  -3  -3
DST0507*25  X220   0   0   2   1   1   1   3   3   1   1   1   0  -2  -3  -4  -2   2   2   7   9  10  10  10   4   7   3
DST0507*26  X220   0   3   0  -6  -9  -8  -7  -6  -8  -7  -5  -1   1   1   3   5   7   7   6   6   7   9  12  12  10   1
DST0507*27  X220   0   2   1   0  -5  -7  -7  -5  -3  -6  -7  -7  -5  -3   0  -1  -4  -7  -7  -3   3   5   5  10   6  -2
DST0507*28  X220   0  -6  -7  -5 -15 -29 -41 -35 -31 -29 -31 -34 -29 -21 -25 -32 -26 -25 -27 -31 -27 -27 -22 -11  -9 -24
DST0507*29  X220   0 -16 -18 -16 -11  -5 -12  -9  -4  -1  -1  -2  -6  -7  -3  -7  -9 -13 -16 -18 -18 -14 -14 -16 -12 -10
DST0507*30  X220   0 -16 -21 -14 -19 -19 -18 -13 -13 -20 -18 -14 -11 -12 -12 -13 -13 -11 -10 -10  -8  -3   2   3  -3 -12
DST0507*31  X220   0  -6  -5  -3  -1  -5  -7  -9  -9  -6  -5  -4  -1  -2  -6  -9  -5  -4  -6  -8  -9  -8  -6  -5 -18  -6
