DST0501*01  X220   0  -5  -4  -5  -6  -5 -13 -22 -20 -17 -13 -11  -3  -2   2   4   0  -5  -7 -22 -45 -43 -30 -17 -26 -13
DST0501*02  X220   0 -29 -36 -32 -33 -34 -28 -31 -40 -42 -50 -45 -36 -35 -33 -34 -32 -40 -48 -45 -41 -37 -50 -39 -37 -38
DST0501*03  X220   0 -36 -32 -29 -32 -37 -43 -41 -42 -41 -38 -46 -42 -39 -40 -45 -40 -36 -37 -30 -28 -28 -23 -20 -16 -35
DST0501*04  X220   0 -19 -22 -24 -26 -24 -19 -22 -25 -32 -28 -25 -25 -22 -23 -24 -26 -26 -29 -31 -31 -30 -28 -25 -24 -25
DST0501*05  X220   0 -26 -27 -26 -23 -25 -28 -30 -29 -29 -31 -31 -29 -33 -31 -32 -32 -32 -31 -29 -27 -27 -23 -22 -19 -28
DST0501*06  X220   0 -16 -13 -11 -11 -12 -13 -15 -17 -19 -17 -16 -12 -11 -13 -14 -15 -15 -14 -14 -15 -15 -13  -8 -11 -14
DST0501*07  X220   0 -10 -10  -9 -11 -11  -9  -8  -9  -8  -5  -1  -5   1   3   2 -13 -31 -22 -34 -32 -24 -22 -42 -71 -16
DST0501*08  X220   0 -84 -78 -93 -82 -67 -60 -63 -66 -59 -59 -62 -51 -42 -46 -45 -47 -45 -38 -43 -43 -42 -36 -35 -35 -55
DST0501*09  X220   0 -28 -26 -28 -28 -30 -30 -32 -31 -26 -24 -18 -25 -26 -26 -23 -23 -23 -22 -20 -16 -15 -15 -13 -15 -23
DST0501*10  X220   0 -15 -10  -8  -6  -6 -10 -12 -17 -18 -18 -18 -14 -14 -16 -18 -19 -23 -25 -22 -23 -24 -18 -18 -16 -16
DST0501*11  X220   0 -18 -17 -17 -16 -22 -27 -32 -32 -33 -30 -32 -25 -20 -22 -26 -26 -13  -1   0   2   3   1  -8 -18 -18
DST0501*12  X220   0 -12  -1   2 -29 -41 -35 -39 -49 -47 -47 -50 -43 -42 -39 -36 -40 -36 -36 -40 -43 -46 -34 -28 -31 -35
DST0501*13  X220   0 -30 -24 -20 -21 -23 -22 -25 -27 -29 -31 -29 -20 -18 -18 -17 -19 -23 -25 -23 -23 -25 -28 -24 -23 -24
DST0501*14  X220   0 -22 -21 -18 -13 -14 -17 -22 -24 -27 -30 -30 -26 -21 -18 -16 -13 -12 -11 -10 -11 -18 -28 -32 -32 -20
DST0501*15  X220   0 -30 -28 -25 -27 -26 -30 -25 -31 -32 -33 -33 -36 -34 -31 -28 -24 -24 -24 -24 -27 -25 -22 -18 -17 -27
DST0501*16  X220   0 -16 -16 -16 -17 -16 -14 -16 -14 -15 -17 -10 -16 -15   1  -1  10   0  -4  -6  -2   6   2 -12 -18  -9
DST0501*17  X220   0 -36 -48 -63 -65 -59 -52 -48 -43 -34 -34 -37 -41 -31 -30  -4  -4 -36 -52 -45 -31 -33 -28 -24 -18 -37
DST0501*18  X220   0 -66 -70 -62 -63 -74 -67 -55 -82-103 -86 -78 -67 -61 -72 -76 -67 -61 -56 -50 -27 -42 -53 -67 -60 -65
DST0501*19  X220   0 -52 -51 -55 -60 -51 -57 -66 -62 -53 -70 -80 -71 -75 -75 -80 -79 -78 -71 -66 -59 -57 -55 -55 -58 -64
DST0501*20  X220   0 -53 -48 -48 -48 -50 -48 -47 -43 -40 -41 -42 -36 -42 -37 -29 -37 -41 -43 -39 -37 -35 -32 -33 -32 -41
DST0501*21  X220   0 -31 -27 -28 -30 -29 -33 -39 -35 -31 -29 -26 -26 -27 -28 -26 -27 -22  23  20  21 -25 -81 -89 -82 -29
DST0501*22  X220   0 -84 -89 -91 -81 -78 -97 -97 -89 -88 -79 -78 -77 -74 -70 -66 -65 -60 -56 -54 -57 -53 -51 -54 -52 -73
DST0501*23  X220   0 -50 -47 -44 -43 -45 -44 -43 -48 -49 -46 -40 -40 -35 -32 -32 -32 -36 -32 -34 -39 -36 -35 -37 -41 -40
DST0501*24  X220   0 -39 -32 -28 -26 -25 -24 -22 -24 -24 -24 -26 -29 -31 -30 -28 -26 -26 -24 -21 -21 -23 -24 -21 -23 -26
DST0501*25  X220   0 -25 -23 -21 -21 -21 -19 -16 -14 -15 -19 -18 -17 -16 -15 -17 -21 -22 -21 -22 -25 -24 -19 -20 -21 -20
DST0501*26  X220   0 -18 -18 -18 -16 -12 -12 -14 -13 -11 -13 -14 -15 -18 -17 -16 -15 -13 -12 -10  -7  -7 -12 -14 -14 -14
DST0501*27  X220   0 -12 -11  -9 -10 -11  -8  -6  -1   0   0  -1   0   1   1   3   6   6   5   7  10  10   7   7   9   0
DST0501*28  X220   0  -1  -5  -6  -7  -5  -3  -1   1   1  -1  -2  -1  -2  -3  -4  -2  -3   0   3   0  -8  -9  -6  -2  -3
DST0501*29  X220   0  -3  -6   2   3   3  -1  -5   2   4   1 -12 -12  -5   3  -4 -11  -6  -5  -9 -16 -18 -17 -19 -27  -7
DST0501*30  X220   0 -23 -21 -16 -17 -22 -19 -16 -18 -16 -16 -11 -13 -15 -15 -18 -15 -15 -18 -17 -13 -13 -16 -16 -17 -17
DST0501*31  X220   0 -16 -14  -9  -9  -7  -5  -8 -16 -14 -12  -7  -8 -20 -27 -22 -25 -27 -27 -28 -27 -24 -21 -21 -21 -17
