DST0510*01  X220   0 -10 -11 -14 -15 -14 -11 -19 -22 -23 -27 -27 -29 -28 -27 -24 -23 -22 -20 -18 -16 -17 -21 -20 -23 -20
DST0510*02  X220   0 -27 -28 -27 -27 -27 -23 -23 -21 -17 -18 -17 -15 -19 -21 -20 -26 -26 -22 -17 -14 -15 -17 -20 -22 -21
DST0510*03  X220   0 -25 -25 -23 -22 -22 -20 -22 -17 -17 -19 -19 -18 -13 -12 -13 -12 -13 -11 -10 -10 -11  -9 -10 -11 -16
DST0510*04  X220   0 -11 -11 -12 -10  -8  -8 -10  -8  -9 -10  -8 -11 -12 -11 -12 -14 -15 -14 -12  -9 -10 -11 -10 -10 -11
DST0510*05  X220   0  -9  -9 -10 -13 -16 -14 -13  -9  -8  -7 -10  -6  -8  -9 -10  -8  -8  -9 -10  -8  -9  -9  -8 -10 -10
DST0510*06  X220   0 -12 -13 -10  -8  -6  -7 -11 -11 -10  -9  -9  -8  -8 -10  -9  -7  -8  -8  -7  -6  -3  -2  -1  -1  -8
DST0510*07  X220   0   0   2   4   5  10  12   9   4   1  -1   0   4   1  -4  -4  -2   2   0   1  -1  -2 -29 -42 -27  -2
DST0510*08  X220   0 -19 -17 -13 -23 -21 -31 -35 -50 -46 -40 -36 -29 -29 -27 -25 -27 -26 -21 -20 -18 -21 -20 -19 -12 -26
DST0510*09  X220   0  -9 -15 -17 -17 -17 -15 -14 -14 -16 -15 -14 -15  -9 -10 -12 -13 -12 -10 -12 -13 -10 -10 -12 -12 -13
DST0510*10  X220   0  -9 -10 -12 -12  -9 -11 -16 -19 -19 -10 -12 -10 -10  -8 -10 -10 -10 -12 -13 -13 -12 -13 -16 -22 -12
DST0510*11  X220   0 -23 -20 -20 -19 -19 -17 -16 -15 -12 -10 -11 -11 -12 -14 -14 -15 -21 -20 -17 -12 -18 -18 -14 -14 -16
DST0510*12  X220   0 -14 -12 -12 -13 -12 -12 -11 -11 -10  -9  -7  -6  -9 -10 -10  -9  -6  -5  -4  -4  -5  -5  -5  -7  -9
DST0510*13  X220   0  -6  -6  -7  -8  -7  -7  -5  -5  -3  -2  -1   1   0  -2  -3  -4  -4  -7 -10  -9 -11 -11 -13 -15  -6
DST0510*14  X220   0 -16 -17 -16 -15 -14 -10  -5  -3  -4  -4  -2  -2  -4  -2   0   1   1  -1  -1  -1  -1  -3  -3  -2  -5
DST0510*15  X220   0   0   3   3   4   3   2  -3  -1  -2  -4  -4  -1   0   0   0   0  -2  -4  -4  -1   1   3   3   4   0
DST0510*16  X220   0   4   0  -4 -11 -12 -12 -17 -20 -21 -19 -20 -22 -24 -23 -21 -21 -23 -22 -19 -16 -15 -13 -11 -25 -16
DST0510*17  X220   0 -23 -14 -11 -19 -29 -31 -31 -36 -36 -32 -27 -22 -26 -31 -29 -24 -23 -21 -19 -19 -20 -17 -14 -12 -24
DST0510*18  X220   0 -10 -11 -14 -18 -20 -17 -19 -19 -20 -15 -13 -12 -15 -13  -9 -10 -11 -11 -11 -12 -15 -16 -14 -14 -14
DST0510*19  X220   0 -13 -14 -17 -21 -24 -22 -22 -24 -26 -27 -22 -19 -20 -22 -17 -15 -16 -15 -18 -15 -14 -18 -19 -20 -19
DST0510*20  X220   0 -18 -17 -18 -18 -16 -15 -12 -11 -12 -10  -9 -10  -9  -8  -6  -6  -5  -6  -7  -7  -6  -5  -5  -6 -10
DST0510*21  X220   0  -4  -3  -2  -1  -1   0   0   2   3   7   9   8   6   5   5   5   5   5   6   7  11  21  28  29   6
DST0510*22  X220   0  20  13   3   3   1   0  -2  -5  -8  -8 -10 -12 -12  -8  -5  -3  -3  -2  -1  -2  -1   2   1  -1  -2
DST0510*23  X220   0   0  -1   2   5   5   5   4   3   6   6   4   3   3   2   1  -3  -2  -1   0  -1  -1   0   2   2   2
DST0510*24  X220   0   2   4   6   8  10   9   8   8   9   6   3   1  -4  -6  -6  -9  -6  -1   0  -4  -1   1   6  21   3
DST0510*25  X220   0  28  22  12  17   5  -3 -21 -24 -33 -28 -28 -27 -24 -23 -22 -26 -24 -26 -29 -29 -35 -37 -28 -18 -17
DST0510*26  X220   0 -17 -20 -18 -17 -21 -26 -29 -27 -25 -21 -20 -19 -19 -17 -12 -12 -10 -11 -12 -20 -21 -17 -14 -14 -18
DST0510*27  X220   0 -15 -19 -18 -15 -14 -14 -12 -11  -6  -3  -8  -8  -7  -3  -8 -13 -18 -17 -14 -14 -14 -14 -14 -13 -12
DST0510*28  X220   0 -12  -9  -9 -10  -9  -7  -7  -8 -10 -13 -15 -13 -11 -13 -15 -16 -16 -14 -12 -11 -13 -11  -9  -6 -11
DST0510*29  X220   0  -6  -5  -4  -6  -6  -7  -6  -2  -2  -1   0  -2  -2  -2   1  -1  -2  -5  -7  -9  -9  -6  -4  -3  -4
DST0510*30  X220   0  -4  -5  -7  -8  -4   2   6   7   7   6   5  -2  -2  -2  -3  -3  -6  -7  -9 -10 -11  -9 -11  -9  -3
DST0510*31  X220   0  -7  -6  -6   1   5   6   7   8   5   0  -5 -13 -22 -23 -31 -39 -46 -53 -62 -71 -74 -64 -58 -55 -25
