DST0503*01  X220   0   0   9  13   8   5   6  -1  -3  -8  -6  -5  -7  -4  -3  -4  -7  -5   1   6   5   1   0  -5  -8  -1
DST0503*02  X220   0  -9  -7  -4  -5  -6  -5  -5  -4  -6  -7  -9  -7 -11 -11 -10 -12 -13  -7  -1   2   1   0   1   0  -6
DST0503*03  X220   0  -2  -1   2   3   1   0   1   2   2   3   2   0   2   3   3   1   0   1   0   2   2   3   4   2   2
DST0503*04  X220   0   2   4   3   2   2   0   1   1   3   5   6   6   3  -1   1   1   1   6   7   8   9  12  15  15   5
DST0503*05  X220   0  15  13  13  10  10   5  -2  -4  -1   7   9   5   4   3   0   2   0  -4  -9 -16 -21 -29 -24 -20  -1
DST0503*06  X220   0 -18 -13 -23 -26 -15 -11 -18 -23 -29 -27 -18 -14 -14  -9 -19 -44 -49 -43 -37 -37 -34 -35 -38 -48 -27
DST0503*07  X220   0 -54 -52 -42 -41 -38 -37 -39 -39 -36 -28 -25 -29 -24 -21 -30 -25 -19 -20 -19 -30 -30 -26 -31 -37 -32
DST0503*08  X220   0 -33 -33 -30 -30 -32 -32 -40 -47 -44 -35 -28 -27 -28 -23 -23 -23 -22 -20 -19 -21 -27 -26 -27 -21 -29
DST0503*09  X220   0 -19 -20 -24 -23 -18 -25 -25 -28 -27 -28 -26 -25 -20 -22 -24 -29 -26 -21 -19 -24 -28 -28 -25 -24 -24
DST0503*10  X220   0 -32 -40 -39 -28 -21 -21 -30 -31 -27 -26 -25 -26 -26 -24 -24 -23 -20 -18 -15 -15 -15 -15 -16 -18 -24
DST0503*11  X220   0 -15 -15 -19 -19 -16 -17 -20 -20 -16 -15 -14 -11  -9  -9 -12 -14 -12  -9  -6  -4  -3  -3  -4  -5 -12
DST0503*12  X220   0  -2  -1  -6  -9  -8  -9  -9  -9 -11 -10  -9  -8  -6  -5  -6  -6  -6  -4  -3  -2  -2  -3  -5  -7  -6
DST0503*13  X220   0  -7  -7  -3   0   3   3   1  -1  -1  -1  -1  -3  -4  -5  -4  -6  -1   2   1   3  -1  -8 -17 -23  -3
DST0503*14  X220   0 -22 -20 -12 -17 -23 -28 -17 -15 -15 -16 -13 -11 -24 -24 -25 -19 -18 -23 -25 -22 -17 -16 -19 -20 -19
DST0503*15  X220   0 -18 -15 -13 -11 -10 -10  -9  -8 -10 -12 -12 -10  -9  -7  -6  -4  -2   0   0  -2  -2  -4  -6  -9  -8
DST0503*16  X220   0  -6  -5  -1   2   3   5   6  10  10   9   7   8   5   6  -1  -5  -6  -5  -3  -4  -7 -11 -12 -13   0
DST0503*17  X220   0 -17 -19 -19 -18 -25 -27 -24 -26 -24 -23 -18 -20 -19 -14 -11  -8  -9 -19 -15 -12 -11 -12 -12 -11 -17
DST0503*18  X220   0 -10  -9  -7  -4  -3  -2  -2  -3  -8 -11  -9  -3   2   4   6   5   4  -5 -18 -32 -33 -31 -30 -34 -10
DST0503*19  X220   0 -33 -31 -28 -15 -16 -22 -25 -23 -21 -24 -26 -25 -26 -25 -23 -21 -17 -15 -14 -13 -11  -9  -9  -8 -20
DST0503*20  X220   0  -6  -9  -9  -7  -7  -8  -8  -6  -8 -12 -13 -14 -16 -15 -15 -14 -14 -15 -16 -16 -15 -16 -17 -19 -12
DST0503*21  X220   0 -19 -18 -18 -15 -14 -13 -13 -11 -10 -11 -10 -14 -19 -16 -10  -9 -10  -9 -11 -12 -15 -17 -13 -12 -13
DST0503*22  X220   0 -12 -13 -12  -8  -3  -2  -1  -1  -2  -2  -1   1   2   3   4   5   7   7   5   5   4   2   1  -1  -1
DST0503*23  X220   0   3   5   4   5   5   6  11  11  13  14  10  12  14  15  15  14  11   8   8   2   1   4   5   5   8
DST0503*24  X220   0   8   7   8   7   7   7   7   9   9   7   4   8  15  17   4   8   9  11  12  11   6   4  10  11   9
DST0503*25  X220   0  10  11   9  11   5 -13 -24 -25 -21 -19 -14  -3   0   0  -6  -5  -4  -8 -16 -16 -15 -16 -17 -19  -8
DST0503*26  X220   0 -13  -8  -5  -7  -7 -12 -16 -14  -9  -2  -1  -3  -7  -7  -9  -9  -9  -9  -5  -8  -7  -2   1   0  -7
DST0503*27  X220   0   0  -2  -2  -1   0  -4  -7 -11  -9 -10  -9  -6  -3  -9  -8  -6 -11 -13 -18 -20 -16 -17 -20 -21  -9
DST0503*28  X220   0 -18 -15 -10 -11 -11 -11 -10  -9  -9 -10  -9  -5  -3  -3  -4  -4  -5  -3  -4  -4  -4  -6  -7  -4  -7
DST0503*29  X220   0   2   3   5   6   6   5   4   3   4   2   1   3   6   8   9   9  10  12  11  10   9   6   1  -3   6
DST0503*30  X220   0  -3   0  -3  -2  -2  -7  -9 -10  -9 -15 -19 -14 -11 -10  -9 -12 -13 -14 -10  -8  -6  -5  -6  -5  -8
DST0503*31  X220   0  -3  -3  -4  -1  11  15  17  11   3   3   4   6   8   6   7   7   4   0  -5  -8  -6  -4  -2  -1   3
