DST0506*01  X220   0 -33 -34 -33 -31 -35 -33 -34 -36 -33 -29 -29 -29 -28 -24 -24 -25 -26 -30 -30 -29 -27 -27 -24 -23 -29
DST0506*02  X220   0 -23 -22 -22 -21 -19 -17 -17 -19 -18 -17 -16 -18 -13  -8  -4  -7  -5  -8 -10 -11 -16 -16 -23 -26 -16
DST0506*03  X220   0 -22 -19 -16 -17 -17 -18 -21 -19 -18 -13 -11 -13 -15 -14 -13 -15 -14 -16 -17 -15 -11 -11  -8  -5 -15
DST0506*04  X220   0  -4  -4  -5  -5  -6  -4  -4  -3  -2  -1  -1   3  18  33  27  17   6 -11 -18 -21 -30 -25 -28 -27  -4
DST0506*05  X220   0 -28 -26 -25 -28 -25 -25 -33 -33 -32 -32 -33 -30 -28 -26 -25 -26 -28 -30 -30 -27 -29 -28 -25 -32 -29
DST0506*06  X220   0 -26 -20 -18 -18 -18 -19 -24 -25 -25 -22 -20 -21 -23 -22 -19 -18 -19 -20 -19 -21 -22 -29 -29 -30 -22
DST0506*07  X220   0 -30 -32 -40 -40 -40 -43 -37 -31 -26 -23 -22 -23 -20 -21 -19 -20 -21 -21 -21 -21 -19 -24 -25 -24 -27
DST0506*08  X220   0 -27 -23 -19 -19 -17 -13 -14 -19 -21 -19 -17 -17 -13 -11  -9  -9 -12 -12 -14 -13  -9  -6  -7  -8 -15
DST0506*09  X220   0 -10 -10  -9  -9  -5  -2  -4  -6  -7  -6  -6  -6  -7  -7  -6  -8 -10 -10  -8 -10  -9  -8  -9 -11  -8
DST0506*10  X220   0 -11 -13 -10  -7  -4  -1  -2  -4  -4  -4  -2  -1  -1  -3  -4  -3  -4  -6  -7  -7  -7 -10 -11 -10  -6
DST0506*11  X220   0  -8  -7  -5  -2   0   3   5   1   0   2   5   4   4   8   8   5   1  -1   1   2   4   1  -1   0   1
DST0506*12  X220   0   7  13  11   8   9   9   4   7  20  17  15   7   7  11   3   5  13  14 -24 -56 -86 -96-103-100 -12
DST0506*13  X220   0-106 -99 -86 -86 -84 -68 -63 -58 -55 -59 -63 -61 -55 -53 -50 -50 -48 -50 -52 -48 -42 -37 -34 -32 -60
DST0506*14  X220   0 -28 -30 -27 -26 -27 -24 -23 -23 -21 -21 -24 -25 -22 -19 -15 -15 -17 -17  -6  -7 -16 -23 -14  -7 -20
DST0506*15  X220   0  -7  -9  -3  -7 -22 -14 -18 -34 -32 -36 -37 -39 -42 -41 -36 -31 -26 -24 -23 -22 -21 -20 -14  -8 -24
DST0506*16  X220   0  -7  -7  -9  -9  -8  -4   2   9   8   6 -22 -30 -27 -18 -15 -25 -30 -21 -22 -25 -25 -18 -16 -14 -14
DST0506*17  X220   0 -20 -33 -39 -39 -40 -33 -29 -26 -25 -25 -25 -29 -32 -28 -21 -22 -26 -24 -26 -26 -24 -24 -22 -18 -27
DST0506*18  X220   0 -16 -16 -13 -12 -13 -11 -12 -17 -17 -14 -15 -16 -16 -16 -15 -15 -18 -21 -21 -23 -22 -20 -15 -12 -16
DST0506*19  X220   0 -11 -11 -10 -12 -15 -16 -14 -12 -11 -10 -11 -15 -17 -14  -9 -10 -14 -13 -15 -14 -12  -9  -8  -5 -12
DST0506*20  X220   0  -3  -6  -7  -8  -7  -3  -2  -2  -3  -5  -4  -7  -6  -4  -4  -5  -5  -4  -5  -4  -5  -5  -6  -3  -5
DST0506*21  X220   0   0   1  -1  -2  -3  -4  -3  -3  -4  -4  -4  -3  -3  -1   0  -2  -2  -3  -2   1   8  13  16  18   1
DST0506*22  X220   0  23  23  17  18  14  11  10   9   9  11  14   9   7   9  12  11   9   8   7   7   5   0  -3   0  10
DST0506*23  X220   0  -5 -14 -16 -24 -29 -25 -34 -45 -53 -68 -85 -67 -65 -71 -63 -57 -51 -51 -56 -51 -47 -42 -39 -42 -46
DST0506*24  X220   0 -43 -49 -52 -48 -44 -41 -36 -35 -34 -29 -27 -22 -17 -17 -23 -27 -30 -31 -30 -28 -26 -24 -22 -23 -32
DST0506*25  X220   0 -27 -30 -35 -36 -24 -22 -21 -22 -21 -20 -19 -18 -16 -10  -6  -6 -10 -14 -13 -18 -21 -27 -25 -19 -20
DST0506*26  X220   0 -15 -19 -23 -26 -22 -18 -18 -16 -19 -20 -18 -15 -14 -14 -16 -18 -20 -21 -21 -19 -16 -14 -14 -15 -18
DST0506*27  X220   0 -14 -14 -15 -13 -12 -12 -10  -9  -9  -8  -7  -7  -9 -10  -5  -2   3   4   6   3  -1   3   3  -1  -6
DST0506*28  X220   0  -3  -5  -4  -4  -7  -9  -7  -6  -3  -1   0   4   2  -1  -2  -2  -1   3   4   5   6   7   7   2  -1
DST0506*29  X220   0  -4  -5  -5  -5  -4  -4  -3   2   3   1  -2  -5  -7  -8  -9  -7  -6  -3  -2  -1   2   6  10  13  -2
DST0506*30  X220   0   7   2  -2  -1   1   1   2   3   4   5   3   2   3   5   4  -1   0   0   0   1   3   8   8   9   3
