DST0611*01  X220   0 -20 -17 -19 -21 -25 -24 -22 -22 -20 -21 -18 -14 -12 -11  -9  -9 -13 -17 -15 -15 -14 -17 -19 -24 -17
DST0611*02  X220   0 -25 -26 -26 -28 -27 -27 -24 -23 -22 -23 -22 -19 -18 -17 -17 -21 -22 -26 -26 -26 -26 -23 -27 -28 -24
DST0611*03  X220   0 -24 -22 -24 -23 -22 -18 -21 -23 -25 -21 -13 -12  -7 -10 -10 -11 -12 -10  -6  -3  -3  -2  -1   1 -13
DST0611*04  X220   0   3   2  -3 -11 -13 -19 -19 -22 -17 -14 -14 -12 -11  -9  -8 -11 -15 -17 -16 -15 -16 -17 -18 -13 -13
DST0611*05  X220   0  -9  -9 -11 -10 -11 -14 -15 -14 -15 -13 -16 -20 -22 -16 -12 -13 -14 -13 -14 -17 -17 -16 -14 -12 -14
DST0611*06  X220   0  -8  -7  -7  -6  -6  -8 -11 -12 -10  -6  -5  -4  -5  -4  -3  -3  -6  -6  -6  -5  -7  -6  -4  -2  -6
DST0611*07  X220   0  -1  -2  -3  -3  -5  -7  -6  -5  -7  -8  -7  -7  -8  -8  -7  -5  -5  -4  -3  -2  -4  -3  -4  -4  -5
DST0611*08  X220   0  -5  -5  -5  -2  -1   0   0   4   5   4   4   4   4   5   6   4   3   3   4   4   4   3   1  -2   2
DST0611*09  X220   0  -3  -3  -4  -6  -5  -5  -4  -2   0   3   6   8   8  19  26  25  31  31  25   3   3  -2 -20 -46   4
DST0611*10  X220   0 -59 -63 -63 -55 -50 -53 -59 -59 -47 -39 -42 -48 -48 -42 -42 -39 -40 -34 -34 -33 -27 -27 -23 -21 -44
DST0611*11  X220   0 -25 -32 -34 -32 -31 -37 -48 -43 -32 -35 -34 -34 -28 -29 -31 -28 -27 -27 -25 -22 -21 -22 -23 -25 -30
DST0611*12  X220   0 -27 -29 -29 -30 -27 -26 -27 -27 -25 -24 -25 -21 -19 -20 -20 -19 -18 -18 -18 -18 -18 -20 -24 -25 -23
DST0611*13  X220   0 -26 -26 -27 -26 -25 -23 -22 -20 -16 -15 -15 -17 -20 -21 -19 -16 -17 -16 -16 -15 -12  -9  -9  -8 -18
DST0611*14  X220   0  -9 -12 -13 -14 -13 -12 -10  -9  -9  -9 -11 -13 -14 -12 -13 -16 -17 -18 -15 -13 -12 -14 -17 -20 -13
DST0611*15  X220   0 -19 -19 -19 -20 -19 -17 -16 -17 -14 -12 -10  -9  -9  -9 -12 -13 -17 -13  -8  -6  -7 -14 -19 -21 -14
DST0611*16  X220   0 -16 -12 -19 -25 -27 -26 -22 -24 -19 -11  -8 -11 -16 -19 -19 -19 -20 -19 -18 -13 -12 -11 -11 -13 -17
DST0611*17  X220   0 -16 -20 -25 -32 -32 -32 -33 -33 -31 -28 -24 -20 -24 -25 -31 -29 -26 -21 -19 -18 -18 -20 -19 -17 -25
DST0611*18  X220   0 -20 -20 -21 -18 -16 -14 -12 -12 -12 -13 -14 -14 -15 -18 -19 -19 -19 -20 -19 -18 -17 -18 -18 -18 -17
DST0611*19  X220   0 -18 -19 -19 -17 -18 -12 -13 -14 -14 -14  -8  -7  -7  -7  -6  -6  -9  -9 -10 -11 -12 -11  -9  -9 -12
DST0611*20  X220   0 -10  -9  -8  -6  -5  -5  -8 -10 -10 -11  -8  -8  -7  -5  -9 -10  -9  -9 -11 -12 -13 -12 -12 -10  -9
DST0611*21  X220   0  -8  -7  -8  -8  -7  -6  -6  -9  -7  -7  -9  -9  -5  -3   0   2   3   2   1   1   2   1   1   2  -4
DST0611*22  X220   0   5   5   7   7   5   4   3   3   8  10  10   8  13  13   9   8   6   7   9   4  -4 -10  -9  -6   5
DST0611*23  X220   0  -4  -6  -9  -8  -6  -7  -7  -5 -22 -30 -30 -30 -31 -31 -30 -27 -25 -24 -25 -29 -28 -22 -14 -11 -19
DST0611*24  X220   0 -15 -17 -22 -31 -29 -32 -36 -34 -37 -30 -32 -33 -29 -32 -30 -30 -28 -28 -27 -24 -22 -22 -19 -17 -27
DST0611*25  X220   0 -14 -14 -18 -21 -17 -21 -24 -22 -20 -19 -19 -16 -17 -18 -17 -18 -17 -20 -21 -25 -26 -23 -23 -25 -20
DST0611*26  X220   0 -23 -20 -19 -21 -17 -17 -19 -20 -20 -22 -25 -23 -23 -22 -21 -21 -20 -18 -17 -20 -25 -22 -22 -24 -21
DST0611*27  X220   0 -24 -24 -23 -21 -19 -18 -17 -19 -18 -20 -24 -21 -20 -19 -21 -24 -24 -23 -20 -18 -18 -17 -16 -17 -20
DST0611*28  X220   0 -18 -18 -18 -20 -20 -19 -17 -16 -16 -15 -15 -16 -18 -20 -21 -20 -21 -19 -15 -11 -12 -17 -16 -13 -17
DST0611*29  X220   0 -14 -16 -20 -16 -10 -11 -13  -7  -2   1   0  -7  -7  -6  -8  -9  -9 -10  -7  -6  -5  -5  -5 -11  -8
DST0611*30  X220   0 -15 -19 -21 -25 -30 -41 -51 -60 -66 -57 -62 -71 -71 -74 -63 -49 -48 -53 -49 -45 -43 -38 -37 -35 -47

