DST0612*01  X220   0 -33 -31 -31 -32 -32 -28 -25 -25 -24 -27 -26 -26 -26 -27 -28 -26 -25 -22 -21 -22 -19 -15 -16 -16 -25
DST0612*02  X220   0 -14 -16 -19 -19 -20 -21 -19 -18 -19 -19 -19 -17 -18 -18 -16 -16 -17 -14 -14 -14 -14 -12 -12 -11 -17
DST0612*03  X220   0 -10 -11 -15 -17 -17 -16 -17 -17 -16 -14 -12 -11 -12 -13 -15 -19 -21 -19 -18 -17 -17 -15 -13 -11 -15
DST0612*04  X220   0  -9 -10 -11 -13 -14 -13 -13 -14 -12  -9  -8  -9 -11 -14 -15 -16 -15 -14 -15 -17 -17 -18 -17 -14 -13
DST0612*05  X220   0 -13 -12 -11 -11 -12  -9  -7  -9  -7  -3   3   2   0   2   1  -5  -5  -3  -2   1   2   5   6   0  -4
DST0612*06  X220   0  -4  -6 -14 -25 -30 -26 -23 -19 -18 -21 -31 -44 -55 -48 -45 -51 -49 -41 -36 -35 -47 -38 -30 -32 -32
DST0612*07  X220   0 -34 -34 -39 -35 -33 -37 -38 -31 -30 -30 -29 -26 -31 -30 -30 -35 -37 -35 -37 -37 -40 -45 -47 -41 -35
DST0612*08  X220   0 -36 -31 -32 -35 -30 -23 -20 -23 -22 -24 -30 -19 -23 -31 -35 -33 -26 -26 -30 -24 -19 -18 -29 -23 -27
DST0612*09  X220   0 -19 -19 -17 -16 -14 -14 -20 -24 -22 -20 -21 -19 -21 -24 -30 -31 -31 -28 -23 -20 -21 -27 -34 -37 -23
DST0612*10  X220   0 -31 -28 -23 -26 -29 -28 -22 -21 -22 -24 -29 -24 -21 -21 -29 -28 -36 -37 -35 -31 -29 -27 -34 -33 -28
DST0612*11  X220   0 -32 -28 -27 -24 -27 -35 -32 -30 -26 -25 -28 -27 -29 -30 -31 -29 -28 -22 -17 -15 -16 -21 -30 -28 -27
DST0612*12  X220   0 -23 -20 -21 -33 -49 -55 -48 -40 -37 -39 -42 -37 -34 -35 -40 -40 -42 -44 -39 -41 -43 -49 -47 -42 -39
DST0612*13  X220   0 -38 -40 -40 -40 -37 -32 -31 -31 -30 -30 -32 -32 -31 -33 -36 -37 -37 -33 -29 -29 -28 -28 -29 -25 -33
DST0612*14  X220   0 -25 -25 -26 -28 -28 -26 -26 -26 -27 -27 -28 -24 -23 -24  -7 -10 -30 -32 -45 -32 -22 -15 -27 -69 -27
DST0612*15  X220   0-146-157-149-156-158-159-158-162-150-123-116-108 -81 -90 -98 -98 -94 -95 -87 -84 -81 -73 -72 -79-116
DST0612*16  X220   0 -72 -70 -70 -67 -59 -57 -57 -58 -61 -60 -58 -56 -53 -56 -57 -55 -56 -56 -37 -44 -53 -50 -41 -34 -56
DST0612*17  X220   0 -39 -36 -36 -36 -39 -42 -43 -47 -48 -44 -42 -41 -43 -44 -45 -46 -43 -42 -36 -37 -39 -36 -35 -35 -41
DST0612*18  X220   0 -35 -34 -35 -37 -38 -42 -41 -41 -42 -41 -34 -34 -32 -25 -27 -29 -25 -17 -23 -19 -12 -13 -29 -34 -31
DST0612*19  X220   0 -38 -34 -30 -30 -36 -36 -35 -36 -39 -38 -44 -42 -41 -41 -40 -42 -45 -42 -37 -36 -35 -33 -30 -31 -37
DST0612*20  X220   0 -34 -36 -35 -34 -36 -36 -38 -44 -47 -47 -42 -35 -31 -36 -39 -47 -48 -38 -36 -37 -39 -51 -45 -48 -40
DST0612*21  X220   0 -46 -44 -45 -38 -38 -41 -42 -44 -47 -47 -42 -37 -37 -37 -43 -42 -42 -38 -37 -37 -38 -41 -38 -34 -41
DST0612*22  X220   0 -31 -31 -30 -32 -34 -35 -41 -44 -44 -45 -51 -42 -41 -38 -36 -37 -41 -40 -41 -39 -44 -46 -45 -45 -40
DST0612*23  X220   0 -44 -44 -42 -38 -37 -38 -43 -45 -41 -37 -38 -36 -40 -44 -40 -36 -36 -42 -47 -49 -46 -45 -45 -46 -42
DST0612*24  X220   0 -46 -40 -35 -32 -31 -31 -33 -34 -36 -35 -32 -28 -26 -29 -31 -33 -39 -39 -39 -36 -39 -42 -41 -39 -35
DST0612*25  X220   0 -36 -35 -33 -32 -28 -25 -27 -27 -28 -30 -30 -31 -31 -32 -34 -36 -35 -36 -34 -32 -31 -30 -31 -31 -31
DST0612*26  X220   0 -30 -29 -25 -27 -26 -24 -22 -24 -31 -32 -31 -31 -29 -27 -29 -31 -30 -33 -30 -27 -28 -29 -30 -28 -28
DST0612*27  X220   0 -27 -27 -25 -24 -23 -22 -21 -21 -23 -25 -26 -26 -26 -25 -24 -23 -26 -27 -27 -25 -21 -20 -21 -23 -24
DST0612*28  X220   0 -25 -25 -22 -20 -19 -17 -17 -18 -20 -19 -19 -18 -17 -17 -19 -23 -24 -21 -17 -14 -14 -12 -12 -12 -18
DST0612*29  X220   0 -11  -9  -9  -9 -11 -13 -11 -11 -11 -12 -15 -14 -12 -13 -12 -10 -11 -12  -9 -10 -11 -14 -15 -15 -12
DST0612*30  X220   0 -13 -11 -15 -18 -17 -15 -13 -11  -7  -6  -7  -2  -2  -7 -10 -15 -17 -17 -16 -17 -17 -19 -22 -22 -13
DST0612*31  X220   0 -20 -22 -23 -21 -17 -18 -19 -17 -15 -15 -16 -15 -11  -9  -8 -12 -18 -17 -12 -10 -10  -9  -9 -14 -15

