DST0607*01  X220   0 -14 -13 -10 -10  -9  -9  -8  -6  -4  -6  -6  -9 -10 -11  -9  -5  -3  -2  -4  -6  -4  -3  -5  -5  -7
DST0607*02  X220   0  -3  -2   3   4   4   3   3   2   1  -2  -3  -1   1   1   1   2   1  -1  -1  -1  -1   0   0   0   0
DST0607*03  X220   0  -1  -2   0   3   3   4   5   3   1   1   1   2   1  -1   2   3   4   4   0  -3  -1   2   3   6   2
DST0607*04  X220   0   5   5   1   2   3   3   4  10  15  14  17  18  22   7   9  14   8   2  -1  -5 -10 -11 -11 -17   4
DST0607*05  X220   0 -17 -20 -15 -16 -20 -32 -32 -30 -25 -24 -24 -29 -31 -32 -31 -28 -27 -26 -27 -27 -30 -35 -34 -34 -27
DST0607*06  X220   0 -35 -34 -28 -28 -24 -21 -19 -18 -15 -13 -16 -19 -19 -20 -20 -20 -20 -21 -22 -20 -19 -16 -17 -21 -21
DST0607*07  X220   0 -23 -25 -24 -19 -17 -16 -16 -13 -10 -10 -11 -10 -10 -13 -17 -15 -15 -15 -14 -16 -19 -19 -20 -22 -16
DST0607*08  X220   0 -24 -21 -18 -15 -13 -14 -15 -14 -13 -13 -14 -16 -14 -13 -12 -12 -12 -12 -15 -17 -17 -16 -15 -13 -15
DST0607*09  X220   0 -12 -13 -13 -10  -9 -10 -10  -9  -6  -6  -6  -9 -11 -12  -9  -6  -8  -7 -10 -11 -12  -8  -3  -7  -9
DST0607*10  X220   0  -7  -5   8  10   9  12  12  13  12  11   8   9   9   1  -9 -17 -20 -19 -15 -23 -24 -25 -27 -27  -4
DST0607*11  X220   0 -24 -19 -14 -12  -9  -9  -6  -8  -6  -2   4   9  10  13  18  18  16  14  10   0  -8 -14 -12  -3  -1
DST0607*12  X220   0   0   0   2   5   7  -1  -3  -1  -3  -7  -4  -9 -10  -7  -3  -4 -11 -15 -17 -19 -18 -20 -20 -18  -7
DST0607*13  X220   0 -18 -16 -14 -13 -14 -16 -17 -14 -14 -13 -13 -11 -13 -14 -15 -17 -18 -16 -16 -17 -18 -19 -17 -14 -15
DST0607*14  X220   0  -8  -5  -3  -2   0   2   2   2   3   3  13  13   7   1  -5  -9  -8 -18 -28 -34 -36 -33 -30 -29  -8
DST0607*15  X220   0 -29 -28 -27 -29 -30 -28 -24 -19 -16 -13 -11 -15 -17 -15 -13 -12 -15 -17 -19 -22 -23 -23 -24 -24 -21
DST0607*16  X220   0 -22 -18 -13  -9  -9 -10 -11 -10  -9  -7  -6  -5  -5  -6  -4  -4  -3  -2  -2   0   1  -2  -4  -6  -7
DST0607*17  X220   0  -8 -11 -10 -10  -9  -5  -2  -2  -3  -2   2   2   2  -1  -4  -5  -6  -5  -5  -5  -5  -3  -4  -4  -4
DST0607*18  X220   0  -4  -6  -7  -7  -4  -1   1   0   0   0   1   1   3   1  -1  -3   0   3   3   2   5   5   4   2   0
DST0607*19  X220   0  -1  -2  -2  -1   1   0   1   2   2   3   4   3   2   2   4   4   4   6   9  10  10   7   6   4   3
DST0607*20  X220   0   7  11  13  10  12  12  11   7   6   5   6  10  10   8   6   4   1   1   1   2   6   5   3   3   7
DST0607*21  X220   0   3   2   3   3   2   2   3   4   3   6   6   6   5   6   6   6   7   5   5   6   6   4   5   7   5
DST0607*22  X220   0   7   8  11  10   7   5   2   1  -1   3   5   7   7   7   8   6   6   5   6   7   8   7   5   6   6
DST0607*23  X220   0  -3  -2   3   8  11   8   6   4   5   4   3   3   5   5   6   7   7   7   8   9  11  10   7   3   6
DST0607*24  X220   0   6   8  13  14  13  14  14  13   6   6   6   7   4   1  -2  -5  -7  -8  -6  -3   0   0  -2  -2   4
DST0607*25  X220   0  -2  -4 -10  -9  -9  -5  -3  -6  -6  -4  -3  -2  -2   0   2   3   3   3   5   3   3  -1  -4  -9  -2
DST0607*26  X220   0 -11  -9  -6  -6  -7  -2  -1   1   2   3   4   4   3   5   5   5   3   3   2   4   6   2  -2  -4   0
DST0607*27  X220   0  -5  -2   4   8   7   5   3   1   0   2   5   6   5   6  17  21  23  23  25  22  20   8 -10  -8   8
DST0607*28  X220   0   2   2 -21 -38 -48 -46 -42 -41 -37 -37 -26 -26 -37 -32 -30 -28 -26 -24 -24 -24 -24 -26 -28 -28 -29
DST0607*29  X220   0 -28 -26 -21 -21 -23 -24 -24 -24 -23 -22 -21 -22 -24 -23 -20 -16 -17 -16 -16 -12  -9  -8  -5  -8 -19
DST0607*30  X220   0 -10 -10 -12 -12 -12  -9  -6  -6  -6  -7  -6  -7  -9  -9  -8  -9  -9  -5  -2  -3  -4  -4  -3   1  -7
DST0607*31  X220   0   3   4   1   2   9  -2 -11 -10   1   0   5   8  -1  -7 -10  -6  -5  -6 -11 -15 -18 -23 -23 -18  -6

