DST0603*01  X220   0  -6  -8  -6  -2  -1   5   5   2   2   2  -3  -8 -10 -12  -6  -6  -6  -7  -6  -4  -6  -6  -6  -5  -4
DST0603*02  X220   0  -4  -2  -1   1   0   0   0  -2  -5  -5  -6  -4  -2   3   5   4   4   5   4   1   0   1  -2  -6   0
DST0603*03  X220   0  -9  -7  -5  -2   1   2   3   5   3   2   1   3   2   1   1   2   2  -1   0   1   1   1   0  -2   0
DST0603*04  X220   0  -5  -3  -3   0   1   2  -1   1   4   6   4   5   4   2   1  -1  -1   1   2   2   3   4   4   3   1
DST0603*05  X220   0   1   2   0  -2   1   2   2   3   3   4   2   1  -3  -2   1   3   4   5   5   6   7   7   8   8   3
DST0603*06  X220   0   6   5   5   9  14  15  16  12  10  10  12  15  15  12  12  14  15  10   5  -2 -12 -26 -28 -35   5
DST0603*07  X220   0 -48 -52 -51 -45 -34 -28 -31 -35 -31 -23 -23 -24 -25 -23 -21 -18 -17 -17 -17 -16 -16 -14 -14 -17 -27
DST0603*08  X220   0 -20 -19 -16 -13 -13 -13 -11  -8  -6  -3   0   3   0  -1   1   3   2   3   0  -2  -5  -5  -8  -7  -6
DST0603*09  X220   0  -5  -2  -2  -2  -5  -3  -2  -1   0   2   1   3   3   3   2   4   7   8   7  -4  -5   2   4   1   1
DST0603*10  X220   0   2   5   5  10   8  -1  -2  -1  -1   4  -5  -2   7   7   7   3  -1  -6  -5   2  10   6  -4 -11   2
DST0603*11  X220   0 -24 -22 -19 -16 -16 -15 -13 -15 -12 -11 -11 -13 -11 -10  -9 -11 -15 -16 -15 -12 -15 -16 -16 -16 -15
DST0603*12  X220   0 -17 -16 -13  -9  -8 -11 -13 -12 -11 -12 -13 -12 -11  -8  -5  -3  -4  -6  -5  -3  -1  -1  -1  -2  -8
DST0603*13  X220   0  -4  -5  -6  -5  -3  -3  -4  -3  -3  -4  -3  -3  -7  -7  -5  -2  -3  -3  -4  -2   0   1   0  -2  -3
DST0603*14  X220   0  -3  -3  -3  -2   0   2   3   5   8  11  14  14  12   6   1  -1  -2  -3  -2   0   1   6   9  13   4
DST0603*15  X220   0  14  14  10  11  17  18  14  11  13   7   1   6  10   8   4   4   1  -1  -2   1   5   3   6   7   8
DST0603*16  X220   0   6   2   1   0   0   1   2   4   3   0  -2  -3  -4  -2  -3  -4  -5  -6  -4  -5  -6  -6  -4  -2  -2
DST0603*17  X220   0  -3  -6  -6  -4   0   3   1  -1  -3  -3  -3   0   1   3   5   3   7   5   6   6   5   4   0  -1   1
DST0603*18  X220   0   1   5   7  15  18  15  11   0 -24 -23 -17 -15 -11  -8 -14 -28 -31 -21 -26 -26 -36 -24 -33 -43 -13
DST0603*19  X220   0 -48 -47 -45 -42 -41 -29 -40 -42 -37 -29 -26 -30 -30 -26 -25 -24 -25 -28 -26 -25 -23 -33 -41 -37 -33
DST0603*20  X220   0 -35 -33 -31 -34 -34 -29 -36 -41 -34 -33 -30 -26 -23 -19 -20 -20 -22 -27 -29 -23 -26 -27 -28 -27 -29
DST0603*21  X220   0 -27 -28 -30 -30 -26 -22 -17 -18 -19 -21 -17 -15 -14 -13 -17 -21 -26 -37 -34 -33 -31 -29 -26 -27 -24
DST0603*22  X220   0 -25 -30 -36 -33 -27 -27 -23 -20 -19 -19 -19 -18 -19 -19 -19 -17 -17 -16 -17 -22 -25 -24 -18 -17 -22
DST0603*23  X220   0 -20 -23 -23 -21 -20 -20 -18 -18 -17 -17 -17 -17 -17 -17 -15 -12 -13 -13 -13 -13 -12 -11 -10 -10 -16
DST0603*24  X220   0 -11 -13 -15 -12  -9  -7  -8  -8  -6  -3  -3  -7  -4  -5  -1   1   2   1  -2  -7 -13 -15 -13 -15  -7
DST0603*25  X220   0 -16 -15 -15 -11 -11 -11 -16 -15 -17 -14 -10  -9  -7 -11 -12 -12 -11 -11 -10 -10  -6  -4   0   3 -10
DST0603*26  X220   0   2  -3 -10 -10  -6  -5  -4  -4  -2  -2  -1  -4  -1   5   2   0  -4 -13 -18 -15 -11  -7  -3  -9  -5
DST0603*27  X220   0 -17 -29 -26 -26 -22 -20 -18 -16 -11  -9  -7  -4  -3  -5  -6 -11 -10  -7  -6  -8  -9  -9 -18 -18 -13
DST0603*28  X220   0 -10  -8 -10 -11 -13 -14 -12  -9  -7  -7  -9 -10  -8  -8  -9  -9 -10 -11 -11 -10  -9  -9 -10  -7 -10
DST0603*29  X220   0  -6  -8 -11 -11 -11 -14 -13 -11  -8  -4  -2   1   4   4   4   3   5   4   2  -4 -11 -16 -17 -13  -6
DST0603*30  X220   0 -11 -13 -14 -10  -4  -2  -3  -3  -3  -3  -4  -4  -6  -9  -8  -5  -3  -2   0  -2  -3  -2  -4  -1  -5
DST0603*31  X220   0   0  -1   0   2   4   3   3   1   0  -2   0  -2 -11 -15 -13  -9  -6  -6  -8 -11  -8  -7  -7  -7  -4

