DST0602*01  X220   0  12  12  10   8   7   8   5   0  -3  -7 -12 -13 -10 -11  -9  -3   0   2   2   3   3   4   0  -7   0
DST0602*02  X220   0  -8  -6  -9 -11 -11  -9  -4   1   3   0  -9 -14 -11  -8  -2   3   4   1  -2  -7 -12 -11  -9  -7  -6
DST0602*03  X220   0  -7  -6  -6  -7  -7  -6  -2   1  -2  -2  -4  -8  -9  -7  -2   2   4  -3  -4  -6  -4   1   2  -2  -4
DST0602*04  X220   0  -9 -16 -16 -16 -13 -12 -11  -6  -4  -2  -3 -11 -13 -14 -11  -6  -2   0   1   2   3   3   4  -1  -6
DST0602*05  X220   0  -6  -9 -10  -7  -5  -3  -2  -1   0   4   8   8   6   5   7  11  12  16  19  23  16  15  12   8   5
DST0602*06  X220   0   5   8   7  -3  -5  -5 -11 -15 -12 -15 -16 -20 -22 -20 -16 -16 -15 -16 -19 -20 -22 -23 -22 -17 -13
DST0602*07  X220   0 -14 -13 -16 -16 -13 -15 -16 -12  -7  -4  -4  -7 -10  -9  -8  -7  -6  -6  -8  -9 -10  -7  -6  -3  -9
DST0602*08  X220   0  -1  -4  -4  -6  -8  -8  -7  -3   1   4   4   1   0  -2  -4  -6  -6  -3   2   7   7   8   9   8   0
DST0602*09  X220   0   5   3   3   2   1   2   3   5   6   6   7   6   5   8   9   7   6   5   4   4   3   6   7   8   5
DST0602*10  X220   0   7   7   9   7   3   5   4   5   5   4   4   5   8   9  10  11  12  16  20  13   9   7   9  15   9
DST0602*11  X220   0  16  12   6   1  -2  -4  -6  -3  -1  -1  -5   1   7   5   6   6   2  -2   0   2   3   4   6   6   2
DST0602*12  X220   0   8   9   3  -8  -7  -4  -3  -2  -1  -1  -3  -4  -5  -8  -8  -7  -6  -8  -8  -7  -6  -5  -5  -3  -4
DST0602*13  X220   0  -2  -3  -4  -4  -4  -4  -1  -1   0   2   1   0  -1  -3  -6  -6  -6  -3  -1  -2  -1  -1   0   3  -2
DST0602*14  X220   0   4   8   7   6   4   3   4   4   5   5   5   4   8  10   8   7   7   5   6   7   5   2   5   9   6
DST0602*15  X220   0  12  13  12  13  14  16  17  14   8   7   6  -1  -2  -1  -5  -5  -3   4   2   2  -2  -8  -4  -2   4
DST0602*16  X220   0  -2  -6  -9  -6  -3   0  -5  -6 -10  -7  -5   0   1  -1  -5  -4  -2  -2  -3  -9 -11  -9  -8  -9  -5
DST0602*17  X220   0 -11 -11 -14 -16 -16 -13  -9  -9 -11 -11  -9  -6  -5  -6  -4  -4  -3  -1  -1   0   1  -1  -5  -9  -7
DST0602*18  X220   0 -10  -5  -5  -3  -1   2   3   3   3   0  -1  -1   0   2   2   5   8   4   5   8  10  10   8   5   2
DST0602*19  X220   0   7   7   6   7   4  -8 -10  -8  -5   0  -2   0   2   3   6  10   9   3  -4  -8  -5  -7 -13 -17  -1
DST0602*20  X220   0 -16 -12 -11  -7   1   2  -4 -16 -17 -17 -21 -27 -27 -22 -26 -31 -36 -34 -28 -22 -16 -19 -22 -20 -19
DST0602*21  X220   0 -22 -28 -27 -20 -14 -15 -18 -16 -23 -28 -19 -18 -22 -24 -26 -23 -24 -22 -15  -9  -4  -4  -9 -14 -19
DST0602*22  X220   0 -23 -26 -26 -20 -17 -14 -18 -17 -16 -12 -11 -19 -21 -19 -18 -23 -27 -26 -19 -17 -16 -17 -18 -19 -19
DST0602*23  X220   0 -18 -14 -15 -17 -16 -14 -15 -20 -19 -15 -14 -12 -13 -14 -12 -10 -11 -12 -12  -9  -8  -8  -9 -11 -13
DST0602*24  X220   0 -12 -10  -6 -10 -13 -11 -11 -10 -11 -12  -9 -11 -14 -21 -19 -16 -13 -12 -10  -7  -5  -6  -8  -9 -11
DST0602*25  X220   0  -9  -9  -9  -8  -3  -1  -1  -5  -6  -4  -5  -3  -4  -5  -5  -3  -2  -4  -4  -2  -2  -3  -2  -2  -4
DST0602*26  X220   0  -3  -1  -4  -3  -1  -3  -2   1   3   2  -1  -3  -4  -5  -9  -9 -12 -17 -16 -15 -15 -17 -20 -19  -7
DST0602*27  X220   0 -16 -14 -13 -10 -10  -9  -6  -5  -5  -4  -3  -3  -4  -3  -5  -6  -6  -5  -2   3   0  -2  -6  -7  -6
DST0602*28  X220   0  -6  -4  -1   4   5   3   4   3   2  -1 -10 -16 -13  -6  -3  -4  -7  -5  -4  -8  -8 -13  -8  -7  -4

