DST0703*01  X220   0 -18 -15 -13 -16 -22 -26 -28 -29 -29 -25 -22 -22 -26 -26 -28 -27 -26 -22 -21 -20 -19 -17 -14 -13 -22
DST0703*02  X220   0 -10 -10 -11 -12 -15 -17 -16 -17 -14 -13 -15 -17 -18 -18 -18 -18 -16 -15 -15 -14 -12 -12 -11 -10 -14
DST0703*03  X220   0  -8  -7  -8  -9 -11 -11 -10 -10  -8  -7  -7  -7  -6  -5  -6  -6  -7  -7  -7  -9 -10  -6  -3  -1  -7
DST0703*04  X220   0   2   2   1   2   0   0  -1  -5  -7  -8  -8 -12 -12 -10 -11  -9  -7  -5  -3  -2  -3   3   2  -4  -4
DST0703*05  X220   0  -5   0   4   2  -1  -4  -6  -6  -4  -3  -7  -5  -7 -10 -13 -13 -13 -13 -14 -15 -11  -3  -1  -6  -6
DST0703*06  X220   0  -9  -8 -16 -22 -18 -19 -25 -19 -17 -17 -14 -22 -27 -21 -15 -15 -15 -16 -18 -17 -13  -4  -4 -14 -16
DST0703*07  X220   0 -19 -24 -24 -27 -28 -29 -26 -21 -25 -21 -20 -18 -19 -21 -23 -22 -22 -23 -26 -29 -30 -29 -30 -31 -24
DST0703*08  X220   0 -27 -26 -26 -26 -26 -24 -22 -19 -18 -19 -19 -18 -20 -19 -19 -19 -19 -18 -17 -16 -13 -15 -16 -15 -20
DST0703*09  X220   0 -15 -16 -18 -18 -18 -16 -15 -14 -12 -11 -11 -11 -11 -12 -12 -10 -10 -12 -15 -17 -19 -20 -20 -19 -15
DST0703*10  X220   0 -18 -17 -17 -17 -18 -16 -15 -14 -10  -9  -8  -8  -8 -10 -11 -12 -13 -12 -12 -13 -10 -10 -10 -10 -12
DST0703*11  X220   0 -10 -11 -12 -11 -12 -14 -14 -12  -8  -3  -8 -18 -17 -11  -7  -9 -13 -13  -5  -9  -8  -5  -3   0 -10
DST0703*12  X220   0   1   2  -2 -10  -8  -7  -5  -1   4   6  10  -1  -5  -8  -8  -6  -8 -11 -10 -11 -14  -8   1  -3  -4
DST0703*13  X220   0  -7 -25 -27 -33 -40 -35 -30 -25 -21 -17 -13 -12 -13 -13 -18 -19 -18 -16 -14 -19 -18 -15 -14 -19 -20
DST0703*14  X220   0 -18 -20 -21 -19 -17 -19 -19 -16 -12 -12 -12 -14 -18 -20 -21 -18 -14 -11 -12 -13 -11  -9  -7  -7 -15
DST0703*15  X220   0  -6  -8 -11 -16 -19 -17 -16 -11 -11  -7  -9 -10  -6  -6  -8 -11 -10  -8  -5  -1  -4  -7  -9  -9  -9
DST0703*16  X220   0 -11 -14 -17 -15 -15 -15 -12 -10 -10 -10 -10 -12 -14 -16 -18 -16 -14 -13 -12 -10 -11 -16 -15 -15 -13
DST0703*17  X220   0 -12 -11 -12 -11 -13 -15 -15 -11 -13 -10 -11 -12  -9 -10 -11 -11 -12 -13 -14 -13 -11  -7  -5  -6 -11
DST0703*18  X220   0  -6  -7  -8 -10  -9  -8  -6  -6  -8  -9 -12 -12 -10  -9  -9  -9  -9  -9  -8  -5  -3  -3  -1   0  -7
DST0703*19  X220   0  -1  -2  -3  -5  -4  -4  -5  -6  -6  -6  -4  -4  -4  -4  -5  -6  -8  -8  -7  -7  -5  -4  -3  -3  -5
DST0703*20  X220   0  -4  -4  -3  -2  -2  -3  -3  -2  -2  -3  -4  -4  -6  -8  -8  -7  -6  -6  -4  -3  -1  -2  -1  -4  -4
DST0703*21  X220   0  -4  -4  -2  -2   0   1   2   4   3   3   2   3   1   3   3   3   3   3   3   5   7   8   7   7   2
DST0703*22  X220   0   6   3   1   3   5   5   3   2   1   1   2   2  -1  -3  -3  -2  -3  -3  -1   2   3   3   3   4   1
DST0703*23  X220   0   3   1  -2  -1  -1  -3   3   5   2   5   3  -1  -1 -10 -21 -25 -22 -19 -17 -12 -10 -14 -18 -18  -7
DST0703*24  X220   0 -17 -23 -29 -32 -35 -41 -57 -66 -72 -66 -60 -60 -61 -60 -51 -40 -35 -34 -29 -21 -21 -15  -9  -1 -39
DST0703*25  X220   0   8   7   1  -1  -5 -11 -14 -12 -13 -22 -30 -29 -28 -35 -38 -34 -30 -27 -25 -22 -20 -24 -24 -19 -19
DST0703*26  X220   0 -10  -9 -10 -14 -17 -20 -21 -18 -20 -18 -18 -17 -15 -16 -15 -17 -23 -24 -25 -19 -12 -12 -14 -14 -17
DST0703*27  X220   0 -11 -10 -11 -10  -7 -14 -24 -21 -16 -15 -21 -24 -20 -18 -18 -21 -19 -21 -28 -23 -18 -13 -14 -17 -17
DST0703*28  X220   0 -21 -18 -18 -18 -22 -24 -18 -17 -16 -13 -12 -10 -11 -13 -14 -15 -16 -15 -14 -13 -12 -14 -15 -16 -16
DST0703*29  X220   0 -16 -17 -18 -18 -15 -13 -13 -13 -14 -16 -17 -16 -15 -14 -11  -7  -5  -4  -3  -1  -1   0  -2  -2 -10
DST0703*30  X220   0  -4  -2   1   2  -1  -2  -3  -4  -6 -11 -19 -23 -21 -14 -12 -10 -11  -9  -7  -5  -2  -2  -3  -1  -7
DST0703*31  X220   0   0   1   1   0  -1  -2  -3  -3  -4  -3  -2  -2   2   1  -1  -1  -3  -2  -1   3   5   5  12  19   1

