DST0709*01  X220   0 -11  -4  -1   1   1  -1   2  -1  -7  -2  -3  -5  -4   1   2   0  -2  -4  -3  -3   1  -2  -2  -3  -2
DST0709*02  X220   0  -1 -16 -19 -17 -21 -23 -19 -17 -16 -23 -14 -17 -18 -18 -18 -21 -21 -23 -24 -23 -21 -16 -14 -14 -18
DST0709*03  X220   0 -14 -15 -13  -9  -8 -10 -14 -17 -15 -13 -14 -13 -14 -16  -9 -19 -23 -21 -18 -14 -11 -13 -14 -14 -14
DST0709*04  X220   0 -13 -13 -13 -13 -13 -11 -11 -11 -11 -13 -14 -14 -10 -12 -14 -17 -19 -18 -16 -15 -10  -9  -8 -11 -13
DST0709*05  X220   0 -12 -15 -16 -15 -12 -11 -15 -19 -13 -17 -17 -14 -10  -9 -12 -12 -12 -13 -17 -18 -17 -13 -10 -10 -14
DST0709*06  X220   0 -10 -15 -16 -14 -14 -14 -13  -9  -7  -8 -15 -19 -15  -8  -7 -13 -23 -29 -31 -23 -21 -18 -24 -21 -16
DST0709*07  X220   0 -23 -25 -26 -31 -25 -20 -19 -21 -19 -16 -15 -15 -16 -14 -15 -18 -18 -19 -17 -17 -16 -12 -10  -9 -18
DST0709*08  X220   0 -10 -14 -15 -14 -12 -12 -12 -10 -11 -10  -9  -7  -7  -6  -8  -9 -13 -13 -15 -17 -16 -16 -16 -16 -12
DST0709*09  X220   0 -14 -14 -14 -14 -11  -9  -8  -7  -6  -6  -4  -2  -2  -2  -4  -2  -2  -3  -4  -5  -5  -6  -6  -6  -7
DST0709*10  X220   0  -6  -9  -9  -9  -8  -6  -4  -3  -3  -2  -3  -4  -5  -7  -9 -12 -12 -12 -13 -11  -9  -6  -4  -2  -7
DST0709*11  X220   0  -1   0  -1   2   2  -1  -2  -4  -5  -5  -7  -8  -7  -5  -5  -4  -4  -4  -5  -7  -8  -8  -6  -3  -4
DST0709*12  X220   0  -2  -1  -4  -7  -9 -11 -12 -12 -11  -8  -5  -5  -4  -2  -3  -4  -4  -3  -2   0   0   0   1   2  -4
DST0709*13  X220   0   2   0   1   3   4   6   8  10  10   9   6   4   3   2   3   4   5   6   9  12  14  12  11   8   6
DST0709*14  X220   0   7   7   9   9   9  11  14  15  13  13  11  13  12   9   6   7  12  22  28  27  23  19  14  14  14
DST0709*15  X220   0  17  12  10  11   9   5   3   3   3   3   1  -1  -2  -2  -2  -1   1   1   0  -1   0   0   3   4   3
DST0709*16  X220   0   2   0   0   0   2   4   6   8   7   4   2   2   2   1  -2  -3  -2  -1   0   2   3   5   6   6   2
DST0709*17  X220   0   6   6   6   6   7   7   5   4   4   5   4   2   1   3   6   6   5   5   9  11  13  14  15  13   7
DST0709*18  X220   0  12  10   4   3   2   0   0   1   3   3   3   5   6   4   2   0  -2  -1   2   4   7   6   6   7   4
DST0709*19  X220   0   4   2   1   1   0   2   4   5   6   5   5   9   7  10   8   5   2   2   5   4   5   6   7   7   5
DST0709*20  X220   0   7   5   4   4   4   9  13  14  14  11  14  21  30  33  25   8  -3  -5 -10  -8 -13 -10  -8  -5   6
DST0709*21  X220   0 -11 -12 -16 -18 -15  -7  -4  -2  -6  -3  -2  -2   3   3  -5  -5  -1   3   2   3   5   5   1   2  -3
DST0709*22  X220   0   0  -8  -7  -4  -4  -3  -6 -10  -9 -10  -9  -6   1   1  -3 -14 -14 -11  -6  -5 -11  -6  -4   0  -6
DST0709*23  X220   0   1   1  -3  -4 -11 -25 -25 -17 -14 -16 -11  -7  -7  -5  -9 -10 -10  -8  -5  -8  -7  -8  -8  -5  -9
DST0709*24  X220   0  -9  -6 -12 -12 -20 -16 -13 -13 -14 -14 -11  -9  -8  -9 -14 -14 -12  -9  -7  -7  -9  -8  -6  -8 -11
DST0709*25  X220   0 -15 -13 -11 -11 -12 -11 -12 -12 -11  -8  -6  -3  -1  -1  -5  -9  -9  -7  -6  -7  -8  -6  -5  -8  -8
DST0709*26  X220   0  -9  -6  -6  -7  -6  -6  -6  -6  -6  -6  -6  -5  -3  -3  -5  -8  -9  -9  -9 -10  -8  -5  -3   0  -6
DST0709*27  X220   0   1   2   3   3   2  -1  -1   0   0  -1   0   3  15  20  20  14   2   3  -4  -6 -14 -12 -14 -15   1
DST0709*28  X220   0 -12 -16 -22 -24 -19 -14 -14 -22 -22 -24 -22 -16 -13 -14 -16 -12  -7  -3  -6  -9 -16 -19 -20 -22 -16
DST0709*29  X220   0 -16 -14 -28 -31 -40 -39 -33 -33 -29 -35 -38 -30 -22 -18 -22 -26 -29 -30 -26 -22 -23 -29 -33 -26 -28
DST0709*30  X220   0 -26 -24 -23 -22 -23 -27 -27 -23 -22 -22 -21 -21 -16 -15 -17 -20 -18 -15 -12  -8  -7  -5  -6 -10 -18

