DST0712*01  X220   0  -1  -1  -3  -3   3   7   6   1   2   2   0   1   2   4   3   1   0   1   4   4   3  -3  -2  -1   1
DST0712*02  X220   0   1   2   1   1   4   5   5   7   6   3   4  10  10   5   3   3   2   1   2   4   3   1   2   3   4
DST0712*03  X220   0   4   3   2   2   3   2   3   4   2   1   0   3   6   7   6   4   1   1   2   4   4   7   7   8   4
DST0712*04  X220   0   8   7   6   5   7   7   7   6   6   8   8   9   6   5   6   9  10  11   8   7   7   8   6   3   7
DST0712*05  X220   0  -1  -2  -1   0   2   5   7   7   5   5   4   5   4   0  -3  -2  -2   0   0  -1  -1  -3  -2  -1   1
DST0712*06  X220   0  -1  -2  -3  -4  -1   1   3   1   3   5   6   9  10   8   5   6   6   5   5   3   0  -3  -3  -4   2
DST0712*07  X220   0  -5  -7  -7  -5  -3  -2   0   2   4   3   2   3   5   3   3   4   5   6   5   4   2   2   0   1   1
DST0712*08  X220   0   2   2   2   4   5   5   6   6   8   8   8   6   4   2   5   7   6   6   8   8   5   6   7   8   6
DST0712*09  X220   0  10  10  10   8   8   8   7   5   5   4   3   6   9   6   2   1  -3  -5  -5  -5  -6  -5  -3  -2   3
DST0712*10  X220   0  -2  -2   0   2   1  -5  -8  -9 -10 -10  -6  -7  -2   1   2   2   8  11  13  14  14  -1 -21 -19  -1
DST0712*11  X220   0 -10  -6 -13 -14 -16 -18 -21 -18 -18 -20 -22 -20 -14 -17 -16 -17 -21 -16 -11 -12 -16 -14 -12  -9 -15
DST0712*12  X220   0 -10 -11 -16 -26 -21 -20 -22 -20 -23 -23 -26 -20 -18 -15 -14 -14 -17 -15 -14 -14 -16 -15 -13 -13 -17
DST0712*13  X220   0 -13 -13 -14 -13 -16 -19 -15 -14 -13 -15 -17 -16 -11  -8  -8  -9 -10 -10 -12 -13 -13 -10  -9  -8 -12
DST0712*14  X220   0  -8  -8  -7  -7  -8  -6  -7 -10 -12 -12 -11  -7  -5  -5  -6  -6  -6  -7  -9 -10  -8 -10 -11 -10  -8
DST0712*15  X220   0 -10 -10  -8  -6  -5  -4   0   3   3   0  -4  -4  -6  -9 -10 -10 -10  -8  -7  -6  -5  -6  -8  -7  -6
DST0712*16  X220   0  -8  -6  -3  -3  -4  -3   1   4   4   2   1   4   4   2  -3  -6  -7  -2  -2  -6  -5  -6  -7  -5  -2
DST0712*17  X220   0  -4  -3   2  19  28  41  28  16 -13 -11  -8 -13 -17 -19 -17 -24 -33 -29 -26 -22 -18 -21 -21 -26  -8
DST0712*18  X220   0 -28 -26 -22 -20 -20 -25 -20 -21 -21 -19 -18 -19 -16 -20 -22 -27 -24 -28 -27 -20 -16 -21 -23 -25 -22
DST0712*19  X220   0 -20 -19 -19 -22 -20 -19 -20 -21 -21 -18 -17 -17 -15 -15 -14 -13 -15 -17 -10 -14 -14 -13 -12 -11 -17
DST0712*20  X220   0  -9  -6  -4  -4  -8 -12 -11 -12 -16 -15 -14 -15 -15 -11  -6  -7  -9 -13 -12 -11  -9 -14 -18 -21 -11
DST0712*21  X220   0 -18 -15 -16 -14 -15 -18 -19 -16 -17 -15 -11 -10  -9 -10 -10 -17 -19 -20 -20 -20 -16 -13 -13 -11 -15
DST0712*22  X220   0  -6  -7  -6  -9  -8 -11  -9  -8  -8  -8  -9  -7  -8 -10 -11 -12 -15 -16 -15 -19 -14 -12 -12 -14 -11
DST0712*23  X220   0 -10  -9  -8  -5  -5  -6 -10 -12 -13 -12 -11  -7  -5  -5  -6  -6  -9  -9 -10 -10 -13 -14 -12 -10  -9
DST0712*24  X220   0  -9  -6  -4  -5  -7 -10 -12 -10 -10  -9  -7  -6  -5  -5  -7  -9  -8  -7  -5  -4  -5 -10 -11  -8  -7
DST0712*25  X220   0  -5  -2   0  -2  -3  -4  -4  -7  -7  -6  -7  -8  -7  -6  -8  -8  -8  -6  -5  -5  -5  -5  -6  -7  -5
DST0712*26  X220   0  -3  -1   2   4   6   6   3  -2  -4  -4  -5  -1  -1  -3  -2  -3  -4  -1   2   3   3   4   7  13   1
DST0712*27  X220   0  12  14  16   9   3   0  -2  -3  -2  -3  -3  -3  -3  -4  -6  -4   1   5   4   6   1   0  -1   0   2
DST0712*28  X220   0  -1  -1   1   3   1  -1  -1  -3  -3  -6  -7  -5  -2  -4  -4  -5  -7  -6  -7  -8 -10 -10 -13 -13  -5
DST0712*29  X220   0 -11  -9  -5  -1   1   3   4   3   0  -3  -5  -5  -7  -8  -7  -3   2   5   7   6   2  -4  -9  -7  -2
DST0712*30  X220   0  -6  -6  -4  -1   2   3   4   3   2   2   3   5   9  11   8   1  -7  -5  -1  -1   0  -2  -5  -2   1
DST0712*31  X220   0   2   6  12  12   9   8   9  11  10  10   6   5  11   9   3   0  -4   0   4  -1  -6 -10 -10  -9   4

