DST0707*01  X220   0  -4   3   5   4   2   1  -3  -8  -9  -8  -3  -2  -5  -7  -8  -5  -6  -3   0   1   1   1   0  -5  -2
DST0707*02  X220   0  -4  -2  -1  -1  -4  -5  -5  -6  -4  -2   1   2   2   1   0  -2   0   2   4   4   3   3   2   1   0
DST0707*03  X220   0   0   4  10  10   4   2   0   2   4  10  17  15  14  13  10   0  -8 -10  -5   1   4   5  -7 -12   3
DST0707*04  X220   0  -5  -2  -1  -2  -5 -10 -15 -14  -7 -11  -5  -4  -3  -1  -4  -5 -13 -12  -3  -3  -6  -6 -10  -7  -6
DST0707*05  X220   0  -3  -3  -2  -4 -11 -14  -9  -7  -7  -8  -7  -6  -5  -8 -11 -11 -10  -8  -7  -9  -8  -8  -6  -4  -7
DST0707*06  X220   0  -4  -3   2   1  -2  -4  -4  -3  -3   1   2  -3  -7 -10 -10  -8 -10  -9  -6  -6  -5  -3  -3  -3  -4
DST0707*07  X220   0  -3  -3  -5  -7 -11  -7  -2  -2  -5  -5  -2  -2  -3  -3  -5 -10 -13 -11  -8  -6  -7  -8  -9 -12  -6
DST0707*08  X220   0 -16 -13 -12  -9  -8 -11 -10  -9  -8  -7  -7  -6  -5  -7  -7  -7  -8  -9 -10 -10  -8  -7  -9  -9  -9
DST0707*09  X220   0  -9  -8  -5  -3  -2  -2  -3  -4  -4  -1   1   0   0  -3  -5  -5  -4  -4  -2   4   6   4   1   1  -2
DST0707*10  X220   0   1   4   6   4   3   1   1   3   5   8   9   6   5   4   2   3   5  13  24  28  26  22  26  20  10
DST0707*11  X220   0   5 -15 -25 -25 -17 -27 -29 -23 -21 -27 -30 -28 -30 -29 -28 -33 -31 -25 -22 -20 -18 -19 -20 -19 -23
DST0707*12  X220   0 -19 -18 -15 -18 -21 -22 -24 -21 -19 -16 -16 -17 -18 -18 -17 -16 -14 -15 -18 -20 -20 -20 -20 -18 -18
DST0707*13  X220   0 -18 -17 -17 -19 -21 -22 -21 -19 -18 -16 -15 -15 -12 -12 -10  -9  -8  -5  -3   1   7  10  10   6 -10
DST0707*14  X220   0  -1  -1  -7  -8  -8  -7  -1   2   2  -2 -11 -19 -26 -33 -38 -39 -33 -29 -27 -33 -33 -25 -24 -25 -18
DST0707*15  X220   0 -36 -37 -45 -39 -38 -42 -39 -39 -36 -33 -32 -27 -25 -26 -27 -30 -30 -27 -25 -23 -22 -21 -21 -22 -31
DST0707*16  X220   0 -21 -21 -20 -16 -15 -17 -20 -19 -20 -19 -16 -16 -16 -16 -16 -17 -17 -13 -12 -11  -9  -9 -11 -14 -16
DST0707*17  X220   0 -17 -15 -12 -13 -16 -17 -16 -15 -14 -12 -10  -8  -7  -8 -12 -13 -12  -9  -5  -4  -2  -2  -4  -7 -10
DST0707*18  X220   0  -7  -5  -6  -6  -7  -9  -9  -7  -5  -4  -2   2   6   6   6   6   5   6   5   2   2   2   2   3  -1
DST0707*19  X220   0   1   1   1   0   1   2   2   2   3   3   2   0   1   2   2   1   0   1   3   4   6   7  10  12   3
DST0707*20  X220   0  12  11   9   6   6   4  13  16   7 -11 -22 -20 -19 -25 -19 -25 -24 -23 -22 -22 -23 -23 -27 -24 -10
DST0707*21  X220   0 -20 -14 -14 -22 -28 -30 -23 -24 -26 -24 -22 -17 -20 -16 -13 -14 -15 -15 -15 -20 -25 -21 -15 -10 -19
DST0707*22  X220   0 -10 -11  -9 -13 -15 -19 -19 -19 -16 -13 -11 -12 -12 -15 -16 -15 -12  -9  -6  -7  -9 -10  -9 -10 -12
DST0707*23  X220   0 -10  -9  -8  -8  -8  -7  -5  -4  -5  -6  -5  -6  -8  -7  -6  -5  -5  -5  -8  -7  -7   0   6   4  -5
DST0707*24  X220   0  -1  -3  -5  -3  -5  -3  -3  -2   1   3  -3  -2  -4  -4   3   5   5   3  -1  -4  -4  -5  -3  -1  -2
DST0707*25  X220   0   2   5   4   2   3   3   3   3   4   8   9   8   7   4   2   0  -1   0  -1  -1  -1   0   3   6   3
DST0707*26  X220   0   9  12  13  12  10  10  10   9   9  12  13  18  27  31  38  41  34  19  17   5   7   3  -1   2  15
DST0707*27  X220   0   1   3   0  -1  -4 -13 -12 -10  -8  -5  -7 -11 -13 -14 -11  -8  -9  -8  -9 -10 -10 -11 -11 -11  -8
DST0707*28  X220   0  -9  -7  -8  -8  -8 -10  -9 -10  -9  -7  -6  -5  -3  -1   0  -1  -2  -2  -2   1   3   6   4   4  -4
DST0707*29  X220   0   9  11  17  20  10  11   7   5   6  -3  -8  -4   0   2  -1  -2   3   0  -3  -4  -4  -7  -5  -8   2
DST0707*30  X220   0 -11 -13 -10  -5 -10 -14 -16 -15 -12  -8  -7 -10 -14 -11 -10 -12 -14 -15 -13 -13 -11 -10  -7  -5 -11
DST0707*31  X220   0  -4  -3  -4  -6  -6  -9 -12 -13 -15 -15 -14 -10 -11 -10  -7  -8  -4   0   2   2   1  -4  -7  -8  -7

