DST0808*01  X220   0  -2   0   1   3   0   1   2   2   3   4   5   4   0  -1   0  -1   0  -2  -1  -2  -2  -5  -6  -6   0
DST0808*02  X220   0  -5  -4  -3   0   1   2   1   1   1   1   1   2   1   1   4   6   7   6   8   6   4   0   0   1   2
DST0808*03  X220   0   0   1   3   2   2   1   0  -1   2   3   7   7   4   2  -1  -2   0  -2  -5  -6  -6  -4  -6 -11   0
DST0808*04  X220   0 -14 -12  -7  -3  -5  -3  -1   1   3   5   4   5   6   5   2   1   2   1   0  -1  -1   0   0  -2  -1
DST0808*05  X220   0  -1  -2  -1   4   6   7   4   2   3   3   0  -1   1   1   1   6  11  11  11  10  11  13  12  12   5
DST0808*06  X220   0  10  11  13  12  10   6   2   0   1   1   1   4   0  -1   2   1   2   2  -2   0   1   1  -1  -4   3
DST0808*07  X220   0  -3   0   0  -2  -4  -4  -2  -1  -3  -4  -4  -1   3   3   1  -1  -1  -2  -2  -4  -2   2   2   1  -1
DST0808*08  X220   0   3   1   1   0  -3  -4  -2  -2  -2  -1  -2   0   1   2   4   5   4   6   3   3   5   8   5   5   2
DST0808*09  X220   0  18  27  33  38  39  29  18  14   9   9   1  -2   0   0  -2  -3 -11 -10 -11  -8 -10 -16 -19 -18   5
DST0808*10  X220   0 -18 -15 -10 -12 -24 -33 -26 -21 -18 -20 -19 -17 -12 -11 -11 -13 -12 -14 -15 -14 -16 -18 -21 -19 -17
DST0808*11  X220   0 -15 -13 -16 -17 -15 -15 -15 -15 -14 -18 -17 -11  -7  -5  -5  -9 -10 -12 -12 -11 -11 -12 -12 -12 -12
DST0808*12  X220   0 -14 -13 -12 -12 -14 -12 -12 -10 -10 -10 -10 -10 -12  -9  -7  -7  -4  -7  -7  -6  -5  -7  -6  -4  -9
DST0808*13  X220   0  -6  -6 -10 -14 -15 -14 -12 -10 -12 -11 -10 -10  -9  -8  -6  -7  -6  -7  -9 -10  -7  -5  -3   3  -9
DST0808*14  X220   0   4   4   0  -7 -13 -17 -15 -15 -12 -11 -11 -13 -14 -11 -10  -9  -9 -10  -8  -7  -6  -6  -5  -4  -9
DST0808*15  X220   0  -4  -7  -7  -7  -7  -7  -8  -7  -7  -6  -6  -4  -1  -1  -2  -5  -6  -7  -6  -5  -2  -2   1   4  -5
DST0808*16  X220   0   6   8   9   7   3   3   1  -4  -6  -8  -4   1   4   7   7   5   4   3  -1   0   2   6   9   4   3
DST0808*17  X220   0   0  -2  -2  -2  -5  -6  -7  -3  -1  -2  -5  -9 -11 -10 -10 -10 -11 -13 -14 -13  -9  -9  -6  -3  -7
DST0808*18  X220   0  -3  -9 -15 -12 -10  -8  -5  -3  -5  -6  -8 -17 -10 -11 -16 -16 -13  -9  -7  -4  -7 -16 -17 -18 -10
DST0808*19  X220   0 -19 -24 -26 -24 -23 -22 -17 -18 -14 -16 -15 -11 -11 -10 -11 -15 -18 -20 -18 -18 -13  -7  -9 -10 -16
DST0808*20  X220   0 -11 -14 -17 -22 -20 -17 -14 -13 -12 -11 -10 -10  -8  -6  -4  -4  -6  -4  -4  -2  -1  -1  -4  -5  -9
DST0808*21  X220   0  -6  -6  -6  -6  -8  -7  -6  -8 -11 -12 -12 -12 -10  -6  -6  -5  -5  -6  -7  -7  -4  -3  -3  -3  -7
DST0808*22  X220   0  -4  -3  -5  -6  -4  -5  -7  -5  -5  -6  -7  -6  -7  -7  -8  -9  -7  -5  -4  -1   1   1  -1  -1  -5
DST0808*23  X220   0  -1  -2  -4  -5  -3   0   1   1   1  -1   0   1   2   1   0   3   6   6   4   4   5   6   7   8   2
DST0808*24  X220   0   7   6   6   5   6   7   7   6   6   6   6   6   6   8   7   6   5   5   5   7  10   9   7   5   6
DST0808*25  X220   0   5   7   5   3   1   0  -1  -2  -3  -4  -5  -5  -6  -5  -4  -3  -2   0   0   0   1   2   3   3   0
DST0808*26  X220   0   2   1  -1  -2  -2  -1   1   5   6   7   8   8   9   9   5   1   3   3   2   1   1   1   5   4   3
DST0808*27  X220   0   3   3   4   3   0  -3  -5  -3  -1   1   3   4   3   4   4   4   4   3   0   1   4   4   5   6   2
DST0808*28  X220   0   8   7   4   0   1   1   3   5   5   5   4   4   5   7   6   4   3   2  -1  -2   1   3   3   3   3
DST0808*29  X220   0   5   9   7   2  -1  -1  -1   0   0   2   2   2   2   3   4   8  11   7   6   4   5   6   7   5   4
DST0808*30  X220   0   6   3   3   2   2   2   1  -1  -1  -2  -1  -2  -1   0   3   3   3   1   1   3   3   2   3   4   2
DST0808*31  X220   0   7   8   8   8   7   7  10   9   4   1   3   4   3   3   4   3  -1  -1   2   3   1   1   1   2   4

