DST0806*01  X220   0  -5  -6  -8  -8  -8 -11 -12 -10  -8  -5  -4  -1   0  -2  -5  -8  -9  -5  -7  -9  -8  -9  -9 -11  -7
DST0806*02  X220   0  -9  -8  -8  -8 -12 -16 -17 -14 -11 -10  -9  -7  -8  -8 -10  -8  -8  -7  -7 -12 -14 -14 -12  -7 -10
DST0806*03  X220   0  -1   0   0  -4  -5  -4  -4  -3  -3  -2   0   2   2   4   5   5   1  -1  -3  -3  -3   0   2   1  -1
DST0806*04  X220   0   1   0   0   0  -1  -4  -9 -10  -8  -5  -3  -2  -2  -3  -2  -3  -3  -3  -3  -3  -1  -2  -3  -1  -3
DST0806*05  X220   0   1   3   4   4   3   2   0  -3  -5  -7  -9  -6  -2   0   3   3   0  -2   0   3   6   4   1   1   0
DST0806*06  X220   0   3   4   4   7   7   6   4   2   3   8  -2   0   2   4   6   5   6   1  -3  -7  -6  -5  -4  -2   2
DST0806*07  X220   0   1  -2  -4  -4  -4   1   6  -4 -12  -9  -1  -2  -4  -7  -9 -15 -14  -9 -12  -6 -10  -9 -13 -15  -7
DST0806*08  X220   0 -16 -13 -11 -12  -9  -7 -10 -10 -11  -9  -6  -6  -4  -3  -5 -11 -12 -11  -9  -6  -6  -8  -7  -5  -9
DST0806*09  X220   0  -4  -5  -8 -11 -12 -13 -13 -11  -9  -6  -3  -2   0   1   1   0   1   2   3   4   7   2  -4  -3  -3
DST0806*10  X220   0  -4  -3  -2   0   1   0  -2  -2   0   2   3   3   0   0   2   0  -1   1  -1  -1   2   2   4   7   0
DST0806*11  X220   0   8   8   7   3   2   4   9   9   7   4   4   7   3   3   2   0   0   0   1   2   6   3   3   1   4
DST0806*12  X220   0   0  -1   2   4   1   0   1   3   3   4   4   5   2   0  -1   4   6  11  11  10   5   4   0  -2   3
DST0806*13  X220   0  -4  -3  -3  -2   0   2   4   6   8  10  11  10   9   8   4   5   9  11   9   5   6   7   7   6   5
DST0806*14  X220   0   4   5   4   4   2   1  -2  -2   0   5   7   8  18  30  35  31  32  34  27  22   9 -13 -22 -31   9
DST0806*15  X220   0 -23 -17 -20 -33 -39 -41 -39 -37 -28 -26 -20 -20 -21 -19 -21 -21 -17 -15 -11 -13 -15 -19 -17 -16 -23
DST0806*16  X220   0 -14 -14 -16 -17 -19 -18 -14 -11 -12 -10  -7  -2  -3  -4  -1  -3  -5 -11 -17 -21 -25 -28 -28 -25 -14
DST0806*17  X220   0 -20 -14 -16 -18 -22 -21 -20 -20 -19 -15 -11 -11 -16 -17 -17 -16 -14 -16 -18 -20 -16 -16 -16 -16 -17
DST0806*18  X220   0 -19 -19 -21 -18 -20 -17 -16 -16 -16 -18 -14 -12 -10 -10 -12 -10 -10 -10 -10 -12 -14 -15 -15 -14 -15
DST0806*19  X220   0 -16 -17 -17 -17 -17 -17 -17 -14 -10  -6  -2  -1  -1  -9  -9 -11 -12 -11 -10 -10  -9 -10  -9  -3 -11
DST0806*20  X220   0  -2  -2  -4 -11 -10 -14 -30 -30 -24 -20 -16 -20 -20 -20 -17 -17 -18 -15 -12 -10 -12 -14 -11 -10 -15
DST0806*21  X220   0 -10 -13 -15 -17 -18 -17 -16 -15 -13 -11 -11 -14 -10  -5   0   0  -1   0   1  -3  -7 -12 -11 -11 -10
DST0806*22  X220   0 -14 -15 -13 -12 -13 -14 -14 -14 -12 -10 -11 -10  -9  -9  -8  -7  -6  -4  -6  -6  -7  -7  -9 -10 -10
DST0806*23  X220   0 -12 -11  -9  -8  -7  -6  -7  -5  -4  -5  -5  -5  -5  -6  -5  -7  -7  -7  -4  -6  -2  -1   0   0  -6
DST0806*24  X220   0  -3  -8 -10 -10 -10 -11  -9  -8  -8  -9  -8  -6  -6  -6  -5  -5  -4  -2   1   3   9   8   7   5  -4
DST0806*25  X220   0  -4 -12 -19 -24 -29 -26 -24 -21 -23 -17 -13 -11  -9  -6  -4  -2   5   9   2  -2  -2   2   4  -2 -10
DST0806*26  X220   0  -3  -4 -10  -2  -5 -17 -16 -10 -17 -17 -15  -9  -6  -8  -3  -2  -1  -1   0   3  -2  -3  -4  -7  -7
DST0806*27  X220   0 -12 -16 -16 -13 -13 -14 -15 -15 -11  -7  -5  -5  -9  -7  -5  -7 -12 -11  -9  -6  -4  -5  -4  -2  -9
DST0806*28  X220   0  -3  -5  -7  -8  -8  -8  -9  -9  -8  -6  -5  -3  -3  -4  -4  -5  -6  -6  -8 -10  -7  -8  -8  -8  -7
DST0806*29  X220   0  -6  -4 -10 -15 -15 -12 -10 -10 -10 -12  -8  -6  -2  -1  -3  -5  -6  -1   1   3  -4 -11 -19 -18  -8
DST0806*30  X220   0 -15 -13  -9  -9 -11 -14 -14 -10  -6   0   2   2   0   0   0   0   0  -2  -3  -6  -8  -7  -3  -4  -5

