DST0811*01  X220   0 -12  -9  -6  -4  -4  -4  -5  -5  -8  -8  -5  -6  -5  -5  -4  -3  -3  -4  -5  -6  -7  -9  -7  -3  -6
DST0811*02  X220   0   0   1   1   4   2   1   0  -4  -6  -5  -6  -7 -10 -11  -9  -8  -7  -5  -5  -6 -10 -13 -11  -9  -5
DST0811*03  X220   0  -7  -6  -4  -3  -2  -2  -4  -4  -7  -9  -8  -6  -3  -2  -3  -3  -2  -2   0   0  -2  -4  -9 -11  -4
DST0811*04  X220   0  -9  -7  -5  -4  -4  -4  -6  -8  -7  -7  -7  -5  -2   0  -2  -3  -4  -2  -1   1   1   0  -2  -3  -4
DST0811*05  X220   0  -3  -3  -3   0  -1  -2  -3  -3   0  -1   0   1   2   1   0   0   0   1   2   3   2   0   1   1   0
DST0811*06  X220   0   1   1   4   4   3   2   3   4   4   6   6   6   4   3   6   7   8   9   8   5   3   6  10  13   5
DST0811*07  X220   0  15  19  19  22  14  13   6  -4  -9 -13  -7  -2   4  14  11  12  16  14  11   3   1  -8 -17 -17   5
DST0811*08  X220   0 -12 -13 -17 -16 -14 -22 -22 -24 -29 -29 -28 -19 -18 -18 -17 -20 -21 -20 -17 -14 -14 -13 -12  -9 -18
DST0811*09  X220   0 -13 -12 -14 -15 -14 -17 -18 -21 -21 -21 -18 -21 -15 -12 -10 -12 -13 -14 -12 -13 -17 -23 -21 -20 -16
DST0811*10  X220   0 -20 -23 -20 -15 -14 -15 -16 -16 -16 -16 -14 -11 -12 -14 -15 -15 -15 -17 -16 -14 -13 -12 -12 -11 -15
DST0811*11  X220   0 -10  -8  -8  -9  -9 -11 -10 -10 -12 -14 -14 -12 -11  -9  -8  -8  -8  -9 -11 -11 -12 -11 -10 -12 -10
DST0811*12  X220   0 -11 -10  -7  -4  -3  -5  -7 -10 -13 -13 -11  -9  -9  -9  -8  -7  -9 -10  -8  -7  -5  -5  -5  -4  -8
DST0811*13  X220   0  -2   1   3   3  -1  -3  -3  -4  -6  -7  -7  -6  -6  -5  -4  -5  -4  -4  -4  -3  -3  -1   1   3  -3
DST0811*14  X220   0   4   6   8   7   6   5   2   1   0   1   2   3   2  -1  -1   0   2   6   6   8  10   9   7   7   4
DST0811*15  X220   0   7   8   6   4   0  -1  -2  -3  -3  -5  -5  -4  -3  -3  -1   2   8  13  14  17  16  10  11   5   4
DST0811*16  X220   0 -10 -20 -23 -23 -29 -28 -26 -26 -24 -27 -27 -25 -24 -18 -13 -11 -12 -11 -10 -10 -10 -12 -16 -16 -19
DST0811*17  X220   0 -15 -13 -13 -11 -11 -10  -8  -9 -10 -10 -10 -11 -10  -8  -7  -7  -7  -7  -9  -5  -4  -4  -4  -5  -9
DST0811*18  X220   0  -7  -7  -8  -7  -3  -1   0   2   3   2   0  -1  -2  -1   0   1   1  -1  -2  -2  -3  -2  -1  -1  -2
DST0811*19  X220   0  -1  -1  -1  -2  -2  -2  -2  -3   1   4   3   2  -1   0   0  -2  -4  -7  -9  -7  -7  -5  -5  -6  -2
DST0811*20  X220   0  -5  -4  -3  -4  -5  -3  -1   1   2   4   6   6   5   4   4   4   4   5   1  -2  -1   0  -2  -5   0
DST0811*21  X220   0  -5  -2   0   2   3   3   3   2   3   3   2   3   3   4   5   5   5   3   2   0  -2  -2  -3  -2   1
DST0811*22  X220   0  -3  -1   1   1   3   4   5   5   7   9   9   8   7   6   5   5   2   2   4   4   6   8  10  11   5
DST0811*23  X220   0  12   8   2  -2  -6  -5  -5  -6  -3  -1  -3   0   0   0  -2  -5  -5  -4  -5  -5  -4  -2   0   2  -2
DST0811*24  X220   0   3   4   3   3   2   0   1   2   3   4   5   5   3   2   3   3   2   2   3   4   5   7  10  13   4
DST0811*25  X220   0  26  24  28  35  21   7   8  17  25  19  16   7   3  -2   2   2  -1  -4  -3  -7  -6  -2   1   1   9
DST0811*26  X220   0   1  -2  -9 -12  -9 -10  -9 -11  -8  -4  -2  -2  -5  -6  -5  -2   3   0  -1  -3  -4  -8  -7  -6  -5
DST0811*27  X220   0 -10  -8  -7  -6  -9 -10  -9 -10  -8  -6  -4  -4  -7  -6  -4  -4  -5  -5  -5  -7  -8 -10  -7  -5  -7
DST0811*28  X220   0  -5  -7  -9  -9  -7  -4  -2   1   1   1   2   2   1   2   4   1  -3  -1   0   0  -4  -7  -6  -5  -2
DST0811*29  X220   0  -3  -1  -1  -3  -4  -5  -6  -6  -6  -7  -6  -4  -3  -2  -1  -2  -3  -4  -2  -4  -3  -2  -2  -3  -3
DST0811*30  X220   0  -4  -3  -3  -4  -3  -2  -2  -3  -4  -3  -3  -2  -2  -1   0   0  -2  -2   0  -1  -2  -2  -2  -1  -2

