DST0803*01  X220   0 -47 -47 -41 -39 -45 -39 -39 -39 -40 -34 -33 -31 -29 -26 -27 -29 -29 -30 -34 -39 -38 -38 -36 -35 -36
DST0803*02  X220   0 -32 -30 -32 -31 -30 -28 -30 -30 -26 -23 -18 -18 -20 -22 -22 -24 -26 -29 -30 -30 -27 -25 -25 -31 -27
DST0803*03  X220   0 -34 -30 -28 -28 -29 -27 -26 -24 -23 -21 -18 -18 -19 -22 -23 -26 -25 -25 -28 -26 -25 -23 -24 -25 -25
DST0803*04  X220   0 -24 -23 -23 -23 -23 -25 -26 -27 -23 -20 -19 -17 -18 -20 -20 -19 -18 -19 -18 -17 -16 -14 -14 -16 -20
DST0803*05  X220   0 -18 -20 -19 -17 -15 -13 -12 -13 -16 -23 -29 -27 -26 -27 -26 -26 -26 -25 -26 -27 -27 -27 -27 -26 -22
DST0803*06  X220   0 -22 -21 -23 -23 -20 -18 -16 -15 -15 -15 -13 -12 -10  -9  -9 -11 -12 -12 -15 -16 -19 -18 -18 -20 -16
DST0803*07  X220   0 -19 -20 -20 -20 -20 -19 -19 -19 -17 -15 -13 -12 -13 -14 -13 -13 -15 -17 -17 -17 -15 -12 -10 -10 -16
DST0803*08  X220   0 -10 -11 -10  -9  -7  -4  -1   6  13  15  18  21  10  -5 -14  -6  -6 -16 -38 -41 -38 -34 -33 -33 -10
DST0803*09  X220   0 -34 -26 -28 -36 -57 -86 -83 -70 -60 -52 -46 -44 -44 -47 -48 -43 -42 -40 -39 -41 -39 -37 -42 -41 -47
DST0803*10  X220   0 -39 -37 -35 -37 -36 -36 -35 -34 -30 -26 -25 -26 -24 -22 -21 -17 -16 -21 -23 -26 -28 -28 -27 -32 -28
DST0803*11  X220   0 -26 -20 -19 -17 -17 -20 -28 -32 -29 -23 -20 -20 -20 -30 -30 -27 -29 -24 -25 -26 -24 -26 -30 -30 -25
DST0803*12  X220   0 -26 -19 -18 -21 -24 -22 -20 -20 -17 -16 -15 -15 -16 -20 -24 -24 -22 -20 -22 -23 -25 -23 -22 -22 -21
DST0803*13  X220   0 -20 -20 -21 -24 -23 -21 -21 -19 -16 -14 -12 -12 -23 -23 -22 -25 -23 -24 -24 -26 -30 -28 -27 -25 -22
DST0803*14  X220   0 -22 -18 -18 -17 -19 -25 -25 -17 -13 -10 -10 -12 -16 -16 -15 -18 -20 -21 -23 -30 -34 -36 -34 -32 -21
DST0803*15  X220   0 -28 -26 -23 -25 -25 -22 -20 -20 -21 -23 -25 -24 -27 -30 -31 -28 -25 -26 -22 -27 -27 -27 -25 -23 -25
DST0803*16  X220   0 -22 -17 -13 -15 -18 -20 -19 -15 -10  -6  -5  -9 -13 -15 -14 -13 -11 -12 -11 -11 -13 -18 -23 -27 -15
DST0803*17  X220   0 -26 -23 -17 -14 -15 -15 -15 -17 -14 -11 -13 -15 -13  -8  -6  -6 -12 -13 -13 -11  -9  -6  -8  -9 -13
DST0803*18  X220   0  -5  -3  -5  -4  -3 -11 -16 -15 -12  -7  -6  -5 -11 -16 -16 -17 -14 -13 -12 -12 -12  -9  -9  -9 -10
DST0803*19  X220   0  -7  -4  -2  -2  -4  -7  -6  -4  -4  -2   0   0  -2  -7 -13 -15 -17 -18 -22 -25 -29 -25 -23 -24 -11
DST0803*20  X220   0 -19 -11  -7  -9  -8  -5  -4  -3  -2  -4  -3  -9 -18 -22 -22 -19 -16 -16 -17 -17 -14 -12 -13 -14 -12
DST0803*21  X220   0 -12 -11 -12 -11 -11 -11 -11 -12 -10 -10  -6  -5  -5  -6  -7  -6  -6  -9 -10 -11 -15 -16 -16 -13 -10
DST0803*22  X220   0  -9  -5  -3  -1  -2  -6  -7  -8  -8  -7  -7  -6  -4  -3  -2  -1  -3  -2  -2  -3  -5 -12 -18 -19  -6
DST0803*23  X220   0 -16 -13 -16 -21 -18 -14 -16 -14 -10 -11  -8  -4  -4  -5  -4  -6  -5  -5  -4 -10 -12 -12 -11 -12 -10
DST0803*24  X220   0 -10  -5  -1  -2  -4  -4  -2  -2  -3  -7  -8  -6  -6  -6  -6  -5  -6  -1  -1  -2  -2  -5  -6  -6  -4
DST0803*25  X220   0  -4  -2  -3  -1  -1  -1   0  -1   0   0  -2  -4  -3  -3   1   5   4   6   7   5   6   6   5   0   1
DST0803*26  X220   0  -2  -1   0   8   7   8   4   4   5  13  11  -3 -20 -31 -27 -26 -29 -35 -46 -48 -44 -45 -44 -36 -16
DST0803*27  X220   0 -27 -22 -28 -33 -38 -36 -44 -39 -37 -37 -37 -34 -26 -24 -31 -36 -37 -41 -44 -47 -49 -56 -52 -49 -38
DST0803*28  X220   0 -49 -49 -43 -45 -35 -34 -37 -42 -43 -38 -42 -37 -35 -39 -38 -40 -45 -45 -42 -40 -41 -39 -36 -32 -40
DST0803*29  X220   0 -27 -24 -23 -24 -26 -25 -25 -24 -26 -28 -33 -34 -33 -35 -33 -31 -30 -29 -27 -26 -25 -28 -31 -32 -28
DST0803*30  X220   0 -28 -27 -28 -28 -28 -30 -32 -30 -32 -30 -29 -25 -27 -28 -28 -25 -22 -18 -19 -19 -19 -19 -20 -21 -26
DST0803*31  X220   0 -18 -18 -18 -17 -17 -17 -17 -17 -18 -22 -25 -25 -24 -20 -22 -22 -24 -23 -19 -16 -15 -17 -18 -20 -20

