DST0809*01  X220   0   4   5   5   2   1   1   3   4   3   3   2   2   3   6   8   7   4   0  -4  -5  -2   2   4   6   3
DST0809*02  X220   0   9  10   5   0  -1  -1   0   0  -2  -4  -7 -10  -7  -3  -1  -2  -2  -3  -5  -3   0  -1  -2  -1  -1
DST0809*03  X220   0   0   4   5   5   7  15  19  14  10   1   2  -1  -3  -1   4   9  19   9   5   8  11  15  13  11   8
DST0809*04  X220   0   5 -10 -29 -47 -51 -41 -32 -29 -20 -16 -13 -22 -31 -26 -31 -33 -27 -26 -25 -26 -27 -27 -25 -23 -26
DST0809*05  X220   0 -20 -21 -24 -28 -29 -28 -23 -22 -20 -17 -17 -15 -18 -18 -15 -14 -14 -16 -18 -19 -16 -13  -9  -7 -18
DST0809*06  X220   0  -9 -17 -16 -14 -12 -11 -10  -8  -6  -6  -7  -8 -11 -12 -10  -7  -7  -5  -9 -11 -10  -9  -6  -5  -9
DST0809*07  X220   0  -5  -8 -10 -11  -9  -7  -5  -5  -5  -5  -5  -7 -11 -11 -11 -10  -7  -5 -12  -8  -4  -2  -4  -5  -7
DST0809*08  X220   0  -4  -3  -4  -6  -7 -11  -8  -6  -9 -13 -11 -11 -14 -10 -10 -11  -9 -10 -15 -16 -14 -11  -9 -10 -10
DST0809*09  X220   0  -9  -7  -7  -7  -9  -9  -6  -3  -6  -7  -8  -9 -10  -8  -6  -7  -9  -8  -7  -5  -4  -6 -11 -10  -7
DST0809*10  X220   0  -6  -2  -1  -3  -3  -3  -2  -4  -5  -6  -9 -11  -9 -10  -9  -6  -6  -8  -8  -8  -6  -8  -9  -9  -6
DST0809*11  X220   0  -9  -9  -9 -10  -9  -5  -3  -3  -5  -4  -5  -9  -9  -7  -5  -2   0   0  -4  -5  -5  -5  -9 -10  -6
DST0809*12  X220   0  -7  -4  -3  -5  -6  -6  -7  -6  -4  -5  -6  -7  -8  -9  -9 -10  -9  -9  -9 -10  -9  -9  -8  -5  -7
DST0809*13  X220   0   0   1   2   2   1   3   5   4   5   5   5   3   1   0  -1  -1   1   4   4   4   3   2   2   4   2
DST0809*14  X220   0   6   7   9   9   7   6   6   6   5   5   3  -1  -3  -1   1   3   3   2   0   6   5  10   6  -4   4
DST0809*15  X220   0  -8  -6  -2   3   1   3   0   1  -9  -6 -19 -30 -30 -22 -20 -22 -22 -25 -25 -27 -27 -21 -18 -13 -14
DST0809*16  X220   0 -10  -8  -7  -6 -11 -15 -19 -23 -22 -17 -18 -20 -20 -19 -18 -17 -17 -19 -17 -19 -21 -22 -22 -21 -17
DST0809*17  X220   0 -19 -15 -15 -16 -19 -20 -19 -17 -14 -11  -8  -9 -10  -8  -5  -4  -3  -4  -5  -4  -4  -5  -8  -7 -10
DST0809*18  X220   0  -8  -7 -10 -11 -13 -15 -18 -23 -22 -25 -30 -31 -30 -27 -22 -19 -16 -15 -14 -14 -14 -16 -18 -17 -18
DST0809*19  X220   0 -13 -12 -12  -9  -7  -6  -6  -9 -10 -12 -16 -19 -17 -12  -5   0  -1  -2  -5  -7 -11 -12 -10  -8  -9
DST0809*20  X220   0  -8  -9 -11  -8  -5  -3  -4  -4  -5  -6  -6  -8  -6  -4  -2   2   4   4   4   4   2   2   1   0  -3
DST0809*21  X220   0   0  -3  -2   1   2   2   3   2   3   4   3   2   2   2   3   3   3   1  -1  -1  -1  -1  -6 -12   0
DST0809*22  X220   0 -19 -24 -20 -15  -8  -6  -7  -8  -7  -5  -3  -2  -1   0   1   1   1   0  -2  -3  -2  -4  -4  -4  -6
DST0809*23  X220   0  -3  -2  -1  -1   0   0   0  -1  -1   0   2   2   0   0  -1  -2  -2  -3  -2  -4  -7  -9  -9  -5  -2
DST0809*24  X220   0   0   3   4   3  -1  -3  -2   0   2   0  -2  -1   1   3   4   2  -2  -3  -3  -1   0   2   3   1   0
DST0809*25  X220   0   5   4   3   3   5   6   6   5   6   5   6   6   9  11  10   9  11  12  10   3  -6  -9  -8  -5   4
DST0809*26  X220   0  -2  -4  -5  -5  -3  -2  -3  -3  -3  -3  -1  -2  -2   0   0  -3  -3  -2  -1   2   4   5   5   5  -1
DST0809*27  X220   0   5   5   4   4   4   5   3   3   2   1   1   3  10  10   9   8   6   6   2  -2  -4  -7  -8  -4   3
DST0809*28  X220   0  -2   0   0   2   3   1   0   0   0   3   2   1   1   0  -3  -1  -1   2   6   9   8   4   3   3   2
DST0809*29  X220   0   4   5   6   6   6   4   2  -3  -7  -7  -1   0  -2  -3  -4  -3  -1   0   0  -1  -2  -4  -3  -3   0
DST0809*30  X220   0  -4  -4  -1   0   3   5   6   4   3   2   3   5   7  10   9   9  12  11  14  14  13   4  -1  -4   5

