DST0802*01  X220   0 -30 -27 -28 -26 -21 -20 -16 -11  -6  -6 -12 -10  -6  -5  -1  -1  -4 -16 -35 -36 -31 -28 -40 -49 -19
DST0802*02  X220   0 -46 -41 -41 -45 -43 -45 -39 -36 -36 -31 -27 -25 -23 -27 -30 -28 -29 -27 -27 -30 -27 -30 -36 -34 -33
DST0802*03  X220   0 -32 -32 -37 -35 -30 -31 -29 -35 -34 -37 -31 -23 -17 -16 -19 -25 -22 -22 -29 -31 -31 -31 -30 -33 -29
DST0802*04  X220   0 -31 -32 -33 -36 -34 -32 -30 -29 -25 -27 -33 -28 -23 -20 -18 -18 -19 -22 -23 -23 -21 -18 -25 -27 -26
DST0802*05  X220   0 -26 -25 -26 -26 -24 -20 -20 -20 -19 -19 -17 -15 -12 -13 -15 -15 -18 -21 -25 -28 -27 -24 -22 -20 -21
DST0802*06  X220   0 -20 -19 -19 -17 -16 -14 -12 -12  -9  -8  -8  -7  -4  -4  -5  -9 -11 -12 -16 -18 -26 -31 -32 -34 -15
DST0802*07  X220   0 -33 -31 -31 -32 -28 -23 -19 -17 -15 -14 -14 -11  -9  -7  -4  -4  -5 -11 -14 -15 -15 -14 -13 -14 -16
DST0802*08  X220   0 -16 -18 -18 -18 -19 -18 -17 -16 -17 -10  -6  -1   1  -1  -6  -7  -7 -10 -13 -17 -21 -21 -20 -17 -13
DST0802*09  X220   0 -17 -14 -12 -12 -10  -7  -6  -6  -6  -5  -5  -5  -5  -6  -7  -9  -5  -3  -1   0  -3  -1   0   1  -6
DST0802*10  X220   0   4   4   5   7   7   3  -5 -14  -7  -4  -8 -23 -25 -16 -10 -17 -24 -29 -32 -32 -31 -31 -33 -36 -14
DST0802*11  X220   0 -32 -30 -31 -31 -32 -26 -26 -25 -23 -24 -26 -25 -23 -22 -22 -20 -20 -21 -23 -23 -20 -20 -22 -23 -25
DST0802*12  X220   0 -25 -26 -24 -25 -25 -21 -20 -12 -11 -13 -12 -17 -26 -26 -22 -20 -20 -20 -22 -23 -24 -20 -17 -16 -20
DST0802*13  X220   0 -17 -18 -20 -19 -17 -13 -12 -16 -16 -12 -13 -13 -11 -12 -18 -16 -16 -18 -27 -32 -28 -21 -17 -18 -18
DST0802*14  X220   0 -23 -25 -25 -23 -21 -20 -18 -14 -10  -7  -7  -8  -7  -8  -7  -7  -7 -10 -15 -21 -26 -23 -20 -21 -16
DST0802*15  X220   0 -24 -28 -31 -26 -23 -19 -19 -19 -18 -19 -19 -20 -22 -18 -19 -18 -19 -18 -18 -16 -16 -12 -11 -12 -19
DST0802*16  X220   0 -13 -15 -21 -21 -21 -18 -15 -14 -12 -10  -9  -8  -9  -9  -9  -9 -10 -11 -18 -18 -17 -13 -12 -14 -14
DST0802*17  X220   0 -16 -18 -18 -19 -19 -15 -12 -12 -11 -13 -13 -14 -14 -13 -11 -10 -10 -13 -16 -18 -16 -14 -13 -12 -14
DST0802*18  X220   0 -13 -11 -11 -14 -11  -7  -6  -7 -10 -15 -15 -13 -13 -15 -13 -16 -14 -14 -15 -19 -25 -28 -31 -27 -15
DST0802*19  X220   0 -24 -20 -19 -19 -20 -24 -25 -28 -22 -20 -16 -13 -15 -20 -25 -25 -23 -22 -26 -33 -31 -22 -17 -17 -22
DST0802*20  X220   0 -17 -15 -15 -17 -20 -19 -19 -17 -17 -15 -15 -14 -14 -13 -12  -9  -7 -10 -12 -14 -15 -12 -13 -19 -15
DST0802*21  X220   0 -19 -19 -17 -14 -10  -5  -5  -6 -10 -10 -10 -13 -13 -16 -20 -17 -15 -16 -17 -19 -19 -15 -14 -14 -14
DST0802*22  X220   0 -13 -10  -8  -7 -10 -11 -12 -10  -9  -6  -8  -9  -9 -10  -8  -8  -7  -5  -5  -6  -8  -8 -11 -16  -9
DST0802*23  X220   0 -14 -15 -13 -14 -13 -12  -8  -5  -3  -4  -5  -6  -9  -8  -8  -6  -6  -9 -10  -6  -6  -7  -6  -8  -8
DST0802*24  X220   0  -6  -9 -13 -10  -8  -5  -4  -7 -10 -11  -7  -6  -5  -6  -2  -1  -1  -5  -5  -1  -3  -2  -3  -3  -6
DST0802*25  X220   0  -3  -3  -2  -4  -3  -5  -8 -10 -12 -11 -11  -7  -8  -9 -11 -11 -12 -11 -10  -8  -5  -2  -1  -3  -7
DST0802*26  X220   0  -3  -2  -2  -4  -6  -6  -5  -2   0  -2  -5  -6  -6  -9 -13 -13 -15 -13 -11 -10 -13 -14 -12 -13  -8
DST0802*27  X220   0 -11 -11 -12 -14 -14 -11  -9  -7  -6  -1  -1  -3  -6  -8 -10  -4   3  -1 -19 -25 -25 -21 -13 -11 -10
DST0802*28  X220   0 -11 -14 -21 -20 -23 -29 -32 -26 -16 -12  -7 -18 -13 -10  -9 -15 -27 -33 -34 -41 -36 -45 -52 -46 -25
DST0802*29  X220   0 -38 -32 -31 -28 -26 -31 -32 -32 -28 -17 -16 -20 -27 -27 -24 -25 -35 -38 -41 -38 -35 -40 -42 -45 -31

