DST0810*01  X220   0  -2  -1  -1   0   2   4   3  -4  -6  -1  -1   0   2   4   7   4   3   3   0   0  -1   2  -2  -5   0
DST0810*02  X220   0  -6  -6  -6  -1  -2  -4  -2   0   4  -1  -5 -15 -27 -29 -24 -19 -17 -17 -16 -15 -16 -15 -13 -13 -11
DST0810*03  X220   0 -12 -20 -20 -18 -15 -16 -21 -21 -17 -16 -18 -16 -20 -16 -12 -13 -12  -8  -5  -4  -6 -16 -17 -11 -15
DST0810*04  X220   0 -12 -12 -14 -18 -19 -15 -13 -13 -11 -13 -16 -17 -15 -16 -16 -16 -14 -15 -14 -13 -14 -16 -17 -14 -15
DST0810*05  X220   0 -13 -14 -16 -15 -11 -12 -13  -7  -3  -2  -3  -2  -3  -5  -7  -9  -8  -9 -12 -13 -14 -13 -11 -11  -9
DST0810*06  X220   0 -10 -10 -11 -13 -14 -12 -11 -12 -11 -10  -8  -7  -8  -7  -4  -3  -3  -5  -7  -6  -4  -4  -6  -5  -8
DST0810*07  X220   0  -6  -8  -7  -6  -4  -3  -3  -2  -2  -2  -2  -1  -2  -3  -4  -7  -7  -7  -6  -3  -2  -3  -4  -4  -4
DST0810*08  X220   0  -3  -4  -5  -4  -4  -5  -4  -2  -2  -1   0   2   4   5   4   3   4   5   5   5   5   3   1   1   1
DST0810*09  X220   0   1   0   1   1   1   0   0   1   2   2   2   2   1  -1  -1  -1   0   0  -1  -2  -3  -2  -2  -2   0
DST0810*10  X220   0  -3  -2  -1   1   4   7   8   6   6   7   7   8   6   6   4   1   1   0   0   2   5   7   9   8   4
DST0810*11  X220   0   9   7   2  -1  -4  -2   7  12  -6 -29 -47 -54 -45 -38 -41 -43 -44 -52 -47 -41 -38 -36 -32 -35 -25
DST0810*12  X220   0 -40 -38 -39 -40 -39 -37 -36 -32 -30 -27 -28 -25 -26 -25 -25 -23 -23 -24 -23 -21 -21 -23 -22 -22 -29
DST0810*13  X220   0 -23 -24 -25 -22 -24 -22 -18 -18 -22 -20 -18 -18 -16 -15 -16 -19 -19 -18 -16 -15 -15 -16 -17 -18 -19
DST0810*14  X220   0 -20 -19 -17 -13 -16 -16 -17 -21 -22 -21 -18 -14 -12 -10 -12 -12 -12 -13 -14 -11  -9  -9  -8 -10 -14
DST0810*15  X220   0 -14 -20 -26 -27 -27 -27 -28 -33 -33 -30 -27 -26 -24 -23 -21 -20 -19 -15 -11  -7  -8 -12 -17 -16 -21
DST0810*16  X220   0 -11 -12 -13 -13 -16 -18 -19 -20 -20 -18 -18 -17 -17 -17 -18 -20 -19 -16 -12 -10 -11 -13 -11 -12 -15
DST0810*17  X220   0 -13 -15 -14 -13 -10  -9  -8  -8 -10 -12 -11 -10 -10  -7  -7  -8  -9  -9  -6   0  -1  -2  -4  -5  -8
DST0810*18  X220   0  -6  -8  -7  -6  -7  -6  -4  -6  -7  -6  -5  -3  -1   0   0   0   2   4   4   6   7   7   5   3  -1
DST0810*19  X220   0   2   0   0   1   0   1   2   1  -2  -2  -4  -7  -7  -5  -6  -4  -4  -6  -4  -3  -2  -3  -9 -17  -3
DST0810*20  X220   0 -18 -15 -12  -9  -9  -9  -9 -10 -10  -9  -5  -3  -1   2   1  -2  -4  -5  -4  -3  -2  -4  -3  -3  -6
DST0810*21  X220   0  -4  -7 -10 -13 -10  -7  -7 -10 -11  -9  -7  -4  -3  -2  -4  -5  -5  -5  -5  -3  -1  -3  -2  -2  -6
DST0810*22  X220   0  -2  -2   0   0   1   2   3   3   3   4   4   5   2   0   0  -1  -5  -7 -13  -8  -7  -5  -8 -10  -2
DST0810*23  X220   0 -10 -13 -13 -10 -11 -10  -7  -8  -8 -10  -7  -5  -4  -3  -4  -4  -3  -1  -2   0  -1  -3  -3  -2  -6
DST0810*24  X220   0  -2  -1  -2   1   0  -1  -2  -3  -3  -1   0   0  -1  -3  -3  -3  -3  -4  -5  -4  -4  -4  -5  -5  -2
DST0810*25  X220   0  -2   0   0   1   3   3   5   6   7   9   7   5   5   4   5   5   2   4   5   2   1   3   7  10   4
DST0810*26  X220   0  11  13  12   9   6   7   2   5   3   2   2   2   3   1  -3  -1  -2  -3  -3  -4  -4  -5  -4  -5   2
DST0810*27  X220   0  -7  -3  -1   0   0  -1  -4  -4  -3  -3  -4  -4  -2  -1  -1  -2  -3  -3  -2  -2  -1   1   2   2  -2
DST0810*28  X220   0   2   4   5   3   1   1   6   9   5  10  11  12  15  14  12   8   8   6   5   2   4   4   7  11   7
DST0810*29  X220   0   8   6   7   7   4   1 -22 -19 -15  -9  -7  -8  -6 -10 -11 -11 -16 -18 -15 -16 -17 -15 -15 -15  -9
DST0810*30  X220   0 -13 -12 -10  -7  -4  -5  -6  -6  -7 -10  -9 -13 -13 -10  -9  -9 -15 -18 -17 -14 -11 -11 -13 -14 -11
DST0810*31  X220   0 -13 -10 -12 -12 -11 -12 -14 -16 -15 -14 -12  -8  -6  -6  -6  -7  -9 -10 -10  -8  -8 -10 -12 -13 -11

