DST0902*01  X220   0  -9  -7  -8  -7  -7  -7  -9 -11 -12 -12 -13 -14 -14 -14 -13 -10  -9  -6  -4  -5  -5  -6  -7  -7  -9
DST0902*02  X220   0  -6  -5  -5  -5  -5  -3  -2  -2  -2  -3  -7  -9 -10  -9  -8  -5  -3  -1   2   2   3   4   1  -2  -3
DST0902*03  X220   0  -1  -1  -2  -1   0   3   5   4   5   3   1  -1  -4  -7  -7  -6  -3  -1  -1  -5  -3  -7 -16 -15  -3
DST0902*04  X220   0 -12  -8  -5  -5  -4  -3  -4  -2   3   2  -5  -5 -16 -25 -34 -37 -38 -41 -42 -31 -29 -28 -23 -25 -17
DST0902*05  X220   0 -28 -27 -22 -17 -17 -22 -22 -22 -19 -17 -16 -14 -16 -17 -11 -15 -18 -17 -15 -16 -15 -16 -16 -14 -18
DST0902*06  X220   0 -15 -15 -16 -19 -20 -19 -19 -18 -14 -11 -11 -12 -13 -14 -17 -15 -14 -12 -12 -14 -14 -10  -4  -1 -14
DST0902*07  X220   0   0  -1  -1  -5  -9 -10 -11 -11  -8  -4  -1   0  -1  -5  -8  -8  -9  -8  -7  -7  -4  -2  -1   1  -5
DST0902*08  X220   0   1   2   4   5   0  -2  -2  -2  -4  -4  -4  -3  -4  -4  -6  -7  -5  -4  -2  -1  -1  -3  -6  -6  -2
DST0902*09  X220   0  -6  -3  -1   1   0  -1  -4  -4  -3  -4  -8  -8  -6  -5  -5  -3  -4  -5  -5  -5  -5  -2   1   3  -3
DST0902*10  X220   0   5   8   7   5   4   4   1   1  -1  -3  -7 -10  -8  -1   3   7   6   6   5   5   2   2   3   5   2
DST0902*11  X220   0   6   7   7   8   8   6   6   5   2   1  -1  -6  -9  -9  -8  -5   0   0  -2   1  -1   0   3   7   1
DST0902*12  X220   0  11  11  10   8   4   4   2   0  -1  -3  -5  -6  -9 -10 -11 -10  -6  -8 -10 -11 -12 -13 -10  -8  -3
DST0902*13  X220   0  -6  -5  -3  -2   0   1   1   1   2   4   2   0   0  -2  -2  -1   0  -3  -6  -7  -5  -2   1   6  -1
DST0902*14  X220   0   8  12  21  26  30  27   4  -9 -18 -28 -31 -18 -21 -28 -32 -38 -38 -33 -31 -29 -25 -24 -20 -19 -13
DST0902*15  X220   0 -21 -23 -26 -25 -22 -20 -21 -22 -25 -23 -17 -14 -13 -19 -21 -23 -25 -23 -20 -21 -22 -22 -22 -22 -21
DST0902*16  X220   0 -23 -24 -24 -25 -22 -18 -15 -13 -11  -9  -9  -8 -10 -14 -18 -18 -18 -17 -17 -18 -20 -18 -17 -19 -17
DST0902*17  X220   0 -19 -21 -21 -19 -17 -15 -13 -13 -11  -9  -6  -3  -4  -7  -9  -9  -8  -7  -7  -9 -10  -9  -8  -7 -11
DST0902*18  X220   0  -5  -4  -4  -5  -4  -4  -2  -2  -2  -1  -1  -5  -6  -8  -9  -9 -10 -11 -12 -12 -12  -8  -5  -3  -6
DST0902*19  X220   0  -3  -5  -7  -7  -8  -7  -6  -5  -4  -2   1   5   3   1   0  -1  -5  -5  -4  -3  -1   2   1   3  -2
DST0902*20  X220   0   5   6   0   6   6  -1  -1  -1  -1  -2  -1   3   3  -1  -5  -6  -4  -4  -4 -10 -10  -5   1   6  -1
DST0902*21  X220   0   7   4   2   0  -4  -3   1   1   0   1   2   4   3   3   3   0   0   1   0  -2   2   4   4   8   2
DST0902*22  X220   0   7   6   5   3   2   0  -2  -6  -6  -5  -3  -3  -4  -2   0   0   0   0  -2  -1   2   1   5   6   0
DST0902*23  X220   0   6   4   6   5   4   3   1   0  -2  -3  -3  -3  -5  -6 -13 -18 -22 -22 -19 -19 -13  -9  -8  -7  -6
DST0902*24  X220   0 -12 -11 -11 -13 -13 -10  -9 -15 -17 -15 -12 -11 -11 -12 -14 -16 -14 -12 -12 -11 -11  -8  -5  -4 -12
DST0902*25  X220   0  -6  -8 -11 -11 -12 -15 -16 -15 -14 -12  -8  -7  -8  -8  -7  -7  -7  -7  -8  -7  -6  -4  -3  -3  -9
DST0902*26  X220   0  -4  -5  -6  -4  -6  -8  -8  -9  -8  -6  -8  -6  -6  -4  -7  -6  -5  -3   0   2   2   3   8  11  -3
DST0902*27  X220   0  16  14  11  12   7   1   3   2  -4 -20 -23 -20 -13 -14 -15 -14 -16 -18 -16 -21 -20 -18 -13 -13  -8
DST0902*28  X220   0 -10 -11 -12  -6  -6  -9 -10 -11 -13 -10  -6  -4  -6  -9 -10 -10 -11 -12 -13 -13 -12  -9  -7  -4  -9

