DST0906*01  X220   0  -3  -4  -4  -5  -5  -5  -5  -3  -2  -1  -2  -3  -4  -3  -1   0  -1  -2  -4  -6  -4  -4  -3   0  -3
DST0906*02  X220   0   1  -1   0   2   4   6   7   6   7   6   5   4   2   2   0   0   2   1   1   4   6   6   7   7   4
DST0906*03  X220   0   7   7   5   6   8   7   7   8   9  12  13  14  15  15  15  12  12   9   6  11   6  -1   6  11   9
DST0906*04  X220   0  14  11   4  -1  -4  -5  -5  -4  -2   0   0  -3  -7  -9  -9 -10  -9  -9  -9 -11 -14 -17 -19 -13  -5
DST0906*05  X220   0  -9  -5  -5  -6  -7  -9 -12 -12 -14 -14 -16 -17 -13 -15 -18 -21 -21 -16 -15 -12 -11 -10  -8  -4 -12
DST0906*06  X220   0   0   0  -3  -4  -4  -7 -12 -10  -6  -2  -4  -6  -7  -4  -3  -1   0   0   1   0  -1  -2  -2  -2  -3
DST0906*07  X220   0  -2  -6  -7  -6  -2  -3  -3   0   6  11  11   1  -3  -5  -4  -1   2   6   5   4   2  -4  -5  -3   0
DST0906*08  X220   0  -2  -2  -2  -2  -4  -5  -6  -6  -5  -1   0  -1  -1   1   0  -2  -6  -6  -4  -3  -2  -2  -1   1  -3
DST0906*09  X220   0   1   1   1   1   0   0   1   3   5   8   6   5   5   5   3   4   7   7   9  10  10   8   6   7   5
DST0906*10  X220   0   8  10   8   6   7   8   5   3   2   3   4   6   5   5   5   5   4   4   5   6   5   1  -2   0   5
DST0906*11  X220   0   3   4   5   5   5   7   7   4   3   3   3   4   5   6   4   5   5   6   6   6   5   3   5   5   5
DST0906*12  X220   0   3   4   4   5   6   4   4   4   5   3   4   4   3   1   1   2   3   5   8  11  12  10  10  11   5
DST0906*13  X220   0  10   8   9  11  12  13  10   9  10  11  11  10   5   4   6   4   2   2   4   3   2   2   3   7   7
DST0906*14  X220   0   9   8   7   6   7   9   8  11  12  11   6   2   4   5   6   6   6   4   5   8  10   5   1   1   7
DST0906*15  X220   0   1   0  -3  -8  -8  -6  -2  -2  -3   0   2   3   4   3   3   1   0  -3  -2  -2   0   2   4   5   0
DST0906*16  X220   0   3   1   1   1   2   3   5   9  11  13  14  11  12  15  13   9   9   8   8   8   7   7   7   9   8
DST0906*17  X220   0  10  10   7   4   2   3   3   2   2   1   1   1   1   1   2   2   5   6   4   3   5   7  10   8   4
DST0906*18  X220   0   3   1   1   1   2   0   0   2   4   3   3   4   5   3   3   3   4   5   6   8  10   8   5   0   4
DST0906*19  X220   0  -1  -1   0   3   7  10  10   9  10  12  12   9   6   5   4   4   5   3   5  10  10   9   7   5   6
DST0906*20  X220   0   3   2   0   1   6  15  17  10  12  14  12  12  13  11  10   9  14  18  18  16  14  11  13  16  11
DST0906*21  X220   0  13   9   6   6  11  16  22  10  10   7   3   0  -1   5   9   5   3   1  -1  -3  -2   0   2   2   6
DST0906*22  X220   0   4   2   3  -1   1   5   4   3   0  -1   1   3   4   6   6   5   3   2   3   2   2   1  -1   0   2
DST0906*23  X220   0   1   6   8   9  10   9   7   8  11  16  19  18  20  21  13  14  15  17  18  21  24  34  33  21  16
DST0906*24  X220   0  18  21  29  28  42  32  21   6   7   8   7  15  12  11  11  15  20  29  36  20  -7 -12 -14  -9  14
DST0906*25  X220   0  -7  -8  -6  -5  -7  -6  -5  -5  -5   1   4   3   3   0   2   4   3   2  -1  -4  -9 -13 -14 -13  -4
DST0906*26  X220   0 -14 -14 -11  -6  -4  -5  -6  -6  -6  -5  -5  -5  -4  -3  -1  -2  -4  -4  -4  -4  -3  -5  -7  -9  -6
DST0906*27  X220   0  -7  -4  -2   0   1   0   0  -2  -2  -1   0  -1   5   9   8   6  11  13  10   9   6   6   3  -1   3
DST0906*28  X220   0  -5   3   5   8   7  13  13  10   6   5   2   4   6  11  12   4   1   5  -2  -9 -14 -13 -20 -28   1
DST0906*29  X220   0 -27 -26 -23 -20 -19 -22 -20 -18 -19 -15 -13 -14 -11  -9  -9 -11 -12 -10 -11 -10 -10 -13 -13 -13 -15
DST0906*30  X220   0 -15 -15 -14 -13 -11 -10 -11 -14 -15 -11  -8 -10 -12 -10  -8  -8 -11 -16 -20 -23 -17 -11  -6  -6 -12

