DST0904*01  X220   0   1   1   0   3   4   5   5   5   4   4   1   2   7   9   9   9   8   8   8   9  10   8   7   4   5
DST0904*02  X220   0   1   2   3   3   2   1   0  -1   0   1   1   1   0  -2  -3  -2  -3  -4  -4  -5  -3   0   2   3   0
DST0904*03  X220   0   2   3   4   6   7   6   6   6   6   7   3  -1   0   1   2  -2  -5  -6  -5  -2   0   1  -1  -2   2
DST0904*04  X220   0  -4  -6  -5  -3   1   2   5   6   5   6   6   7   7   8   8   7   6   7  10  12  13  12  10   7   5
DST0904*05  X220   0   4   5   3   6  12  11   4   5   4   3   8   8   8   8   5   3   3   3   0   2   3   2  -1  -4   4
DST0904*06  X220   0  -4  -6  -7  -7  -4  -1   1   3   4   6   7   6   5   5   3   3   3   6   9   7   5   4   2   4   2
DST0904*07  X220   0   4   2   1   1   1   2   4   5   5   5   6   5   6   5   6   7   5   5   3  -1  -4  -5  -7  -4   2
DST0904*08  X220   0  -1   0  -1   0   1   2   3   4   4   8   9   8   8  13  15  15  20  22  20   8   3  -1   3   7   7
DST0904*09  X220   0  11   9   0  -7 -14 -12  -8  -4  -4  -9 -15 -13  -9  -7  -5 -11 -20 -23 -23 -26 -27 -25 -19 -16 -12
DST0904*10  X220   0 -15 -15 -13 -11  -8  -5  -5  -6 -10 -11 -11 -11  -8 -10 -12 -11  -9 -11 -13  -7  -1   0  -1  -8  -9
DST0904*11  X220   0 -13 -11  -9 -11  -7  -6 -10 -11 -11  -9  -6  -4  -3  -3  -8  -8 -11 -10  -8 -10 -10 -10 -13 -13  -9
DST0904*12  X220   0 -11 -11 -12 -12 -11  -7  -9 -11 -11  -9  -8  -7  -7  -6  -4  -3  -3  -7 -14 -14 -12 -13 -13 -15 -10
DST0904*13  X220   0 -18 -20 -19 -14 -11  -8 -10  -8  -7  -8  -9  -9  -9  -8  -3  -3 -10 -11 -13 -12 -13 -12 -12 -11 -11
DST0904*14  X220   0 -10  -7  -6  -5  -3  -1  -1  -2  -5  -7  -8  -7  -5  -3  -3  -5  -6  -6  -6  -5  -4  -4  -5  -4  -5
DST0904*15  X220   0  -3  -4  -4  -3  -2  -2  -2  -2  -4  -6  -6  -3  -3  -3  -1  -1  -3  -3  -4  -5  -4  -6  -8  -6  -4
DST0904*16  X220   0  -6  -6  -8  -8  -5  -3  -7 -11  -9  -6  -6  -4  -1  -1   2   8  10  -2   1   1  -1  -3  -2  -8  -3
DST0904*17  X220   0  -6  -5  -2   0   1   4   6   2   1   0  -2  -4  -6  -5  -3  -4  -4  -1   0  -1  -3  -1  -4   3  -1
DST0904*18  X220   0   3   3   0  -1  -6 -15 -25 -21 -17 -15 -11 -11 -10  -7  -5  -4  -3  -4  -5  -5  -6  -9 -12  -7  -8
DST0904*19  X220   0  -8 -10  -9  -8  -8  -8  -7  -7  -7  -6  -5  -2   0   1   3   4   7   5   4   1  -1  -2  -4  -3  -3
DST0904*20  X220   0  -4  -4  -2   0   0  -2  -1   0   1  -1  -2  -5  -6  -6  -5  -5  -4  -4  -5  -6  -3  -3  -2  -2  -3
DST0904*21  X220   0  -4  -5  -4  -2  -1  -3  -2   1  -1  -1   1   4   5   4   2   0  -1  -3  -2  -3  -4  -3  -4  -3  -1
DST0904*22  X220   0  -2  -5  -5  -2   1   0   0   0  -2  -3  -1  -3  -7  -6  -4  -2   0   2   3   2  -1  -3  -5  -2  -2
DST0904*23  X220   0   0   0  -1  -1  -1  -2  -2  -2  -3  -3  -3  -3  -3  -4  -2  -1  -1   2   3   7   7   5   5   6   0
DST0904*24  X220   0   8  17  13  10  10   8   6  11  12  12  14  11  10   6   5   8   4   0  -4  -3  -1   1   3   4   7
DST0904*25  X220   0   3   2   1   2   1   4   2   0  -1  -1  -2  -3  -6  -8  -9  -8  -6  -2  -1  -4  -5  -9  -7  -4  -3
DST0904*26  X220   0  -3  -2  -3   0   2   0   1  -1  -2  -2  -1   1   0   0   0   1   5   9  10  10   7   5   4   0   2
DST0904*27  X220   0  -8 -12 -12 -10 -10 -10 -11 -10 -10  -9  -9  -7  -7  -6  -5  -1   2   4   3   3   2   2   3   3  -5
DST0904*28  X220   0   3   4   5   4   3   1   1   2   4   5   4   1   1   1   2   5   5   5   4   5   6   6   7   7   4
DST0904*29  X220   0   8   6   7   7   8   9  11  10   8   2  -3  -6  -4  -2  -1  -1  -2  -1   0   3   3   4   4   2   3
DST0904*30  X220   0  -3  -3  -3  -1  -2  -2  -1  -1  -1   0  -1  -2  -1   0  -1  -1   0  -3  -5  -6  -4  -2   0   1  -2

