DST0911*01  X220   0 -12 -13 -14  -9  -2  -3   0   3   1   1   1   2   3   0   0  -2  -4  -3   0   1   1   2   2  -2  -2
DST0911*02  X220   0  -3  -5  -6  -3  -2   2   4   2   8  11   5   4   3   5   4   2   0  -3   1   2   1   0  -1  -2   1
DST0911*03  X220   0  -3  -7 -10 -10  -9  -7  -6  -6  -6  -6  -4  -4  -5  -5  -3  -3  -3  -4  -4  -5  -5  -4  -2  -2  -5
DST0911*04  X220   0  -3  -4  -5  -4  -3  -3  -2  -1  -4  -8  -4   0   3   3   3   2   3   6   8   8   7   7   5   6   1
DST0911*05  X220   0   9   9   8   4   1   2   3   5   9  10  12  12  11   9   8   8   8   7   6   6   6   7   5   3   7
DST0911*06  X220   0   3   0   3   6   4   8   8   7   6   4   3   2   1   2   2   2   2   2   2   1   1   2   3   4   3
DST0911*07  X220   0   5   6   7   7   8   9   9   9   8   7   5   6   8   7   6   5   5   5   4   3   1   1   5   7   6
DST0911*08  X220   0  10  12  14  15  15  14  15  15  15  13   4  -6  -8 -13 -14 -14 -15 -13 -15 -22 -26 -23 -14 -12  -2
DST0911*09  X220   0 -11  -9  -6  -4  -5  -8  -7  -8 -12 -18 -14  -9  -8  -8  -9 -11 -11  -8  -7  -7  -7  -7  -5  -4  -8
DST0911*10  X220   0  -3  -4  -5  -4  -5  -5  -3  -3  -5  -7  -6  -5  -4  -6  -7  -8  -9  -8  -7  -6  -7  -8  -6  -4  -6
DST0911*11  X220   0  -3  -2   1   0  -2  -4  -5  -5  -4  -5  -4  -4  -1   0   0  -1  -3  -3  -1   1  -1   0   2   5  -2
DST0911*12  X220   0   6   5   2   1  -2  -2  -3  -5  -6  -6  -5  -1   0  -2  -1  -1  -1   2   4   5   2   0  -1   0   0
DST0911*13  X220   0   2   2   2   0  -2  -1   0   1   1   0   0   2   6   8   7   7   4   2   0   0   4  11  13   9   3
DST0911*14  X220   0   7  10  10  10  11   8   6   8   1  -2  -5  -8  -4  -6  -9 -11 -11  -9  -5  -4  -3  -9 -13 -17  -2
DST0911*15  X220   0 -16 -16 -15 -15 -13 -10  -7  -3  -4  -5  -4   0   1  -1  -7 -10 -13 -17 -18 -15 -12  -9  -9  -9  -9
DST0911*16  X220   0  -7  -5  -4  -6  -7  -7  -8  -9 -10 -12 -10  -7  -5  -6  -7  -8  -8  -9  -9  -8  -7  -5  -5  -5  -7
DST0911*17  X220   0  -8  -9  -6  -4  -3  -3  -4  -6  -8 -10  -8  -5  -2  -3  -4  -5  -5  -4  -4  -5  -4  -3  -4  -3  -5
DST0911*18  X220   0   0   4   8  15  17  17  10   4   2   1   0   0   2   2   1   1   4   3   3   4   6   6  -1  -3   4
DST0911*19  X220   0  -1   1   2   1  -1  -1  -2  -4  -8  -9  -8  -5  -4  -4  -4  -3  -1   5  10  10   8   5   1  -4  -1
DST0911*20  X220   0  -5  -5  -4  -1   0   1   2   1   0   0   1   3   6   5   3   0  -2  -1   1   5   6   7   7   7   2
DST0911*21  X220   0   1  -6  -4   1   5   3   2  -7 -12 -11  -8  -5  -4  -2  -2  -3  -4  -1  -1  -1  -4  -6  -3  -3  -3
DST0911*22  X220   0  -6  -7  -6  -3  -3  -4  -5  -5  -7  -7  -7  -5  -1  -2  -6  -7  -6  -4  -2  -2  -2  -4  -5  -2  -5
DST0911*23  X220   0   1   0   0   0  -2  -2  -3  -4  -5  -6  -5  -6  -6  -3  -3  -2  -1  -1  -1  -1  -1  -2  -3  -3  -2
DST0911*24  X220   0  -1   2   4   6   3   3   3   5   4   1   2   4   4   6  10   7   7   3   0  -2  -5  -9  -9  -7   2
DST0911*25  X220   0 -11 -11 -12 -14 -17 -14 -12 -15 -17 -18 -16 -16 -11 -13 -14 -15 -16 -14 -13 -12 -14 -15 -13 -12 -14
DST0911*26  X220   0 -10 -10 -11 -10  -8  -9 -11 -10  -7 -11 -11  -9  -8 -11 -15 -19 -23 -25 -24 -19 -17 -11  -9  -8 -13
DST0911*27  X220   0  -9 -11 -11  -9  -6  -6  -7 -10 -13 -12 -10  -6  -5  -5  -4  -4  -5  -7  -8  -7  -5  -5  -7  -7  -7
DST0911*28  X220   0  -4  -3  -2  -2  -1   1  -1  -4  -4  -6  -8  -2   1   1   0  -2  -1  -1  -2  -2  -4  -3   0   2  -2
DST0911*29  X220   0   3   4   2   1   1   0  -1  -2  -2  -2  -2  -1   1   0   0  -2  -2  -1   0   1   1   3   3   3   0
DST0911*30  X220   0   4   2   0  -1  -1  -2  -3  -5  -7  -8 -10  -9  -7  -6  -7  -6  -6  -6  -4  -2  -2  -1   0   0  -4

