DST0901*01  X220   0  -7  -5  -4  -5  -7  -7  -9 -12 -11  -8  -9 -10 -14 -17 -15 -13 -15 -17 -17 -16 -14 -12  -7  -4 -11
DST0901*02  X220   0  -3  -5  -6  -5  -7  -8  -9  -8  -7  -5  -7 -10 -12 -10  -7  -3  -2  -8 -10 -11  -9  -8  -3  -8  -7
DST0901*03  X220   0 -10  -7  -7 -11 -14 -15 -11  -8  -7  -9 -12 -13 -10  -8  -9 -11 -16 -18 -14 -10  -9  -9  -8  -8 -11
DST0901*04  X220   0  -9  -8  -8 -10 -10  -9  -6  -8  -7  -7  -9  -9  -9  -9  -8 -11 -15 -19 -18 -15 -11  -6  -3  -4 -10
DST0901*05  X220   0  -5  -5  -4  -5  -6  -8  -6  -8 -11 -10  -9  -9  -8  -6  -7  -8  -7 -11 -12 -12 -10  -8  -9  -8  -8
DST0901*06  X220   0  -5  -4  -7 -11 -11 -11 -12 -14 -14 -13 -15 -14 -12 -12 -13 -12 -13 -16 -17 -14 -12 -10  -7  -7 -12
DST0901*07  X220   0  -8  -9 -11  -9  -9  -8  -6  -6  -5  -5  -6  -4  -3  -5  -6  -7  -8  -9  -6  -5  -4  -2   0  -1  -6
DST0901*08  X220   0   0  -1  -2  -2  -2  -2   0   0  -1   1   0  -2  -7  -7  -6  -7  -7  -5  -1   1   3   4   2   2  -2
DST0901*09  X220   0   4   4   1  -4  -9  -9  -7  -6  -5  -4  -8 -12 -17 -15 -10  -4   1   0  -1  -6  -5  -1   4   3  -4
DST0901*10  X220   0   0  -1  -5  -8  -8 -10  -7  -4  -5  -5  -5  -8  -9  -7  -5  -5  -8  -9  -9  -7  -5  -4  -7  -8  -6
DST0901*11  X220   0  -9 -11  -7  -5  -3  -2  -3  -3  -5  -8  -9 -10 -10  -9  -7  -8 -11 -14 -14 -13 -13 -12 -11 -10  -9
DST0901*12  X220   0 -10  -8  -8 -10  -8  -6  -5  -3  -3  -3  -3  -3  -2  -2  -2  -4  -8  -7  -5  -2  -3  -2   2   4  -4
DST0901*13  X220   0   4   5   4   5   9  13   7   6   8   8   7   7   7   4   3   4   2  -2  -6  -7  -6  -4  -6  -4   3
DST0901*14  X220   0  -3   3   0  -3  -5  -5   1   5   5   3  -8 -17 -18 -19 -18 -16 -17 -17 -18 -16 -16 -14 -15 -19  -9
DST0901*15  X220   0 -18 -13 -10  -9 -10 -14 -17 -18 -15 -11  -9 -12 -15 -16 -13  -8  -4 -11 -14 -13 -11 -13 -14 -11 -12
DST0901*16  X220   0  -9  -6 -12  -7 -10  -7  -5  -1  -1  -2  -6  -8  -6  -8 -11 -17 -16 -15 -11 -10 -10  -8  -9 -10  -9
DST0901*17  X220   0  -8 -10 -10  -7  -5  -3  -3   1   1   0  -4  -9 -11 -12 -12 -11 -11  -9  -6  -9 -11 -11  -8  -6  -7
DST0901*18  X220   0  -6  -6  -6  -8  -8  -5  -2   0   3   1  -3  -5  -6  -6  -5  -5 -10 -10  -7  -5  -2  -1   0   6  -4
DST0901*19  X220   0  10   4  -6   1   5   5   1  -8  -6  -6  -8 -10 -10  -9   0   3  -1  -5  -8 -11 -15 -19 -17 -15  -5
DST0901*20  X220   0 -13 -11 -12 -11  -9  -9  -8  -5  -3  -3  -5  -7  -7  -7  -6  -4  -3  -4  -5  -8 -12 -14 -14 -12  -8
DST0901*21  X220   0 -10  -9  -6  -5  -2  -1   0  -1  -4  -3  -3  -3  -3  -7  -6  -9  -9  -9  -9  -7  -6  -8 -10 -11  -6
DST0901*22  X220   0 -11 -10  -6  -5  -6  -6  -3  -4  -5  -3  -3  -1   1  -1  -2  -1   1   2   2   1   2   1   2   2  -2
DST0901*23  X220   0  -1  -3   0   3   3   2   1   0   2   5   6   6   4   2   1   1   0   0   1   2   2   2   1   0   2
DST0901*24  X220   0   1   0  -1  -2  -4  -4  -3  -3  -3  -3  -1   0   1   2   1   4   8   9   8   7   6   6   5   6   2
DST0901*25  X220   0   6   9  12  10  10   6   4   2   2   2   0  -4  -4  -3   2   6   7   5   5   6   6   5  10  10   5
DST0901*26  X220   0  10  17  20  18  17  13   1   7   2  -6  -6  -5 -10 -19 -29 -29 -22 -17 -15 -14  -9 -11 -10  -9  -4
DST0901*27  X220   0  -9  -9  -5  -4  -5  -8  -8  -8  -8 -10 -12 -14 -15 -16 -13 -12 -13 -11 -10  -7  -6  -6  -6  -5  -9
DST0901*28  X220   0  -5  -6  -8 -10 -11 -11 -10 -11 -10  -8  -8  -9  -8  -6  -4  -3  -3  -4  -4  -5  -1   0   5   9  -5
DST0901*29  X220   0  10  12  11  13   7   2  -6  -8  -9 -13 -15 -14 -11 -11 -12 -11 -11 -12 -14 -14 -12  -9  -8  -5  -6
DST0901*30  X220   0  -4  -3  -1  -1  -3  -4  -4  -8 -10 -10  -9  -5  -3  -2  -2  -4  -5  -4  -4  -6  -9  -4   8   8  -4
DST0901*31  X220   0  10  12  15  15  11   7   0  -8  -7  -5  -4  -6 -10 -10  -9  -6  -8  -7  -7  -8  -8  -7 -10 -10  -3

