DST0912*01  X220   0   2   3   3   3   2   2   0  -1  -1  -1   0   3   5   3   4   4   4   3   3   3   3   2   0   1   2
DST0912*02  X220   0   4   7  10   9   9   4   3   3   9  12  12  15  13  10   8   7   6   6   9  10   8   3   3   4   8
DST0912*03  X220   0   3   3   3   3   3   2   2   2   2   3   1   2   3   2   2   4   4   5   6   5   2   2   1   1   3
DST0912*04  X220   0   1   0   0   2   5   6   6   5   6   4   6   8  10   8   6   4   2   3   4   6   8   8   9   9   5
DST0912*05  X220   0  10  10  10  10   9  10   9  18  16  11   9   9  12  11  12  11  11   9   8   0  -4  -1   1   4   9
DST0912*06  X220   0   4   1  -3  -3  -1  -2  -3  -4 -10 -11  -7  -3  -1  -3  -2  -1  -2  -2   0   0   0   2   2   0  -2
DST0912*07  X220   0  -2   0   2   6  10  11   7   3   1   1  -1   0   2   3   3   1   3   1   4   4   2   0  -2  -3   2
DST0912*08  X220   0  -4  -3   0   0   1   1   2   1   0   2   3   4   4   3   1   2   3   5   5   5   5   4   1  -2   2
DST0912*09  X220   0  -2   0   3   5   5   7   9   9   8   5   4   2   1   1   1   4   4   6   8   7   5   4   1   1   4
DST0912*10  X220   0   1   2   3   6   6   5   7   7   6   6   7   8   8   6   6   4   2   2   3   4   4   5   4   5   5
DST0912*11  X220   0   5   3   3   5   5   4   4   4   3   4   4   4   4   4   6   7   5   7   7   5   4   4   3   1   4
DST0912*12  X220   0   0  -1  -1   2   3   3   6  10  12   9   7  10  11   8   8   9   9  14  19  20  19  14  10  11   9
DST0912*13  X220   0  13  12  13  14  14  12  13  14  15  15  12  10   7   3   2   2   1  -1  -2  -1  -2   1   1   1   7
DST0912*14  X220   0   1   0   0  -1  -2   0  -5 -10 -12 -11  -7  -2   1   0  -2  -2   1   7   8   1   1   6   7   8  -1
DST0912*15  X220   0   8   6   5   6   7   7   7   7   9   8   7   6   8   8   9   8   8   7   5   6   4   6   9   5   7
DST0912*16  X220   0   6   3  -2  -4  -4  -2  -4  -5  -2  -3  -2   0   0   5   9   8   4   4   5   4   1   3   6   9   2
DST0912*17  X220   0   8   6   4   4   4   1  -2  -5  -6  -2  -2  -2  -1   3   9  14  19  12   3  -2  -1   0   1   5   3
DST0912*18  X220   0   2   1   2   4   7   7   8   4   0  -3  -2   4   4   5   7   7   9   7   7   7   6   5   4   3   4
DST0912*19  X220   0   3   4   4   4   5   6   5   2   4   4   0  -1  -1   0   2   1   0   0   2   1   0  -1  -1  -2   2
DST0912*20  X220   0  -2  -1  -1   3   5   6   5   3   2   3   0   1   5   6   5   4   2   0   3   6   7   5   2   2   3
DST0912*21  X220   0   2   3   4   6   9  11  11   9   6   4   4   5   5   5   6   9  10  12  14   8   2   1   0   3   6
DST0912*22  X220   0   1  -1  -2  -1   1   3   0   0   4   5   4   3   2   0   3   5   5   7   7   6   4   5   2  -1   3
DST0912*23  X220   0  -3  -4  -3  -1   2   6   9  12  14  11   7   6   7   5   7   9  10  11  11  10   8   4   0  -2   6
DST0912*24  X220   0  -4  -5  -7  -5  -2  -2  -2  -3   0   0  -4  -7  -8  -7  -6  -3  -2  -2  -1   1   3   4   3   1  -2
DST0912*25  X220   0  -1  -4  -4  -2   0   3   4   4   5   6   7   7   6   7  11  16  18  18  16   6   6   8   6   1   6
DST0912*26  X220   0   0  -2  -4  -4  -3   0  -1   1  -2  -6  -8  -8  -6  -3   2   5   1  -2   0  -1  -1  -1  -1  -2  -2
DST0912*27  X220   0  -4  -4  -4  -2   2   3   4  -1  -4  -5  -3  -3  -4  -6  -3  -4  -5  -7  -5   0   3   4   4   4  -2
DST0912*28  X220   0   4   3   2   2   2   3   3   3   4   1  -1   1   1   2   2   4   2  -1   1   3   0   2   1   1   2
DST0912*29  X220   0   0  -2  -2  -1  -1  -2  -3  -2   1   3   3   3   1   0   2   3   2   3   4   4   4   4   4   5   1
DST0912*30  X220   0   5   4   3   1   2   4   5   6   6   7   7   5   4   4   4   4   4   4   5   8   8  11  11  11   6
DST0912*31  X220   0  11  11  11  11   9   9  11  11  12  12   9   6   5   7  10   9   6   4   3   3   2   4   5   7   8

