DST0907*01  X220   0  -5  -3  -3  -6  -9  -9 -10  -9  -8  -5  -5  -6  -8 -11 -12 -11  -9  -7  -6  -5  -8  -9 -11 -12  -8
DST0907*02  X220   0  -9  -8  -6  -9 -11 -11 -10  -9  -7  -6  -7  -7  -7  -7  -8  -7  -6  -4  -6  -7  -9 -10  -9  -7  -8
DST0907*03  X220   0  -5  -6  -5  -5  -5  -5  -5  -4  -4  -4  -4  -7 -13  -5  -5 -14 -12  -8  -6  -5  -6  -3  -6  -5  -6
DST0907*04  X220   0  -6  -7  -9  -9 -10  -9  -7  -6  -3  -3  -4  -7 -11 -12 -11  -5  -3  -3  -2  -2  -1   1  -1   1  -5
DST0907*05  X220   0   4   5   2   1  -1  -2  -2  -1   1   1   1   0   0  -1  -1   0   3   3   2   0  -1  -7  -5  -1   0
DST0907*06  X220   0   2   2  -2  -1  -3  -5  -3  -2  -2  -1  -2  -3  -5  -6  -4  -4  -4  -6  -5  -6  -9 -10 -12 -12  -4
DST0907*07  X220   0 -12  -9  -8  -4  -1   2   2   3   4   6   3   4   6   8   7   4   2   1   1  -1  -2  -2  -2  -3   0
DST0907*08  X220   0   0   1   2   0  -3  -5  -5  -7 -10 -12 -11 -11 -11 -10  -8  -7  -6  -6  -6  -8 -10 -13 -16 -15  -7
DST0907*09  X220   0 -11  -8  -4  -2  -2  -4  -5  -5  -4  -3  -2   1   1   0  -1  -2  -3  -1   3   2   8   5   5   5  -1
DST0907*10  X220   0   9  11  21  18   7  -6  -6  -4  -6  -4   0   1   1   3   6   6  -1  -3  -3  -1  -3  -4  -6  -6   1
DST0907*11  X220   0  -4  -2   1   3   2  -1  -1  -1   1   0   0   2   2   0  -2  -2  -3  -3  -3  -3  -2  -3  -4  -1  -1
DST0907*12  X220   0   0   2   3   2   1  -3  -4  -1   0   1   2   1   2   1   0   1   2   5   5   3   0   0   3   3   1
DST0907*13  X220   0   5   5   4   3   3   4   5   5   6  12  14  20  21  14   4  -1  -2   2   7   7   8  12   5  -1   7
DST0907*14  X220   0  -2 -11 -25 -22 -15 -15 -16 -16 -13 -10  -8 -11 -11 -15 -14 -13 -12 -14 -13 -13 -10  -8  -9  -9 -13
DST0907*15  X220   0 -10 -11 -12 -13 -14 -13  -9  -5  -3  -1   0  -2  -5 -10 -11 -10  -9  -8  -7  -9 -10 -12 -10  -9  -8
DST0907*16  X220   0 -11  -9  -5  -4  -3  -5  -6  -6  -7  -5  -7  -8  -8  -8  -5  -3  -4  -5  -7  -9  -5  -5  -5  -5  -6
DST0907*17  X220   0  -7  -7  -6  -5  -5  -5  -5  -5  -4  -4  -4  -3  -3  -4  -5  -4  -2  -2  -1   1   2   0   0   0  -3
DST0907*18  X220   0   0   0   0   0   1   1   1   1   1   3   4   4   5   6   8   6   5   4   3   2   3   5   6   9   3
DST0907*19  X220   0   9   7   6   5   4   5   4   3   0   0  -1  -1   0   3   5   4   1   0   1   2   3   3   4   5   3
DST0907*20  X220   0   5   6   7   8   7   8  12  14   9   2  -4  -8 -12 -14 -15 -17 -22 -19 -17 -13 -11 -11 -11 -10  -4
DST0907*21  X220   0  -5  -2   2   4   4   3  -1  -2   0   1  -3  -7  -8  -7  -3  -4  -4  -7  -7  -7  -1   3   5   2  -2
DST0907*22  X220   0   3   1  -8 -27 -55 -80 -83 -69 -75 -81 -65 -57 -54 -54 -56 -56 -57 -57 -57 -55 -51 -48 -46 -43 -51
DST0907*23  X220   0 -40 -37 -35 -36 -34 -32 -30 -33 -32 -30 -24 -20 -23 -25 -24 -21 -18 -20 -20 -21 -25 -24 -25 -23 -27
DST0907*24  X220   0 -25 -24 -19 -17 -16 -18 -19 -21 -19 -18 -18 -20 -22 -23 -21 -20 -18 -17 -16 -15 -13 -13 -18 -19 -19
DST0907*25  X220   0 -18 -21 -24 -21 -22 -18 -18 -17 -17 -17 -17 -15 -18 -18 -16 -15 -13 -12 -13 -15 -15 -13 -13 -14 -17
DST0907*26  X220   0 -17 -16 -15 -15 -16 -16 -17 -16 -15 -13 -13 -12 -12 -14 -14 -14 -13 -13 -12 -12 -10  -9  -8  -9 -13
DST0907*27  X220   0  -9 -10  -9  -8  -7  -9 -12 -11 -10  -9  -9 -11  -9  -9  -8 -12 -15 -13 -10 -12 -13 -18 -17 -12 -11
DST0907*28  X220   0  -7  -5  -5 -10 -14 -14 -14 -14 -13 -14 -13  -8  -6  -7 -10 -14 -15 -15 -14 -12  -9  -7  -9 -10 -11
DST0907*29  X220   0 -11 -12 -12 -12 -14 -12 -12 -11 -10  -8  -8  -9  -9  -8 -10 -12 -14 -14 -13 -10  -7  -4  -3  -5 -10
DST0907*30  X220   0  -8  -9  -5  -5  -6  -8  -9  -8  -7  -2   4   4   5   9  13  13   9   6   4   6  10  12  13  11   2
DST0907*31  X220   0   4   0  -3  -5  -6  -5  -4  -7 -11  -8  -2   0   0  -3  -2  -8  -9 -11 -12 -12 -12 -14 -14  -9  -6

