DST0910*01  X220   0  -3  -4  -6  -7  -9  -9  -6  -4  -3  -3  -3  -2   0   1   4   6   6   4   3   1   0  -1   0   1  -1
DST0910*02  X220   0   0  -5 -11 -12  -7  -7  -6  -7  -8  -8  -8  -9  -8  -5   2   5   6   4  -1  -3  -3  -3  -2  -1  -4
DST0910*03  X220   0   1   3   3   1  -1  -2  -1   1   3   3   2   1   2   3   2   4   4   2   0   0   4   8  11  12   3
DST0910*04  X220   0  12   9   7   5  13  14  14  14  14  16  23  15   5   6   8  10   9  10  10   9   7   5   5   5  10
DST0910*05  X220   0   4   6   5   1   0  -1  -2  -2  -2  -2   0   1   1   0   2   2   3   3   3   5   5   4   5   7   2
DST0910*06  X220   0   8   9   7   3   0  -2  -1   0  -2  -3   0   0   1   1   1   2   3   3   5   5   3   3   4   5   2
DST0910*07  X220   0   6   6   3   0   0   2   4   5   3   4   8  11  11  12  13  10   9  10  11  12   9   8   6   5   7
DST0910*08  X220   0   3   3   1  -2  -5  -4   1   4   3   5   8  10  11  11  12  10   9   8   8   7   4   3   6   6   5
DST0910*09  X220   0   7   7   4   1  -2  -4  -3  -2  -2  -1   1   3   3   2   0  -2  -3  -4  -4  -5  -6  -6  -5  -2  -1
DST0910*10  X220   0  -1  -3  -5  -6  -6  -4  -3  -4  -5  -4  -1   0   0   0  -2  -3  -3  -3  -2   0   0   0   3   4  -2
DST0910*11  X220   0   8  15  17  25  23  27  26   7   2  -1   3   7   8   7   6   4   4   3   1  -2  -5  -7  -5  -1   7
DST0910*12  X220   0   0  -2  -1   0  -2  -1  -2  -3  -2  -2  -1   0   1   1   2   2   2   3   2   3   3   4   7   7   1
DST0910*13  X220   0   4   1  -3  -3  -2   1   3   2   2   3   4   3   5   6   7   4   3   2   0   0   0  -1   0  -2   2
DST0910*14  X220   0  -2  -2  -3  -3  -3  -2  -2  -3  -1   2   1   0  -1  -2  -2  -2   0   3   6   6   6   7   7   7   1
DST0910*15  X220   0   7   5   2   3   2   0   1   6  13  13  16  17  19  18  19  18  14   6  -1  -1  -2  -1   1   2   7
DST0910*16  X220   0  -1  -5  -8  -9  -8  -7  -7  -5   0   3   6   5   3   3   4   3   1  -2  -2   0   1   2   3   2  -1
DST0910*17  X220   0   0  -2  -3  -3  -4  -4  -2  -2  -1  -2  -3  -2   0   2   4   4   4   4   5   6   5   2   3   2   1
DST0910*18  X220   0   0   0   0   0   0   2   4   3   2   1   2   3   2   2   3   3   5   4   5   4   4   3   3   3   2
DST0910*19  X220   0   3   3   2   3   5   6   8   8   8   9  10  12  11   9   7   7  10  10  10  11  10   9   8   7   8
DST0910*20  X220   0   3   0  -1   0   1   2   3   4   5   3   2   3   4   5   5   5   7   7   6   5   5   3   2   2   3
DST0910*21  X220   0   0  -1  -2  -3  -1   0   3   6   5   5   7   9  12  15  15  13  12  14  16  14  10  11  13  10   8
DST0910*22  X220   0  12   6  -1  -3   0  -4  -8 -13 -19 -21 -18 -14 -12  -4   3   4   3   1   5   0 -13 -22 -34 -38  -8
DST0910*23  X220   0 -43 -45 -47 -41 -27 -22 -21 -20 -20 -30 -28 -24 -20 -17 -16 -17 -18 -16 -12 -12 -13 -16 -18 -21 -24
DST0910*24  X220   0 -22 -20 -19 -17 -14  -8  -9  -6  -8  -7  -8  -7  -6  -5  -3  -1   5  17  16   2  -5 -10 -12 -13  -7
DST0910*25  X220   0 -20 -27 -29 -29 -27 -25 -23 -23 -21 -22 -21 -21 -20 -17 -16 -16 -14 -14 -12 -12 -11 -13 -11 -11 -19
DST0910*26  X220   0 -13 -15 -17 -17 -15 -12 -10 -13 -16 -17 -14 -10  -7  -5  -9  -6  -5  -6  -2  -1  -3  -7 -10 -11 -10
DST0910*27  X220   0 -13 -14 -16 -14 -13 -11  -9  -7  -9 -10  -8  -7  -8  -6  -5  -7  -9  -6  -3  -2  -4  -2   0   0  -8
DST0910*28  X220   0  -3  -6  -7  -6  -9 -10 -11 -13 -14 -17 -16 -11  -9  -7  -4  -1   0  -1  -2  -3  -6  -6  -5  -5  -7
DST0910*29  X220   0  -6  -6  -3   0   1   6   3   1   4   8  13  12  11  14  11   8   3   3   7   3   1   2   0  -2   4
DST0910*30  X220   0  -5 -15 -23 -29 -30 -32 -34 -34 -34 -29 -19 -16 -12 -18 -23 -21 -17 -17 -15 -13 -11  -9  -9 -12 -20
DST0910*31  X220   0 -14 -16 -14 -11 -10  -8  -6  -7  -9 -10  -9  -6  -4  -4  -3  -3  -4  -5  -6  -9 -10  -7  -8 -11  -8

