DST0905*01  X220   0   4   5   7   8   8   8   6   5   3   2  -1  -1   0  -3  -5  -4  -3  -4  -3  -3  -2   0   2   0   1
DST0905*02  X220   0  -1  -1  -3  -4  -3  -2  -4  -5  -5  -4   1   5   8   7   7   9   9   8   5   4   3   3   7   5   2
DST0905*03  X220   0   2   4   7   8   8   5   3   4   3   0   0   0  -2  -3  -3  -3  -1  -1   0   1   3   5   7   4   2
DST0905*04  X220   0   3   2   0   0   2   5   5   2   0   0  -5  -5  -5  -8  -7  -5  -3  -6  -7  -6  -5  -6  -5  -3  -2
DST0905*05  X220   0  -3  -3  -2   1   2   3   2   3   4   6   5   6   5   3   0   0  -1   4   7   8  10  10  11  15   4
DST0905*06  X220   0  16  12   8   6   5   4   2   0  -2  -1   0   0   1   1  -1  -1   0   6   4  -4  -4  -3  -2  -3   2
DST0905*07  X220   0  -5  -9  -7  -8 -11 -10 -11  -9  -9  -9  -8  -9  -9  -9  -9  -8  -7  -6  -7  -8  -2   2   1  -6  -7
DST0905*08  X220   0 -12 -12 -10 -11 -16 -26 -26 -26 -21 -19 -19 -19 -19 -19 -18 -17 -17 -19 -21 -24 -22 -19 -13 -10 -18
DST0905*09  X220   0 -10  -9  -7  -4  -6  -9  -6  -7  -9 -10 -14 -14 -11 -10 -12 -14 -15 -16 -17 -20 -20 -21 -18 -16 -12
DST0905*10  X220   0 -15 -15 -14 -13 -11 -11 -11 -11  -8  -7  -7  -8  -8  -9 -12 -12 -10  -9 -10 -15 -16 -12  -8  -4 -11
DST0905*11  X220   0  -7  -6  -6  -5  -5  -5  -6  -4  -6  -9  -9  -9 -11 -13 -14 -14 -14 -15 -15 -16 -15 -14 -11 -12 -10
DST0905*12  X220   0 -11  -8  -6  -5  -6  -7  -6  -7  -7  -8  -8  -7  -6  -6  -5  -5  -5  -5  -6  -7  -7  -6  -4  -7  -6
DST0905*13  X220   0  -7  -6  -1   0   1   1   3   4   0   0  -1   0   0   0   2   8   7   0   0  -1  -2  -1   1   1   0
DST0905*14  X220   0   1   1   1   1  -2   0   3   3   3   3   4   9  -4  -4  -3  -2   2   2 -10 -17 -19 -16 -11 -10  -3
DST0905*15  X220   0  -8  -6  -3  -4  -6  -6  -3  -1   0  -2  -2  -4  -6  -5  -3  -5  -6  -7  -7  -6  -4  -3  -2  -2  -4
DST0905*16  X220   0  -2  -2   0   0   0   2   5   6   5   4   2  -1  -2  -3  -4  -2  -3  -4  -4  -7  -5  -7 -10 -11  -2
DST0905*17  X220   0  -9  -8  -6  -6  -6  -5  -3  -2  -2  -3  -5  -6  -6  -5  -3  -2  -3  -5  -5  -4  -2   2   6   5  -3
DST0905*18  X220   0   4  -1  -1  -1  -2  -3   0   3   5   7   5   5   6   7   7   7   7   2  -1  -3   1   5   6   6   3
DST0905*19  X220   0   1   2   0  -2  -6  -8  -9 -10  -9  -7  -7 -10 -11 -12 -12 -10 -10 -11 -12 -11  -7  -2   3   4  -7
DST0905*20  X220   0   4   5  10   7   7  10  10   9   9   8   6   5   6   7   8  11  11   7  11  12  12  11  12  15   9
DST0905*21  X220   0  20  18  15  13  11   9   7   5   5   5   2   1  -2  -2   2   4   3   2   0  -1  -3  -3  -2  -1   5
DST0905*22  X220   0   1   1   2   4   4   4   3   3   0  -4  -5  -9  -6  -7  -9  -9  -8  -9  -6  -7  -6   0   1   1  -3
DST0905*23  X220   0   1   1  -2  -5  -7  -8 -10 -11 -10  -9  -7  -8  -8  -8  -7  -5   0   0  -5  -7 -10  -8  -6  -5  -6
DST0905*24  X220   0  -6  -7  -5  -3  -3  -4  -6  -5  -4  -3  -4  -6  -6  -8  -6  -4  -4  -7  -8  -7  -4  -2  -1  -2  -5
DST0905*25  X220   0  -4  -6  -4  -3  -2  -2  -2  -3  -3  -1  -1   1   2   2   3   5   4   0  -2  -3  -1  -6  -6  -5  -2
DST0905*26  X220   0  -2   2   3   3   2   3  -1   0   4   6   7   7   4   0  -2  -1  -1  -1   1   1   0  -1  -2  -3   1
DST0905*27  X220   0  -4  -3  -2  -1   0  -1   0   0  -1   1   1   1   1   1   2   2   1   1   0   0   1   0  -2  -1   0
DST0905*28  X220   0   1   2   3   2   1  10  11  13   8   5  -4  -9 -10 -10  -9  -8 -10  -9  -7  -8  -8  -6  -5  -5  -2
DST0905*29  X220   0  -5  -5  -4  -4   1   3   4   1   3   4   1  -3  -6  -7  -9  -7 -10 -12 -14 -17 -16 -15 -11  -9  -6
DST0905*30  X220   0  -8  -7  -8  -8  -8  -6  -1   3   4   4   1  -1  -2  -1   0   1   2   0  -2  -3   0   4   7   8  -1
DST0905*31  X220   0   6   3   1   3   5   5   4   3   3   4   6   5   3   2   3   4   3   2  -1  -4  -3  -3  -2  -3   2

