DST1011*01  X220   0   4   5   8   9   3   3   5   9  10  11   9   7   3   2   1  -1  -1  -2  -3  -4  -7  -6  -4  -4   2
DST1011*02  X220   0  -2   0   1   3   4   3   5   0  -6  -8  -7  -5  -5  -4  -6  -7  -7  -7  -6  -7  -7  -5  -4  -7  -4
DST1011*03  X220   0  -8 -10  -9 -10 -12 -14 -13 -12 -16 -14 -11 -11 -12 -14 -17 -16 -16 -17 -17 -18 -17 -14 -14 -15 -14
DST1011*04  X220   0 -15 -14 -14 -14 -13 -12 -12 -12 -13 -17 -19 -16  -9  -4  -1   0   0  -2  -5  -6  -5  -4  -5  -1  -9
DST1011*05  X220   0   2   2   3   3   1   0   0   1   1   5   6   6   3  -2  -2  -2  -9 -11 -12  -8  -7  -6 -10 -11  -2
DST1011*06  X220   0  -9  -7  -5  -2  -1  -1  -1  -1   1   2   1  -1   1   4   4   2   2   3   3   1   0  -1   0  -2   0
DST1011*07  X220   0  -3  -4  -2   1   1   2   2   4   3   2   1   1  -1   0   0   1   3   2   2   2   3   5   7   8   2
DST1011*08  X220   0   9  12  13  15  13  11  11  11  19  19  20  23  15  -2  -3  -4  -6  -8 -10  -8  -8  -9  -9  -8   5
DST1011*09  X220   0  -6  -7  -8 -10 -11  -7  -7  -8  -8 -10 -13 -14 -12  -9  -6  -8  -9 -10 -10  -8  -6  -5  -5  -6  -8
DST1011*10  X220   0  -4  -2   0   2   2   0  -1  -2  -1  -1  -3  -4  -7  -7  -5  -3  -2  -3   9   7   0 -12  -5   0  -2
DST1011*11  X220   0   1   5   3  -1   2   1  -2  -4  -2  -9 -16 -15 -11 -22 -29 -31 -27 -23 -21 -17 -20 -26 -42 -45 -15
DST1011*12  X220   0 -38 -37 -39 -41 -41 -37 -36 -33 -28 -26 -21 -19 -26 -23 -23 -23 -22 -24 -27 -28 -26 -22 -25 -28 -29
DST1011*13  X220   0 -32 -28 -26 -25 -24 -23 -24 -24 -23 -20 -18 -18 -20 -20 -18 -16 -17 -18 -20 -22 -23 -22 -19 -15 -21
DST1011*14  X220   0 -15 -16 -15 -17 -13 -10  -9 -11 -12 -11 -13 -10 -11 -14 -17 -24 -26 -23 -25 -23 -22 -24 -25 -28 -17
DST1011*15  X220   0 -26 -24 -26 -25 -21 -15 -13 -13 -16 -23 -23 -18 -17 -19 -17 -17 -17 -17 -17 -15 -15 -15 -24 -24 -19
DST1011*16  X220   0 -26 -29 -26 -23 -18 -17 -18 -15 -14 -15 -16 -17 -19 -21 -20 -18 -15 -12 -12 -11  -8  -6  -1  -6 -16
DST1011*17  X220   0 -12 -15 -10  -8 -10 -14 -10 -12  -8  -5  -5 -10 -11 -13 -13 -11 -10  -9 -11 -10  -9  -8 -10  -9 -10
DST1011*18  X220   0  -6  -8 -10 -10  -8  -7  -6  -3  -2  -7  -4  -3  -3  -1  -4  -5  -5  -7  -9  -8  -8  -9 -11 -13  -7
DST1011*19  X220   0 -15 -17 -16 -16 -14 -14 -17 -14 -12  -7  -7  -7  -6  -3  -2   0   0   0  -1  -1   0   2   4   6  -7
DST1011*20  X220   0   8   9   7   7   6   2   0  -1   1   0  -1  -2  -2  -4  -5  -4  -3  -3  -3   0   0   0   0  -3   0
DST1011*21  X220   0  -4  -7  -6  -4  -1   0  -3  -7  -9  -9 -10 -13 -14 -13 -12  -9  -8 -10 -10  -9  -6  -5  -6  -9  -8
DST1011*22  X220   0 -11 -13 -14 -11 -10  -7  -8  -9  -6  -1  -7 -16 -13  -8  -6  -2  -6 -13 -11 -10  -8  -8  -8  -6  -9
DST1011*23  X220   0  -8 -14 -14  -9  -6  -9 -13  -9  -5  -8  -8  -9 -12 -16 -16 -16 -20 -14 -11 -14 -17 -19 -18 -14 -12
DST1011*24  X220   0  -9 -11 -14 -13 -10 -10 -11 -10  -7  -2  -7 -13 -13 -17 -16 -15 -17 -20 -16 -13 -14 -13 -13 -12 -12
DST1011*25  X220   0 -12 -11 -13 -14 -12  -9  -9 -11 -10  -9  -9  -8 -12 -12 -11 -10 -12 -12 -11 -11  -9 -10 -11 -11 -11
DST1011*26  X220   0  -8  -9  -9  -9  -8  -6  -5  -6  -7  -8  -6  -3  -3  -7  -8 -10  -9  -9  -9  -7  -6  -5  -5  -3  -7
DST1011*27  X220   0  -1  -2  -3  -4  -4  -1   1   1   0   0  -1  -5  -5  -6   2   5  11  16  14  -1   0  -2 -12 -11   0
DST1011*28  X220   0   2   1  -6  -4   7   5  10   4   0  -2  -1  -3  -6  -8 -11 -16 -16 -16 -15 -17 -14 -15 -18 -19  -7
DST1011*29  X220   0 -19 -21 -23 -23 -19 -19 -19 -18 -12 -11 -13 -13 -13 -12 -12 -11 -12 -13 -11  -6  -5  -4  -7  -4 -13
DST1011*30  X220   0  -7 -11 -13 -12 -10  -9  -9  -3   5   7   3   3   1  -1   0 -11 -14 -13  -9  -7  -8 -10 -12 -12  -6

