DST1001*01  X220   0   5   4   4   2   0   0   2   2   2   0  -1   1   2   4   5   7   3   6  12  13  14  14  13  11   5
DST1001*02  X220   0   8  10  13  13  12  12  10  13  12  10   9   9   9  11  13  15  13  13  13  13  12  11   9   7  11
DST1001*03  X220   0   6   5   5   6   7   6   2  -3  -4  -2  -3  -7  -6 -15  -4  -2  -3   0   4   7   4   2   0  -3   0
DST1001*04  X220   0  -1   1   4   5   2  -2  -2  -4  -3  -2  -4  -5  -4  -5  -4  -4  -7  -4  -1   0  -1   2   1  -1  -2
DST1001*05  X220   0   0   1   5   4   4   3   4   5   6   3  -1  -2  -2  -3  -3  -2  -4  -4   0   0   1  -1  -4  -6   0
DST1001*06  X220   0  -5  -4  -3  -5  -8  -9  -3   1   3   3   1   2  -1  -1   0  -1  -4  -2   0   2   2   2   2   2  -1
DST1001*07  X220   0   3   1   1   1   0   0   0   0   3   7   7   7   9   8   8   4   2   1   3   4   4   2  -4  -5   3
DST1001*08  X220   0  -3  -2  -1  -2  -3   0   2   1   2   3   3   3   4   2  -1  -1  -2  -2  -3  -3   0   2   4   3   0
DST1001*09  X220   0   2   2   1   1   2   2   2   1   2   2   0   2   2   2   3   4   6   4   5   5   5   6   8   6   3
DST1001*10  X220   0   6   3   4   4   6   7  12  12  11   9   3  -2  -3   0   4   9  11  12  13  12  10  11  11  10   7
DST1001*11  X220   0  10   9  11  10  11  14  11  11   1   5   9   8   2   4   1   2   2   0  -3  -3  -6  -6  -2   1   4
DST1001*12  X220   0   1   2   1  -2  -2  -4  -4  -2   0   1  -1   0   2   2  -2  -3  -3   0   0  -1  -4  -4   0   1  -1
DST1001*13  X220   0  -2  -4   0  -1  -3  -5  -6  -5  -5  -5  -3   1   3   3   0  -6 -10 -11  -8  -7  -8 -10 -10  -7  -5
DST1001*14  X220   0  -2  -1  -2  -4  -6  -7 -11 -12 -13 -13 -13  -9  -5  -2  -4  -6  -5  -4  -4  -7 -11 -10 -10  -6  -7
DST1001*15  X220   0  -5  -5  -4   0  -2  -3  -1   0   0  -3  -6  -7  -2   2   2   1   0   3   3  -2  -9  -6  -3  -3  -2
DST1001*16  X220   0   0   3   4   1   0  -1   0  -1  -3  -6  -9  -5  -3  -2  -1   0  -1  -1   0  -1  -3  -5  -2   1  -1
DST1001*17  X220   0   4   6   3   2   1   1   0  -2  -3  -4  -4  -4  -4  -4  -2   2   2   1   1   2   1   0   1   5   0
DST1001*18  X220   0   1   0   0   0  -2   0   1   0   1   3   6  10  11   8   6   4   4   5   5   5   4   6   9   9   4
DST1001*19  X220   0   9  11  11   9   7   6   5   3   0  -1  -2   0   1   1   0   2   2   1   3   4   2   4   7   9   4
DST1001*20  X220   0  10  13  14  11   7   5   2  -2  -3  -3   3   3  11  14  12   9   7 -14 -22 -19 -23 -30 -34 -31  -3
DST1001*21  X220   0 -29 -31 -30 -35 -31 -29 -30 -28 -30 -31 -28 -24 -21 -20 -21 -20 -21 -18 -16 -15 -17 -17 -15 -12 -24
DST1001*22  X220   0  -9 -10 -11 -13 -14 -13 -12 -15 -16 -17 -20 -18 -15 -16 -14 -13 -10  -8  -8  -7 -10 -10 -11  -6 -12
DST1001*23  X220   0  -6  -9 -14 -16 -18 -19 -22 -22 -22 -20 -17 -16 -13 -12 -13 -13 -12  -8  -3  -3  -6  -9 -10 -10 -13
DST1001*24  X220   0 -12 -13 -14 -15 -16 -15 -17 -22 -23 -19 -16 -18 -19 -20 -21 -20 -18 -17 -15 -17 -21 -23 -20 -16 -18
DST1001*25  X220   0 -13 -11 -10 -12 -13 -12 -11 -11 -13 -13 -13 -12 -11 -10  -5  -3  -1   0  -1  -2  -7 -10 -12 -13  -9
DST1001*26  X220   0 -15 -12 -11 -12 -16 -14 -12 -11 -12 -11  -8  -4  -2  -1  -2  -3  -6  -3   0   1  -3  -4  -3  -2  -7
DST1001*27  X220   0  -1  -2  -4  -4  -3  -2  -2  -4  -5  -4  -3   1   6   7   3  -2  -2   1   3   1  -2  -4  -4  -3  -1
DST1001*28  X220   0  -1   1   1  -1  -4  -5  -2  -1  -1  -1   3   6   7   2   0  -2  -5  -5  -6  -6  -3  -2  -3  -2  -1
DST1001*29  X220   0  -2  -1  -1  -1  -4  -5  -7  -9  -8  -8  -8  -7  -5  -3  -2  -5  -4   0   4   1  -4  -6  -1   2  -4
DST1001*30  X220   0   4   4   8   2  -1  -5  -2   2   2   3   5   1  -1   0  -2  -3  -1   0   0  -1  -2  -2  -5  -4   0
DST1001*31  X220   0   0   4   7   4   2   0  -8 -10  -9  -8 -11 -11 -11 -11 -12 -12 -15 -13 -11 -11  -9  -9  -7  -4  -7

