DST1101*01  X220   0 -11 -11  -9  -5  -3  -4  -5  -6  -5  -7  -7  -9 -11 -13 -13 -10  -9 -10  -9  -7  -5  -6  -5  -1  -8
DST1101*02  X220   0  -1   1   3   3   3   3   5   3  -2   0   1   5   6   7   5   4   2  -1  -2  -2  -2   0  -2  -4   1
DST1101*03  X220   0  -3  -3  -3  -2  -1   0   0   2   4   3   5   9   5   0   1   5   5   0  -8  -8  -5  -2  -1   1   0
DST1101*04  X220   0   1   1   5   5   0  -1  -4  -8  -8  -9  -7  -1   3  -1   0   0  -2  -4  -4  -5  -4  -3  -4  -6  -2
DST1101*05  X220   0  -6  -6  -3  -1  -1  -2  -3  -2  -2   0   1   3   4   4   5   3   2  -1  -1   2  -1  -3  -4  -7  -1
DST1101*06  X220   0  -5  -1   0   0  -2  -3  -6  -5  -3  -2   1   3   3   2   2   5   4   6   8  14  24  22  -3 -18   2
DST1101*07  X220   0 -40 -39 -28 -28 -32 -39 -42 -40 -36 -32 -24 -23 -25 -23 -19 -14 -14 -16 -18 -20 -17 -19 -21 -21 -26
DST1101*08  X220   0 -20 -19 -13 -10  -9  -9 -10 -16 -19 -17 -13 -16 -15 -12  -6  -2  -6 -10 -13 -16 -12 -12 -13 -13 -13
DST1101*09  X220   0 -15 -17 -14 -12  -9  -8  -8 -10 -13 -12 -10  -9 -10 -11 -11 -10 -11 -12 -13 -13 -11 -12 -12 -13 -12
DST1101*10  X220   0 -15 -12 -10  -8 -10  -9  -7 -10 -15 -14 -13 -12 -11  -7  -4  -4  -7  -8 -10 -10 -12 -14 -15 -17 -11
DST1101*11  X220   0 -16 -16 -15 -11  -8  -9  -6  -3  -4  -7  -8 -11 -16 -14 -13 -15 -17 -20 -20 -16 -11 -11 -14 -13 -12
DST1101*12  X220   0  -9  -8  -1   1   0  -1  -2  -2  -4  -9 -11  -7  -2   1   5   2   0  -3  -7  -6  -9  -6 -11 -13  -4
DST1101*13  X220   0 -14 -12  -9  -6  -5  -1  -3  -3  -4  -2  -4  -6  -8  -8  -8  -7 -10 -14 -13 -20 -25 -23 -26 -26 -11
DST1101*14  X220   0 -28 -29 -27 -21 -17 -13 -11 -10 -16 -15 -12 -10  -7 -10 -13 -15 -16 -14 -10 -10 -13 -13 -16 -17 -15
DST1101*15  X220   0 -19 -17 -13 -11 -15 -14 -11  -9  -7  -7  -9 -10  -6  -6  -2   2   4   0  -3  -6  -7  -6  -9 -11  -8
DST1101*16  X220   0 -13 -10  -7  -6  -4  -2  -2  -2  -2  -2   1   4  11  14  17  13   0  -5  -7  -9  -7  -7  -7 -10  -2
DST1101*17  X220   0  -8  -9  -6   0   4  -1  -2  -5  -6  -4  -6  -3  -1  -2   2   2   0   2  -4  -4  -7  -7  -9 -11  -4
DST1101*18  X220   0 -12 -11  -5  -5  -2   0  -1   1   5   5   3   5   7   7  11  16  14  12   9   7   4   5   4  -1   3
DST1101*19  X220   0  -1   0   2   1   1   2   4   3  -3 -10 -12  -8  -5  -3  -3  -5  -9 -14 -14 -14 -13 -10 -10 -13  -6
DST1101*20  X220   0 -14 -11 -11 -12 -10  -6  -6  -7  -9  -6  -6  -4   1   3   3   1  -1  -5  -9 -10  -8  -3  -4  -5  -6
DST1101*21  X220   0  -6  -6  -6  -3  -1   0  -1  -1  -1   0   0  -1  -3  -6  -9  -6  -5  -4   0  -2  -4  -3  -4  -7  -3
DST1101*22  X220   0  -8  -6  -3   0   2   1   0  -2  -3  -2  -1   1   5   3  -3   0   2   1  -2  -4  -5  -4  -5  -5  -2
DST1101*23  X220   0  -4  -5  -7  -4   0   4   3   2   2   1   0  -2  -2  -5  -4  -3  -2  -2  -1  -1   0   3   2   0  -1
DST1101*24  X220   0   0   2   3   4   5   6   7   5   7  10  10  10  12  14   8   7   3   0  -4  -6  -9 -11 -12 -14   2
DST1101*25  X220   0 -12  -7 -11 -10  -9  -9  -8  -8  -9  -5  -8  -8  -3  -4  -5  -4  -5  -3  -4  -6  -7  -4  -3  -5  -7
DST1101*26  X220   0  -7  -7  -7  -7  -8  -6  -4  -2  -1  -2   0   4   6   5   3  -1  -5   2   6   2   0  -5  -9  -9  -2
DST1101*27  X220   0  -8  -7  -6  -7  -5  -2  -1  -1  -1  -4  -6  -6  -6  -5  -4  -4  -6  -7  -7  -5  -5   1   1   0  -4
DST1101*28  X220   0   1  -2  -4  -4  -1   0   0   2   5   7   7   6   5   1  -2  -6  -5   1   2   1   2   4   5   2   1
DST1101*29  X220   0  -2  -3  -2   2   2   2   1  -1   1   5   7  11  12   6  -1  -3  -6  -6  -2   0   2   2   2   1   1
DST1101*30  X220   0   0   2   1   0  -2  -6  -6  -4  -3  -1   1   1   3   4   2   0  -1   4   7   8   7   7   4   4   1
DST1101*31  X220   0   5   6   8   9   8  15  17  17  16  17  19  16  11   6   5   4  23  35  38  23  16  22  28  17  16

