DST1107*01  X220   0   1  -6 -13 -25 -32 -38 -41 -48 -39 -28 -27 -29 -33 -36 -37 -37 -33 -34 -33 -31 -27 -24 -21 -18 -29
DST1107*02  X220   0 -14 -14 -12 -10  -8  -6  -8  -9  -8  -5  -3  -3  -2  -3  -7 -10  -8 -10 -17 -24 -25 -22 -18 -13 -11
DST1107*03  X220   0 -10 -11 -15 -24 -30 -23 -18 -15 -12 -12  -9 -11 -11 -10 -10 -10 -11 -11 -12 -10 -12 -13 -13 -13 -14
DST1107*04  X220   0 -12  -7  -2   1  -3  -5  -8  -6  -8 -10 -10  -7  -8 -12 -14 -15 -12 -13 -18 -28 -32 -34 -46 -55 -15
DST1107*05  X220   0 -59 -54 -51 -50 -48 -41 -37 -34 -31 -29 -27 -25 -26 -26 -25 -24 -22 -25 -30 -31 -28 -31 -32 -34 -34
DST1107*06  X220   0 -32 -30 -28 -20 -20 -13 -16 -22 -23 -21 -18 -16 -16 -14 -15 -11 -12 -12 -15 -20 -19 -18 -16 -22 -19
DST1107*07  X220   0 -28 -24 -21 -16 -13 -11 -11 -12 -11 -12 -13 -13 -14 -14 -14 -13 -14 -15 -15 -15 -13 -10 -11 -15 -15
DST1107*08  X220   0 -20 -20 -18 -16 -13 -15 -16 -16 -13 -11 -11 -12 -14 -13  -8  -8  -7  -9  -9 -12 -12  -9  -9 -14 -13
DST1107*09  X220   0  -9  -2   0  -2  -8 -12  -6  -2  -3 -10  -9 -11  -6  -3  -5  -4  -9  -5  -8 -13 -15 -13 -11 -23  -8
DST1107*10  X220   0 -28 -20 -17 -18 -13  -8  -9 -15 -10  -7  -4  -1   1  -1  -2  -4  -7  -8 -11 -13 -10  -7  -8  -7  -9
DST1107*11  X220   0  -3  -1  -6  -2   1   2  -5  -9  -9   1  -7  -7  -5  -8 -11  -9  -6 -14 -21 -28 -28 -22 -18 -18 -10
DST1107*12  X220   0 -23 -23 -20 -13 -10 -11 -11 -11 -11 -11 -12 -15 -17 -18 -14 -14 -12 -12 -13 -14 -16 -14 -12 -10 -14
DST1107*13  X220   0 -13 -16 -17 -13  -9  -7  -7  -7  -6  -7  -6  -7 -10 -12 -13 -11  -8  -6  -7  -4  -2  -2  -2  -5  -8
DST1107*14  X220   0  -7  -7  -6  -4  -2  -4  -5  -7  -2  -2  -5  -4  -6 -10 -10 -10  -8  -9 -10 -12 -11 -11 -13 -11  -7
DST1107*15  X220   0 -13 -16 -17 -15  -4   9   8  10  11  11  13  12  12  11   9   9  10  10   5   0   2   5   5   5   4
DST1107*16  X220   0   0  -1   1   0  -4  -5  -2   0  -1   1   1   2   6   9  10   9   6   6   8   7   7   8   7   3   3
DST1107*17  X220   0   4   4   3  -2  -1   2   3   3   3   1   3   4   3   2   2   4   4   6   6   4   0  -8  -9  -2   2
DST1107*18  X220   0   1   2   0   3   5  -2  -3   0   3   0  -2  -1  -1  -2   1  -1  -3  -5 -11 -16 -13  -3   3  -2  -2
DST1107*19  X220   0  -6  -8  -7  -7  -1   3   1  -2   2   5   6   4   4   3  -1  -1  -6  -9  -8 -12 -11  -9 -19 -17  -4
DST1107*20  X220   0 -19 -19 -15 -11  -5  -8  -8  -9  -7  -8  -5 -10  -7 -12 -15 -15 -13 -17 -20 -20 -18 -17 -16 -14 -13
DST1107*21  X220   0 -17 -17 -21 -15 -14 -14 -12  -9  -6  -1   3   1  -4  -9  -9  -7  -9 -17 -21 -22 -22 -24 -23 -20 -13
DST1107*22  X220   0 -17 -17 -18 -17 -10  -7  -7  -9  -8  -7  -4  -2  -2  -2  -4  -7  -8 -10 -13 -12 -11 -10 -13 -10  -9
DST1107*23  X220   0 -10 -11  -6 -12 -14 -13 -10 -13 -13 -13 -14 -13 -14 -13 -16 -17 -16 -16 -14 -15 -12  -8  -6  -7 -12
DST1107*24  X220   0  -9 -10 -11 -10  -7  -6  -5  -5  -6  -5  -4  -3  -2  -3  -2  -1  -2  -7  -9  -9  -6  -5  -7  -4  -6
DST1107*25  X220   0   0   3   4   5   3  -4  -6  -7  -7  -3  -2 -12 -18 -15 -13 -13 -16 -20 -25 -28 -25 -22 -16 -11 -10
DST1107*26  X220   0 -12 -14 -15 -14 -10  -7  -6  -9  -9 -11 -12 -13 -15 -18 -18 -18 -17 -18 -22 -25 -20 -18 -17 -14 -15
DST1107*27  X220   0 -15 -15 -12 -10  -9  -8  -7  -8 -10  -8  -8 -10 -10 -10  -8 -11 -12 -10  -8  -7  -3  -1   1   3  -8
DST1107*28  X220   0   1  -4  -4   0   1   0   0  -1   1   2   1  -1  -1  -2  -3  -4  -3  -2  -1   0   3   4   4   5   0
DST1107*29  X220   0   4   1   1   4   7  10  12  10  11  12  14  12   8   8   0  -6  -9 -12 -10  -8  -4  -3  -5  -5   2
DST1107*30  X220   0  -4  -3   1   6  11  14  15  10   7   7   3   2   1   2  10   9   4   1   0 -11 -21 -35 -40 -31  -2
DST1107*31  X220   0 -28 -28 -26 -20 -18 -18 -25 -22 -19 -15 -20 -23 -19 -19 -17 -17 -19 -24 -24 -21 -21 -21 -20 -18 -21

