DST1111*01  X220   0 -39 -44 -43 -44 -45 -46 -48 -45 -41 -37 -43 -47 -57 -62 -65 -66 -56 -50 -46 -45 -41 -43 -42 -46 -48
DST1111*02  X220   0 -46 -44 -44 -42 -43 -46 -50 -50 -53 -54 -53 -58 -52 -49 -51 -52 -51 -45 -47 -45 -42 -36 -33 -33 -47
DST1111*03  X220   0 -36 -39 -38 -34 -33 -36 -35 -32 -29 -29 -27 -26 -28 -27 -27 -26 -27 -26 -25 -26 -28 -27 -27 -29 -30
DST1111*04  X220   0 -32 -34 -33 -30 -27 -26 -26 -23 -21 -21 -22 -24 -25 -25 -23 -22 -24 -22 -20 -23 -24 -27 -27 -35 -26
DST1111*05  X220   0 -39 -39 -40 -39 -37 -39 -37 -32 -28 -28 -28 -25 -22 -19 -18 -18 -19 -17 -18 -20 -23 -24 -22 -23 -27
DST1111*06  X220   0 -24 -24 -21 -16 -13 -11  -9  -6  -3  -1  -1   2   6   4   7   3   3   0  -1  -4  -7  -9  -2   0  -5
DST1111*07  X220   0  -1   0   1   3   2   5   4   3   1   0   1   0  -2   1   3   3   8   8   1  -1  -5  -4  -4  -3   1
DST1111*08  X220   0   1   0  -1  -2  -9 -11 -15 -17 -19 -13  -7  -7 -12 -16 -22 -24 -22 -20 -20 -20 -19 -17 -16 -16 -14
DST1111*09  X220   0 -17 -16 -15 -16 -16 -15 -13 -10  -9  -7 -10 -12 -13 -13  -9  -6  -6  -7  -9 -10 -11 -15 -15 -16 -12
DST1111*10  X220   0 -16 -16 -13 -10  -9  -8  -6  -5  -5  -3   0   2   4   3   1  -2  -5  -8 -10 -10 -10 -11 -12 -13  -7
DST1111*11  X220   0 -12 -10  -9 -10  -6  -5  -8  -7  -5  -7 -11  -9  -9 -10 -10  -9 -10 -10  -9  -9 -10 -11  -9 -10  -9
DST1111*12  X220   0 -11  -9  -8  -8  -7  -7  -1   2   7   8   7   1  -1   0   2  -3  -9 -13 -10 -10 -10  -9  -7  -8  -4
DST1111*13  X220   0 -10 -10 -10  -9  -9  -8  -7  -9  -7  -4  -3  -2  -1  -3  -5  -6  -6  -4  -2  -2  -2   0   1   1  -5
DST1111*14  X220   0   1   1   1   2   2   3   4   2   2  -1  -2   2   5   5   3   1   0   0   0   0  -2  -1   0  -1   1
DST1111*15  X220   0  -1  -1  -1  -2   0  -1  -3  -9 -13 -13 -16 -19 -19 -18 -19 -26 -27 -20 -15 -12 -12 -12  -8  -7 -11
DST1111*16  X220   0  -8 -10 -10  -7  -4  -4  -2  -2  -2  -5  -6  -7  -8  -7  -6  -4  -4  -2  -2  -4  -6  -7  -7 -10  -6
DST1111*17  X220   0 -11 -11 -10  -9  -7  -6  -6  -5  -5  -6  -8  -8  -7  -8  -7  -8  -9  -7  -3  -2  -6  -9  -9 -11  -7
DST1111*18  X220   0 -10 -12 -12 -14 -12 -10 -10  -9  -8  -7  -7  -7  -8  -7  -4  -6  -5  -4  -4  -4  -3  -3  -2  -2  -7
DST1111*19  X220   0  -1  -2  -2  -1  -1  -2  -3  -3  -2   1   2   2   0  -2  -2  -1  -2  -1   1   1   1   3   3   2   0
DST1111*20  X220   0   3   2   0   1   0   1   2   4   5   3   2   4   5   6   5   5   4   1  -1  -1   0   1   1  -2   2
DST1111*21  X220   0  -1  -2  -1  -2  -3  -8 -13 -15 -16 -13 -10  -6  -5  -8 -12 -15 -19 -20 -16 -11  -7  -3  -5  -1  -9
DST1111*22  X220   0   4   4   2  -6  -7  -7  -9  -6 -10 -10 -11  -9  -7 -10 -17 -17 -19 -18 -11  -7  -5  -1 -10 -11  -8
DST1111*23  X220   0 -14 -16 -23 -26 -24 -21 -20 -19 -20 -18 -15 -14 -14 -11 -11 -11 -12  -9  -7  -9  -9  -9 -14 -16 -15
DST1111*24  X220   0 -17 -16 -14 -10  -8  -8  -8 -10  -8  -5  -3  -5  -4  -9  -6  -7  -5  -4  -6 -11 -13 -12 -13 -18  -9
DST1111*25  X220   0 -20 -21 -21 -24 -22 -20 -20 -21 -18 -14 -14 -14 -14 -14 -12  -9  -6  -6  -5  -3  -1   0   1  -1 -12
DST1111*26  X220   0  -1  -4  -5  -5  -4  -5  -5  -5  -5  -7  -6  -6  -4  -5  -4  -7  -9  -7  -4  -1   2   1   3  -3  -4
DST1111*27  X220   0  -2  -1   0  -3  -6  -4  -7 -15 -17 -13 -11 -11 -12 -12 -13 -14 -19 -20 -14 -13 -15 -14 -14 -14 -11
DST1111*28  X220   0 -14 -13 -11 -10 -10 -10 -13 -11  -7  -8 -11 -14 -17 -16 -11  -7  -6  -6  -8  -9  -8  -4  11  -6  -9
DST1111*29  X220   0 -11  -8  -3  -8  -6   2 -12 -19 -23 -25 -22 -22 -24 -22 -15 -13 -10  -8 -14 -17 -17 -16 -13 -11 -14
DST1111*30  X220   0 -18 -15 -10 -13 -12 -12 -11 -12 -12 -10 -25 -38 -33 -32 -33 -37 -36 -37 -41 -38 -32 -31 -24 -23 -24

