DST1206*01  X220   0  10   6   2   2  -1  -1   2   3   4   5  10  14   9   4   4  12  13   7   6  11  18  17  15  17   8
DST1206*02  X220   0  19  18  19  20  20  18  16  16  19  24  26  22  18  16  14  20  17   4  -6 -13 -21 -21 -15 -17  10
DST1206*03  X220   0 -12  -7  -8 -10  -9  -8  -3  -6  -7  -8  -8  -8  -7 -12 -22 -23 -22 -31 -42 -49 -40 -37 -33 -29 -18
DST1206*04  X220   0 -23 -18 -13 -17 -23 -22 -21 -17 -13 -19 -26 -27 -22 -19 -23 -25 -27 -28 -19 -16 -16 -20 -22 -21 -21
DST1206*05  X220   0 -15 -17 -16 -14 -16 -15 -14 -14 -11  -7  -4  -3 -17 -28 -31 -25 -23 -21 -22 -21 -23 -33 -31 -24 -19
DST1206*06  X220   0 -22 -25 -28 -27 -20 -21 -23 -20 -19 -15 -18 -22 -17 -17 -17 -19 -15 -15 -14 -15 -17 -20 -21 -19 -19
DST1206*07  X220   0 -16 -15 -12 -14 -16 -16 -15 -16 -14 -13 -12 -14 -14 -16 -14 -15 -17 -16 -16  -9  -4  -7  -8  -7 -13
DST1206*08  X220   0  -9 -11 -11 -11  -9  -4  -5  -5  -8  -8  -9  -9  -9  -8  -9 -11 -12  -9  -5   2   4   2   2   5  -6
DST1206*09  X220   0   2  -1   1   3   4   2  -1   0  -1  -2  -1  -2  -3  -7  -7  -6  -6  -4   3   3   4   5   3  -1  -1
DST1206*10  X220   0  -1   0   1   2   2   3   3   3   2   3   3   0  -4  -6  -6  -6  -5  -3   5   7   8   4   0  -3   1
DST1206*11  X220   0  -4  -5  -4  -1   4  -2 -14 -18 -21 -22 -22 -26 -30 -33 -36 -36 -32 -28 -24 -24 -29 -38 -46 -54 -23
DST1206*12  X220   0 -59 -67 -60 -52 -39 -39 -39 -37 -34 -33 -31 -33 -35 -37 -37 -38 -35 -32 -26 -22 -21 -21 -21 -19 -36
DST1206*13  X220   0 -17  -7  -8 -11 -18 -19 -20 -21 -13  -8 -12 -18 -18 -18 -16 -13 -11  -7  -5  -5  -6  -8  -7  -6 -12
DST1206*14  X220   0  -5  -6  -4  -5  -6  -6  -5  -4  -7  -8  -8  -9  -8 -10 -10  -9  -9 -11 -10  -9  -9  -8  -8  -3  -7
DST1206*15  X220   0  -3  -3  -2   0  -1  -2  -1  -1   0   0  -2  -4  -5  -6  -7  -5  -2   0   4   8   8   8   8   5   0
DST1206*16  X220   0   5   5   4   1  -1   2   3   1   1   2  16  10   8   6  11  13  12  20  23  23  35  58  77  51  16
DST1206*17  X220   0  65  60  41  28  16   3  -2 -11 -18 -29 -49 -71 -80 -86 -77 -68 -72 -70 -67 -67 -65 -69 -72 -68 -35
DST1206*18  X220   0 -68 -70 -72 -69 -64 -60 -60 -60 -58 -52 -45 -41 -43 -46 -47 -48 -49 -48 -44 -40 -45 -49 -50 -46 -53
DST1206*19  X220   0 -43 -40 -39 -38 -36 -33 -33 -34 -33 -32 -30 -30 -32 -33 -35 -36 -37 -36 -34 -29 -27 -30 -34 -34 -34
DST1206*20  X220   0 -35 -35 -33 -32 -33 -29 -29 -28 -25 -22 -21 -23 -22 -19 -19 -20 -19 -18 -21 -24 -21 -19 -20 -20 -24
DST1206*21  X220   0 -20 -21 -21 -19 -18 -16 -16 -16 -17 -17 -16 -13 -10  -6  -8  -9 -11  -9  -7 -11 -14 -18 -19 -14 -14
DST1206*22  X220   0 -12 -10  -6  -6  -4  -4  -6  -8 -14 -13  -8 -13 -16 -16 -17 -16 -15 -15 -13 -13 -12  -9  -8  -8 -11
DST1206*23  X220   0  -5  -6  -5  -4  -3  -4  -6  -8  -9  -7  -9  -9  -9 -11 -13 -13 -11 -11  -8  -6  -6  -6  -7  -4  -8
DST1206*24  X220   0  -6  -7  -3   0   1   0   3   1   0  -1   0   3   3   4   1   0  -3   2   8  11  15  13  12  13   3
DST1206*25  X220   0   9   8  10   2  -1  -2  -3  -7 -12  -7  -5  -3  -4  -7  -5  -4  -7  -8  -6  -1  -2  -1  -2  -4  -3
DST1206*26  X220   0  -2  -1  -5 -11 -15 -17 -16 -15 -12 -11 -11  -9  -9 -10 -10  -9 -11 -11  -7  -3  -2  -3  -1   4  -8
DST1206*27  X220   0   3   3   4   9  11  10  11   8   3   2   5   7   5   4   0  -7  -9  -6   0   2   2   0  -2   1   3
DST1206*28  X220   0   3   2   1   0   0   0   0  -3  -5  -6  -7  -8  -7  -7  -9  -8  -9  -7  -3  -2   0  -3  -5   0  -3
DST1206*29  X220   0   5   7   9   9   6   2   2   1   1   2   2   3   5   7   5   2   0   0   0   1   3  10  19  19   5
DST1206*30  X220   0  18  12  10  -1   1   1  -6 -14 -10 -13 -17 -13 -12  -8 -14 -13 -15 -24 -24 -31 -37 -32 -31 -29 -13

