DST1202*01  X220   0   8   5  -2  -4  -3  -3  -3 -10 -19 -22 -20 -15 -14 -14 -10  -7  -4  -1   0   3   8  11  16  19  -3
DST1202*02  X220   0  18  14   6   1  -4  -8  -9  -8  -8 -10 -12 -12 -12 -10  -8  -5  -3  -2   0   2   2  -1   0   0  -3
DST1202*03  X220   0   1   3   3   0  -2  -7 -10  -8  -5  -5  -8 -11 -17 -17 -16 -10  -6  -5  -5  -6  -7  -5  -2   0  -6
DST1202*04  X220   0   1   3   2  -2  -4   0  -5 -16 -24 -29 -25 -25 -25 -18 -18 -16 -15 -14 -14 -14 -13 -14 -11 -12 -13
DST1202*05  X220   0 -13 -13 -15 -16 -14 -14 -11 -15 -18 -20 -17 -19 -19 -18 -16 -15 -14 -11  -9  -8 -13  -8  -4  -3 -13
DST1202*06  X220   0  -2  -4  -8 -10  -8  -4  -2  -5  -6  -5  -5  -4  -5  -5  -4  -6  -8 -15 -15 -20 -23 -22 -18 -14  -9
DST1202*07  X220   0 -12 -13 -14 -16 -21 -20 -18 -18 -16 -20 -22 -21 -14 -15 -14 -17 -22 -16 -11 -13 -26 -26 -24 -21 -18
DST1202*08  X220   0 -16 -21 -23 -22 -22 -23 -24 -24 -19 -20 -23 -22 -22 -22 -19 -19 -18 -19 -15 -16 -15 -13 -11 -13 -19
DST1202*09  X220   0 -12 -12 -11  -8  -9  -8  -8  -7 -10 -12 -10 -12  -9  -1  -5   0  -2  -6  -9 -14 -11  -7  -6  -8  -8
DST1202*10  X220   0  -8  -8  -7  -5  -5  -4  -5  -9 -11  -9  -7  -5  -4  -5  -4  -4  -3  -1   0  -5 -10 -11 -10  -8  -6
DST1202*11  X220   0  -9  -8  -5  -5  -5  -3  -4  -6  -6  -7  -7  -7  -8  -5  -2  -3  -4  -3  -1  -1  -2  -3  -1   1  -4
DST1202*12  X220   0   1  -2  -2  -1   1   4   5   3   6  11  10   5   3   2   0  -1   1  -2  -5  -4  -3  -1   0  -2   1
DST1202*13  X220   0  -7  -9  -7  -2   0   5   7   4  -4 -11 -11  -9 -12 -24 -29 -30 -29 -23 -12 -12  -4  -3  -8 -10 -10
DST1202*14  X220   0  -7 -11 -14 -17 -19 -18 -16 -14 -11  -8  -7  -7  -6  -6  -9 -20 -26 -33 -35 -30 -30 -32 -38 -33 -19
DST1202*15  X220   0 -31 -33 -38 -47 -52 -54 -60 -55 -51 -58 -59 -63 -64 -61 -62 -62 -67 -67 -63 -59 -52 -52 -57 -55 -55
DST1202*16  X220   0 -49 -43 -40 -37 -32 -29 -26 -28 -28 -23 -20 -21 -15 -14 -15 -14 -16 -18 -17 -17 -16 -19 -19 -20 -24
DST1202*17  X220   0 -22 -19 -17 -16 -15 -15 -14 -12  -8  -8  -7  -3  -2  -2  -4  -4  -4  -4  -3  -3  -5  -7  -8  -9  -9
DST1202*18  X220   0  -9  -7  -5  -4  -4  -4  -2   0   2   0  -4   1   4   2   0  -2  -1   4   6   8   9   0  -5 -13  -1
DST1202*19  X220   0 -30 -38 -48 -59 -63 -58 -56 -52 -50 -48 -43 -39 -37 -34 -32 -27 -30 -32 -32 -29 -26 -21 -21 -21 -39
DST1202*20  X220   0 -28 -32 -31 -24 -15 -16 -28 -31 -33 -32 -31 -25 -31 -33 -35 -35 -34 -31 -27 -30 -29 -29 -33 -35 -30
DST1202*21  X220   0 -35 -33 -33 -36 -31 -28 -29 -27 -24 -21 -17 -14 -13 -13 -14 -16 -17 -16 -17 -16 -15 -13 -12 -11 -21
DST1202*22  X220   0 -10 -10  -1  -6 -10  -4   1  -5 -21 -17 -12 -11 -10 -10 -11 -11 -13 -12 -11 -11 -10 -10 -10 -13 -10
DST1202*23  X220   0 -14 -13 -11  -9  -9  -8  -9  -8 -11 -11 -11 -10 -10  -9  -7  -7  -8  -7  -5  -3  -5  -6  -8  -9  -9
DST1202*24  X220   0  -6  -3  -6 -12 -12 -10  -6  -6  -5  -7  -7  -7  -8  -5  -3  -3  -5  -5  -1  -3  -1  -1  -1   0  -5
DST1202*25  X220   0   0   1   0   1   1  -3  -4  -3  -1  -1  -4  -3   0  -1  -3   1   3   0  -6  -5  -3  -3  -8 -12  -2
DST1202*26  X220   0 -14 -12 -10 -10  -8  -6  -3  -2  -6  -6  -5  -6 -12 -11  -6  -3  -3  -4  -3  -3  -4   1  11   6  -5
DST1202*27  X220   0   6   2  -9  -8  -3   2   6   6   5   8   1   0  12   1  -3 -11 -29 -38 -35 -57 -54 -44 -39 -39 -13
DST1202*28  X220   0 -37 -34 -31 -28 -30 -28 -26 -33 -39 -29 -27 -25 -23 -26 -29 -23 -21 -28 -27 -26 -27 -23 -30 -29 -28
DST1202*29  X220   0 -32 -35 -34 -21 -16 -17 -22 -17 -19 -13 -13 -12 -13 -15 -15 -15 -14 -12 -10 -11 -11 -13 -13 -11 -17

