DST1203*01  X220   0 -10  -9  -8  -2 -10 -20 -16  -8   6   0  -7 -14 -21 -24 -21 -20 -19 -24 -30 -34 -32 -36 -37 -44 -18
DST1203*02  X220   0 -50 -54 -53 -46 -40 -38 -33 -30 -23 -21 -22 -23 -22 -27 -27 -26 -23 -26 -29 -24 -24 -20 -18 -23 -30
DST1203*03  X220   0 -30 -34 -34 -32 -34 -35 -39 -39 -32 -21 -20 -22 -23 -26 -27 -28 -24 -20 -18 -19 -25 -32 -33 -40 -29
DST1203*04  X220   0 -45 -50 -50 -45 -39 -34 -30 -29 -27 -22 -20 -16 -19 -19 -20 -23 -28 -34 -38 -37 -33 -31 -26 -27 -31
DST1203*05  X220   0 -30 -32 -33 -33 -35 -34 -33 -31 -26 -19 -20 -21 -21 -20 -24 -28 -28 -26 -23 -21 -24 -33 -42 -44 -28
DST1203*06  X220   0 -42 -39 -35 -33 -32 -29 -28 -27 -29 -19 -11 -12 -16 -19 -23 -21 -11 -11 -19 -22 -20 -20 -18 -14 -23
DST1203*07  X220   0 -10 -17 -21 -20 -19 -47 -83 -86 -84 -88 -82 -79 -66 -62 -72 -85 -84 -71 -61 -66 -68 -63 -57 -55 -60
DST1203*08  X220   0 -48 -42 -37 -36 -38 -37 -35 -35 -35 -33 -27  22  15   0 -16 -33 -40 -44 -37 -28 -35 -46 -53 -47 -31
DST1203*09  X220   0 -45 -27 -35 -57 -83 -81 -92-128-145-123-125-114-125-132-124-130-113-105 -98 -98 -99 -95 -90 -82 -98
DST1203*10  X220   0 -78 -80 -81 -79 -70 -79 -80 -73 -69 -74 -73 -67 -69 -68 -69 -65 -61 -60 -55 -56 -60 -61 -62 -64 -69
DST1203*11  X220   0 -64 -62 -59 -57 -53 -47 -47 -50 -50 -46 -39 -37 -36 -21 -18 -17 -21 -22 -28 -34 -44 -42 -44 -41 -41
DST1203*12  X220   0 -40 -38 -33 -30 -29 -29 -25 -25 -27  -7  -4 -16 -43 -42 -33 -45 -64 -63 -54 -52 -55 -51 -51 -50 -38
DST1203*13  X220   0 -49 -51 -47 -45 -46 -48 -46 -44 -43 -42 -37 -38 -40 -37 -37 -36 -35 -32 -29 -37 -41 -41 -42 -44 -41
DST1203*14  X220   0 -43 -44 -40 -40 -36 -36 -39 -37 -37 -34 -31 -28 -32 -35 -37 -35 -36 -38 -40 -39 -41 -41 -40 -39 -37
DST1203*15  X220   0 -37 -40 -45 -45 -40 -36 -33 -35 -34 -27 -23 -24 -31 -20 -17 -34 -52 -68 -79 -87 -88 -71 -75 -67 -46
DST1203*16  X220   0 -59 -55 -49 -51 -56 -60 -56 -53 -55 -52 -50 -48 -43 -41 -41 -43 -42 -42 -40 -46 -48 -46 -56 -64 -50
DST1203*17  X220   0 -69 -63 -52 -51 -56 -57 -54 -44 -36 -42 -40 -34 -29 -28 -30 -31 -34 -35 -36 -39 -38 -45 -41 -37 -43
DST1203*18  X220   0 -35 -46 -54 -52 -50 -44 -42 -45 -46 -43 -38 -33 -34 -33 -35 -35 -36 -39 -37 -38 -39 -38 -37 -37 -40
DST1203*19  X220   0 -33 -23 -19 -26 -41 -39 -35 -33 -38 -38 -32 -31 -30 -28 -28 -28 -29 -34 -37 -37 -39 -38 -31 -29 -32
DST1203*20  X220   0 -31 -30 -27 -26 -26 -26 -26 -24 -24 -24 -24 -23 -20 -19 -16 -16 -18 -20 -22 -24 -25 -25 -25 -25 -24
DST1203*21  X220   0 -25 -21 -15 -14 -16 -18 -19 -19 -20 -17 -16 -17 -18 -16 -14 -11 -10 -11 -13 -16 -19 -20 -18 -14 -17
DST1203*22  X220   0 -11 -12 -14 -17 -20 -20 -17 -17 -18 -14 -12 -10  -9  -9  -8  -5  -5   0   0  10   5 -16 -27 -33 -12
DST1203*23  X220   0 -32 -30 -28 -28 -31 -30 -24 -18 -14 -12 -10  -9 -12 -14 -14 -12 -12 -14 -13 -10  -7  -2   3   4 -15
DST1203*24  X220   0   5   4   5   4  -2 -10 -19 -25 -19 -19 -15 -16 -19 -21 -19 -19 -21 -19 -18 -17 -16 -12 -10  -9 -13
DST1203*25  X220   0  -8  -8  -6  -4  -5  -8 -11 -16 -16 -16 -18 -17 -14 -15 -15 -13 -11  -9  -8  -8 -10 -10  -8  -6 -11
DST1203*26  X220   0  -4  -3  -5  -9  -9  -8  -9 -11  -8  -6  -6  -5  -3  -1  -1   2   1  -2  -1  -1   0   3   3   3  -3
DST1203*27  X220   0   4   3   0  -9 -15 -14  -9  -4   2   1  -7 -18 -23 -25 -25 -34 -39 -38 -34 -35 -39 -42 -53 -49 -21
DST1203*28  X220   0 -49 -49 -50 -56 -68 -68 -63 -52 -45 -43 -40 -43 -49 -47 -43 -42 -40 -38 -35 -33 -32 -25 -20 -18 -44
DST1203*29  X220   0 -16 -15 -16 -18 -20 -18 -15 -11 -12 -12 -11 -12 -14 -17 -18 -17 -16 -15 -13  -9  -5  -8 -14 -16 -14
DST1203*30  X220   0 -16 -13 -15 -15 -12  -6  -4  -5  -9 -11 -10  -9  -8  -9 -10 -10 -10  -9  -7  -5  -5   0   5   5  -8
DST1203*31  X220   0   3   1   0  -2  -3  -3  -2  -5  -5  -4  -3   0  -1  -1   0  -2  -3  -1   5   1   2   3   7   6   0

