DST1207*01  X220   0 -23 -18 -17 -25 -26 -26 -33 -30 -24 -24 -20 -17 -13  -8 -12 -11 -10 -12 -10 -16 -17 -16 -18 -16 -18
DST1207*02  X220   0 -15 -12 -16 -13 -22 -28 -35 -32 -31 -26 -25 -20 -17 -16 -25 -31 -36 -37 -31 -29 -30 -32 -32 -31 -26
DST1207*03  X220   0 -25 -19 -17 -16 -16 -20 -18 -19 -18 -15 -18 -20 -22 -21 -19 -19 -19 -23 -25 -22 -18 -19 -16 -12 -19
DST1207*04  X220   0 -11 -10  -8  -5 -10 -17 -19 -18 -18 -19 -17 -18 -15 -10  -7  -6  -5  -5  -6  -6  -8 -14 -18 -19 -12
DST1207*05  X220   0 -12  -1   4   4   5   2  -3  -7  -7  -2   3  21  16  11  31  11  11  11   9   8  12  13   6   7   6
DST1207*06  X220   0   4   6   7  -1  -3   1  -2 -10 -13  -9  -2  -3  -4  -4  -5  -7   2   4  -4 -17 -27 -36 -25  -9  -7
DST1207*07  X220   0 -12  -6   0   4   3   1   1  -3  -7 -10  -7  -6 -10 -13 -14 -14 -12  -7  -9  -6  -3  -2  -6 -12  -6
DST1207*08  X220   0  -9  -7  -4   3  13  15  15  11  12  14  18  11  10  18  17  13  14  15  13  10  12  16   6 -10   9
DST1207*09  X220   0 -27 -37 -30 -29 -33 -36 -34 -43 -49 -58 -61 -62 -78 -73 -64 -61 -71 -69 -67 -64 -64 -70 -78 -70 -55
DST1207*10  X220   0 -65 -55 -45 -42 -42 -39 -36 -35 -38 -38 -34 -31 -28 -25 -25 -27 -28 -29 -28 -27 -24 -23 -25 -26 -34
DST1207*11  X220   0 -27 -25 -24 -29 -30 -24 -23 -30 -36 -34 -25 -22 -22 -19 -21 -21 -21 -18 -17 -13 -17 -18 -24 -31 -24
DST1207*12  X220   0 -34 -34 -22 -18 -15 -23 -28 -32 -32 -28 -29 -23 -18 -15 -16 -14 -11 -11 -12 -13 -16 -20 -19 -19 -21
DST1207*13  X220   0 -20 -19 -17 -16 -15 -15 -14 -15 -18 -20 -19 -18 -18 -18 -17 -15 -13 -10  -8  -9 -10  -9  -7  -8 -15
DST1207*14  X220   0  -9  -9  -7  -5  -6  -5  -5  -8  -7  -6  -8  -5  -5  -5  -5  -1  -5  -5  15   4  -7  -5   1  -2  -4
DST1207*15  X220   0   9   0 -12 -20 -36 -29 -37 -69 -98-128-126-112-115-119-120-121-139-138-139-127-128-122-111-110 -89
DST1207*16  X220   0-111-113-101-106-104-106-107-113-109-107-102 -95 -87 -86 -89 -92 -85 -72 -73 -71 -71 -69 -61 -58 -91
DST1207*17  X220   0 -57 -57 -60 -67 -72 -75 -80 -77 -63 -65 -60 -57 -54 -53 -49 -47 -47 -49 -46 -43 -45 -44 -42 -42 -56
DST1207*18  X220   0 -41 -42 -40 -39 -37 -37 -38 -39 -38 -34 -30 -27 -23 -23 -23 -25 -27 -29 -32 -33 -33 -34 -32 -29 -33
DST1207*19  X220   0 -27 -23 -22 -21 -22 -20 -17 -21 -24 -24 -20 -15 -10 -11 -13 -12 -14 -16 -17 -14 -11 -11 -11 -13 -17
DST1207*20  X220   0 -12 -14 -16 -16 -14  -4  -8  -7  -4  -8 -14  -9  -1   1   2  -8 -19 -26 -30 -31 -29 -27 -25 -26 -14
DST1207*21  X220   0 -25 -23 -16 -14 -21 -20 -16 -15 -19 -17 -13  -9  -5  -3  -2  -3   5   1   3  -2   4  -2  -7  -7  -9
DST1207*22  X220   0  -6  -3  -2  -2  -8 -16 -24 -28 -26 -25 -20 -13  -4  -2  -1  -4  -7  -8  -7 -11 -10  -8  -4  -2 -10
DST1207*23  X220   0   0  -5  -7  -6  -3  -2   1   0   3   3   0   1  -2  -5  -3  -4  -7 -11 -10 -13 -13 -11 -10 -11  -5
DST1207*24  X220   0 -11 -11 -13 -19 -17 -13 -14 -16 -14 -13 -10  -7  -7  -7  -7  -8  -6  -6  -6  -7 -10 -11 -13 -12 -11
DST1207*25  X220   0 -17 -24 -20 -16 -13 -11 -10 -11 -12 -11 -10  -6  -3  -2   0   2   2   0  -1  -1   1   0  -2  -2  -7
DST1207*26  X220   0  -4  -8  -9 -11 -10  -9  -8  -7  -7  -7  -6  -5   0   2   1   0   1  -2  -1  -3  -4  -3  -1  -1  -4
DST1207*27  X220   0  -2  -2   1   5   7   6   8   9  10  11  14  12  12  14  15  16  16  13  12  13  15  16  16  20  11
DST1207*28  X220   0  23  23  19  18  19  22  25  26  24  26  23  20  25  28  23  12   3 -10 -11 -19 -19 -21 -31 -27   9
DST1207*29  X220   0 -25 -29 -28 -25 -21 -20 -19 -19 -26 -28 -27 -25 -19 -15 -14 -13 -11 -12 -12  -9  -4  -5  -5  -2 -17
DST1207*30  X220   0  -2  -5  -5 -12 -23 -22 -14 -16 -26 -30 -22 -17 -17 -19 -19 -21 -28 -33 -27 -36 -33 -29 -24 -21 -21
DST1207*31  X220   0 -20 -20 -19 -19 -20 -21 -20 -18 -15 -13 -14 -14 -13 -13 -11 -10  -9  -8  -8  -8  -7  -7  -7  -7 -13

