DST1201*01  X220   0  -8  -3  -4  -5  -9  -7  -6 -10  -7  -3  -6  -8  -8  -7  -5  -8  -7  -2   2   2  -3  -5  -3  -3  -5
DST1201*02  X220   0  -5  -4   3   5   3   3   4   7   8   7   5   0   0   0   1   8  10  10  14  12  11   7   8   1   5
DST1201*03  X220   0  -7 -14 -18 -23 -25 -28 -29 -30 -32 -35 -35 -30 -26 -23 -20 -20 -20 -19 -16 -15 -15 -18 -19 -17 -22
DST1201*04  X220   0 -17 -15 -13 -13 -13 -14 -13 -13 -12 -10  -8 -10 -12  -9  -8  -7  -5  -6  -5  -4  -3   0  -1  -1  -9
DST1201*05  X220   0  -3  -1   0   0   2   2   3   2   2   1  -4  -6  -4  -2   1   2   7   7   3   3   8   9  10  15   2
DST1201*06  X220   0  12  10  10   7   4   7   6   4   1   1   0  -2  -2   0   2   4   1  -3  -1   2   1   0  -3  -3   2
DST1201*07  X220   0  -5  -1   1   0   1   0   1   1  -2  -6  -9  -7  -3  -1  -1  -1  -5  -6  -5  -4  -5  -4  -4  -4  -3
DST1201*08  X220   0  -2  -2  -4  -5  -8  -8  -6  -1  -2  -4  -4  -3  -4  -4  -2   1  -2  -2  -1  -4  -6  -7  -2   4  -3
DST1201*09  X220   0   8   9  10   7  -3  -6  -4  -2   2   2  -2  -1   5   6   9   9   4  -3  -3  -2  -4  -7  -4  -1   1
DST1201*10  X220   0   2   4   7   4   3   2   2   4   1  -6 -10  -9  -5  -4   2   7   2  -3  -2  -1  -1   0  -1   0   0
DST1201*11  X220   0   1   3   3   2  -1   0   1   3  -1  -2  -4  -1   3   5   7   7   3   0  -2  -1   1   3   2   2   1
DST1201*12  X220   0   3   4   8  10  11   9   8   7   5   4   2   5   4   2   9  15  14  16  27  27  17  10   9  12  10
DST1201*13  X220   0  10  14  16  11   8   6   8   5   4   3   3   5   5   3   6  11  10   6   2   1   0  -2  -3  -4   5
DST1201*14  X220   0  -3  -1   1   0  -1  -2  -3  -2  -2   1   3   4   4   4   5   3   2   0   1   2   1   0   0  -1   1
DST1201*15  X220   0   0   2   2   5   7  11  12   7   4   1   2   3   7   8   9   4   8  11  12   8   6   2   1   5   6
DST1201*16  X220   0   6   2   4   5   5  10  13  16  12  10   8  -8 -10  -8  -7 -14 -11  -7  -7 -13 -19 -14 -11 -10  -2
DST1201*17  X220   0 -14 -20 -17 -13 -12  -8  -6  -6  -7 -10 -14 -13 -10  -6  -1  -2  -1  -1  -2  -6  -8  -5  -5  -6  -8
DST1201*18  X220   0  -7  -3   2   2  -2  -1  -1  -2  -3  -4  -3  -5  -5  -6  -4  -5  -4  -2  -1  -2  -5  -5  -6  -5  -3
DST1201*19  X220   0  -3  -4  -5  -4  -4  -1   1   1   1   2   1   4   3   2   2   3   4   4   2   3   4   3   0   0   1
DST1201*20  X220   0  -3  -4   2   7   6   3  -1  -1  -2   1   2   2   2   4   7  10  12  10   4   0  -5  -2   2   3   2
DST1201*21  X220   0   0  -3  -6  -5  -9  -6  -8  -9 -10  -9  -7  -2   3   5   7  10  14  16  10   7   9   9   8  14   2
DST1201*22  X220   0  20  18  16  14  17  20  46  57  48  11  16   0 -18 -18  -7  -7  -9 -32 -50 -55 -63 -70 -68 -63  -7
DST1201*23  X220   0 -67 -66 -68 -70 -69 -71 -65 -66 -62 -57 -52 -46 -41 -36 -32 -29 -29 -31 -33 -34 -33 -28 -25 -26 -47
DST1201*24  X220   0 -27 -29 -31 -34 -37 -33 -31 -33 -34 -33 -29 -26 -22 -20 -23   9   0 -12 -25 -44 -41 -39 -43 -40 -28
DST1201*25  X220   0 -30 -23 -24 -21 -27 -23 -28 -34 -35 -56 -75 -73 -61 -52 -50 -44 -43 -46 -43 -42 -41 -40 -41 -40 -41
DST1201*26  X220   0 -37 -32 -29 -31 -29 -26 -21 -21 -25 -30 -37 -33 -32 -33 -31 -29 -31 -31 -32 -33 -35 -35 -32 -31 -31
DST1201*27  X220   0 -30 -28 -27 -25 -26 -29 -27 -26 -21 -22 -25 -29 -26 -28 -26 -20 -17 -17 -18 -16 -17 -14 -14 -15 -23
DST1201*28  X220   0 -13 -14 -15 -14 -14  -8  -7  -4  -6  -9 -14 -14 -12  -8 -10 -11 -11  -9 -10 -12 -17 -19 -22 -28 -13
DST1201*29  X220   0 -22 -17 -19 -21 -20 -16 -16 -16 -16 -17 -20 -18 -14 -12 -10  -8 -10 -13 -15 -16 -15 -13 -14 -14 -16
DST1201*30  X220   0 -13 -11 -10  -8  -6  -7  -6  -4  -4  -5  -8 -10 -11  -9  -7  -8  -2  -5 -15 -19 -14 -12 -13 -14  -9
DST1201*31  X220   0 -15 -17 -16 -10  -8  -7  -7  -6  -6  -6  -5  -3  -1  -1  -3  -7  -8  -8  -5  -1  -1   4   7   9  -5

