DST1311*01  X220   0 -29 -29 -27 -26 -29 -28 -28 -30 -32 -31 -29 -24 -20 -24 -23 -20 -16 -14 -15 -18 -19 -16 -11 -12 -23
DST1311*02  X220   0 -13 -12 -12 -12 -12 -12 -13 -13 -12 -11  -4   0   0  -1  -4  -6  -5  -3  -2  -3  -4  -7  -7 -10  -7
DST1311*03  X220   0 -13 -12 -11 -12 -16 -16 -16 -21 -17 -14 -12  -8  -3  -3  -3  -2  -1  -2  -3  -4  -5  -4 -11 -13  -9
DST1311*04  X220   0 -11 -11 -10  -9 -11 -15 -13 -14 -11 -12 -20 -19 -15 -12 -11 -15 -14  -7  -6  -8  -8  -8  -8 -10 -12
DST1311*05  X220   0 -11 -14 -13 -13 -16 -18 -18 -19 -24 -26 -20 -17 -16 -13 -11 -10  -8  -4  -3  -2  -3  -2  -1  -2 -12
DST1311*06  X220   0  -3  -3  -2  -1  -2  -4  -4  -5  -8  -6  -4  -1   0   2   5   8   8   9   7   6   6   3  -3  -7   0
DST1311*07  X220   0  -4   0   1  -1  -7 -13 -19 -22 -19 -27 -37 -45 -50 -40 -34 -34 -31 -27 -24 -15 -17 -21 -23 -22 -22
DST1311*08  X220   0 -22 -19 -16 -13 -15 -18 -20 -19 -17 -14 -17 -14 -13 -11 -11 -11 -10  -8  -6  -2   0   3   7   9 -11
DST1311*09  X220   0  10   7   4  -6 -21 -33 -56 -73 -80 -73 -72 -65 -56 -53 -45 -44 -42 -40 -35 -30 -27 -25 -23 -22 -38
DST1311*10  X220   0 -22 -27 -30 -29 -28 -25 -25 -26 -30 -35 -34 -30 -26 -28 -33 -33 -29 -28 -25 -19 -22 -25 -28 -29 -28
DST1311*11  X220   0 -35 -40 -38 -30 -36 -51 -66 -68 -57 -52 -53 -51 -48 -45 -35 -36 -36 -30 -26 -29 -27 -26 -25 -23 -40
DST1311*12  X220   0 -22 -22 -23 -23 -23 -20 -21 -24 -24 -20 -16 -14 -13 -12 -13 -14 -14 -14 -14 -16 -16 -16 -20 -23 -18
DST1311*13  X220   0 -24 -23 -20 -17 -18 -20 -23 -25 -24 -23 -22 -16 -13 -13 -17 -17 -16 -14 -14 -12 -10 -10 -10  -9 -17
DST1311*14  X220   0  -7  -9  -9 -11 -10  -9  -7  -6  -7  -9 -10  -6  -5  -6 -10 -10 -10 -10  -9  -8  -9  -8  -9 -11  -9
DST1311*15  X220   0 -10 -12 -15 -16 -13 -16 -17 -20 -17 -18 -18 -13 -13  -8  -4  -5 -13 -13 -16 -17 -23 -23 -24 -28 -16
DST1311*16  X220   0 -35 -40 -40 -36 -28 -30 -31 -27 -27 -26 -24 -20 -22 -14 -10 -11  -8  -8  -9 -11 -12 -13 -14 -15 -21
DST1311*17  X220   0 -12 -11 -11 -13 -15 -17 -21 -25 -22 -20 -21 -21 -18 -14 -14 -15 -12  -9 -10  -9 -10 -10 -10 -10 -15
DST1311*18  X220   0 -12 -12  -8  -7  -5  -5  -9 -14 -17 -17 -15 -11 -10  -9 -10  -8  -6  -6  -6  -2  -1  -1  -2  -1  -8
DST1311*19  X220   0   2   5   3   1  -2  -1  -3  -5  -6  -6  -5   0   3   4   3   7   9   7   2  -2  -5  -4  -4  -3   0
DST1311*20  X220   0  -2  -4  -5  -3  -2  -3  -4  -8 -12 -15 -11  -9 -11  -6  -4  -3  -2  -3  -3  -4  -7  -6  -6  -6  -6
DST1311*21  X220   0  -4  -3  -4  -4  -4  -3  -3  -4  -4  -2  -1   1  -1  -1   0   2   1   0  -1  -1  -2  -2  -5  -6  -2
DST1311*22  X220   0  -7  -6  -4  -2   1   0   0   1  -1  -3  -3  -2   1   2   2   4   5   6   6   3   1   0  -3  -3   0
DST1311*23  X220   0  -2   0   4   2  -1   3   3  -3 -14 -21 -23 -27 -27 -20 -20 -16 -14  -9  -9  -9  -7  -8  -9  -9 -10
DST1311*24  X220   0  -6  -4  -4  -6  -8  -8  -7  -6  -7  -9 -10  -9  -6  -5  -4  -6  -8  -7  -5  -7  -6  -5  -6  -4  -6
DST1311*25  X220   0  -2  -2  -3  -4  -3  -2  -1  -3  -4  -4  -5  -5  -5  -6  -4  -2  -2  -2  -1   0   0   1   2   4  -2
DST1311*26  X220   0   3   3   2   3   2   1   0  -1   0   0  -2  -1   0   1   2   2   5   8  10   9  10  11  15  17   4
DST1311*27  X220   0  17  19  18  16  13  12  10   8   9  11  10  10   9  11  11  12   8   8   9   9   9  11  11  12  11
DST1311*28  X220   0  11  11  12  14  14  14  12  13  12  11  11   9   9  12  12  12  14  13  10  10   9   5   4   2  11
DST1311*29  X220   0   2   4   8  18  18  13  12   7   1   3   8   6   8  12  11   7  10   3   0  -5  -8  -9  -7  -6   5
DST1311*30  X220   0  -7  -6  -6  -3  -1  -2  -1   0  -3  -6  -9  -9  -6  -2  -5  -7  -9  -9  -8 -11 -11  -3  -5 -12  -6

