DST1309*01  X220   0 -18 -17 -15 -15 -14 -15 -15 -18 -13  -8  -8  -9 -12 -18 -23 -25 -22 -22 -24 -26 -30 -31 -29 -26 -19
DST1309*02  X220   0 -24 -22 -17 -12 -10 -20 -19 -15 -17 -21 -21 -20 -17 -19 -24 -22 -19 -20 -25 -24 -20 -17 -16 -14 -19
DST1309*03  X220   0  -9  -5   2   7   9   8   2   1   4  -3  -5  -9 -11 -11 -13 -11  -6  -3  -3  -7  -7  -7 -13 -20  -5
DST1309*04  X220   0 -15 -10  -6  -2  -1  -2  -3  -5  -3  -1  -1  -9 -11  -9  -7  -6  -3  -1   0  -2  -4  -9 -11 -10  -5
DST1309*05  X220   0  -4  -1   0   2   4   4   3   3   4   3   0   0   2   2   2   2   2   2   1  -1  -4  -9 -12  -9   0
DST1309*06  X220   0  -8  -3  -1  -3   1   2   3   3   2   1  -2   0   1   3   2  -1  -3  -5  -8 -11 -14 -19 -20 -19  -4
DST1309*07  X220   0 -13 -10  -9  -6  -4  -7  -8  -5  -3  -4  -4  -2   2   3   2   2   1   1   1   2   1   1   0   1  -2
DST1309*08  X220   0   2   8   6   0   8   9   5   0  -1  -2  -4  -8  -9  -9  -8  -6  -6  -5  -3  -3  -5  -7  -9 -12  -2
DST1309*09  X220   0 -12 -12 -11  -9  -7  -6  -5  -6  -3  -3  -8  -8  -7  -5  -4  -4  -2   1   5   5   3   1  -2  -5  -4
DST1309*10  X220   0  -5  -8  -8  -4  -1   2   3   3   2  -2  -6  -7  -1   0  -3   5   4   5   2   3  -6 -11 -10  -6  -2
DST1309*11  X220   0  -2  -1   3   6   6   5   3  -1  -3  -4  -2   0   1   1   1  -1  -5  -6  -6  -2   1   2   0  -2   0
DST1309*12  X220   0  -1   1   7   8   5   1  -4  -6  -8  -5  -1   3   4   8   9   7  10  13  11  10   2  -7  -8 -10   2
DST1309*13  X220   0  -6  -3  -1   1   2   0   0  -2  -3  -1   2   2  -1   0   3   4   3   3   1  -7  -7  -7  -6  -5  -1
DST1309*14  X220   0  -4  -4  -2  -3  -3  -3  -5  -6  -6  -4  -4  -3  -3   0   0  -1   0   2   0  -2  -1  -1  -2  -4  -2
DST1309*15  X220   0  -5  -3  -1   1   1   2   1   1   2   3   3   3   2   3   5   3   3   4   3   2   1  -1  -3  -4   1
DST1309*16  X220   0  -2  -5  -5  -3  -5  -4  -5  -5  -4  -1   1   1   0  -1  -2  -2  -2  -1  -1  -1  -3  -4  -4  -1  -2
DST1309*17  X220   0   5   8   6   5  -3 -10  -9 -12  -9 -10  -9  -7  -7  -3   3   9   8   6   9  14   8  -3  -5  -7  -1
DST1309*18  X220   0  -7  -2   3   1   1   1   1   4   4   5   5   9  10  17  14  10   4   7  10   3  -4  -5  -8 -10   3
DST1309*19  X220   0  -6  -4  -5  -6 -11 -17 -15 -14 -16 -10 -10 -12 -15 -10  -7  -6  -6  -9 -10 -11 -15 -17 -17 -13 -11
DST1309*20  X220   0  -6   0   2  -1  -5  -8 -10 -14 -13 -11 -12 -11  -9  -8  -6  -3  -2  -2   0  -1  -3  -9  -8  -8  -6
DST1309*21  X220   0  -7 -11 -11  -7  -5  -2  -2  -3  -5  -5  -1   3   4   1   1   0  -2   3   3   2   0  -2  -6  -6  -2
DST1309*22  X220   0  -6  -4  -5  -4  -8  -6  -3  -5  -7  -6  -5  -3  -2  -3  -4  -4  -5   0   4   5   2  -1  -3  -4  -3
DST1309*23  X220   0  -4  -5  -4  -4  -2  -4  -2  -1  -1  -2   0   1   2   1   1   1   5   8   8   7   4   1  -2  -7   0
DST1309*24  X220   0  -7  -8  -8  -4  -2   1   2   4   8  15  10 -11 -22 -11 -19 -18 -17 -11  -8  -9 -13 -19 -23 -22  -8
DST1309*25  X220   0 -19 -13 -11  -8  -9 -10  -9 -11 -10 -10  -9  -8  -8  -6  -4  -3   0   2   2  -1  -5  -5  -8 -11  -7
DST1309*26  X220   0 -12  -8  -4  -3  -3  -3  -2  -1  -2  -2  -2   0   2   3   3   1  -1  -3  -1  -2  -3  -3  -1   2  -2
DST1309*27  X220   0   5   6   6   5   5   7   6   5   4   4   4   4   4   2   2   3   4   1   2   3   2   2   3   3   4
DST1309*28  X220   0   5   7   6   3   1   1   1   1   0   0   0   1   0   0   1   3   4   3   3   2   3   6   7   6   3
DST1309*29  X220   0   7   8   8   6   3   3   4   5   6   8   9   7   7   5   6   8   9   8   8  10  14  11  10  11   8
DST1309*30  X220   0   9   6   8   8   8   6   4   6   7   5   3   2   2   3   2   2   2   5   8   8   7   8   8   8   6

