DST1306*01  X220   0  13   3 -38 -73-103-110-109-122-124-103 -89 -83 -82 -83 -73 -68 -68 -65 -60 -55 -54 -51 -50 -44 -70
DST1306*02  X220   0 -42 -44 -40 -49 -50 -50 -53 -45 -40 -38 -40 -43 -38 -36 -41 -42 -42 -39 -39 -43 -40 -34 -31 -31 -41
DST1306*03  X220   0 -32 -31 -34 -33 -33 -31 -28 -24 -24 -26 -27 -29 -27 -25 -25 -22 -22 -21 -21 -20 -22 -23 -20 -25 -26
DST1306*04  X220   0 -23 -28 -29 -26 -27 -26 -25 -27 -23 -19 -20 -25 -25 -25 -24 -25 -25 -22 -18 -16 -15 -11  -9  -9 -22
DST1306*05  X220   0 -14 -13 -12 -13 -20 -23 -20 -15 -13 -13 -14 -14 -12  -8 -10 -11 -12 -15 -18 -20 -20 -21 -23 -24 -16
DST1306*06  X220   0 -26 -25 -24 -18 -15 -12 -12 -15 -20 -17 -15 -17 -19 -22 -21 -13 -20 -17 -20 -37 -45 -55 -62 -60 -25
DST1306*07  X220   0 -64 -69 -78 -68 -76 -78 -74 -73 -56 -52 -49 -40 -43 -46 -43 -47 -44 -39 -38 -34 -30 -28 -26 -24 -51
DST1306*08  X220   0 -24 -26 -27 -26 -21 -23 -18 -19 -11  -7  -8 -17 -16 -17 -17 -20 -19 -17 -13 -14 -14 -14 -14 -16 -17
DST1306*09  X220   0 -14 -13  -8  -6  -3   0  -1  -1   0   0   0  -2   0  -3  -7 -14 -17 -21 -12 -10  -6  -9 -11 -10  -7
DST1306*10  X220   0 -10 -14 -18 -17 -19 -18 -15 -14 -10 -12  -9 -11 -12 -14 -10 -13  -9  -8  -8 -11 -12 -14 -14 -12 -13
DST1306*11  X220   0 -11  -9  -9  -9 -11 -10 -10  -7  -7  -8  -7  -6  -9  -9 -14 -16 -17 -15 -19 -16 -14 -14 -13 -12 -11
DST1306*12  X220   0 -16 -15 -11 -11 -13 -12 -12 -14 -13 -14 -11 -11 -11 -12 -13 -13 -10 -10  -9  -8  -7  -9  -8 -10 -11
DST1306*13  X220   0 -15 -18 -14 -10  -6  -5  -3  -3  -5  -6  -5  -4  -6  -8  -9 -11  -9  -8  -7  -6  -5  -5  -6  -6  -8
DST1306*14  X220   0  -5  -5  -5  -5  -5  -6  -6  -6  -4  -4   0  -1   0   3   5   5   6   6   4   1   0   0  -3  -6  -1
DST1306*15  X220   0  -8  -3   0   2   4   9  10   4   2  -1  -2  -5  -8 -11 -11 -10  -8  -8  -4  -2  -4  -6  -8  -7  -3
DST1306*16  X220   0  -6  -4   0   2   1   2   0   1   1   2   1   1   2   0  -1  -1  -2  -4  -6  -7  -4  -2   1   2  -1
DST1306*17  X220   0   2   3  -2  -4  -5  -6  -6  -7  -5  -6  -7  -8 -10 -11 -10 -10  -8  -4  -4  -2  -1  -1   2   8  -4
DST1306*18  X220   0   9   7   0  -7 -14 -15 -12 -10  -9  -8 -10 -11 -14 -13 -14 -14 -15 -14 -15 -13 -11 -12  -9   0  -9
DST1306*19  X220   0   5   3  -3  -7  -6  -5  -4  -1   0   1   0  -2  -7 -10 -10  -9  -6  -4  -2  -3  -5  -4   0   6  -3
DST1306*20  X220   0   1  -8 -10  -9 -11 -10  -7  -3  -1   3   2   5   3  -4 -10 -12 -12  -9  -6  -7 -10 -12  -7  -9  -6
DST1306*21  X220   0 -11 -21 -23 -18 -18 -18 -18 -17 -17 -15 -17 -16 -16 -17 -17 -13  -8  -5  -5 -10 -14 -27 -25 -21 -16
DST1306*22  X220   0 -17 -20 -20 -21 -18 -20 -18 -18 -17 -18 -22 -25 -25 -24 -22 -23 -22 -24 -24 -29 -32 -30 -26 -21 -22
DST1306*23  X220   0 -19 -19 -18 -22 -20 -19 -23 -17 -16 -28 -32 -32 -27 -23 -25 -27 -26 -28 -25 -25 -23 -29 -37 -38 -25
DST1306*24  X220   0 -33 -27 -25 -28 -32 -33 -25 -19 -18 -28 -33 -36 -36 -30 -27 -31 -31 -32 -36 -44 -40 -46 -49 -49 -33
DST1306*25  X220   0 -40 -35 -35 -36 -34 -30 -27 -25 -22 -21 -26 -28 -30 -29 -25 -22 -19 -15 -15 -18 -21 -23 -19 -18 -26
DST1306*26  X220   0 -18 -18 -14 -11  -9  -8  -6  -5  -7 -10 -10 -13 -13 -11 -10  -9 -11 -13 -10 -12 -15 -18 -19 -18 -12
DST1306*27  X220   0 -18 -16 -13 -13 -15 -14 -11 -10 -11 -13 -14 -15 -14 -13  -6   4   0  -2   0  -4  -5  -5  -5  -2  -9
DST1306*28  X220   0   5   3  -6  -4 -13 -17 -15 -14 -14 -14 -16 -19 -25 -32 -36 -36 -45 -48 -52 -59 -67 -77 -82 -91 -32
DST1306*29  X220   0 -95-100-100 -97 -98-100-102 -98-101 -92 -97 -78 -91 -83 -74 -75 -74 -75 -67 -67 -70 -62 -49 -45 -83
DST1306*30  X220   0 -47 -51 -45 -41 -43 -39 -36 -35 -34 -35 -34 -32 -34 -32 -31 -32 -33 -33 -35 -35 -39 -41 -42 -41 -38

