DST1303*01  X220   0 -24 -27 -22 -25 -22 -17 -15 -12 -14 -37 -55 -40 -30 -28 -38 -46 -48 -51 -41 -37 -40 -44 -51 -52 -34
DST1303*02  X220   0 -44 -37 -38 -37 -33 -28 -25 -25 -27 -20 -16 -16 -22 -27 -28 -24 -21 -25 -27 -23 -22 -22 -27 -30 -27
DST1303*03  X220   0 -27 -26 -30 -31 -28 -20 -19 -25 -26 -23 -17 -11 -10 -12 -15 -15 -16 -18 -18 -18 -21 -24 -25 -26 -21
DST1303*04  X220   0 -29 -34 -35 -32 -25 -20 -18 -16 -13 -11 -13 -14 -11  -9  -8  -8  -9 -10 -11 -11 -13 -17 -19 -19 -17
DST1303*05  X220   0 -19 -16 -16 -18 -15 -13  -9  -9  -6   0   2   0  -3  -5  -6  -6  -8  -8  -7  -5  -2  -1  -5 -12  -8
DST1303*06  X220   0 -17 -17 -19 -16 -11  -8  -4  -4  -2   0   4   7   6   4   2   0   0   2   8   8   6   2   2   5  -2
DST1303*07  X220   0  -2   1  -1   3   7   7   8   6   6   7   5   1   3   4   4   2   0  -2  -1  -1   0   1   2   4   3
DST1303*08  X220   0   4   3   2   2   2   5   8   8   7   7   6   4   2   2   0   1   3   3   4   2  -1  -1   3   5   3
DST1303*09  X220   0   2   0   2   2   2   3   0   0   0   2   0  -1   2   6   3   3   4   2   1   8  10   4   2   5   3
DST1303*10  X220   0   9  11  10  10  12  12  10   7   7   9  12  13  13  12  10   7   7   9  11  11  10   2  -5  -6   8
DST1303*11  X220   0  -2  -2  -1   2   5   8   5  -3  -3   1   3   6   8   9  10   6   4   2   0   2   4   7   9  10   4
DST1303*12  X220   0   9   5   3   7   8   9  10   7   8  15  20  22  22  20  15  10   5  -2   0   9   9   6   2   1   9
DST1303*13  X220   0   0  -3  -5  -2   1   1   1   0  -1   2   6   9   9  11  11  10   9   7   6   8   9   9   8   7   5
DST1303*14  X220   0   8   9  11  11   7   6   7   6   6   9  10  14  15  19  18  17  10   7   4   6   5   6   5   1   9
DST1303*15  X220   0   1   1   3   2   1  12   7  -6  -5   2   3   3   1   3   3   3   3   1   0   1  -1  -2  -2  -3   1
DST1303*16  X220   0  -4  -9 -11 -19 -19 -22 -24 -22 -23 -25 -23 -16  -9 -10 -10 -10 -11 -11  -9  -6  -6  -7 -10  -9 -14
DST1303*17  X220   0 -11 -13 -11  -8  -8  -7  15  -5 -23 -66 -89 -82 -86 -85 -89 -89 -84 -99 -98-115-132-131-116-105 -64
DST1303*18  X220   0 -96 -84 -77 -68 -64 -64 -60 -56 -55 -50 -43 -42 -43 -41 -45 -47 -50 -50 -48 -47 -48 -46 -47 -46 -55
DST1303*19  X220   0 -44 -45 -43 -37 -37 -37 -35 -37 -40 -41 -40 -37 -35 -33 -31 -32 -31 -29 -30 -29 -36 -36 -33 -32 -36
DST1303*20  X220   0 -31 -32 -30 -28 -31 -34 -31 -29 -29 -32 -31 -28 -21 -24 -30 -33 -38 -39 -34 -26 -23 -32 -35 -42 -31
DST1303*21  X220   0 -48 -52 -50 -52 -54 -52 -50 -53 -53 -49 -41 -36 -36 -35 -34 -33 -34 -36 -36 -33 -33 -28 -23 -23 -41
DST1303*22  X220   0 -22 -21 -20 -18 -17 -19 -26 -29 -28 -25 -18 -11 -15 -17 -12 -12 -14 -20 -27 -32 -27 -21 -20 -20 -20
DST1303*23  X220   0 -18 -11 -13 -14 -13 -10 -10 -15 -19 -20 -19 -10  -7  -8 -10 -15 -18 -19 -15 -16 -20 -13  -6   0 -13
DST1303*24  X220   0  -3  -8  -5  -5  -5  -5  -8 -10  -8  -6  -5  -4  -7  -9 -10 -14 -16 -16 -17 -20 -18 -17 -17 -15 -10
DST1303*25  X220   0 -13 -12 -11 -10 -10 -11 -12  -8  -8  -5  -9  -6  -4  -5  -4  -2   1   3   4  -2  -4  -4  -7  -6  -6
DST1303*26  X220   0  -4  -5  -3  -3  -4  -7  -6  -8  -8  -8  -5  -4  -4  -6  -5  -4  -4  -6  -7  -5  -3   0   2   4  -4
DST1303*27  X220   0   7  11   8   0  -7  -9 -12 -15 -12 -15 -23 -20  -9  -2  -6 -14 -31 -33 -25 -25 -29 -31 -31 -32 -15
DST1303*28  X220   0 -29 -23 -25 -25 -26 -25 -26 -26 -26 -23 -21 -22 -19 -17 -16 -16 -21 -27 -29 -30 -30 -25 -17 -12 -23
DST1303*29  X220   0 -16 -21 -18 -18 -26 -38 -47 -47 -42 -46 -45 -47 -43 -40 -51 -50 -59 -59 -53 -47 -49 -47 -45 -44 -42
DST1303*30  X220   0 -39 -41 -35 -45 -43 -40 -38 -37 -38 -42 -38 -33 -31 -30 -30 -29 -31 -33 -37 -35 -36 -34 -31 -28 -36
DST1303*31  X220   0 -24 -21 -17 -15 -14 -16 -17 -19 -21 -20 -19 -20 -20 -20 -16 -14 -17 -21 -26 -26 -26 -22 -20 -18 -20

