DST1312*01  X220   0  -8 -16 -20 -17 -22 -20 -16 -16 -18 -17 -13  -7  -5   4  -5  -6  -9  -7  -9 -10 -11 -12  -9 -11 -12
DST1312*02  X220   0  -9  -8  -5  -3  -4  -4  -4   0   1   0  -2  -3  -3  -4  -4  -2  -2  -3  -4  -7 -11 -12 -10  -9  -5
DST1312*03  X220   0  -6  -5  -2  -3  -4   0   3   1   0  -8 -14 -18 -18 -19 -14 -18 -21 -16 -18 -19 -20 -15 -15 -13 -11
DST1312*04  X220   0 -10  -8  -6  -3   2   6   5  -2  -4  -6  -7  -7  -4  -6  -7  -6  -5  -6 -10 -13 -16 -20 -20 -20  -7
DST1312*05  X220   0 -20 -19 -17 -15 -12 -13 -16 -19 -19 -16 -19 -15 -15  -8  -3  -3  -4  -4  -4  -7 -11 -13 -13 -12 -12
DST1312*06  X220   0 -10  -6  -3  -1   4   4   6   8   8   4   1   1   1   0  -2  -2  -1   1   3   3  -1  -2  -3   1   1
DST1312*07  X220   0   5   6  -1  -4  -5  -8  -7  -7  -7  -5  -5  -5  -6  -5  -3   1   2   3   4   4   2   4  16  17   0
DST1312*08  X220   0  13   8   8 -12 -49 -41 -38 -53 -66 -57 -50 -41 -37 -34 -31 -33 -30 -33 -34 -30 -34 -33 -33 -31 -32
DST1312*09  X220   0 -28 -26 -22 -21 -18 -14 -14 -17 -20 -23 -23 -24 -26 -27 -26 -24 -22 -17 -17 -18 -16 -16 -18 -17 -21
DST1312*10  X220   0 -16 -14 -12 -12 -12  -7 -12 -20 -24 -24 -23 -21 -18 -17 -16 -17 -17 -16 -12 -10 -10  -9  -8  -7 -15
DST1312*11  X220   0  -6  -7  -7  -7  -8  -8 -10 -10 -11 -11 -11 -10 -12 -12 -11 -10 -10  -9  -6  -5  -6  -7  -8  -9  -9
DST1312*12  X220   0  -9 -10 -10  -8  -8  -6  -7  -8 -10 -11 -10  -8  -7  -9 -10 -11 -12  -9  -6  -5  -3  -2   0   0  -7
DST1312*13  X220   0   0   2   2   0   1   3   3   2   3   4   8  10  11  20  30  26  26  22  25  24  23  24  21  20  13
DST1312*14  X220   0  22  14   5   2  -2  -2   3   2   2   1   2   4   1  -2  -7 -13 -27 -38 -37 -30 -25 -19 -17 -13  -7
DST1312*15  X220   0 -11 -10  -9  -6  -7  -9 -12 -16 -17 -17 -16 -16 -19 -15  -9  -6  -3 -11 -14 -14 -14 -15 -16 -14 -12
DST1312*16  X220   0  -9  -6   1  -4 -10 -18 -23 -22 -24 -21 -19 -16 -13 -13 -14 -19 -20 -17 -16 -16 -14 -10 -10 -11 -14
DST1312*17  X220   0 -10  -7  -5  -6  -7  -6  -8  -9 -10 -11 -11 -11 -12 -12  -9  -6  -6  -7  -8  -9  -8  -5  -3  -4  -8
DST1312*18  X220   0  -3   0   1  -4  -9 -10 -10 -11 -11  -9  -8  -7  -6  -4  -4  -7 -10 -10  -6  -5  -6  -8  -7  -4  -7
DST1312*19  X220   0  -2  -2  -5  -6  -6  -4  -6  -9 -11 -10  -7  -7  -6  -6  -6 -10 -14 -18 -20 -23 -20 -19 -15 -11 -10
DST1312*20  X220   0 -11 -11  -7  -6 -11  -8  -6  -7 -10 -13 -15 -13 -10  -6  -6  -5  -8 -11 -10 -10  -9 -10 -10 -13  -9
DST1312*21  X220   0 -13 -10  -8  -9  -9  -9 -10 -10  -8  -5  -5  -5  -5  -3  -1  -2  -4  -5  -3  -3  -2  -1   1   2  -5
DST1312*22  X220   0   2   2   1  -2  -1   7   7   4   3   3   6  10   9   8   7   7   8   8   9   6   5   5   6   6   5
DST1312*23  X220   0   5   5   5   4   3   3   5   5   6   6   6   7   7  10  11   9   3   2   3   3   3   3   5   6   5
DST1312*24  X220   0   6   6   5   6   5   7   8   9  11  13  13  13  13  13  11   7   2   1   5   5   3   3   6   7   7
DST1312*25  X220   0   7   9  11  14  15  18  13   5  -2 -10 -16 -21 -31 -35 -33 -35 -33 -30 -28 -19 -14 -14 -13 -12 -11
DST1312*26  X220   0 -11 -12 -10 -11 -13 -15 -13 -10  -6  -4  -8  -8  -7  -3   1   2   2   1   2   2   2   0   1   0  -5
DST1312*27  X220   0  -1   0   1   1   3   4   5   6   9   9   9  10   9   8   8   9   8   6   4   8  16  19  19  22   8
DST1312*28  X220   0  22  19  16  14  13  12  14  15  18  20  20  19  12   6   5   5   6   4   8  14  16  12   4   1  12
DST1312*29  X220   0  -4  -4  -7  -6  -6  -3   1   0   0   0  -2   1   4   7   6   2  -1  -3  -1   0   2   2   4   2   0
DST1312*30  X220   0   2   1   0   0  -2  -3  -5  -6  -6  -7 -11 -10  -5  -4  -1  -3  -8  -7  -5  -2  -2  -1  -2  -3  -4
DST1312*31  X220   0  -8  -9  -6  -3  -7  -5  -3  -1   1  -5  -4   1   4   4   5   5   4   5   5   5   6   8   8   8   1

