DST1310*01  X220   0  10  12  13  13  16  16  16  18  16  16  17  14  13  10   9   3   8  15  15   9   5  -2  -7  -8  10
DST1310*02  X220   0  -5  -3  26 -10 -19 -39 -68 -72 -68 -62 -64 -60 -64 -61 -58 -55 -49 -43 -42 -47 -50 -54 -53 -46 -44
DST1310*03  X220   0 -46 -53 -53 -50 -49 -48 -46 -45 -42 -39 -36 -34 -34 -32 -31 -26 -20 -17 -15 -15 -25 -25 -27 -27 -35
DST1310*04  X220   0 -26 -25 -21 -19 -21 -20 -20 -20 -20 -16 -18 -20 -21 -21 -21 -20 -18 -18 -17 -16 -16 -15 -14 -15 -19
DST1310*05  X220   0 -17 -17 -15 -14 -14 -14 -14 -13 -15 -15 -14 -14 -13 -12 -12 -12 -12 -12 -13 -12 -11  -8  -7  -7 -13
DST1310*06  X220   0  -9  -9  -8  -7  -6  -5  -3  -3  -4  -4  -3  -2  -3  -4  -5  -6  -4  -2  -3  -5  -7  -9 -10  -8  -5
DST1310*07  X220   0  -6  -3   0  -5  -9 -11 -13 -14 -15 -17 -14 -11 -10 -10 -12 -11 -11 -12 -14 -15 -12 -10 -10 -12 -11
DST1310*08  X220   0 -12 -11 -11 -12  -9  -6  -3  -4  -6  -7  -7  -8 -10  -9  -2   4   7  10  11   5  17  10 -33 -19  -4
DST1310*09  X220   0 -66 -69 -61 -63 -56 -53 -53 -48 -45 -34 -33 -43 -44 -40 -30 -19 -20 -27 -30 -28 -23  -8 -11 -13 -38
DST1310*10  X220   0 -26 -37 -33 -32 -39 -41 -38 -32 -29 -27 -27 -29 -30 -28 -27 -26 -23 -23 -23 -23 -22 -23 -19 -19 -28
DST1310*11  X220   0 -23 -26 -25 -24 -26 -24 -22 -25 -25 -24 -24 -21 -19 -14 -12 -12 -10  -9  -6  -9 -11 -10 -11 -12 -18
DST1310*12  X220   0 -13 -14 -15 -15 -15 -15 -12 -10 -10 -10  -9  -9  -6  -4  -1   2   4   1  -2  -1  -2  -1  -4 -10  -7
DST1310*13  X220   0 -11 -11 -10  -8  -7  -6  -3   0   2   3   1  -1  -4  -4  -5  -3  -1   2   2   2   2   1  -3  -8  -3
DST1310*14  X220   0 -10  -9 -12 -15 -15 -10  -9  -7  -3   3  -7 -19 -17  -9 -11 -20 -25 -27 -27 -40 -43 -40 -38 -42 -19
DST1310*15  X220   0 -42 -46 -43 -49 -44 -44 -40 -37 -31 -27 -27 -27 -30 -25 -25 -25 -24 -19 -17 -17 -15 -16 -13 -18 -29
DST1310*16  X220   0 -22 -24 -25 -30 -31 -26 -24 -25 -26 -25 -24 -22 -19 -16 -15 -17 -21 -20 -21 -15 -10 -10  -9 -12 -20
DST1310*17  X220   0 -14 -15 -18 -16 -15 -19 -21 -20 -21 -23 -22 -22 -22 -17 -17 -19 -22 -23 -21 -20 -17 -13 -15 -16 -19
DST1310*18  X220   0 -13 -13 -14 -17 -17 -16 -15 -17 -18 -16 -15 -15 -14 -11  -9  -8  -7  -9 -11  -8  -4  -5  -6  -6 -12
DST1310*19  X220   0  -6  -7  -7  -7  -6  -4  -4  -4  -5  -6  -5  -4  -4  -4  -5  -5  -7  -7  -6  -7  -8  -8  -7  -5  -6
DST1310*20  X220   0  -2  -2  -3  -5  -6  -6  -5  -4  -4  -1  -1  -2  -2  -1  -2  -2  -3  -4  -4  -5  -5  -4  -2   0  -3
DST1310*21  X220   0   1  -1  -2  -3  -4  -3  -2  -2  -1  -1   1   2   4   6   8   7   6   6   7  10   9   7   6   6   3
DST1310*22  X220   0   7   9   9  14  15  15  13  12  11  11  13  12  12  10   7   3   5   7   6   6   8   5   2   1   9
DST1310*23  X220   0   0  -1  -2  -3  -3  -6 -10 -13  -8  -8 -10  -6  -2   0   3   2   2   2   1   2   3   3   0  -3  -2
DST1310*24  X220   0  -5  -5  -4   0   1   5   5   5   5   5   5   5   7   7   8   8   8   8   7   8   7   5   2  -2   4
DST1310*25  X220   0  -3  -4  -4  -5  -3   2   5   5   4   1   0   2   1   0  -1  -2   1   3   3   6   6   8   3   3   1
DST1310*26  X220   0   2   1  -1  -1   0   3   5   7   4   4   4   3   1   1   0   0   1   4   3   1   1   2   2   4   2
DST1310*27  X220   0   5   7   6   5   3   5   6   4   7  10  12  12  11   9   8   8  10  11   8   6   7  10   8   6   8
DST1310*28  X220   0   7   4   3   6   7   7   5  10   9   9   9   9   9   7   5   7   8   8   7   5   7   8   8   8   7
DST1310*29  X220   0   7   8   8   7   8   9  11  11   9   5   8   6   0   5   9   7   7   7   5   2  -4  -3   2   4   6
DST1310*30  X220   0   5   3  -2  -2   2   5   0  -8 -18 -25 -29 -35 -34 -30 -26 -26 -25 -24 -26 -35 -41 -47 -55 -56 -22
DST1310*31  X220   0 -46 -39 -38 -39 -36 -33 -31 -29 -29 -24 -18 -12 -15 -13 -11  -9 -10 -11 -19 -21 -23 -22 -25 -24 -24

