DST1304*01  X220   0 -17 -17 -20 -20 -20 -20 -19 -22 -28 -31 -28 -23 -21 -22 -23 -24 -24 -26 -27 -25 -22 -22 -21 -18 -23
DST1304*02  X220   0 -17 -17 -15 -14 -14 -13 -16 -17 -18 -17 -16 -14 -12 -11 -11 -10 -11 -14 -14 -14 -11 -12 -14 -13 -14
DST1304*03  X220   0 -12 -11 -12 -13 -12 -11 -10 -11 -13 -15 -15 -13 -11 -11 -11 -10 -10 -11 -11 -12 -12 -15 -15 -17 -12
DST1304*04  X220   0 -16 -14 -11 -10  -8  -7  -6  -6  -8 -11 -13 -14 -15 -17 -19 -18 -19 -20 -19 -19 -19 -17 -17 -17 -14
DST1304*05  X220   0 -14 -13 -11 -11 -12 -12 -11 -10 -10 -10 -10  -7  -6  -6  -6  -5  -3  -4  -2  -5  -5  -5  -5  -4  -8
DST1304*06  X220   0  -3  -1   0   1   2   2  -3 -10  -9  -5  -3  -6  -9 -10  -8  -6  -9 -14 -17 -16 -12 -12 -11  -9  -7
DST1304*07  X220   0  -9  -9  -9 -11 -13 -13 -10  -6  -1  -1  -1  -3  -8 -12 -12  -8  -9 -12 -12  -9  -6  -7  -9  -8  -8
DST1304*08  X220   0  -8  -7  -8  -8  -7  -6  -7  -5  -4  -2  -3  -5  -7  -7  -6  -5  -6  -5  -5  -9 -10  -6  -6  -7  -6
DST1304*09  X220   0  -4  -4  -8  -6  -4  -2  -2  -3  -3   0  -2  -3  -5  -4  -1   0  -2  -2  -3  -5  -6  -7  -6  -4  -4
DST1304*10  X220   0  -3  -2   0   7   8  10  15  12   8   5   4   0  -1   2   5  10   9   7   8   7   5  -2  -3   1   5
DST1304*11  X220   0   5   7   9  11   9  10  10  11   7   5   4   0   1   5  10  11   8   5   1  -1  -1  -3  -5 -10   5
DST1304*12  X220   0  -8  -6  -3  -2  -1  -1  -1  -2  -3  -2   0   3   2   1   1   3   2   3   3   4   2   0  -2  -3   0
DST1304*13  X220   0  -4  -4  -6  -4  -2   1   0  -1  -2  -5  -5  -4  -3  -2   0   1   0  -3  -5  -4  -1   0   1  19  -1
DST1304*14  X220   0  16  19  20  20  18  16  12  -1   0   8  16  17  15  14  18  16  17  10  11  17  18  14   6   0  13
DST1304*15  X220   0  -4  -3  -4   2   3   1   3   3  -2  -3  -6  -6  -3  -2   0   0  -2  -2  -3   3   4   5   2  -5  -1
DST1304*16  X220   0  -6  -2   1   3   4   3   3   4   4   2   1   2   3   3   3   4   2  -1  -6 -11 -14 -15 -17 -16  -2
DST1304*17  X220   0 -14 -13 -15 -14 -11  -8 -11 -12 -10  -9  -8  -7  -6  -8  -9  -8  -6  -5  -5  -4  -2  -1  -2  -3  -8
DST1304*18  X220   0  -6  -8  -5  -3  -2  -1   2   4   4   6   7   6   6   7   5   2   0   0   0   1  -2  -4  -4  -3   1
DST1304*19  X220   0  -2  -2  -2  -1   0   0   0   1   0  -2  -1   0   0   2   3   5   6   5   3   3   5   3   1   3   1
DST1304*20  X220   0   5   8  10  10  10   9   9  11  10   5   5   5   4   4   7   8   5   0  -3  -3   1   6   8   7   6
DST1304*21  X220   0   7   9  12  12   9   8   8   7   6   5   5   3   2   3   5   6   6  11  16  17  19  18  16  15   9
DST1304*22  X220   0  12  10  12   8   8   8   9   9   7   9   7   4   4   3   5   7   9  12  10   6   5   6   4   8   8
DST1304*23  X220   0  11  10  11  11  14  22  19  12  11  12  13  15  20  22  23  24  21  22  26  28  22  16   9   4  17
DST1304*24  X220   0  -6 -11 -16 -22 -30 -31 -20 -16  -9  -6   0 -10 -12 -19 -21 -33 -39 -42 -48 -47 -47 -46 -43 -40 -26
DST1304*25  X220   0 -36 -34 -28 -25 -25 -26 -23 -20 -20 -19 -16 -15 -15 -12 -12 -16 -18 -22 -21 -20 -22 -24 -21 -19 -21
DST1304*26  X220   0 -18 -14 -14 -18 -30 -22 -24 -20 -20 -34 -33 -24 -18 -19 -17 -20 -21 -20 -18 -19 -22 -27 -24 -21 -22
DST1304*27  X220   0 -25 -24 -21 -20 -17 -16 -15 -14 -16 -14 -16 -15 -16 -15 -14 -12 -13 -12 -10 -10 -11 -15 -17 -14 -16
DST1304*28  X220   0 -12 -11  -9  -8  -9  -8  -5   0   0  -2  -4  -9 -10  -8  -5  -7  -6  -3  -4  -5  -7  -7 -11 -13  -7
DST1304*29  X220   0 -10  -9  -6  -6  -7  -8  -7  -7  -8 -10  -7  -4  -5  -5  -5  -3   2   5   3   3   2   0  -2  -4  -4
DST1304*30  X220   0  -5  -7  -5  -6  -8  -8  -8  -8 -12 -10  -2   1   2   4   3   0   1   1   2   1   1  -2  -3  -7  -3

