DST1405*01  X220   0 -27 -24 -20 -20 -23 -24 -21 -20 -17 -15 -13 -11 -10 -11 -13 -10  -9 -11 -11 -14 -14 -14 -13 -11 -16
DST1405*02  X220   0 -13 -11 -10 -12 -13 -12  -9  -8  -8  -6  -4  -1  -1  -4  -6  -7  -6  -4  -1   0  -1  -2  -2  -2  -6
DST1405*03  X220   0  -3  -2   2   3   6   7   9   6   5   6   9  12  11   9   7   7   9  11  13   2  -2 -14 -24 -27   3
DST1405*04  X220   0 -31 -33 -30 -28 -35 -40 -43 -42 -47 -45 -33 -29 -24 -33 -32 -29 -29 -31 -28 -21 -17 -19 -18 -14 -30
DST1405*05  X220   0 -13 -11 -10  -7 -16 -27 -23 -19 -21 -17 -11 -10 -13 -13 -14 -20 -28 -31 -25 -21 -17 -16 -13 -14 -17
DST1405*06  X220   0 -13 -12 -11 -11 -11 -13 -11 -10  -9  -7  -7  -8  -6  -4  -6  -8  -7  -5  -5  -5  -4  -4  -4  -2  -8
DST1405*07  X220   0  -1  -1  -1   0  -1  -2  -2  -3  -3  -4  -4  -2  -3  -6  -7  -7  -5  -4  -3  -4  -5  -6  -2   0  -3
DST1405*08  X220   0  -1  -4  -6 -11 -18 -22 -29 -39 -46 -38 -26 -15 -18 -23 -27 -29 -36 -35 -33 -24 -30 -38 -41 -34 -26
DST1405*09  X220   0 -34 -38 -35 -34 -36 -35 -30 -31 -26 -21 -18 -17 -15 -14 -11 -10 -12 -13 -12  -9  -9 -10  -8  -6 -20
DST1405*10  X220   0  -5  -5  -5  -7 -10 -16 -12 -13 -20 -19 -14 -10 -11 -12 -14 -13 -13 -13 -15 -22 -29 -32 -24 -20 -15
DST1405*11  X220   0 -25 -32 -25 -25 -25 -24 -15 -12 -14 -16 -21 -18 -15 -15 -17 -19 -19 -20 -21 -24 -25 -27 -22 -15 -20
DST1405*12  X220   0 -13 -16 -14 -16 -18 -17 -16 -16 -19 -18 -17 -18 -18 -16 -15 -14 -14 -11  -9 -12 -13 -12 -10  -7 -15
DST1405*13  X220   0  -5  -2  -3  -5  -5  -1   0  -2  -2  -3  -1  -2  -2   2   3   5   4   3   6   8   6   4   4   5   1
DST1405*14  X220   0   6   6   5   4   3   4   6   7   6   6   6   5   3  -1  -3  -3  -4  -1   2   4   3   1   3   6   3
DST1405*15  X220   0   5   2   2   3   5   6   5   5   4   3   4   6   7   5   8  10  12  10   9   9   9  10  11   9   7
DST1405*16  X220   0   5   3   2  -3  -7  -4   2   5   6   8  12  11  10   9  10   9   6   5   2  -1  -2  -3  -2  -1   3
DST1405*17  X220   0   1   2   2  -2  -4  -2   0  -1  -2  -3  -3  -5  -7  -7  -7  -3   0   2   3   8  10   9   7   3   0
DST1405*18  X220   0   1  -3   1   2  -4  -1   4   4   5   6   8   7   6   6   4   2   1   0   1   3   5   5   3   1   3
DST1405*19  X220   0   1   1   1  -1  -1   2   7   8   8   9   9   7   3   0  -2  -1   1   2   3   6   6   5   3   4   3
DST1405*20  X220   0   4   1   0   0  -1   1   2  -1  -4  -3  -1   2  -1  -3  -1   0   0   1   5   5   6   6   6   6   1
DST1405*21  X220   0   5   3   3   2   3   4   4   6   7   8   9   7   7   7   8  11  12  14  15  15  15  18  18  16   9
DST1405*22  X220   0  14  13  14  14  15  10   7   6   6   8  11  11  10   7   8   1  -1  -4 -10 -14 -15  -9  -5  -2   4
DST1405*23  X220   0 -11 -14 -21 -25 -19 -15 -11  -8  -2  -1   1   2   0  -4  -4  -4  -7 -14 -16 -24 -28 -36 -19 -23 -13
DST1405*24  X220   0 -21 -21 -24 -23 -23 -20 -20 -16 -15 -12  -9  -8  -9 -10 -14 -17 -19 -20 -19 -19 -19 -19 -15 -14 -17
DST1405*25  X220   0 -11 -11 -14 -14 -14 -12 -10  -9  -7  -4  -3  -5  -8 -11 -12 -13 -11  -8  -6  -5  -5  -6  -5  -5  -9
DST1405*26  X220   0  -6  -6  -6  -6  -7  -8  -6  -6  -7  -5  -6  -4  -4  -4  -4  -5  -6  -5  -4  -6  -8 -10  -9  -6  -6
DST1405*27  X220   0  -5  -7  -5  -4  -3  -1   2   2   1   2   3   5   4   5   8  10  12  11  10   8   8   6   9  15   4
DST1405*28  X220   0  18  11   4   1  -2   0   3   4   3   3   4   3   2   1   2   0  -2  -5  -4  -2  -2   2   5   3   2
DST1405*29  X220   0   7   6   5   2   0   1   4   5   2  -1  -6 -14 -15 -15 -14 -13 -11 -10  -8 -10  -9  -6  -6  -7  -5
DST1405*30  X220   0  -9  -9  -7  -4   0   1   0  -2  -1   4  11  16  10  10   5  -1  -6  -9 -16 -28 -22 -14  -9  -9  -4
DST1405*31  X220   0  -7  -7  -4   1   6  11   8   5   3   3   5   8  13  14  15  14  12  10   8  10  11  10  11  15   7

