DST1403*01  X220   0 -33 -33 -32 -32 -34 -39 -46 -51 -52 -50 -48 -46 -43 -41 -37 -35 -35 -32 -31 -30 -27 -23 -24 -24 -37
DST1403*02  X220   0 -28 -29 -30 -28 -26 -26 -26 -24 -24 -25 -26 -27 -26 -25 -25 -24 -24 -22 -19 -14 -10  -4  -1  -2 -21
DST1403*03  X220   0  -5 -12 -18 -23 -25 -26 -24 -25 -25 -24 -22 -22 -25 -23 -19 -15 -12 -12 -12  -9  -6  -4  -5  -6 -17
DST1403*04  X220   0  -9 -14 -15 -13  -9  -4  -3  -2  -4  -9 -16 -19 -17 -17 -15 -16 -14 -11  -9  -6  -6  -5  -4  -8 -10
DST1403*05  X220   0  -9 -11 -10  -9  -7  -5  -6  -7  -8 -10 -12 -12 -11  -8  -9  -9  -6  -4  -7  -7 -12  -6  -6  -6  -8
DST1403*06  X220   0  -6  -9  -9  -6  -5  -4  -5  -6  -5  -8 -12 -10  -8  -8 -11 -14 -17 -15 -14 -11  -8  -6  -4  -5  -9
DST1403*07  X220   0  -7  -9  -9  -7  -7  -6  -6  -6  -4  -6  -6  -5  -4  -5  -5  -6  -7  -8  -8  -8  -7  -7  -8  -9  -7
DST1403*08  X220   0 -11 -12 -10  -9  -7  -6  -6  -5  -6  -6  -6  -6  -7  -7  -7  -8  -7  -7  -9  -8  -6  -2  -2  -6  -7
DST1403*09  X220   0  -5  -5  -5  -3  -3  -3  -6  -6  -3  -3  -2  -2  -4  -5  -5  -3   0   1   0   2   4   4   6   5  -2
DST1403*10  X220   0   4   3   3   3   7   9  10  11   9   4  -4  -2  -1  -2  -3  -1  -2  -5  -9 -10  -7  -5  -3  -2   0
DST1403*11  X220   0  -1  -2  -5  -5  -3  -1   0   1  -1   0   0   0   2   1  -1  -2  -2  -3  -6  -8 -10  -9  -7  -5  -3
DST1403*12  X220   0  -6  -7  -9 -11 -10  -8  -8  -9  -8  -5  -2  -1  -4  -6  -5  -5  -6  -3  -4  -3  -1  -1  -6 -12  -6
DST1403*13  X220   0 -12 -20 -33 -41 -43 -36 -35 -33 -24 -24 -22 -22 -20 -24 -22 -19 -15 -14 -13  -9 -13 -12  -7  -5 -22
DST1403*14  X220   0  -7 -12 -19 -21 -19 -17 -15 -12 -12 -11 -13 -15 -16 -16 -15 -14 -13 -12 -13 -12 -11  -7  -4  -7 -13
DST1403*15  X220   0 -10 -12 -14 -17 -15 -14 -11 -10  -7  -6  -6  -3   0   1   1   1   1   1  -2  -5  -8  -7  -3  -2  -6
DST1403*16  X220   0  -4  -6  -8 -10 -12 -12 -10  -8  -7  -5  -2  -3  -5  -5  -4  -3  -3  -3  -2  -4  -4  -4  -4  -3  -5
DST1403*17  X220   0   0   2   4   3   2   3   4   5   5   5   4   0   3   5   7   5   5   4   6   7   4   0  -4  -4   3
DST1403*18  X220   0  -5  -5  -3  -3  -4  -7  -5  -3  -2  -8 -10 -11 -12 -14 -15 -12 -10  -6  -4  -4  -2   1   3   1  -6
DST1403*19  X220   0  -2  -3  -4  -3  -4  -4  -6  -4  -6  -4   0   2   1  -1  -2  -3  -2  -1  -2  -1  -3   0   2   0  -2
DST1403*20  X220   0  -3  -3  -3  -3  -2  -1   4   9   7   2   2   5  14  19  19  18  18  15  14  10   9  15  16  10   8
DST1403*21  X220   0   3  -1  -6 -13 -15 -15 -16 -17 -21 -21 -22 -17  -7  -7 -13  -8  -9  -9  -7  -6  -9  -9 -10  -6 -11
DST1403*22  X220   0  -2   2  -4  -1   0   3   4   7   6   5   4   3   3   3   2   3   1   1   3   3   0   0   1   0   2
DST1403*23  X220   0  -3  -4  -4  -3  -4  -5  -1   0  -2  -4  -6  -7  -5  -3  -2  -4  -6  -6  -6 -12 -10  -9 -11 -11  -5
DST1403*24  X220   0 -10  -9  -7  -5  -2   0   3   4   3   3   0  -2   2   5   4   4   2  -2  -4  -3  -1  -2  -3  -6  -1
DST1403*25  X220   0  -8  -8  -4   1   4   5   7   8   9  13   8   8  11   8  11  11   7   2   0   1  14  16  11  -2   6
DST1403*26  X220   0  -8 -14 -17 -13 -11 -12 -12 -19 -23 -13 -11 -15 -14  -9  -6  -5  -4  -5 -10 -13 -10  -7  -5  -3 -11
DST1403*27  X220   0  -2  -1   0   0   1  -1  -4  -3  -2  -4 -10 -14 -15 -14 -17 -19 -19 -22 -24 -24 -19 -15 -13 -11 -11
DST1403*28  X220   0 -10  -9  -8  -6  -6  -6  -8  -7  -4  -9 -15 -12 -13 -12  -9  -8  -8  -8  -8  -8 -12 -11 -11 -17  -9
DST1403*29  X220   0 -19 -18 -19 -22 -23 -17 -14 -16 -12 -10  -8  -8  -9  -7  -6  -5  -4  -3  -3  -4  -5  -7  -4  -3 -10
DST1403*30  X220   0  -3   0   3   4   0  -4  -5  -1   2   2  -2  -2  -2   3   6   7   6   6   4   1  -1  -4  -4  -3   1
DST1403*31  X220   0  -5  -4  -3  -3  -3   0   2   1   0  -2  -1  -4  -2   3   6   7   1  -8 -13  -9  -8  -8 -10 -13  -3

