DST1404*01  X220   0 -15 -15 -12  -9  -7  -4  -4  -6  -6  -6  -5  -2   3   7  10   5  -1  -4  -7  -5  -4  -2  -6  -6  -4
DST1404*02  X220   0  -6  -4  -1   1   2   2   1   0  -2  -5  -5  -2   2   3   4   4   1  -2  -1  -1  -3  -5  -5  -6  -1
DST1404*03  X220   0  -8  -7  -4  -1   2   2   1   2   0  -4  -3  -2   3   6   6   6   1  -1   0   3   2  -3  -4  -4   0
DST1404*04  X220   0  -4  -2   1   4   4   5   3   0  -3  -2  -1   1   0   5   6   5   4   2   1   1   2   0  -1  -1   1
DST1404*05  X220   0  -2  -3   0   4   5   4   1   4   4  -5  -9  -5 -15  -8  -3   0   2   8  10   8  10   5   6  -5   1
DST1404*06  X220   0  -9  -7  -5  -2  -2  -1   1   1   0  -3  -5  -3  -2  -4  -6  -6  -7  -6  -5  -4  -3  -2  -1  -2  -3
DST1404*07  X220   0 -10 -12 -12 -12 -15 -15 -14 -12  -8  -6  -4  -2   3   9   4 -10  -7  -9  -8 -13 -18 -21 -21 -23 -10
DST1404*08  X220   0 -19 -16 -15 -12 -14 -13  -9  -8  -8  -6  -8  -8  -9 -16 -14 -11 -12 -15 -15 -16 -18 -16 -13 -10 -13
DST1404*09  X220   0  -9  -7  -6  -6  -6  -5  -6 -10 -12 -13 -13 -12 -10 -10 -10 -10 -11 -12 -13 -17 -18 -16 -15 -13 -11
DST1404*10  X220   0 -11  -9  -8  -7  -7  -7  -8 -12 -15 -12 -10 -10  -9  -5  -4  -5  -5  -5  -6  -9  -5  -2  -2  -1  -7
DST1404*11  X220   0  -1   1   4   6   9  15  16  10   2   4   6   5   3   1  -3  -3  -6 -10 -17 -24 -31 -34 -41 -51  -6
DST1404*12  X220   0 -61 -53 -56 -57 -67 -76 -83 -82 -86 -87 -85 -82 -76 -62 -60 -59 -57 -57 -52 -51 -57 -56 -52 -49 -65
DST1404*13  X220   0 -45 -46 -49 -54 -58 -63 -59 -52 -52 -50 -41 -32 -32 -32 -35 -34 -30 -29 -33 -35 -36 -42 -46 -40 -43
DST1404*14  X220   0 -34 -30 -30 -27 -26 -23 -25 -24 -24 -22 -22 -21 -20 -20 -18 -18 -18 -19 -20 -25 -29 -30 -28 -29 -24
DST1404*15  X220   0 -24 -18 -17 -17 -19 -16 -18 -16 -16 -16 -15 -14 -13 -15 -13 -13 -13 -13 -15 -19 -21 -21 -20 -16 -17
DST1404*16  X220   0 -11  -7  -5  -4  -3  -5  -6  -6  -5  -5  -8  -9  -5   1   3   4   3   3   5   3   0  -2  -2  -3  -3
DST1404*17  X220   0  -4  -2 -10 -12  -9  -3  -4  -5  -6  -6  -4   1   4   4  -8 -17 -18 -16 -15 -13 -14 -12 -11 -11  -8
DST1404*18  X220   0 -12 -10  -7  -5 -11 -11  -9  -9 -12 -13 -13  -7  -2   2   0   3   7  10  11   8   5   2   4   0  -3
DST1404*19  X220   0  -1  -3  -7   3   7 -11 -19 -13  -6 -13 -17 -12  -8  -1  -1  -1  -2  -1   3   2  -1  -4 -10 -14  -5
DST1404*20  X220   0 -11   0   5   4   4  -6  -7  -4  -5  -5  -2  22  19  10  13   0  -3  -2  -6  -3   6  -1  -9 -14   0
DST1404*21  X220   0 -14 -13 -21 -23 -22 -19 -19 -16  -3 -13 -20 -16 -17 -25 -32 -29 -17 -18 -19 -12  -8 -13 -13 -13 -17
DST1404*22  X220   0 -17 -18 -19 -20 -15 -12 -10  -5  -1   0  -4 -10 -12 -12 -13 -14 -15 -14 -16 -15 -13 -12 -11 -10 -12
DST1404*23  X220   0 -11 -10  -5  -6  -5  -4  -2  -2  -3  -3  -5  -8  -9 -10  -9  -9  -7 -10 -13 -18 -15 -10  -6  -7  -8
DST1404*24  X220   0 -10  -7   0   4   0  -3  -4  -6 -16 -19 -15 -18 -17 -17 -20 -20 -21 -20 -18 -17 -15 -12 -16 -21 -13
DST1404*25  X220   0 -20 -16 -13 -12 -14 -11 -10  -9 -10 -11  -9 -11 -15 -16 -14 -15 -15 -17 -13 -19 -21 -21 -21 -22 -15
DST1404*26  X220   0 -20 -18 -16 -16 -18 -18 -15 -12 -10  -9 -14 -18 -19 -20 -21 -20 -20 -23 -25 -25 -24 -21 -17 -13 -18
DST1404*27  X220   0 -10  -7  -8  -9  -9  -9  -6  -4  -4  -3  -3  -4  -3  -3  -3  -4  -5  -4  -3  -5  -3  -2  -1   4  -5
DST1404*28  X220   0   6   8   5  -2  -8 -11 -11 -14 -18 -16 -11 -11 -12 -15 -13 -11 -11 -10  -9  -8  -8  -8 -10  -7  -9
DST1404*29  X220   0  -3  -3  -5  -4  -5  -5  -4   0  -1  -1   1   2   4   7   7   7   9  10  14  15  19  10   3  -2   3
DST1404*30  X220   0 -11 -19 -24 -30 -39 -48 -58 -62 -63 -67 -65 -59 -56 -52 -53 -56 -55 -52 -49 -39 -39 -39 -34 -27 -46

