DST1411*01  X220   0 -16 -15 -15 -15 -14 -14 -14  -4  -3   1   1  -1  -3  -5  -4  -3  -6  -8  -7  -4  -2  -2  -4  -6  -7
DST1411*02  X220   0  -8  -7  -7  -9 -13 -11 -13 -12  -7  -3   5   3  -3  -7  -4   3  -2  -1  -1   3   9   9   8   3  -3
DST1411*03  X220   0   2   2  -6  -6  -6  -6  -7  -7  -6   1   1  -4  -3   0   1   2   2   1  -1  -3  -3   0  11  23  -1
DST1411*04  X220   0  25  25  22  21  19  22  19  11  -2 -23 -44 -40 -29 -36 -44 -40 -31 -23 -20 -23 -28 -19 -18 -22 -12
DST1411*05  X220   0 -24 -21 -21 -20 -31 -28 -26 -27 -34 -43 -39 -40 -38 -25 -19 -19 -23 -23 -22 -20 -21 -25 -29 -26 -27
DST1411*06  X220   0 -26 -25 -23 -22 -22 -27 -27 -26 -21 -15 -15 -16 -17 -15 -11  -8 -10 -11 -10  -7  -9  -8 -12 -18 -17
DST1411*07  X220   0 -22 -22 -20 -20 -27 -27 -26 -20 -17 -17 -15 -13 -10 -14  -8  -4  -4  -6  -5  -1   1  -8 -14 -22 -14
DST1411*08  X220   0 -21 -23 -24 -24 -24 -25 -23 -20 -19 -17 -14 -16 -14  -9 -14 -12 -13 -11 -11  -9  -7  -6  -9 -14 -16
DST1411*09  X220   0 -12 -14 -17 -14 -13  -9 -11 -10  -9  -3   2   1  -2   0   1   1  -3  -5 -14 -19 -15  -7  -5  -8  -8
DST1411*10  X220   0 -16 -29 -16  -4  -7 -11 -12  -7 -20 -14 -13 -32 -38 -34 -41 -38 -46 -65 -53 -49 -52 -49 -45 -42 -31
DST1411*11  X220   0 -40 -36 -41 -40 -41 -41 -38 -34 -26 -25 -23 -22 -18 -11  -5  -5  -9 -10  -8  -7  -8 -14 -23 -36 -23
DST1411*12  X220   0 -40 -35 -35 -37 -37 -34 -30 -30 -33 -28 -27 -26 -24 -19 -17 -15 -15 -15 -15 -16 -13 -15 -16 -16 -25
DST1411*13  X220   0 -20 -23 -23 -25 -26 -23 -19 -17 -14 -11 -14 -13 -11 -11  -9  -7  -7  -7  -9  -8  -7  -5  -8 -13 -14
DST1411*14  X220   0 -10 -22 -24 -22 -23 -21 -12 -27 -26 -22 -20 -19 -14 -11  -4  -5  -6  -7  -8 -14 -20 -23 -22 -19 -17
DST1411*15  X220   0 -20 -21 -21 -23 -28 -33 -33 -35 -34 -35 -38 -36 -28 -31 -29 -26 -24 -19 -14 -15 -20 -19 -16 -26 -26
DST1411*16  X220   0 -22 -29 -42 -48 -48 -47 -56 -59 -50 -42 -37 -39 -35 -32 -38 -39 -39 -39 -41 -37 -33 -35 -31 -31 -40
DST1411*17  X220   0 -33 -32 -32 -36 -41 -40 -37 -30 -27 -25 -23 -21 -26 -28 -20 -18 -22 -24 -20 -17 -21 -18 -18 -21 -26
DST1411*18  X220   0 -25 -25 -28 -31 -30 -30 -34 -29 -26 -21 -23 -31 -32 -26 -24 -24 -28 -27 -27 -28 -27 -22 -20 -23 -27
DST1411*19  X220   0 -29 -31 -29 -29 -31 -34 -36 -34 -27 -22 -19 -18 -17 -12  -8  -8 -12 -13 -10 -11 -18 -17 -14 -11 -20
DST1411*20  X220   0 -15 -20 -19 -20 -25 -33 -38 -38 -34 -30 -23 -27 -25 -21 -17 -20 -28 -35 -36 -33 -26 -24 -23 -25 -26
DST1411*21  X220   0 -31 -33 -27 -26 -35 -43 -38 -34 -32 -33 -32 -26 -23 -19 -19 -26 -32 -34 -31 -29 -32 -33 -30 -31 -30
DST1411*22  X220   0 -33 -34 -34 -32 -34 -38 -35 -31 -32 -31 -32 -32 -27 -22 -18 -20 -20 -21 -21 -25 -21 -21 -21 -18 -27
DST1411*23  X220   0 -18 -20 -19 -20 -23 -29 -31 -27 -25 -26 -28 -32 -24 -25 -23 -27 -31 -32 -29 -27 -30 -31 -30 -29 -27
DST1411*24  X220   0 -30 -27 -28 -29 -31 -30 -31 -31 -27 -23 -23 -20 -19 -19 -19 -24 -29 -26 -26 -29 -31 -32 -31 -29 -27
DST1411*25  X220   0 -27 -25 -25 -24 -25 -24 -25 -22 -18 -16 -18 -20 -19 -11  -7  -9 -12 -17 -21 -19 -22 -25 -29 -19 -20
DST1411*26  X220   0 -21 -17 -16 -18 -20 -22 -22 -23 -25 -26 -22 -18 -16 -17 -16 -16 -18 -18 -16 -15 -15 -17 -20 -22 -19
DST1411*27  X220   0 -24 -21 -15 -13 -20  -7  -9  -8  -8  -4  -1   1   1   0   1  -2  -8  -3   3   2  -7 -15 -14 -17  -8
DST1411*28  X220   0 -17 -12  -6  -5  -3   1   0  -3  -2   0   1   0   1  -3 -13  -8 -10  -7  -7  -6  -5  -2  -3  -3  -5
DST1411*29  X220   0  -2   0  -1   2   5   3   3   4   8   9   8   6   3   2   3   6   7   3   1  -1   0  -3  -5   3   3
DST1411*30  X220   0  -3  -1   3   5   2   2   4   5   4   5   0   2   9  15  15  11   2  -5  -1  -1  -8 -12 -19 -18   1

