DST1506*01  X220   0   3  -1   1   0  -4  -7 -10 -10  -8  -5  -8  -7  -4  -2  -1  -1   1   4   0  -7  -7  -6  -3   4  -3
DST1506*02  X220   0   7   8   7   5   3   3   2   2   3   4   4   3   4   3   3   5   5   5   6   6  10  11  11  10   5
DST1506*03  X220   0   8   6   6   4   5   7   6   6   5   5   4   5   8   8   8   7   8   9   6   5   6   6   7   8   6
DST1506*04  X220   0   8   8   8   7   7   7   8   7   8   7   7   6   8   9  10   9   7   7   9  10   9   9   9  11   8
DST1506*05  X220   0  10   8  10  10   9   9   8   8   7  10  15  16  16  17  17  16  14  13  13  13  14  16  18  21  13
DST1506*06  X220   0  22  23  23  25  25  27  26  27  24  25  26  20  12  12  12  12  10  11  12  16  18  18  16  17  19
DST1506*07  X220   0  17  18  17  14  13   9   6   0   1   7  15  15  22  27  28  26  25  27  30  29  22  14  17  22  18
DST1506*08  X220   0  21  13  12  15  16  10 -14 -60 -67 -54 -46 -37 -58 -63 -58 -57 -62 -56 -61 -52 -49 -48 -39 -37 -35
DST1506*09  X220   0 -33 -29 -29 -26 -28 -27 -27 -27 -21 -18 -18 -17 -19 -19 -27 -30 -30 -33 -37 -34 -34 -32 -28 -22 -27
DST1506*10  X220   0 -23 -19 -18 -17 -15 -15 -18 -18 -20 -20 -19 -17 -17 -19 -22 -23 -23 -20 -21 -21 -24 -23 -18 -16 -19
DST1506*11  X220   0 -16 -20 -20 -25 -24 -21 -16 -18 -21 -18 -15 -15 -15 -17 -19 -20 -22 -19 -18 -18 -18 -18 -18 -13 -19
DST1506*12  X220   0 -10 -12 -14 -16 -16 -15 -15 -12  -8  -7  -6  -8  -9   6  11  10  17  23  21  18  13   6   6   6   0
DST1506*13  X220   0   5  -3  -2  -1  -2  -4  -4  -8  -4  -6 -10 -10  -9 -10 -11 -11 -11 -12 -15 -14 -15  -9  -1   1  -7
DST1506*14  X220   0  -7  -9  -9  -8 -10 -10 -11 -14 -16 -19 -17 -15 -12 -11  -8  -6  -6 -10  -8  -9 -10 -14 -12 -10 -11
DST1506*15  X220   0 -11 -11 -13 -15 -16 -14 -14 -12 -11 -13 -14 -20 -21 -20 -19 -25 -28 -23 -17 -23 -21 -20 -15 -15 -17
DST1506*16  X220   0 -20 -20 -15 -14 -12 -15 -15 -16 -21 -23 -20 -17 -16 -17 -17 -19 -22 -22 -17  -9  -7  -7  -6  -8 -16
DST1506*17  X220   0  -8  -6 -11 -15 -22 -23 -26 -28 -31 -32 -27 -30 -32 -32 -32 -37 -36 -30 -28 -25 -25 -26 -28 -26 -26
DST1506*18  X220   0 -24 -21 -16 -13 -11 -15 -15 -13 -13 -12 -12 -12 -14 -18 -23 -25 -25 -22 -18 -16 -16 -17 -14 -11 -17
DST1506*19  X220   0 -12 -17 -19 -17 -15 -16 -18 -14 -10 -10 -11 -12 -11 -11 -12 -13 -12  -9  -7  -4  -5  -5  -7  -9 -12
DST1506*20  X220   0  -8  -7  -7  -5  -2  -2   0   1  -2  -3  -4  -2  -2   0   0  -3  -6  -7  -6  -2   1   3   3   6  -2
DST1506*21  X220   0   7   4   4   7   7   6   5   4   6   7   7   7   9   9   8   7  14  40  42  39  30  29  21  18  14
DST1506*22  X220   0  13  13  14  14  14  18  20  12  13   5   3   9   6   1 -12 -28 -46 -35  -2 -47-114-100 -91 -96 -17
DST1506*23  X220   0 -95-126-141-174-198-179-171-153-153-153-149-137-131-122-106-108-105-104 -91 -82 -91 -94 -96 -88-127
DST1506*24  X220   0 -86 -80 -78 -80 -77 -77 -79 -78 -71 -71 -68 -71 -72 -63 -50 -51 -49 -50 -47 -40 -45 -50 -53 -54 -64
DST1506*25  X220   0 -50 -41 -31 -27 -28 -26 -29 -41 -35 -40 -47 -47 -43 -59 -78 -80 -81 -78 -76 -80 -77 -71 -66 -64 -54
DST1506*26  X220   0 -58 -60 -57 -50 -53 -54 -50 -45 -40 -44 -44 -44 -45 -46 -49 -50 -50 -51 -50 -49 -48 -44 -40 -34 -48
DST1506*27  X220   0 -38 -39 -35 -27 -30 -32 -32 -32 -33 -31 -31 -37 -36 -37 -34 -33 -32 -30 -31 -32 -28 -27 -27 -33 -32
DST1506*28  X220   0 -39 -39 -32 -31 -32 -41 -46 -46 -37 -37 -41 -41 -41 -39 -39 -43 -38 -36 -34 -40 -36 -37 -34 -33 -38
DST1506*29  X220   0 -29 -27 -24 -22 -21 -21 -24 -21 -21 -20 -15 -13 -17 -22 -26 -26 -26 -27 -26 -27 -26 -26 -26 -23 -23
DST1506*30  X220   0 -18 -15 -19 -21 -19 -15 -16 -15 -12 -10 -10 -10 -12 -10  -9 -11 -12 -12  -9  -8  -5  -3  -7 -11 -12

