DST1508*01  X220   0 -27 -20 -17 -17 -16 -13 -12 -10 -13 -14 -14  -8  -3  -2  -3  -5 -11 -16 -18 -13 -11 -12 -11 -12 -12
DST1508*02  X220   0 -19 -21 -27 -24 -19 -17 -18 -17 -19 -17 -12  -9  -9 -15 -19 -22 -18 -12  -6  -8 -10 -13 -18 -17 -16
DST1508*03  X220   0 -15 -14 -12  -9  -7  -9  -8 -10 -10  -8  -7  -4  -6 -11 -15 -16 -17 -12  -9  -7  -7  -9 -13 -11 -10
DST1508*04  X220   0 -10 -13 -11 -11  -8  -8  -8 -10  -8  -6  -2   1   3   3  -2  -7  -8  -4  -4  -5  -7 -12 -13  -9  -7
DST1508*05  X220   0 -10 -10 -10 -11 -10 -12  -9  -7  -7  -6  -4   1   2   4   3  -1  -1   2   0  -4  -6 -10 -11 -10  -5
DST1508*06  X220   0  -8  -8  -5  -1   1   1   1   2  -4 -14 -22 -19 -14 -13  -9 -10 -12 -12 -13 -14 -10 -13 -13 -15  -9
DST1508*07  X220   0 -19 -21 -23 -20 -19 -19 -10 -19 -20 -24 -23 -24 -27 -24 -23 -26 -22  -7  -8  -9 -13 -18 -20 -22 -19
DST1508*08  X220   0 -24 -20 -15 -13 -11 -11 -17 -18 -22 -27 -30 -37 -34 -32 -25 -22 -22 -23 -22 -23 -30 -34 -27 -20 -23
DST1508*09  X220   0 -18 -19 -18 -18 -20 -26 -17 -19 -25 -27 -22 -17 -12  -5  -7 -11 -12 -17 -20 -22 -20 -21 -16 -14 -18
DST1508*10  X220   0 -15 -15 -14 -16 -20 -19 -17 -20 -27 -29 -26 -21 -17 -16 -16 -14 -12 -11 -18 -27 -27 -20 -16 -15 -19
DST1508*11  X220   0 -11 -16 -21 -19 -19 -18 -18 -20 -22 -24 -24 -18 -16 -15 -16 -16 -13 -14 -17 -16 -16 -16 -12  -9 -17
DST1508*12  X220   0  -7  -8  -8 -10 -10 -17 -16 -17 -17 -13 -11 -10  -9 -10 -14 -19 -15 -14 -18 -29 -29 -24 -24 -29 -16
DST1508*13  X220   0 -35 -38 -38 -33 -32 -29 -25 -28 -31 -32 -29 -29 -29 -28 -27 -25 -26 -30 -34 -37 -38 -35 -30 -23 -31
DST1508*14  X220   0 -16 -11 -11 -12 -14 -14 -14 -16 -17 -17 -14 -12 -11 -10 -11 -11 -11 -13 -12  -8  -6  -6  -5  -7 -12
DST1508*15  X220   0  -6 -10 -14  -8  -8  -8 -10  -8   8  13   2 -36 -70 -57 -65 -61 -62 -63 -67 -71 -66 -58 -56 -59 -35
DST1508*16  X220   0 -69 -72 -71 -71 -71 -78 -90 -98 -93 -81 -64 -53 -46 -42 -44 -45 -42 -40 -38 -43 -51 -54 -50 -47 -61
DST1508*17  X220   0 -43 -40 -42 -40 -44 -49 -47 -52 -51 -51 -50 -51 -47 -43 -45 -47 -50 -49 -46 -40 -46 -44 -38 -33 -45
DST1508*18  X220   0 -27 -26 -36 -38 -38 -33 -35 -34 -32 -34 -33 -29 -29 -30 -29 -30 -27 -27 -27 -26 -24 -25 -26 -25 -30
DST1508*19  X220   0 -35 -44 -44 -47 -53 -60 -64 -62 -61 -54 -47 -39 -35 -33 -32 -23 -25 -24 -28 -29 -31 -32 -32 -27 -40
DST1508*20  X220   0 -27 -27 -24 -22 -23 -26 -24 -23 -26 -29 -25 -19 -20 -20 -16 -17 -17 -23 -26 -25 -25 -24 -25 -21 -23
DST1508*21  X220   0 -15 -15 -18 -22 -24 -24 -22 -18 -16 -14 -11 -15 -16 -13 -18 -16 -12 -12 -15 -16 -13 -13 -10 -11 -16
DST1508*22  X220   0 -13 -12 -12 -15 -18 -15 -12 -14 -16 -23 -24 -21 -29 -31 -34 -34 -29 -26 -26 -23 -18 -15  -8  -6 -20
DST1508*23  X220   0  -6 -10  -3  -4  -6  -4  -6 -26 -57 -57 -48 -43 -36 -37 -40 -43 -41 -41 -41 -38 -36 -34 -31 -26 -30
DST1508*24  X220   0 -26 -26 -24 -23 -24 -28 -28 -33 -37 -32 -30 -28 -27 -26 -22 -20 -17 -16 -17 -21 -24 -22 -18 -16 -24
DST1508*25  X220   0 -12 -12 -12 -18 -22 -26 -27 -27 -27 -24 -22 -21 -20 -20 -22 -22 -19 -21 -27 -31 -30 -22 -14 -15 -21
DST1508*26  X220   0 -19 -20 -22 -23 -24 -19 -21 -33 -41 -51 -41 -35 -39 -37 -47 -53 -59 -65 -67 -75 -78 -79 -70 -56 -45
DST1508*27  X220   0 -52 -59 -73 -72 -81 -92 -84 -85 -82 -72 -72 -70 -72 -72 -66 -63 -70 -81 -90-101-103-100 -95 -81 -79
DST1508*28  X220   0 -62 -53 -52 -65 -78 -87 -91 -94-100-102 -99 -86 -76 -69 -68 -80 -80 -84 -88 -83 -73 -61 -51 -45 -76
DST1508*29  X220   0 -42 -46 -40 -42 -42 -38 -39 -40 -42 -38 -37 -34 -30 -28 -29 -29 -31 -29 -32 -29 -26 -24 -23 -24 -34
DST1508*30  X220   0 -26 -26 -24 -22 -21 -22 -23 -25 -25 -23 -22 -23 -24 -25 -23 -20 -20 -19 -17 -14 -13 -15 -15 -17 -21
DST1508*31  X220   0 -20 -19 -19 -19 -19 -20 -17 -15 -16 -15 -15 -15 -18 -20 -21 -19 -18 -18 -15 -14 -10 -10 -12 -11 -16

