DST1507*01  X220   0 -12 -12  -9  -6  -8 -10 -13 -13 -13 -10 -11 -15 -17 -18 -17 -18 -18 -19 -19 -17 -16 -20 -23 -22 -15
DST1507*02  X220   0 -19 -18 -15 -16 -15 -14 -13 -15 -15 -12 -13 -12 -13 -12 -13 -16 -16 -15 -14 -15 -17 -15 -14 -12 -15
DST1507*03  X220   0 -11 -13 -12  -8  -4  -4  -4  -4  -5  -6  -6  -3  -3  -3  -4  -6  -8  -9  -7  -3   1   0  -3  -3  -5
DST1507*04  X220   0  -1  -1   1   4   2   1   4   6   8   8   8   9   4   8  15  26  28  15   1 -13 -12 -54 -64 -56  -2
DST1507*05  X220   0 -50 -55 -64 -58 -71 -74 -64 -60 -59 -57 -53 -52 -48 -50 -56 -56 -54 -51 -47 -41 -41 -41 -38 -37 -53
DST1507*06  X220   0 -37 -41 -54 -54 -45 -42 -41 -43 -42 -41 -40 -36 -35 -37 -36 -35 -36 -40 -40 -41 -39 -37 -35 -32 -40
DST1507*07  X220   0 -31 -32 -28 -25 -27 -28 -27 -23 -20 -24 -23 -24 -25 -27 -30 -32 -30 -27 -24 -25 -25 -27 -28 -27 -27
DST1507*08  X220   0 -27 -26 -27 -26 -25 -24 -21 -18 -13 -13 -14 -19 -21 -20 -22 -24 -27 -29 -23 -20 -15 -13 -11 -10 -20
DST1507*09  X220   0 -11 -16 -20 -22 -25 -26 -18 -10  -9 -11 -10 -11 -10 -10 -11 -14 -12  -9 -10 -11 -10 -11  -9 -10 -13
DST1507*10  X220   0 -15 -18 -19 -18 -17 -15 -13 -12 -11  -7  -6  -6  -8  -8  -9  -9  -3   1   3   7  12  14  22  19  -5
DST1507*11  X220   0   1  -3  -7 -22 -13 -14 -22 -24 -26 -26 -23 -30 -30 -33 -32 -35 -33 -29 -29 -29 -28 -24 -27 -25 -23
DST1507*12  X220   0 -22 -26 -25 -26 -28 -28 -24 -23 -20 -21 -24 -23 -23 -25 -26 -25 -24 -22 -21 -25 -32 -28 -24 -20 -24
DST1507*13  X220   0 -21 -16 -15 -22 -35 -43 -44 -48 -53 -57 -62 -65 -57 -63 -65 -68 -66 -58 -59 -54 -51 -59 -59 -54 -50
DST1507*14  X220   0 -49 -43 -42 -42 -43 -39 -36 -31 -28 -25 -23 -22 -24 -27 -31 -33 -28 -23 -17 -20 -20 -19 -20 -21 -29
DST1507*15  X220   0 -19 -18 -16 -15 -17 -20 -19 -15 -13 -12 -11  -8  -7 -11 -16 -18 -20 -22 -22 -23 -22 -22 -19 -22 -17
DST1507*16  X220   0 -22 -23 -21 -22 -20 -23 -23 -20 -21 -19 -20 -21 -20 -21 -25 -30 -31 -28 -25 -24 -26 -27 -28 -26 -24
DST1507*17  X220   0 -21 -17 -18 -22 -24 -25 -24 -20 -17 -17 -17 -19 -21 -21 -20 -18 -16 -15 -18 -19 -18 -18 -18 -20 -19
DST1507*18  X220   0 -21 -18 -17 -17 -17 -15 -13 -11  -8  -6  -8 -11 -12 -12 -11 -11  -9  -8  -8 -13 -15 -15 -15 -15 -13
DST1507*19  X220   0 -13  -8  -7  -8 -11 -12 -11  -9  -7  -7  -5  -3  -3  -4  -4  -4  -4  -3  -3  -2   0   0   1   2  -5
DST1507*20  X220   0   0  -3  -1   0   1   0   0  -3  -4  -3  -2  -2  -2  -1   2   9  10   9   9  10  12  12  12  15   3
DST1507*21  X220   0  19  23  10   5   5   7  10   6   5  -5  -5  -3  -2  -5  -6  -5  -3  -3  -5  -4  -1  -4  -2  -8   1
DST1507*22  X220   0 -14 -13 -10  -7  -5  -3  -2   0   0   0  -1   0   0   2   3  -4   1   0  -6  -6  -5  -5  -3  -8  -4
DST1507*23  X220   0 -16 -10  -3  -6 -16 -36 -58 -71 -72 -65 -59 -55 -56 -62 -62 -57 -53 -50 -51 -59 -58 -54 -49 -50 -47
DST1507*24  X220   0 -49 -44 -37 -35 -34 -34 -30 -30 -27 -26 -26 -26 -27 -26 -29 -33 -34 -35 -33 -33 -34 -33 -32 -30 -32
DST1507*25  X220   0 -29 -31 -37 -36 -33 -27 -23 -22 -26 -30 -26 -22 -23 -23 -25 -27 -26 -27 -28 -30 -31 -35 -39 -41 -29
DST1507*26  X220   0 -42 -38 -37 -37 -36 -31 -27 -23 -22 -23 -24 -24 -22 -24 -28 -29 -29 -24 -16 -14 -11 -11 -14 -13 -25
DST1507*27  X220   0 -13 -15 -18 -20 -14 -12 -15 -18 -22 -25 -23 -19 -20 -18 -18 -21 -21 -23 -23 -25 -23 -22 -21 -17 -19
DST1507*28  X220   0 -14 -16 -16 -17 -23 -19 -16 -15 -22 -28 -28 -26 -24 -23 -24 -25 -23 -24 -24 -22 -23 -23 -23 -20 -22
DST1507*29  X220   0 -18 -17 -16 -17 -14 -11 -12 -12 -11  -9  -7  -6  -1  -1  -4  -6  -5  -5 -10 -15 -14 -13 -14 -14 -11
DST1507*30  X220   0 -10  -8  -7  -9 -13 -12  -4  -2  -2  -3   0   3   3   1   0   5  14  11  -4 -17 -30 -26 -23 -17  -6
DST1507*31  X220   0 -21 -24 -31 -35 -30 -22 -18 -18 -20 -21 -16  -7  -8  -8  -4  -7  -8 -22 -20 -16 -19 -26 -33 -35 -20

