DST1502*01  X220   0 -16 -16 -19 -19 -18 -20 -14 -14 -12 -12 -16 -13 -13  -9  -5  -6  -8  -8 -17 -12  -9 -26 -31 -28 -15
DST1502*02  X220   0 -21 -22 -30 -37 -35 -45 -55 -47 -44 -47 -45 -34 -35 -30 -23 -27 -35 -37 -33 -32 -28 -28 -25 -18 -34
DST1502*03  X220   0 -18 -21 -21 -25 -28 -32 -34 -33 -31 -29 -26 -24 -22 -23 -29 -27 -26 -27 -23 -20 -19 -18 -14 -11 -24
DST1502*04  X220   0 -11 -14 -13 -14 -18 -20 -23 -25 -25 -25 -28 -22 -20 -16 -19 -22 -23 -21 -21 -21 -21 -18 -15 -10 -19
DST1502*05  X220   0 -10 -16 -16 -14 -10  -2   0  -5  -7 -13 -15  -9  -3   1  -8 -12 -17 -19 -11 -14 -19 -20 -18 -14 -11
DST1502*06  X220   0 -16 -19 -19 -17 -15 -14 -14 -15 -16 -16 -17 -17 -12  -9  -8  -8  -9  -9  -9  -8  -9 -10  -6  -5 -12
DST1502*07  X220   0  -4  -3  -3  -3  -1  -1  -2 -11 -29 -44 -44 -33 -23 -21 -26 -30 -29 -30 -27 -21 -19 -18 -17 -18 -19
DST1502*08  X220   0 -21 -18 -17 -16 -20 -28 -32 -37 -33 -33 -25 -23 -21 -20 -17 -17 -20 -23 -25 -22 -19 -18 -16 -17 -22
DST1502*09  X220   0 -19 -18 -15 -14 -12 -15 -16 -16 -17 -18 -20 -16 -13 -11 -13 -17 -18 -14 -14 -14 -13 -21 -23 -19 -16
DST1502*10  X220   0 -17 -19 -17 -15 -18 -21 -17 -15 -19 -21 -20 -16 -12 -10 -12 -12 -12  -9  -7 -12 -14 -16 -14 -15 -15
DST1502*11  X220   0 -13 -10 -12 -16 -12 -10 -10 -14 -13 -11 -11 -10 -13 -17 -19 -14 -11 -12 -12 -11  -9  -7  -7  -7 -12
DST1502*12  X220   0 -14 -15 -13  -9  -6  -5  -4  -6  -5  -6  -7  -2   0  -3  -6  -9 -11 -12 -12 -12 -14 -18 -16 -17  -9
DST1502*13  X220   0 -16 -16 -14 -11  -7  -5  -6  -7  -7  -9  -8  -8  -6  -3   0   1   1  -2  -3  -2  -3  -3  -3  -3  -6
DST1502*14  X220   0  -1  -1  -1  -2  -4  -5  -3   0   3   4   4   5   4   5   5   4   3   4   4   7   8   9   8  11   3
DST1502*15  X220   0  14  16  14   7   9   7   8   1   0  -5 -11  -4  -1  -2 -16 -19 -17 -12 -13 -14 -10  -4   0   1  -2
DST1502*16  X220   0   1   4   4   5   7   4   2   1  -1  -4  -3   0   4   3   1   1   0   3   5  13  16   6  -2  -7   3
DST1502*17  X220   0 -17 -23 -30 -31 -23 -18 -23 -28 -29 -38 -38 -30 -25 -19 -15 -16 -21 -28 -35 -35 -27 -44 -65 -67 -30
DST1502*18  X220   0 -69 -62 -55 -57 -53 -54 -60 -61 -60 -58 -53 -50 -43 -40 -39 -37 -38 -39 -38 -31 -29 -27 -28 -23 -46
DST1502*19  X220   0 -23 -26 -28 -33 -35 -33 -32 -29 -29 -26 -27 -24 -22 -22 -24 -24 -26 -23 -20 -20 -24 -25 -23 -17 -26
DST1502*20  X220   0 -16 -15 -15 -17 -20 -22 -19 -24 -25 -28 -31 -25 -19 -17 -13 -12 -12 -11  -9 -10 -12 -17 -20 -22 -18
DST1502*21  X220   0 -24 -24 -22 -18 -15 -12 -13 -15 -19 -22 -26 -20 -14 -11  -7  -5  -7 -10 -10  -9 -11 -11  -5  -6 -14
DST1502*22  X220   0  -9  -8 -10  -9 -11 -13 -14 -12 -10  -9 -12  -9  -8 -12 -10  -8  -7  -7  -7  -7  -5  -3  -2  -8  -9
DST1502*23  X220   0 -15  -9  -9  -1  -1 -12 -15 -20 -18 -20 -19 -23 -27 -31 -26 -22 -34 -38 -24 -17 -16 -24 -32 -28 -20
DST1502*24  X220   0 -22 -22 -37 -56 -55 -52 -56 -58 -47 -43 -46 -35 -35 -33 -28 -27 -27 -27 -26 -27 -26 -25 -30 -29 -36
DST1502*25  X220   0 -26 -26 -26 -25 -22 -22 -19 -18 -30 -25 -23 -26 -22 -21 -21 -22 -16 -15 -16 -11 -12 -11 -11 -11 -20
DST1502*26  X220   0 -12 -14 -14 -13 -13 -12 -13 -16 -14 -14 -15 -14 -15 -14 -14 -13 -10 -11 -10 -11  -8  -9  -5  -5 -12
DST1502*27  X220   0  -5  -3  -2  -2   0   0   0   1   4   6   8   6   4   5   3   4   7   7   5   4   1   0   1   0   2
DST1502*28  X220   0   2   4   4   3   4   2   5   5  -2  -6  -2   1  -1  -3  -4   4   3  -6 -15 -14 -26 -26 -17 -16  -4

