DST1511*01  X220   0 -17 -16 -14 -12 -12 -16 -24 -31 -26 -24 -32 -40 -37 -30 -31 -32 -33 -31 -29 -23 -19 -16 -15 -10 -24
DST1511*02  X220   0  -8  -7   0   1  -1  -5  -5  -2  -2  -3  -3  -5   0   0 -10 -14 -13 -11 -10 -10  -9  -6  -3   7  -5
DST1511*03  X220   0  11  23  29  22  25  13  24  36 -18 -37 -35 -39 -51 -43 -39 -38 -35 -34 -37 -50 -47 -40 -41 -41 -18
DST1511*04  X220   0 -45 -46 -43 -34 -14 -27 -37 -39 -35 -38 -41 -51 -56 -52 -43 -40 -34 -27 -27 -21 -26 -32 -29 -26 -36
DST1511*05  X220   0 -26 -28 -24 -21 -24 -28 -27 -31 -33 -34 -34 -33 -32 -30 -31 -31 -32 -33 -36 -36 -34 -35 -37 -35 -31
DST1511*06  X220   0 -32 -27 -25 -24 -26 -28 -27 -24 -27 -25 -24 -23 -21 -19 -17 -14 -13 -16  -2   0 -10 -15 -19 -19 -20
DST1511*07  X220   0 -31 -29 -27 -43 -66 -84 -87 -82 -71 -80 -70 -62 -76 -75 -68 -69 -69 -65 -62 -54 -50 -45 -42 -38 -60
DST1511*08  X220   0 -33 -30 -24 -23 -29 -27 -24 -24 -24 -27 -29 -28 -38 -41 -43 -44 -45 -42 -43 -49 -48 -47 -49 -50 -36
DST1511*09  X220   0 -47 -46 -45 -49 -49 -46 -46 -44 -42 -48 -47 -42 -45 -49 -51 -54 -55 -50 -42 -40 -32 -32 -36 -28 -44
DST1511*10  X220   0 -25 -27 -30 -34 -42 -39 -37 -48 -54 -49 -40 -40 -54 -56 -53 -47 -48 -48 -44 -44 -35 -34 -32 -32 -41
DST1511*11  X220   0 -31 -25 -22 -21 -25 -31 -33 -33 -30 -30 -27 -29 -26 -29 -27 -29 -30 -34 -36 -36 -34 -31 -31 -32 -30
DST1511*12  X220   0 -28 -26 -23 -24 -23 -20 -20 -25 -27 -32 -33 -35 -34 -32 -30 -29 -27 -24 -24 -23 -24 -22 -21 -23 -26
DST1511*13  X220   0 -24 -23 -18 -17 -14 -13 -12 -13 -14 -13 -11  -8  -7  -5 -18 -31 -25 -24 -23 -23 -20 -18 -24 -28 -18
DST1511*14  X220   0 -24 -24 -22 -25 -28 -27 -27 -30 -27 -27 -28 -24 -26 -23 -25 -23 -19 -17 -17 -13 -14  -7  -6 -11 -21
DST1511*15  X220   0 -11  -9  -7  -8 -12 -12 -10 -12 -15 -15 -13 -10 -10  -8  -8  -4  -3  -6  -4  -4  -4  -8 -16 -19 -10
DST1511*16  X220   0 -22 -24 -26 -26 -29 -26 -28 -23 -24 -22 -26 -26 -30 -33 -37 -38 -37 -34 -32 -27 -24 -24 -23 -22 -28
DST1511*17  X220   0 -20 -14 -13 -14 -17 -16 -15 -14 -15 -14 -12 -10 -12 -14 -15 -16 -17 -18 -15  -8  -5  -2  -4  -7 -13
DST1511*18  X220   0  -8  -6  -4  -8  -4   1   3   0  -8 -21 -25 -29 -26 -22 -24 -27 -27 -22 -17 -15  -3  -9 -22 -34 -15
DST1511*19  X220   0 -22 -18 -24 -25 -25 -25 -22 -20 -22 -25 -26 -32 -35 -27 -22 -18 -17 -14 -13 -11  -9  -5  -6  -9 -20
DST1511*20  X220   0  -6  -3  -3  -4  -9  -6  -6   7   0 -10 -11  -9  -8  -8  -5  -5  -5  -4   1   6  10  12  10   8  -2
DST1511*21  X220   0   1  -6 -13 -13 -11  -9  -7  -7  -7  -6  -5  -7  -8  -7  -4  -1  -2  -3  -5  -4  -3  -1   0  -1  -5
DST1511*22  X220   0  -2  -2  -4  -6  -7  -5  -6  -6  -4  -3  -3  -5  -6 -10 -11  -7  -6  -3   0   0   1   4   4   2  -4
DST1511*23  X220   0   3   3   2   2   0  -2  -4  -5  -5  -2  -1  -2  -4  -4  -2  -1  -1   0  -1  -1   2   4   4   5   0
DST1511*24  X220   0   5   4   3   2   2   3   2   1   0   0  -2  -3  -2  -2  -1   2   3   4   6   7   7   7   6   4   2
DST1511*25  X220   0   5   5   6   6   6   7   7   7   6   5   5   7   9  11  12  12  11  12  13  13  12  15  14  13   9
DST1511*26  X220   0  14  13  11  12  13  14  14  13  12  10   9   9   6   6  11  10   7   3  -1  -5  -5  -6  -7  -7   7
DST1511*27  X220   0  -9 -10 -10  -9 -10  -9  -6  -3  -6  -7  -4  -2  -7  -8  -5   0  -4  -5  -3   1   1   2   2   2  -5
DST1511*28  X220   0   3   8  11  12  13  13  11  13  13  11  11   5  -7 -11  -5   0   7   8  11  10   3  -9 -11 -12   5
DST1511*29  X220   0  -9  -7  -9  -8  -3   5   7   6   6  -3 -10  -6  -3  -1  -1  -2  -3  -2   3   6  -1  -8 -15 -14  -3
DST1511*30  X220   0 -11 -12 -10  -6  -3   1   9   2 -15 -24 -31 -42 -39 -37 -32 -27 -26 -22 -17 -17 -19 -17 -13 -12 -18

