DST1501*01  X220   0 -18 -18 -20 -20 -19 -20 -19 -16 -15 -13 -11  -9  -4   0   2   1  -2  -3  -4  -8 -12 -13 -12 -19 -11
DST1501*02  X220   0 -26 -26 -22 -13 -11 -11 -11  -7  -8  -3   2   1   1  -3 -12  -9  -5  -8 -22 -36 -49 -49 -43 -36 -17
DST1501*03  X220   0 -36 -42 -34 -27 -16 -25 -36 -34 -30 -31 -31 -33 -26 -25 -20 -18 -20 -20 -22 -21 -20 -19 -19 -20 -26
DST1501*04  X220   0 -21 -22 -20 -16 -16 -19 -26 -33 -35 -34 -29 -36 -47 -59 -63 -62 -68 -57 -62 -65 -68 -78 -67 -57 -44
DST1501*05  X220   0 -67 -51 -42 -38 -41 -51 -55 -48 -47 -42 -39 -37 -37 -39 -33 -31 -28 -29 -31 -35 -40 -46 -43 -42 -41
DST1501*06  X220   0 -44 -40 -38 -35 -32 -37 -39 -37 -40 -49 -46 -38 -35 -32 -29 -29 -32 -30 -32 -20 -22 -27 -26 -18 -34
DST1501*07  X220   0 -14  -5   0  -2  -2  -6  -1   9 -29 -73-106-107-100-101-103 -98 -87 -73 -62 -50 -47 -39 -49 -51 -50
DST1501*08  X220   0 -54 -58 -47 -48 -48 -41 -48 -56 -57 -56 -56 -55 -49 -44 -39 -40 -43 -40 -38 -38 -35 -35 -38 -41 -46
DST1501*09  X220   0 -42 -44 -42 -38 -32 -32 -35 -38 -43 -43 -40 -37 -33 -32 -32 -30 -34 -36 -35 -34 -33 -28 -24 -26 -35
DST1501*10  X220   0 -32 -37 -29 -26 -25 -22 -27 -30 -32 -31 -30 -31 -28 -24 -19 -17 -19 -24 -24 -23 -16 -20 -17 -14 -25
DST1501*11  X220   0 -18 -23 -25 -26 -24 -26 -28 -30 -37 -36 -33 -34 -37 -39 -36 -30 -30 -31 -29 -26 -22 -29 -29 -26 -29
DST1501*12  X220   0 -26 -24 -23 -24 -20 -17 -21 -19 -19 -20 -25 -34 -38 -40 -37 -34 -30 -30 -28 -28 -28 -25 -24 -19 -26
DST1501*13  X220   0 -21 -22 -21 -20 -17 -15 -17 -19 -16 -15 -17 -18 -25 -32 -27 -22 -20 -21 -21 -19 -19 -25 -23 -22 -21
DST1501*14  X220   0 -26 -25 -23 -23 -23 -20 -17 -15 -14 -16 -25 -28 -30 -28 -21 -15 -13 -14 -16 -17 -15 -13 -13 -14 -19
DST1501*15  X220   0 -16 -15 -15 -14 -13 -13 -13 -17 -14  -7  -4 -11 -15 -14 -19 -18 -20 -18 -17 -15 -13 -11 -13 -12 -14
DST1501*16  X220   0 -11  -9  -7  -8 -21 -21 -20 -22 -15 -11 -12 -17 -19 -21 -17 -14 -15 -18 -17 -19 -19 -13 -13 -14 -16
DST1501*17  X220   0 -18 -21 -20 -20 -25 -28 -25 -23 -23 -22 -21 -16 -14 -15 -16 -14 -12 -10 -11 -12 -14 -10 -13 -13 -17
DST1501*18  X220   0 -11 -11 -12 -14 -13 -10  -9  -6  -4  -3  -3  -3  -1  -5 -10 -11 -13 -12 -11 -12 -15 -19 -16 -16 -10
DST1501*19  X220   0 -12 -12 -12 -10  -8  -9 -12 -13 -12  -7  -5  -4  -2  -2   0   0  -1  -3  -6  -7  -9  -9 -15 -23  -8
DST1501*20  X220   0 -21 -16 -12 -12 -11 -11 -11 -11 -14 -16 -16 -13 -10  -8  -3  -1   1   2   3   5   7  11  18  29  -5
DST1501*21  X220   0  35  29  32  36  28  33  25  19   7   5   7  12  10   4  -2 -10 -19 -19 -19 -19 -14 -12 -10  -8   6
DST1501*22  X220   0 -10 -15 -13 -14 -20 -19 -16 -14 -14 -15 -19 -21 -23 -30 -27 -25 -20 -16 -14 -16 -14 -13 -13 -14 -17
DST1501*23  X220   0 -13 -15 -15 -17 -17 -15 -18 -14 -10 -14 -18 -19 -20 -16 -14 -12 -13 -15 -16 -14 -13 -12 -11  -9 -15
DST1501*24  X220   0  -7  -8  -7  -7 -10 -10  -7  -6  -7 -11 -17 -22 -23 -21 -18 -17 -20 -19 -16 -13 -15 -10  -6  -7 -13
DST1501*25  X220   0 -10 -10  -8 -10  -9  -5  -6  -4  -2  -4  -9  -8  -9 -11  -9  -9 -13 -13  -9  -3  -3   0  -1  -3  -7
DST1501*26  X220   0 -10  -9 -10 -19 -15 -13  -8  -6 -11 -21 -43 -32 -26 -24 -25 -28 -34 -33 -27 -24 -21 -20 -23 -24 -21
DST1501*27  X220   0 -26 -24 -20 -19 -27 -26 -26 -14 -15 -16 -18 -20 -18 -14  -9 -10 -11 -13 -10  -4  -5 -17 -23 -24 -17
DST1501*28  X220   0 -17 -18 -17 -13 -11 -14 -19 -22 -18 -17 -18 -19 -16 -13 -14 -16 -20 -18 -11  -8  -9  -9  -6  -6 -15
DST1501*29  X220   0  -7  -6  -6 -12 -16 -17 -18 -15 -13 -10 -11  -4  -8 -10 -13 -10  -9  -5 -10  -9 -19 -11  -9 -13 -11
DST1501*30  X220   0 -17 -13 -12 -15 -16 -20 -20 -16 -21 -21 -19 -18 -16 -14 -16 -16 -20 -27 -29 -31 -31 -33 -28 -20 -20
DST1501*31  X220   0 -18 -16 -14 -18 -20 -19 -20 -23 -24 -23 -21 -19 -17 -13 -15 -19 -22 -22 -23 -21 -16 -16 -23 -21 -19

