DST1503*01  X220   0 -34 -44 -30 -31 -28 -42 -55 -53 -56 -51 -50 -47 -46 -41 -36 -32 -29 -26 -22 -21 -22 -21 -27 -26 -36
DST1503*02  X220   0 -21 -20 -30 -35 -30 -42 -43 -53 -64 -62 -54 -50 -53 -53 -49 -49 -41 -40 -36 -29 -27 -27 -25 -23 -40
DST1503*03  X220   0 -24 -22 -28 -26 -25 -26 -27 -26 -22 -26 -28 -27 -25 -27 -27 -27 -25 -25 -28 -21 -21 -23 -27 -31 -26
DST1503*04  X220   0 -27 -18 -16 -17 -15 -13 -11  -8  -4  -5  -6  -7 -11 -15 -16 -19 -20 -20 -17 -14 -15 -11 -14 -18 -14
DST1503*05  X220   0 -15 -11  -9  -9  -7  -5  -4  -3  -3  -6  -8  -7 -12 -19 -13 -14 -15 -12 -10 -10  -8  -7  -3  -3  -9
DST1503*06  X220   0  -3   0   2   6   3  -5 -14 -30 -30 -20 -17 -14 -16 -16 -14 -12 -11  -8  -8  -9 -14 -17  -9  -6 -11
DST1503*07  X220   0  -8 -11 -12 -17 -20 -27 -27 -25 -19 -20 -24 -22 -19 -12 -11 -12 -10 -14 -14 -16 -20 -24 -24 -20 -18
DST1503*08  X220   0 -17 -13 -13 -14 -15 -12  -7  -7  -9  -8 -12 -18 -21 -18 -21 -19 -17 -20 -21 -18 -15 -14 -13 -15 -15
DST1503*09  X220   0 -18 -23 -21 -22 -19 -16 -17 -18 -17 -16 -14 -11  -9  -9 -10  -9 -10 -10  -5  -4  -4  -4  -4  -3 -12
DST1503*10  X220   0  -1  -4  -4  -6  -6  -4  -2  -1   1  -3  -7  -3  -5  -6  -6  -7  -7  -6  -6  -8  -6  -4  -4  -5  -5
DST1503*11  X220   0  -6  -6  -6  -6  -5   5   6   8   0   2   1   2  -6 -11 -14 -14 -12 -12 -15 -20 -19 -16 -15 -14  -7
DST1503*12  X220   0 -15 -12  -8 -10 -11  -7 -12 -22 -24 -23 -19 -19 -15 -17 -18 -13  -9  -9  -9  -8  -8 -11 -13 -15 -14
DST1503*13  X220   0 -13 -12  -9  -3  -2   1   1   0  -1  -2  -2   0  -3 -16 -20 -11  -7 -10 -15 -15 -11 -10  -7 -10  -7
DST1503*14  X220   0 -12 -11 -12 -13 -14 -15 -12  -9  -8  -7  -5  -4  -4  -4   1   3   4   2   3   2  -1  -3  -5 -11  -6
DST1503*15  X220   0 -11 -11 -11 -12 -11 -11  -9  -9  -7  -6  -7  -5  -5  -3   1   4  -1   0   2   1  -2  -7  -7  -2  -5
DST1503*16  X220   0   4  10  15  10   7  15   1 -10  -2   5  11  19  17  11   7  12  17  17  15  16  11   9   6   3   9
DST1503*17  X220   0   4   3   3   2  13  45  25 -18 -54 -83 -75 -54 -55 -75 -93-118-143-162-154-177-182-198-234-225 -84
DST1503*18  X220   0-200-189-172-155-148-136-133-124-123-117-111 -99 -97 -91 -88 -91 -86 -82 -88 -94 -95 -94 -94 -93-117
DST1503*19  X220   0 -99 -94 -86 -81 -86 -84 -81 -73 -71 -76 -75 -76 -77 -83 -84 -80 -73 -72 -71 -70 -71 -69 -65 -70 -78
DST1503*20  X220   0 -75 -81 -74 -69 -65 -64 -71 -68 -63 -61 -62 -65 -58 -57 -55 -56 -62 -66 -64 -60 -59 -56 -56 -65 -64
DST1503*21  X220   0 -69 -65 -64 -58 -48 -46 -49 -46 -45 -44 -50 -48 -46 -45 -46 -46 -46 -44 -44 -44 -47 -40 -43 -41 -49
DST1503*22  X220   0 -39 -42 -36 -33 -40 -43 -45 -56 -50 -50 -45 -33 -41 -48 -55 -51 -49 -52 -54 -52 -47 -46 -45 -44 -46
DST1503*23  X220   0 -40 -45 -46 -47 -50 -47 -44 -46 -47 -44 -46 -42 -36 -35 -32 -37 -39 -35 -36 -37 -40 -50 -47 -47 -42
DST1503*24  X220   0 -48 -48 -45 -40 -34 -33 -32 -29 -30 -29 -26 -31 -32 -30 -28 -26 -33 -34 -31 -31 -28 -28 -34 -34 -33
DST1503*25  X220   0 -30 -30 -36 -34 -32 -34 -33 -32 -31 -28 -17 -13  -5  -5  -4 -12 -22 -17 -17 -22 -28 -32 -33 -31 -24
DST1503*26  X220   0 -29 -25 -25 -23 -23 -26 -27 -21 -18 -15 -15 -10  -9 -13 -11 -16 -20 -20 -21 -20 -27 -30 -31 -29 -21
DST1503*27  X220   0 -28 -29 -27 -27 -25 -30 -35 -29 -23 -27 -23 -22 -22 -23 -29 -30 -26 -23 -23 -23 -21 -20 -21 -21 -25
DST1503*28  X220   0 -20 -18 -11  -6  -3  -5 -23 -39 -42 -33 -27 -25 -27 -28 -26 -20 -15 -11 -12 -15 -19 -20 -18 -17 -20
DST1503*29  X220   0 -19 -22 -20 -24 -30 -34 -34 -31 -26 -32 -43 -46 -35 -30 -34 -33 -33 -36 -40 -40 -37 -32 -32 -31 -32
DST1503*30  X220   0 -30 -28 -26 -27 -26 -24 -23 -22 -19 -20 -26 -26 -23 -21 -23 -25 -26 -26 -26 -27 -26 -28 -29 -28 -25
DST1503*31  X220   0 -24 -20 -15 -12 -12 -14 -17 -19 -14  -8  -9  -5 -13 -11  -7  -5  -4   2  -7  -9 -10 -12 -12 -12 -11

