DST1604*01  X220   0  -9  -7  -5  -2  -1  -1  -1   1   4   5   3   2   1  -2   0   0  -1   1   1   0   2   5   7   7   0
DST1604*02  X220   0   5   3   1   0   1   0   0   2   4   5   5   7  13  24  34  13   2 -16 -29 -30 -38 -43 -57 -59  -6
DST1604*03  X220   0 -52 -47 -44 -39 -35 -38 -37 -38 -27 -21 -25 -23 -21 -18 -16 -16 -17 -20 -26 -32 -37 -36 -30 -29 -30
DST1604*04  X220   0 -23 -22 -24 -23 -18 -19 -22 -22 -18 -16 -16 -12 -12 -15 -15 -17 -16 -11  -9 -10 -16 -20 -18 -15 -17
DST1604*05  X220   0 -14 -13 -14 -12 -12 -13 -13 -11  -7  -5 -10 -10 -10  -9 -10 -12 -13 -14 -14 -17 -14 -16 -13 -12 -12
DST1604*06  X220   0  -9  -8  -7  -8 -10  -9  -6  -7  -5 -10 -11  -6  -2  -5  -6  -9  -9 -12 -13 -16 -19 -22 -23 -23 -11
DST1604*07  X220   0 -16 -11  -9  -2   0   2   4   5   2   4   7  12  16  16  16  16  15  16   3 -26 -55 -61 -59 -60  -7
DST1604*08  X220   0 -62 -56 -44 -39 -31 -35 -30 -22 -18 -18 -18 -17 -15 -12 -12 -15 -15 -16 -16 -18 -19 -20 -22 -21 -25
DST1604*09  X220   0 -20 -16 -13 -10  -7  -5  -5  -7  -4  -2  -1  -1  -3  -4  -6  -4  -4  -5  -3  -3  -1  -1  -2  -4  -5
DST1604*10  X220   0  -4  -4  -4  -3  -4  -4 -10 -12  -9  -2   6  14  15  13   5   5   6   8   5  -2  -2  -4 -12 -10   0
DST1604*11  X220   0  -7  -5  -4  -3  -3  -1   4   9  11   9   4   6   6   6   5   3   1   7   3  -1  -3   0   0  -5   2
DST1604*12  X220   0  -2  -5 -11 -14  -7  -6   0   3   3   3  -2  -4  -9 -14 -11  -9  -6  -8 -11  -7 -10 -20 -35 -43  -9
DST1604*13  X220   0 -47 -56 -55 -51 -55 -56 -51 -43 -39 -29 -26 -25 -30 -29 -32 -36 -36 -31 -30 -40 -36 -32 -31 -35 -39
DST1604*14  X220   0 -33 -35 -33 -29 -29 -29 -27 -20 -12 -16 -26 -35 -37 -39 -45 -53 -51 -51 -54 -60 -61 -52 -50 -44 -38
DST1604*15  X220   0 -41 -44 -37 -30 -29 -27 -23 -23 -20 -16 -16 -12 -10  -4   2   2   1  -2  -1   1   0  -5  -6  -6 -14
DST1604*16  X220   0  -5  -6  -9 -11 -10  -9  -9 -10 -15 -19 -18 -13  -7  -4  -6 -11 -15 -15 -23 -37 -55 -58 -55 -45 -19
DST1604*17  X220   0 -39 -34 -19 -22 -30 -29 -30 -29 -26 -24 -26 -25 -19  -9 -12 -17 -18 -16 -15 -10 -13 -15  -7  -1 -20
DST1604*18  X220   0   2  -2 -12 -12 -10  -8  -9  -4   1   0  -4  -6  -8  -8  -7  -8  -8  -9 -10 -15 -14 -13 -13 -10  -8
DST1604*19  X220   0  -8  -8  -9 -11 -12 -11 -10  -7  -3  -1  -2  -3  -5  -7  -1   0  -1   0   0   0   0  -2  -1   2  -4
DST1604*20  X220   0   3   3   2   1   0  -2  -1  -5  -9 -12 -11  -6  -7  -4  -5  -9  -8  -7  -7  -9 -10  -8  -6  -3  -5
DST1604*21  X220   0  -2  -4  -4  -5  -4   0   6   8  13  14   5   5   8   9  12  11  11  10   6   4   2   4   6   7   5
DST1604*22  X220   0   7   0  -3  -1   0   1   1   6   8  10  10  14  20  21   8   6   1   3   1  -1  -4 -14 -12 -11   3
DST1604*23  X220   0 -10 -11 -10 -12 -10  -2   3   5   7   8   8   5   4   0   1   6   9  13  12  -1  -4 -14 -14  -8  -1
DST1604*24  X220   0  -3  -1   0  -3  -5  -6  -7  -4  -1   1   0  -1   0   1  -5  -7 -16 -12  -9 -15 -14 -13 -11  -7  -6
DST1604*25  X220   0  -6  -5  -4  -2  -2  -4  -3  -4  -5  -4  -5  -1   1   5   3  -1  -2  -1   0  -1  -4  -6  -6  -5  -3
DST1604*26  X220   0  -6  -5  -4  -4  -3  -2   0   1   3   1  -4  -4   0   0   0   2   2   2   1   0  -7 -13  -5   1  -2
DST1604*27  X220   0   3   4   3   0  -3  -3  -4  -7  -5  -3  -2  -3  -2   1   0   0  -1   1   3  -3 -10 -16 -16  -9  -3
DST1604*28  X220   0  -4  -3  -4  -3   1   2   0  -3  -6  -9  -9  -8  -4  -2   3   3   4   4   0  -3  -5  -3  -1  -2  -2
DST1604*29  X220   0  -2  -3  -2   1   3   3   5   5   5   3   2   5   6   8  11  12  11  12  14  17  15  13  11  10   7
DST1604*30  X220   0  11  12  13  15  17  19  19  22  15   9   7   4   3   2   4   5   2  -1  -7 -12 -13 -10 -12  -8   5

