DST1608*01  X220   0  -2  -3  -2  -1  -1  -1  -1   0   1  -1  -3  -2  -4  -3   1   3   4   3   4   2   2   1   0   2   0
DST1608*02  X220   0   4   5   8   8   7  20  15  14  16  22  29  33  38  42  47  39  39  27  26  30  34  19  -8 -16  21
DST1608*03  X220   0 -14  -1  12  10   3 -17 -43 -37 -24 -37 -51 -51 -39 -45 -50 -52 -50 -49 -41 -36 -32 -32 -29 -27 -31
DST1608*04  X220   0 -24 -22 -22 -23 -23 -22 -16 -19 -22 -27 -20 -16 -16 -16 -24 -31 -29 -28 -30 -27 -21 -19 -16 -16 -22
DST1608*05  X220   0 -16 -14 -13 -10 -16 -22 -26 -26 -27 -25 -23 -21 -19 -17 -18 -20 -20 -18 -16 -16 -17 -24 -30 -25 -20
DST1608*06  X220   0 -21 -22 -20 -18 -19 -18 -19 -19 -21 -20 -20 -22 -20 -19 -20 -21 -25 -20 -13 -11 -10 -13 -22 -18 -19
DST1608*07  X220   0 -17 -19 -17 -16 -15 -15 -16 -15 -13 -11 -11  -8  -9 -14 -11 -17 -16  -9  -4  -8  -8  -8 -16 -21 -13
DST1608*08  X220   0 -19 -19 -22 -25 -28 -27 -24 -23 -17 -12  -8  -3   0   0  -6 -13 -24 -21 -20 -12  -6  -8 -11 -11 -15
DST1608*09  X220   0  -9  -7  -6  -6  -8  -8 -10  -7  -6 -12 -13 -13  -7 -12 -16 -21 -21 -21 -17 -12 -10 -15 -22 -25 -13
DST1608*10  X220   0 -23 -18 -16 -13 -10 -12 -17 -18 -21 -28 -21 -17 -13 -13 -14 -17 -15 -16 -18 -17 -20 -27 -23 -23 -18
DST1608*11  X220   0 -18 -11  -7  -4  -4  -5  -5  -4  -1  -1  -3  -3  -6  -4  -2  -3  -6 -13 -18 -17 -18 -14 -17 -14  -8
DST1608*12  X220   0 -12 -15 -20 -23 -27 -26 -18 -18 -18 -17 -14 -13 -14 -14 -17 -16 -15 -13 -13 -11 -12 -15 -15 -13 -16
DST1608*13  X220   0 -11 -12 -14 -12 -11 -13 -12 -10 -10 -10  -8  -9 -10  -7  -8 -12 -16 -16 -15 -13 -14 -17 -18 -14 -12
DST1608*14  X220   0  -9  -4   0   0  -1  -1   0  -1  -1   1   2   1   0  -2  -3  -3  -3  -3  -5  -7  -4  -4  -5  -4  -2
DST1608*15  X220   0  -4  -3  -4  -3  -2  -4  -6  -5  -2  -3  -2  -1  -1  -1   0  -1  -1  -2  -2  -1   0   0   0   1  -2
DST1608*16  X220   0   2   1   3   1   0  -3  -6  -6  -5  -4  -1   1   2  -3  -4  -5   0   5   9  12  15  10  -2  -7   1
DST1608*17  X220   0   0  11  12   7   2   0  -4  -3  -2  -1  -2  -2  -4  -4  -2  -4  -2   0   1  -5  -7 -11 -17 -14  -2
DST1608*18  X220   0 -12 -10  -9 -13 -20 -19 -21 -24 -23 -21 -14 -10  -7  -6 -11 -13  -8  -4  -2  -6 -10 -14 -13  -9 -12
DST1608*19  X220   0  -6  -5  -5  -2   1   2   2   0  -5  -8  -8  -5  -5  -2  -4 -10  -9  -4  -3  -3  -5  -8  -9  -9  -5
DST1608*20  X220   0 -11 -10 -12 -10  -6  -3  -5  -7  -9  -5   2   4   3   1   1   1   4   7   9   9   6   3   2   2  -1
DST1608*21  X220   0   2   3   4   7  10  16  18  18  20  18  22  26  24  25  22  12  17  17  15  15  13   6  -1  -1  14
DST1608*22  X220   0  -1  -2  -3  -3  -1   3   3   1   1   0   2   6   7   6   4   1   0  -2  -1   1   1  -2  -5  -7   0
DST1608*23  X220   0  -9  -8  -6  -4  -1   3   5   9   9  10  11  17   3 -12 -24 -29 -26 -26 -28 -43 -60 -73 -64 -46 -16
DST1608*24  X220   0 -33 -39 -35 -36 -32 -32 -33 -28 -25 -23 -28 -32 -37 -32 -28 -26 -25 -26 -25 -26 -29 -29 -26 -21 -29
DST1608*25  X220   0 -16 -15 -18 -20 -19 -18 -11 -11 -19 -23 -19 -16 -15 -13 -19 -18 -17 -16 -10 -14 -11 -11 -14 -12 -16
DST1608*26  X220   0 -20 -19 -20 -20 -15 -11  -6  -2  -1  -3  -3  -4  -7  -8  -9 -12 -13 -12 -12  -9  -5  -4  -3  -3  -9
DST1608*27  X220   0  -6  -6  -6 -10 -13 -10  -5  -5  -5  -7  -7 -10  -9  -7  -8  -7  -3   0  -1  -2  -1   0   2   2  -5
DST1608*28  X220   0   2   2   1   0  -1  -1  -2  -2  -3  -4  -5  -8  -7  -4  -1   0   2   5   6   7  10  14  15  16   2
DST1608*29  X220   0  11   8   7   4   6  10  12  14  12  13  18  20  13  12   4   0   2   4   5   6   4   9  11  12   9
DST1608*30  X220   0   9   1  -8  -8  -7  -8  -9 -16 -15 -10  -4  -2  -4  -6 -20 -27 -18 -13 -13 -13 -14 -19 -13  -8 -10
DST1608*31  X220   0  -5  -8  -9  -7  -5  -5  -4  -3   0   3   5   3   1   0   0   2   3   9   7   1  -7 -11 -14 -15  -2

