DST1606*01  X220   0 -16 -13 -12 -15 -17 -16 -12  -9  -7  -5  -5  -6  -9 -11 -11  -7  -6  -7  -6  -6  -8  -7  -4  -3  -9
DST1606*02  X220   0  -2  -3  -4  -3  -5  -8  -6  -5  -5  -5  -6  -9 -10 -11 -11  -9  -8  -7  -5  -4  -4  -3  -3  -3  -6
DST1606*03  X220   0  -5  -2   0   1  -2  -2  -1  -1   2   3   2   4   4   2   1   1   2   2   1  -1   0  -1  -2  -1   0
DST1606*04  X220   0   0  -2  -2   1   2   3   3   3   4   7   8  10  12  15  14  11  10   9   8   7   5   6   6  14   6
DST1606*05  X220   0  18  16  16  14  15  18  23  32  34  17   8  12  13  21   7 -10 -12  -7  -3  -5 -21 -31 -24 -28   5
DST1606*06  X220   0 -25 -29 -35 -35 -35 -39 -41 -39 -41 -35 -35 -37 -34 -29 -28 -30 -32 -33 -28 -24 -21 -18 -18 -16 -31
DST1606*07  X220   0 -14 -15 -15 -13 -11 -11 -11 -10 -10 -10 -10 -11  -9 -10 -12 -10 -11  -9 -11 -11 -12 -18 -21 -21 -12
DST1606*08  X220   0 -22 -22 -21 -25 -25 -23 -18 -14 -12 -12 -12 -12 -12 -14 -13 -12 -12  -9  -8  -9  -9 -10  -9 -13 -15
DST1606*09  X220   0 -14 -14 -12 -13 -11 -11  -9  -6  -4  -4  -4  -5  -7  -9  -9  -8  -9  -8  -8  -8  -4  -5  -5  -4  -8
DST1606*10  X220   0  -4  -2  -3  -1  -2  -2   0   1  -1   0   7  14  20  20  15  14  16  17  16  17  14   6   9   7   7
DST1606*11  X220   0   2  -7  -8  -5  -5  -7  -9 -10 -11 -10  -7  -8  -6  -3  -2  -1  -8  -7   0   0   3  -1  -1  -2  -5
DST1606*12  X220   0   3   5   4   2   3   4  -2  -6   1   9   8   9  11  11   5   5   7   8   3   5   4   2  -2  -3   4
DST1606*13  X220   0  -2   0   1  -1   3   2   1   2   2   0   0   7  10  10   7   5   4   3   1   0  -3  -3  -1   1   2
DST1606*14  X220   0   0  -3  -5  -1   0   0   0   0   4   1   0   6  15  16  13  11  16  22  20   3   0 -17 -16  -7   3
DST1606*15  X220   0  -8 -13 -15 -12 -13 -13 -14 -12 -13 -12 -11  -5   4   6   6   6   2  -1  -1   1   0  -3  -5  -6  -6
DST1606*16  X220   0  -5  -3  -3  -1   0   0  -2  -5  -4  -3  -3  -1   2   2   0  -4  -3  -4  -4  -4  -2   3   4   2  -2
DST1606*17  X220   0   0   1   3   2   1  -5 -12  -8  -6 -11 -12  -9  -2   0   0  -1  -3  -5  -7  -7  -5  -3  -2  -1  -4
DST1606*18  X220   0  -6  -6  -3  -8 -14 -12  -8  -8  -6  -5  -7  -7  -4  -4  -5  -8  -5  -2   1   0  -2   0  -1  -3  -5
DST1606*19  X220   0  -7 -10  -8  -5  -5  -9  -8  -6  -5  -4  -2  -3  -4  -3   0   2   3   1  -1  -3  -2  -1   1   3  -3
DST1606*20  X220   0   7   8   9   6   6   5   4   2   1   2   2   3   4   3   3   4   3   4   4   5   6   3   0  -1   4
DST1606*21  X220   0  -2  -2  -1   0   3   3   4   1  -2   2   2   1   0  -1   2   2   3   4   6   5   7   5   4   4   2
DST1606*22  X220   0   3   1  -1   1   3   8   7   7   8  13  16  15  15  13  14  14  14  12   9  -1   6  -8  -5  -8   7
DST1606*23  X220   0  -6  -8  -1  -4  -4   3   9  14  10  10  11  11  11   7   6   7   4  -1  -2   1   2   4   3  -4   3
DST1606*24  X220   0 -17 -25 -29 -26 -16 -17 -24 -24 -19 -17 -13  -7  -6  -9 -11 -12 -13 -18 -19 -19 -16 -16 -18 -17 -17
DST1606*25  X220   0 -16 -19 -21 -18 -19 -20 -19 -17 -14 -12 -13 -12  -8  -6  -7  -8  -9  -7  -5  -3   4   5  -1  -4 -10
DST1606*26  X220   0  -3  -4  -3  -1  -1   3   1   2   2  -1  -5  -3   2   1   0   0  -1   1   0   1   1  -4 -11 -16  -2
DST1606*27  X220   0 -22 -21 -17 -16 -17 -14 -14 -16 -11 -12  -9  -7  -6  -8  -6  -3  -3  -4  -3  -1   0   1  -3  -6  -9
DST1606*28  X220   0  -5  -7  -6  -5  -7  -7 -10 -10 -11  -9  -5  -5  -3  -1   0   0  -3  -4   0   2   4   7   5   1  -3
DST1606*29  X220   0  -4  -4  -4  -4  -4  -3   0  -2  -4  -5  -1   4   6   4   2  -2  -4  -5  -5  -4   1   5   6   2  -1
DST1606*30  X220   0  -2  -3  -1  -3  -2  -1   3   4   3   3   6   9  10  12  12  12  10  14  15   7   2   1   1   0   5

