DST1612*01  X220   0   2   4   7   4   2  -4  -7  -5  -4  -2  -1   2   5   8   8   6   6   7   8   6   7   8   8   7   3
DST1612*02  X220   0   4   0   0  -2  -3  -2  -5  -5  -5  -2   0  -1   0   0  -1  -2  -4  -2  -1  -1  -2  -1  -1  -3  -2
DST1612*03  X220   0  -4  -3  -2  -2  -1  -1   0   0   0   0   1   2   3   3   0   0   1   3   4   6   6   8   9   7   2
DST1612*04  X220   0   5   5   6   6   7   8   7   6   5   4   2   4   7   6   7   9  13  18  20  20  20  20  18  15  10
DST1612*05  X220   0  14  13  12  10   5   6   4   3   4   7   9  10  12  11   7   6   7   5   6   6   7   8   5   9   8
DST1612*06  X220   0  14  14  14  13  15  16  15  15  16  15  17  16  -3  -5 -10 -10  -5  -1  -5  -8  -9  -7  -4   0   5
DST1612*07  X220   0   2   2   0  -4  -8 -10 -12 -15 -11 -11 -11 -10  -5  -2   2  -5  -7  -7   2   1  -9  -8  -4  -5  -6
DST1612*08  X220   0  -4  -7  -1   0   2  -1  -9  -6  -3  -2 -20 -14 -13 -15 -15 -23 -23 -23 -20 -16 -21 -17 -21 -19 -12
DST1612*09  X220   0 -14 -15 -14 -11 -12  -7 -15 -20 -16  -9  -4  -5  -7  -8  -9 -12 -10 -17 -37 -39 -35 -32 -35 -31 -17
DST1612*10  X220   0 -26 -26 -24 -24 -21 -22 -22 -25 -25 -21 -20 -18 -17 -16 -18 -22 -21 -19 -18 -20 -25 -22 -18 -15 -21
DST1612*11  X220   0 -10  -8  -6  -9 -15 -15 -12 -15 -14 -16  -9  -9  -7  -6  -9 -18 -17 -14 -12 -11  -9  -6  -1   2 -10
DST1612*12  X220   0   1  -2  -6  -7  -5  -9 -13 -14 -10  -8  -5  -3  -2  -3  -6  -7  -6  -4  -1  -1  -3  -2  -2   0  -5
DST1612*13  X220   0   0  -1   0   0   0  -4  -8 -10 -10  -8  -6  -6  -1  -1  -3  -2  -6  -7  -7  -7  -7  -7  -5  -5  -5
DST1612*14  X220   0  -4  -1   1   0  -2  -4  -6  -5  -2   1   2   1  -1   0   2   1   0  -2  -4  -7  -8  -5  -6  -5  -2
DST1612*15  X220   0  -4  -6  -5  -4  -1  -1   1   0   3   5   2   3   2   3   3   0  -2  -4  -3  -4  -4  -3  -4  -3  -1
DST1612*16  X220   0   0   1   1  -1  -1  -1   0   1   4   6   6   5   5   5   6   5   4   5   5   5   3   2   4   6   3
DST1612*17  X220   0   8   8   9   9   8   6   6   6   6   7   9   7   3   5  10  10   5   2   3  -1   3   7   8   7   6
DST1612*18  X220   0  -2  -9  -6  -5 -10 -11 -17 -20 -10  -3  -3  -5  -8 -10 -11  -9 -11 -10  -7  -7  -4  -4  -8  -7  -8
DST1612*19  X220   0  -5  -5  -1  -2  -3  -8 -11 -11 -11 -10 -10 -11 -14 -16 -15 -14 -13  -9  -6  -2  -1  -4  -2  -3  -8
DST1612*20  X220   0  -6  -8  -5  -2  -3  -2  -4  -5  -6  -3  -2   0  -3  -5  -4  -8 -11  -9  -1   0   1   4  -1  -5  -4
DST1612*21  X220   0  -8  -9  -7  -3  -1   0  -5   1   7  13   0 -13 -13  -5 -14 -31  -6 -36 -28 -34 -39 -35 -33 -33 -14
DST1612*22  X220   0 -29 -29 -36 -28 -24 -32 -38 -38 -33 -29 -31 -27 -25 -24 -29 -26 -24 -22 -23 -21 -24 -30 -28 -26 -28
DST1612*23  X220   0 -22 -18 -22 -25 -19 -21 -23 -25 -19 -19 -18 -26 -23 -22 -22 -23 -23 -26 -26 -27 -39 -36 -33 -29 -24
DST1612*24  X220   0 -26 -26 -29 -25 -20 -23 -24 -24 -25 -26 -22 -20 -19 -17 -12 -13 -17 -17 -19 -18 -16 -12 -10  -8 -20
DST1612*25  X220   0  -4  -3  -9 -11  -6  -9 -14 -14 -14 -19 -25 -20 -20 -18 -21 -21 -26 -28 -27 -22 -18 -16 -19 -19 -17
DST1612*26  X220   0 -20 -18 -14 -18 -20 -24 -23 -21 -21 -25 -27 -23 -28 -24 -23 -27 -29 -23 -19 -19 -21 -22 -21 -23 -22
DST1612*27  X220   0 -20 -17 -18 -16 -14 -16 -19 -20 -16 -16 -15 -13 -13 -18 -17 -16 -14 -12 -13 -13 -14 -18 -19 -18 -16
DST1612*28  X220   0 -15 -13 -11 -12 -11 -13 -14 -15 -14  -7  -5  -7  -9  -7  -7  -8  -9 -13 -11 -12 -11 -10  -7  -4 -10
DST1612*29  X220   0  -3  -8  -9  -7  -6  -5  -7  -8  -9  -9  -9 -10 -12 -14 -14 -16 -19 -19 -16 -13 -12  -9  -8  -4 -10
DST1612*30  X220   0  -2  -3  -3  -3  -4  -4  -4  -3  -3  -5  -5  -2  -3  -2  -1   2   0  -4  -8 -10  -8  -8  -4  -1  -4
DST1612*31  X220   0  -1   2   5   6   2   1   5   7   8   4   3 -11 -20 -28 -21 -19 -13 -11 -13 -17 -25 -25 -13  -9  -8

