DST1601*01  X220   0-116-114-102 -98 -96 -94 -92 -83 -80 -75 -73 -65 -57 -57 -55 -52 -48 -45 -44 -43 -39 -34 -35 -39 -68
DST1601*02  X220   0 -35 -29 -40 -39 -36 -32 -24 -26 -23 -23 -21 -17 -17 -21 -23 -26 -30 -29 -24 -24 -25 -21 -17 -18 -26
DST1601*03  X220   0 -21 -18 -19 -18 -18 -21 -23 -22 -21 -18 -17 -15 -16 -17 -14 -14 -13 -15 -12 -16 -20 -21 -20 -25 -18
DST1601*04  X220   0 -25 -26 -27 -27 -24 -21 -18 -18 -14  -9  -7  -7  -9 -11 -13 -10  -9  -8  -5  -6 -11 -11 -12 -11 -14
DST1601*05  X220   0  -9  -7  -6  -5  -7  -4  -6  -3   4   2   0   0   0   4   6   7   9   4  -3  -5  -1   4   6  10   0
DST1601*06  X220   0   6 -13 -18 -18 -15 -18 -25 -28 -25 -24 -30 -31 -27 -25 -22 -17 -15 -11 -12 -13 -19 -25 -23 -17 -19
DST1601*07  X220   0 -17 -20 -21 -20 -14 -15 -17 -22 -21 -20 -22 -17 -18 -17 -13 -12 -12 -12 -10 -11 -15 -17 -16 -16 -16
DST1601*08  X220   0 -17 -19 -18 -17 -16 -17 -16 -16 -19 -20 -19 -21 -20 -22 -17 -18 -16 -15 -15 -15 -16 -14 -12 -13 -17
DST1601*09  X220   0 -18 -17 -14 -13 -13 -12 -13 -14 -17 -16 -15 -12 -13 -13 -17 -17 -16 -12  -8  -6  -4  -2   0   0 -12
DST1601*10  X220   0  -4 -11 -11  -8  -9  -6  -6  -8 -11 -11 -12 -14 -16 -12  -9  -8  -8  -6  -6  -6 -10 -12 -11  -7  -9
DST1601*11  X220   0  -4  -2  -2  -1  -4  -5  -8 -15 -18 -19 -21 -21 -19 -14 -12 -17 -18 -24 -23 -24 -21 -20 -24 -26 -15
DST1601*12  X220   0 -33 -36 -32 -28 -25 -22 -28 -28 -22 -23 -22 -19 -18 -12  -9 -10 -11 -10 -13 -18 -20 -27 -17 -15 -21
DST1601*13  X220   0 -19 -24 -23 -26 -25 -21 -22 -21 -22 -22 -27 -28 -27 -28 -21 -18 -17 -14 -14 -16 -14 -14 -13 -12 -20
DST1601*14  X220   0 -12 -13 -13 -12 -11 -11 -10 -13 -13 -14 -17 -17 -21 -20 -22 -21 -22 -23 -21 -20 -22 -25 -22 -20 -17
DST1601*15  X220   0 -20 -22 -25 -23 -17 -15 -17 -18 -20 -21 -23 -24 -23 -21 -19 -19 -17 -13 -14 -15 -18 -19 -19 -19 -19
DST1601*16  X220   0 -18 -18 -14 -11  -9  -7  -7  -6  -7  -7  -7  -3   1   6   1  -1  -1  -2  -2  -2   0  -2  -5  -6  -5
DST1601*17  X220   0  -5  -5  -4  -2  -3  -2  -3  -5  -9  -6  -5  -7 -12 -16 -13 -10  -9 -10 -12 -11 -11 -11 -10  -8  -8
DST1601*18  X220   0  -8  -8 -10 -10  -8  -5  -3  -1   2   0  -4  -8 -10 -11  -8  -9 -11 -11 -10  -9  -8  -4  12   6  -6
DST1601*19  X220   0  -3 -10 -13 -16 -17 -16 -18 -17 -21 -17 -14 -13 -14  -7   0  -2  -1   3   7   7   5   4   6   0  -7
DST1601*20  X220   0   4   5   4   3   1  -4 -10 -18 -31 -46 -62 -73 -72 -81 -91 -95-101 -99 -90 -91 -94 -94 -89 -74 -54
DST1601*21  X220   0 -64 -59 -58 -47 -45 -64 -60 -54 -51 -52 -58 -58 -58 -47 -42 -46 -46 -38 -43 -42 -42 -41 -43 -39 -50
DST1601*22  X220   0 -38 -39 -37 -34 -39 -36 -37 -35 -34 -39 -40 -41 -39 -32 -27 -28 -30 -26 -27 -30 -35 -30 -30 -28 -34
DST1601*23  X220   0 -26 -25 -22 -21 -25 -28 -26 -30 -28 -24 -21 -22 -26 -28 -29 -27 -29 -28 -27 -29 -31 -29 -23 -20 -26
DST1601*24  X220   0 -19 -19 -21 -19 -21 -22 -21 -21 -19 -18 -18 -17 -14 -13 -14 -11  -9  -1  -8 -15  -3  -4  -8 -13 -15
DST1601*25  X220   0 -16 -16 -17 -18 -19 -18 -16 -13 -10  -9 -10  -9  -9  -9  -6  -9 -11 -12 -14 -14 -14 -15 -15 -15 -13
DST1601*26  X220   0 -14 -11  -8  -6  -4  -3  -2   0   1  -1  -2   1  -1   1  -1   0  -1  -3  -1  -1  -3  -3  -1  -1  -3
DST1601*27  X220   0   0   0   3   8   5   5   4   7   7   2  -3  -2   1   4   2  -3  -6  -4  -2  -3  -5  -6  -4  -5   0
DST1601*28  X220   0  -7  -6  -2   0   1   2   3   1  -9 -16 -26 -30 -23 -14 -10 -10 -12 -16 -18 -19 -20 -19 -16 -13 -12
DST1601*29  X220   0 -11 -12 -13 -13 -16 -15 -14 -13 -12 -12 -12  -8  -7  -6  -8  -8 -10 -11 -12 -12 -13 -11  -9  -8 -11
DST1601*30  X220   0  -8  -6  -6  -5  -6  -5  -2  -4  -7  -9 -11 -12 -11  -7  -4  -5  -5  -4  -2  -1   0   2   3   0  -5
DST1601*31  X220   0  -3  -6  -5  -5  -7  -9 -16 -19 -22 -24 -27 -31 -27 -20 -15 -20 -27 -32 -32 -34 -39 -44 -43 -46 -23

