DST1602*01  X220   0 -44 -46 -48 -44 -38 -41 -45 -51 -53 -49 -41 -34 -29 -26 -24 -21 -21 -16 -15 -14 -14 -14 -11  -9 -31
DST1602*02  X220   0 -10 -11 -12 -11  -9  -9  -9  -3   1   3   1   5   9  10   9   4   4   5  -1  -1   1 -11 -18 -28  -3
DST1602*03  X220   0 -41 -54 -57 -55 -54 -52 -45 -40 -36 -32 -27 -24 -20 -16 -14 -17 -19 -20 -19 -23 -22 -19 -15 -11 -31
DST1602*04  X220   0 -10 -10 -11 -10 -10  -7  -5  -2   1   3   2  -2   1   2   0   1   0  -1  -1  -3  -3  -3   1   5  -3
DST1602*05  X220   0   5  -4  -8 -12  -9 -14 -16 -13 -12 -14 -14 -15 -12 -13 -10 -10 -15 -18 -20 -20 -18 -18 -14  -8 -13
DST1602*06  X220   0  -4  -3  -5 -10 -15 -16 -15 -13 -11 -10 -13 -10  -7  -5  -6  -9 -11  -8  -5  -4  -5  -3   0  -6  -8
DST1602*07  X220   0  -7  -4  -2  -1  -3  -4   3   1   3  -1  -8 -12 -14 -15 -17 -19 -20 -22 -25 -24 -23 -23 -23 -24 -12
DST1602*08  X220   0 -30 -30 -32 -32 -35 -40 -40 -45 -39 -30 -27 -29 -28 -27 -29 -28 -29 -27 -22 -18 -18 -19 -17 -17 -29
DST1602*09  X220   0 -11  -6  -4   0   3   6   6   0  -3 -13 -24 -20 -15 -13 -14 -15 -18 -17 -11  -8  -9 -13 -15 -14 -10
DST1602*10  X220   0 -14 -15 -13 -11 -10 -12 -15 -19 -25 -27 -23 -18 -14 -14 -16 -18 -17 -15 -12 -11 -16 -20 -22 -25 -17
DST1602*11  X220   0 -24 -23 -21 -19 -18 -20 -25 -29 -33 -32 -30 -26 -20 -14 -20 -23 -28 -29 -22 -16 -18 -21 -33 -44 -25
DST1602*12  X220   0 -45 -42 -31 -29 -24 -17 -13 -12 -11 -17 -36 -42 -30 -16 -13 -14 -15 -19 -15  -3   7  10   9  11 -17
DST1602*13  X220   0  11   8   7  17  20  13  -6 -10  -4  -6 -11 -12  -8  -1   2  -2  -7  -9  -7  -7  -9 -11 -10 -10  -2
DST1602*14  X220   0 -10 -11  -8  -5  -2  -4  -8 -16 -20 -21 -21 -20 -19 -14 -13 -17 -19 -16 -13 -12 -13 -16 -14 -10 -13
DST1602*15  X220   0 -11 -11 -10  -8 -11 -11  -8  -6  -5  -3  -3  -5  -7  -8  -5  -6  -7  -5  -2  -2  -3  -7 -18 -24  -8
DST1602*16  X220   0 -33 -27 -25 -28 -25 -26 -21 -21 -10 -23 -26 -14 -22 -32 -28 -25 -35 -49 -49 -65 -57 -54 -53 -52 -33
DST1602*17  X220   0 -47 -49 -40 -38 -32 -33 -42 -46 -43 -34 -35 -41 -41 -32 -35 -34 -33 -34 -34 -40 -48 -57 -56 -58 -41
DST1602*18  X220   0 -62 -55 -52 -58 -57 -58 -58 -52 -52 -47 -48 -42 -39 -34 -32 -34 -36 -35 -40 -36 -40 -39 -32 -31 -45
DST1602*19  X220   0 -32 -34 -34 -32 -28 -33 -37 -38 -34 -31 -26 -24 -26 -31 -32 -36 -37 -38 -39 -34 -36 -36 -31 -28 -33
DST1602*20  X220   0 -30 -30 -30 -28 -28 -31 -31 -27 -25 -24 -22 -22 -21 -24 -25 -25 -26 -27 -27 -26 -26 -25 -22 -18 -26
DST1602*21  X220   0 -13 -14 -14 -17 -17 -18 -16 -18 -18 -17 -16 -13 -11 -14 -16 -17 -18 -20 -20 -20 -22 -18 -15 -13 -16
DST1602*22  X220   0 -12 -11  -9 -10 -10  -7  -4  -1  -1  -1  -1   0   0  -2  -5  -9  -8  -9  -7  -7  -8  -7  -7  -7  -6
DST1602*23  X220   0  -6  -6 -10  -8  -8  -8  -7  -6  -4  -3  -4  -2  -2  -2  -4  -6  -9 -12 -14 -11 -12 -15 -15 -16  -8
DST1602*24  X220   0 -13 -14 -16 -15 -15 -16 -20 -18 -16 -17 -14 -13 -14 -15 -11 -10 -12 -13 -10 -10 -13 -14 -12 -11 -14
DST1602*25  X220   0  -8  -4  -3  -1   1   1  -3  -3  -2  -1   0   3   0  -3  -2  -1  -3  -3  -3   0   6  12   7  -3  -1
DST1602*26  X220   0  -7  -9 -11  -9  -8 -14 -12  -9  -6  -4  -3  -2  -5  -6  -6  -6  -7  -9  -8  -7  -5  -3   2   6  -6
DST1602*27  X220   0   8   9   7   6   0  -7 -10 -10  -6  -4  -4  -8  -5  -5  -1  -2  -2  -3  -1  -1  -1   1   5   6  -1
DST1602*28  X220   0   6   3   1   1   2   5   6   4   6   7  10   9   4  -3  -6  -3  -2  -2  -2  -1  -1  -3  -7  -9   1
DST1602*29  X220   0  -7  -4  -3  -3  -1   1   2   4   2   0   0   2   2   3   7   9  10  11  15  20  23  19  10   0   5

