DST1611*01  X220   0 -25 -22 -23 -24 -23 -21 -20 -23 -26 -25 -21 -24 -30 -31 -33 -34 -30 -25 -15 -12 -14 -14 -13 -22 -23
DST1611*02  X220   0 -25 -18 -15 -15 -16 -20 -23 -23 -19 -16 -16 -15 -21 -29 -36 -39 -37 -33 -30 -25 -22 -24 -33 -34 -24
DST1611*03  X220   0 -29 -25 -26 -32 -38 -41 -42 -46 -49 -42 -45 -35 -37 -34 -34 -35 -33 -33 -28 -26 -27 -25 -24 -20 -34
DST1611*04  X220   0 -19 -21 -20 -19 -19 -22 -28 -28 -27 -23 -20 -17 -15 -13 -14 -15 -14 -12 -11 -12 -13 -15 -12 -11 -18
DST1611*05  X220   0 -12 -10  -9 -12 -11 -13 -16 -16 -16 -15 -13 -13 -12  -9  -7  -8  -7  -6  -7  -7  -8  -7  -7  -8 -10
DST1611*06  X220   0  -8  -7  -7  -5  -4  -5  -8 -10  -9 -11 -12  -9  -6  -4  -5  -8  -8  -7  -7  -7  -7  -5  -7 -11  -7
DST1611*07  X220   0 -11  -9  -8  -7  -5  -4  -2   1   1  -2  -1   0   1   5   3  -3  -5  -4  -5  -5  -2   0   0  -1  -3
DST1611*08  X220   0  -3  -5  -5  -4  -3  -1  -2  -2   1   1  -1  -1  -2  -4  -4  -4  -5  -6  -5  -4  -3  -2  -2  -1  -3
DST1611*09  X220   0  -1   0   2   2   3   5   9  15  14   6  -5  -9  -8  -4  -2  -3  -5  -3  -3   1   3   4   1   1   1
DST1611*10  X220   0   0   0  -4   0  -7  -7  -4  -4  -6  -6  -8 -17 -21 -22 -34 -49 -57 -60 -54 -49 -45 -37 -36 -42 -24
DST1611*11  X220   0 -46 -39 -34 -30 -30 -29 -30 -30 -26 -25 -29 -24 -19 -13 -14 -14 -13 -17 -16 -14 -10  -6  -5  -7 -22
DST1611*12  X220   0  -7  -7  -2  -2  -5 -19 -13  -9  -5  -6 -11 -18 -15 -14 -14 -15 -21 -23 -24 -26 -26 -21 -17 -20 -14
DST1611*13  X220   0 -20 -17 -20 -21 -19 -18 -17 -20 -26 -22 -21 -21 -17 -19 -17 -17 -21 -18 -16 -17 -20 -24 -21 -14 -19
DST1611*14  X220   0 -12 -14 -17 -16 -14 -11 -13 -16 -20 -17 -19 -16 -12 -11 -10 -12 -16 -13 -13 -11 -10  -9 -13 -12 -14
DST1611*15  X220   0 -14 -13 -14 -15 -14 -13 -12 -17 -18 -19 -20 -21 -18 -13 -11 -10 -13  -9  -6  -6  -6  -6  -6  -7 -13
DST1611*16  X220   0  -7  -8  -7  -8  -7  -8 -10 -10  -9  -5  -3  -4  -1   3   2   0  -1   1   1  -2  -1   0  -3  -4  -4
DST1611*17  X220   0  -1  -2  -2   1   0  -1  -4  -7  -6  -6  -5  -6  -5  -3  -3  -5  -8 -10 -10 -10  -7  -6  -7  -6  -5
DST1611*18  X220   0  -8  -9  -9  -6  -5  -3  -4  -4  -4  -5  -6  -8  -5  -3  -3  -4  -4  -2  -1   0   3   4   3   1  -3
DST1611*19  X220   0   1   2   2   1   0   0   0   1   1   2   3   7   8   8   8   9   9   7   6   8   7   9   6  10   5
DST1611*20  X220   0  11  10   9   8   9  13  11  11  12  11   8  10   5   4   3   4   3   5   7   8   6   6   3  -1   7
DST1611*21  X220   0  -2  -4  -5  -7  -4  -1   3   1   0   5  10   8  10   8   9  10   9   6   1  -4  -7  -8  -4  -3   1
DST1611*22  X220   0  -4  -4  -9  -8  -5   1   3   1  -2  -4   2   6  11   5   0  -2  -6  -9  -7 -12  -3  -8  -1   0  -2
DST1611*23  X220   0 -13 -25 -29 -28 -26 -26 -26 -23 -22 -21 -18 -13 -14 -12 -13 -16 -15 -14 -16 -12 -11  -8  -2  -4 -17
DST1611*24  X220   0 -11 -11 -10  -8 -10 -12 -21 -30 -23 -22 -25 -33 -32 -33 -32 -38 -36 -30 -28 -23 -19 -21 -22 -33 -23
DST1611*25  X220   0 -35 -32 -38 -42 -41 -45 -45 -39 -33 -31 -31 -30 -26 -24 -23 -26 -30 -30 -28 -28 -27 -27 -23 -18 -31
DST1611*26  X220   0 -19 -24 -25 -29 -31 -28 -29 -28 -25 -20 -17 -12 -15 -12 -14 -18 -19 -19 -21 -20 -18 -15 -17 -18 -21
DST1611*27  X220   0 -16 -14 -15 -19 -23 -22 -19 -22 -22 -22 -21 -19 -16 -12 -10 -14 -18 -17 -15 -13 -12 -10  -9  -9 -16
DST1611*28  X220   0 -13 -15 -14 -13 -13 -12 -13 -15 -16 -15 -13 -11  -7  -5  -5  -5  -4  -7  -5  -3  -7 -13 -15 -13 -11
DST1611*29  X220   0 -11 -11 -12 -15 -17 -14 -12 -14 -17 -17 -18 -13  -7  -7  -5  -7  -9  -8  -5  -4  -2  -1  -1  -2 -10
DST1611*30  X220   0  -7  -7  -6  -8  -9  -7  -8  -9  -8  -8  -6  -5  -6  -6  -4  -2  -2  -1  -2  -3  -5  -3  -1   0  -5

