DST1711*01PPX120   0   3   2   1   1   2   6   7   8  11  14  12   8   5   8  11  15  17  18  17  14  10   6   7   7   9
DST1711*02PPX120   0   0  -4 -10  -6  -3  -1   2   2   2   1   4   6   7  10  15  17  16  16  12   9   7   0  -4 -14   4
DST1711*03PPX120   0 -23 -21 -17 -18 -17 -16 -14 -19 -14 -11 -14 -17 -17 -14  -9  -6  -6  -8  -9  -6  -5  -5  -5  -5 -12
DST1711*04PPX120   0  -4  -1   1  -2  -4  -4  -4  -7  -8  -7  -6  -7  -6  -3  -2  -2  -5  -7  -8  -8  -7  -7  -5  -5  -5
DST1711*05PPX120   0  -5  -7  -6  -7  -7  -6  -4  -3   0   3   3   4   3   3   3   3  -1   0   1   2   2   0  -2  -4  -1
DST1711*06PPX120   0  -5  -4  -2  -1   0   0   0   0   1   3   3   4   7   6   6   7   9  10   9   9   9  11  10   9   4
DST1711*07PPX120   0   9  11  16  23  26  21   6   9  -1 -29 -39 -45 -37 -31 -17 -21 -29 -32 -41 -47 -49 -67 -71 -58 -21
DST1711*08PPX120   0 -60 -73 -67 -67 -69 -64 -55 -52 -46 -51 -50 -52 -59 -63 -62 -63 -62 -57 -51 -46 -47 -50 -47 -40 -56
DST1711*09PPX120   0 -39 -42 -44 -47 -44 -45 -44 -46 -47 -48 -43 -41 -41 -42 -41 -36 -34 -35 -40 -39 -33 -29 -33 -27 -40
DST1711*10PPX120   0 -22 -21 -26 -29 -26 -26 -37 -45 -41 -33 -34 -31 -33 -30 -26 -28 -27 -24 -25 -25 -29 -26 -24 -27 -29
DST1711*11PPX120   0 -25 -24 -22 -23 -26 -28 -28 -28 -27 -25 -21 -23 -22 -22 -21 -21 -20 -18 -15 -10  -8 -11 -12 -13 -21
DST1711*12PPX120   0 -15 -15 -13 -14 -16 -15 -14 -14 -15 -16 -18 -19 -18 -17 -16 -16 -18 -16 -12 -11 -12 -14 -13 -12 -15
DST1711*13PPX120   0 -11 -13 -15 -16 -13 -10  -8  -9  -9  -9  -8  -7 -10 -15 -17 -16 -15 -14 -12 -11  -8  -7  -6  -7 -11
DST1711*14PPX120   0 -10 -13 -10 -12  -5  -6 -13 -19 -19 -20 -17 -10  -5  -6  -7 -11 -21 -26 -30 -30 -26 -24 -25 -25 -16
DST1711*15PPX120   0 -24 -21 -19 -19 -20 -22 -27 -28 -30 -27 -11  -7 -14 -12  -8  -4  -5 -17 -10  -1   7  -5  -4   0 -14
DST1711*16PPX120   0   0  -5 -12 -13 -15 -12 -18 -20 -25 -26 -21 -17 -16 -14 -13 -13 -14 -14 -16 -16 -16 -12 -13 -12 -15
DST1711*17PPX120   0 -12 -11 -14 -15 -16 -14 -14 -17 -19 -17 -17  -8  -7  -5   0   0  -1  -1  -1  -1   2   1  -5 -12  -9
DST1711*18PPX120   0 -11 -13 -13 -14 -15 -15 -13 -12 -13  -8  -7  -5  -4  -3  -2   1  -1  -3  -5  -7  -8  -7  -6  -4  -8
DST1711*19PPX120   0  -2   0  -4  -8  -9  -5  -1  -1  -1   1   4   3   4   5   5   6   5   3   5   5   3   2   4   3   1
DST1711*20PPX120   0   2   4   2   3   2   4   5   4   7   9   8   8   8   8  12  14  18  22  14   4   9  12  14   3   8
DST1711*21PPX120   0 -20 -20 -11 -18 -23 -30 -42 -41 -33 -32 -32 -25 -19 -19 -21 -22 -19 -19 -20 -28 -19 -17 -21 -17 -24
DST1711*22PPX120   0 -18 -17 -13 -13 -19 -21 -22 -24 -20 -15 -13 -13  -9  -7 -12 -17 -21 -24 -25 -23 -25 -22 -17 -13 -18
DST1711*23PPX120   0 -13 -13 -13 -14 -13 -12 -10 -11 -13 -14 -12 -11 -12 -10 -10  -9 -10 -11 -10 -14 -15 -15 -14 -12 -12
DST1711*24PPX120   0 -11 -10 -14 -17 -17 -17 -16 -18 -16 -13 -12 -10  -7  -4   1   1   1   3  -3  -6 -13 -15 -21 -21 -11
DST1711*25PPX120   0 -17 -10 -12 -18 -22 -22 -22 -21 -17 -15 -16 -17 -19 -20 -17 -14 -14 -10  -8  -6  -5  -6  -7  -6 -14
DST1711*26PPX120   0  -5  -3  -3  -4  -3  -2   1   0   3   2   1   1   0  -3  -6  -8  -8  -7  -7  -4  -3   2   2   5  -2
DST1711*27PPX120   0   6   7  10  12  10  10  11  11  13  12   7   6  12  16  20  19  14   7   1   3   7  11  15  13  11
DST1711*28PPX120   0   6 -11 -19 -19 -12  -7  -9 -11 -11 -12 -11 -15 -16 -10  -5  -2   0   7   6   6   9   8   8  10  -5
DST1711*29PPX120   0  10   7   3   1   0   1  -2  -8  -1   1   3   5   6   4   7   7   7   6   6   8   7   3   1   6   4
DST1711*30PPX120   0  11  14   9  -5  -5  -2   4   2   4   3   1   1  -2  -1   1  -2  -8 -10  -9 -10 -12 -11 -10  -4  -2

[Created at Thu Jun 24 09:05:36 UTC 2021]
