DST1706*01PPX120   0   8   8   4   2   1   1   0  -1   4   2   4   4   5  10   9  10  15  22  17   7  -1  -3   3   1   6
DST1706*02PPX120   0  -3  -8 -12 -10  -6  -5  -1  -1  -6  -6  -5  -5  -4  -2  -1   2   1  -2  -2  -4  -6  -5  -4  -4  -4
DST1706*03PPX120   0  -4  -4  -4  -2  -4  -3   0   1   5  14  19  20  11  -5 -11 -21 -26 -19 -19 -16 -19 -15 -12 -12  -5
DST1706*04PPX120   0 -12 -14 -15 -15 -14 -13 -11 -10  -9  -9  -9  -8 -10  -8  -9  -7  -7  -7  -7  -4  -4  -3  -3  -1  -9
DST1706*05PPX120   0  -1  -1  -1  -2  -1   0   0   2  -1  -1   0   5   8  10   6   7   9   6   4   5   4   3   3   1   3
DST1706*06PPX120   0   0   0  -5  -7 -10 -10  -8  -2  -2   1   1  -2  -2   1   2   4   3   3   0   1   0   1   2   2  -1
DST1706*07PPX120   0   0  -2  -4  -6  -1   1   8   7   6   6   4   2   2   4   6   6   2   1  -1  -1   1   2   6   5   2
DST1706*08PPX120   0   7   5   6   4   4   4   3   2   3   2   3   4   3   0   2   4   5   4   4   1   1   3   6   8   4
DST1706*09PPX120   0   5   6   8  10   9   6   6   5   5   5   5   5   6   8   6   5   3   1   0  -2  -4  -2   0   1   4
DST1706*10PPX120   0   2   4   6   7   6   5   4   4   5   5   6   9  12  14  13  11  11   9   7   6   7   7   8   6   7
DST1706*11PPX120   0   6   8  12  15  15  11  11   7   3  -1   0   4  13  22  24  13   6  -2  -7 -11 -12  -8  -8  -9   5
DST1706*12PPX120   0  -8  -6  -7  -7  -7  -7  -6  -4  -3  -2   0   1  -2  -1  -6  -8  -2   0   0  -2  -7  -7  -2  -5  -4
DST1706*13PPX120   0  -8  -5  -6  -6  -4  -2   1   2   2  -1  -2   2   3   4   2  -1  -2  -4  -6  -6  -5  -3  -4  -2  -2
DST1706*14PPX120   0  -2  -3  -5  -3  -3  -6  -5  -3  -2  -2  -2  -6  -8  -8  -6  -4  -4  -7  -7  -7  -3   0   1  -1  -4
DST1706*15PPX120   0  -1  -2  -2   4   5   3   3   4   5   6   7   7   9   9   6   5   6   6   5   5   5   9  12  15   5
DST1706*16PPX120   0  15  16  17  22  25  22  27  31  18  -4  -2   2   5   6  -2 -15 -22 -15 -19 -24 -23 -19 -22 -31   0
DST1706*17PPX120   0 -31 -28 -21 -20 -24 -20 -15 -12  -7  -8 -15 -15  -9 -10 -12 -14 -14 -12  -8 -12 -16 -12 -10 -11 -15
DST1706*18PPX120   0 -14 -22 -26 -22 -18 -15 -12 -11 -17 -17 -14 -13 -15 -17 -19 -20 -22 -21 -20 -19 -19 -19 -12 -12 -17
DST1706*19PPX120   0 -12 -14 -14 -11 -12 -14 -16 -16 -16 -14 -12 -12 -10 -12 -16 -18 -17 -19 -20 -21 -18 -12 -10  -9 -14
DST1706*20PPX120   0  -7  -9 -11 -11  -8  -6  -7  -6  -6  -6  -6  -8  -8  -8  -9 -10 -12  -9  -4  -3  -3  -4  -4  -2  -7
DST1706*21PPX120   0  -3  -5  -5  -4  -3  -3  -1  -1   0   2   0  -6  -7  -8 -10  -9  -9  -8 -13 -17 -19 -19 -18 -19  -8
DST1706*22PPX120   0 -19 -19 -17 -18 -19 -21 -18 -14 -12  -8  -7 -10 -12 -12 -11  -9  -5  -2   0   3   8  11  12  13  -8
DST1706*23PPX120   0  18  18  16  16  14  12  13  15  13  13  11   9   6   7   7   7   6   7   5   7   9  14  14   4  11
DST1706*24PPX120   0   3   3   2  -3  -6  -6  -6  -7  -2   2  -4 -10  -6  -1   3   0  -2  -5  -8  -6  -3  -2   2   0  -3
DST1706*25PPX120   0  -2  -1  -2   0  -2 -12 -25 -26 -11  -1  -1  -3   2   5   3   2   0   3   1   0  -6 -12 -10  -6  -4
DST1706*26PPX120   0  -7  -6  -7  -5  -2  -4  -3  -1   1  -2  -9  -7  -6  -2  -4  -6  -6  -8  -5  -2  -4  -1   0  -2  -4
DST1706*27PPX120   0  -4  -6  -7  -8  -8  -7  -7  -5  -5  -2  -1  -1   0   3   1   3   3   1   1   3   1   0   3   3  -2
DST1706*28PPX120   0   5   6   1  -2  -1  -4   1   1  -1   1   2   1   2   3   1  -1  -2  -2  -1   2   3   6   8   9   2
DST1706*29PPX120   0   9  10   8   5  10   8   4   7   5  -1  -1  -1  -4  -2  -1   0   0   2   1  -1  -3  -2   1   4   2
DST1706*30PPX120   0   7   8   5   2   0   2   4   6   9   8   6   7   7   8  10  13  15  13  14  12   8   7  10  13   8

[Created at Thu Jun 24 09:04:52 UTC 2021]
