DST1702*01PPX120   0 -18 -25 -24 -24 -22 -24 -28 -32 -33 -44 -41 -27 -15 -15 -13  -9 -13 -15 -15 -11 -13 -19 -28 -28 -22
DST1702*02PPX120   0 -20 -21 -19 -21 -22 -24 -21 -22 -23 -20 -19 -23 -23 -19 -17 -17 -19 -27 -28 -26 -24 -22 -26 -24 -22
DST1702*03PPX120   0 -21 -17 -18 -20 -23 -20 -21 -28 -34 -35 -31 -26 -23 -23 -23 -25 -29 -31 -27 -25 -19 -20 -21 -22 -24
DST1702*04PPX120   0 -20 -17 -14 -12 -17 -21 -23 -25 -23 -21 -18 -15 -13 -16 -17 -18 -19 -23 -23 -20 -16 -14 -13 -21 -18
DST1702*05PPX120   0 -26 -28 -27 -18 -13 -17 -14 -12 -10 -17 -14 -15 -23 -23 -18 -14 -16 -25 -27 -22 -18 -14 -11 -13 -18
DST1702*06PPX120   0 -13 -19 -18 -17 -17 -15 -13 -13 -15 -16 -12 -11 -12 -12  -8 -13 -13 -20 -24 -24 -19 -14 -15 -19 -16
DST1702*07PPX120   0 -23 -22 -18 -16 -17 -17 -14 -14 -13 -15 -15 -18 -19 -16 -17 -12 -10 -13 -16 -17 -15 -10  -8  -8 -15
DST1702*08PPX120   0  -7  -7  -7  -6  -6  -6  -6  -6  -3   0  -5  -4  -2  -3  -4  -3  -2  -1   1  -4  -4  -4  -1   3  -4
DST1702*09PPX120   0   3   4   6   4   1  -2  -5  -7  -3  -2  -5   0  -2   0   3   1   2  -4  -7  -6 -12 -14 -15 -11  -3
DST1702*10PPX120   0  -6  -7  -9  -8  -8  -8 -11 -14 -11  -9  -5  -1  -1  -4 -10 -13 -11 -11 -12 -11  -8  -4  -6  -8  -8
DST1702*11PPX120   0 -10 -11  -6  -5  -8 -11 -11 -13 -14 -14 -12 -11  -9  -7  -7  -8  -8  -8  -8  -6  -3   0   0   2  -8
DST1702*12PPX120   0   4   7   9   9   6   5   5   4   2   2   2   1   0  -1  -2  -2  -4  -5  -1   0   0  -1  -2   0   2
DST1702*13PPX120   0   1   3   1  -4  -4  -1  -2  -3  -2  -6  -8  -7  -4  -3  -1   0   0   3   3   4   3   2  -1  -1  -1
DST1702*14PPX120   0   4   5   6   6   5   5   6   8   9   7   7   6   4   3   2   3   4   3   5   7   6   4   0  -3   5
DST1702*15PPX120   0  -3  -3  -2   1   4   7   9   8   1  -1  -2  -2   1   4   4   3   2   2   0  -1  -2   0   3   6   2
DST1702*16PPX120   0   8  11  14  13   8   2  -2  -1  -2  -2   0  -1  -5  -5 -10 -11  -6   4   1  -4  -3   0   3   5   1
DST1702*17PPX120   0   6   5   5   3  -6 -15 -21 -14 -16 -26 -23 -19 -21 -20 -22 -20 -19 -26 -24 -17 -12 -18 -13 -17 -15
DST1702*18PPX120   0 -22 -24 -28 -27 -22 -23 -23 -20 -15 -13 -12 -13 -14 -20 -19 -16 -14 -14 -14  -8   0   3  -1 -13 -16
DST1702*19PPX120   0 -14 -13 -13 -15 -18 -19 -19 -16 -14 -10  -7  -8 -12 -14 -14 -14 -13 -13 -16 -13 -12  -9  -7  -6 -13
DST1702*20PPX120   0  -4  -3  -3  -6 -14 -20 -19 -17 -16 -13 -12 -11 -11 -12  -9  -9 -13 -14 -15 -10 -11  -7  -3  -4 -11
DST1702*21PPX120   0  -3  -2  -2  -2  -7  -6  -4  -4  -2   1   1   1  -1  -4  -4  -4   1   3   5   9  11  13  10   5   1
DST1702*22PPX120   0  -1  -2  -4  -7 -12 -15 -15 -15 -18 -16 -10  -9 -10  -6  -5  -7 -11 -17 -14  -8  -6  -3  -2  -4  -9
DST1702*23PPX120   0  -3  -6  -5   0  -2  -4  -4  -1   0   3   9   8   9   9   9   6  -1 -12 -13 -11  -6  -3  -1  -3  -1
DST1702*24PPX120   0  -7 -12 -15 -11 -16 -24 -19 -16 -14 -16 -15 -13 -14 -14 -10 -12 -15 -15 -14 -11  -8  -6  -6 -11 -13
DST1702*25PPX120   0 -16 -18 -18 -18 -17 -17 -18 -17 -13  -8  -6  -6  -7  -9  -7  -6  -6  -8 -10  -9  -6  -5  -7 -11 -11
DST1702*26PPX120   0 -13 -14 -13 -11 -11 -10 -10  -8  -6  -4  -1   0  -1  -1   1   2   2   2   0   1   3   4   5   3  -3
DST1702*27PPX120   0   1  -1  -5  -8  -7  -4  -6  -7  -5  -2  -2   0  -1   2   4   3   4   4   2  -4 -11 -13 -13 -13  -3
DST1702*28PPX120   0 -12 -13 -17 -18 -14 -10  -9  -7  -9 -12 -10 -13 -11 -12 -11 -13 -14 -16 -16 -14 -16 -10  -6  -5 -12

[Created at Thu Jun 24 09:03:25 UTC 2021]
