DST1801*01PPX120   0  -5  -7 -13 -10 -13 -18 -20 -20 -17 -18 -16 -12  -9  -9 -15 -17 -15 -13 -12  -9  -9  -9  -9  -8 -13
DST1801*02PPX120   0  -7  -5  -3  -5  -6  -8 -11 -12 -10  -9  -7  -7  -3  -2  -5  -6  -5  -7  -5  -2   0  -1   0   1  -5
DST1801*03PPX120   0   2   5   7   6   5   3   1  -1  -4  -8  -7  -3   1   0  -2  -5  -2  -1  -3  -3  -1  -1   0   1   0
DST1801*04PPX120   0   1   2   5   5   3  -1  -7  -8  -7  -7  -8  -9  -9  -7  -8 -11  -8  -5  -5  -6  -8  -8  -8  -7  -5
DST1801*05PPX120   0  -6  -5  -3  -3  -5  -6  -6  -7  -8  -6  -3  -1   0  -4  -2  -3  -5  -5  -5   0   2   2   3   3  -3
DST1801*06PPX120   0   0  -5  -6  -5  -3   1   2   0  -1  -2  -5  -7  -9  -8  -7  -3   0  -1  -2  -2  -2  -1  -1  -1  -3
DST1801*07PPX120   0  -2   0   2   4   5   6   7   5   5   4   2   0   2   2   1   3   2   3   3   3   5   6   7   9   4
DST1801*08PPX120   0   7   7  10  10  11  10  15  32  29  27  26  25  27  18  -1  -9 -12  -8   1   0   3   2  -1  -3   9
DST1801*09PPX120   0  -5 -12 -14 -13 -13 -16 -16 -13 -10  -9  -7 -10 -14 -16 -17 -18 -16 -14 -11  -7  -7  -8  -8  -9 -12
DST1801*10PPX120   0 -14 -12 -13 -12  -8  -6  -6  -7  -7  -5  -6  -5  -3  -3  -7 -11 -11 -11  -9  -7  -5  -4  -4  -5  -8
DST1801*11PPX120   0  -7  -5  -4  -3  -5  -3  -2  -3  -3  -3  -1   2   1   1   1  -1  -1   2   0   0  -1  -1   0   0  -2
DST1801*12PPX120   0  -1  -3  -5  -3  -3  -4  -4  -4  -3  -3  -4  -5  -5  -4  -2  -1   0   0  -1   0   3   4   2   1  -2
DST1801*13PPX120   0  -1   1   3   4   4   2   1   2   1  -2  -2   1   2  10  11  11  12  13  11   0   6   1   8  13   5
DST1801*14PPX120   0  13   2   3  -3  -7 -10 -16 -20 -21 -19 -17 -15 -16 -13 -15 -13 -13 -13 -13 -11 -10  -9  -4  -1 -10
DST1801*15PPX120   0  -5  -6  -7  -5  -8 -15 -20 -18 -14 -10 -12 -10  -7  -4  -5  -9  -6  -5  -7  -7  -6  -5  -2  -2  -8
DST1801*16PPX120   0  -3  -1   0   1   0  -3  -6  -6  -7  -9  -9 -10  -8  -7  -4  -2  -1  -5  -5  -7  -8  -8  -5  -5  -5
DST1801*17PPX120   0  -4  -3  -2  -3  -4  -5  -5  -3   0   0   0  -2  -1  -2  -1  -2  -4  -6  -5  -6  -5  -4  -2  -1  -3
DST1801*18PPX120   0   1   3   1   1   2   0   0   2   3   4   5   8   9   8   7   6   5   6   8   9   7   4   3   3   4
DST1801*19PPX120   0   4   4   3   0   0  -6 -16 -22 -27 -26 -17  -7  -1   0  -1  -3  -2  -3  -3  -3  -5  -6  -5  -4  -6
DST1801*20PPX120   0  -8  -7  -5  -4  -4  -6 -11 -14 -13 -10  -9  -7  -5  -5  -5  -5  -6  -8  -9  -7  -6  -5  -4  -4  -7
DST1801*21PPX120   0  -4  -3   1   2   3   5   5   4   0  -2  -1  -1   0  -8 -15 -14 -10  -6  -5  -8  -9  -8  -2   0  -3
DST1801*22PPX120   0   0   1   4  -1   0  -3  -9 -16 -19 -22 -16 -12 -11  -9  -8  -8 -11 -17 -20 -21 -19 -16 -16 -17 -11
DST1801*23PPX120   0 -19 -18 -17 -14 -10 -10 -11 -13 -14 -13 -12  -8  -5  -3  -6  -8  -8 -10  -7  -6  -7  -7  -5  -6 -10
DST1801*24PPX120   0  -7  -6  -6  -4  -1   2   3   1   1   0   0   3   4   2  -1   1   4   2   8  12  11   4  -8 -15   0
DST1801*25PPX120   0 -19 -18 -20 -19 -16 -17 -16 -20 -20 -18 -19 -19 -16 -12 -14 -16 -22 -24 -21 -20 -16 -13  -9 -11 -17
DST1801*26PPX120   0 -15 -13  -8  -5  -3   0  -1 -12 -15 -13 -11 -10  -8  -6  -6  -8  -5  -9  -9  -3   2   3   2   0  -6
DST1801*27PPX120   0  -3  -8  -8  -8  -5  -1  -5  -8 -11 -14 -10  -7  -9 -13 -14 -13 -10  -9  -5  -4  -3  -7  -7  -7  -8
DST1801*28PPX120   0  -9  -7  -4  -4  -1   0   0  -1  -2  -3  -1   3   3   0  -1  -5  -3  -4  -4  -2  -1  -3   2   3  -2
DST1801*29PPX120   0   1   1   1  -1   0  -1   0   3   0  -6  -4  -1   3   5   5   3   1   0   2   1   3   3   4   4   1
DST1801*30PPX120   0   3   4   3  -1  -3  -1   1  -3  -6  -7  -4   1   4   2  -2  -2   3   4   5   7   8   7  12  12   2
DST1801*31PPX120   0  11  11  10  10   9   7   3   0   0   0  -2  -3  -6  -4  -7 -11  -9  -9 -10 -11  -9  -8  -6  -7  -2

[Created at Fri Aug 6 01:59:26 UTC 2021]
