DST1802*01PPX120   0  -7  -7  -6  -6  -5  -4  -7 -11 -14 -16 -15 -11  -6  -5  -4  -1  -1  -3  -4  -5  -6 -11 -12 -10  -7
DST1802*02PPX120   0 -10 -11 -12 -12 -12 -10 -10 -12 -16 -17 -16 -12  -9  -7  -7  -7  -6  -8  -5   0   3   6   9   8  -7
DST1802*03PPX120   0   7   5   3   4   4   5   4   0  -5  -8  -7  -6  -5  -2  -2   0   0   2   4   3   6   8   8   4   1
DST1802*04PPX120   0   3   3   3   3   5   9   9   6   2  -1   0   2   5   5   8  11  16  14   9   7   6   8   9   6   6
DST1802*05PPX120   0   5   2  -5  -5  -1   3   3  -3  -9 -14 -14  -9  -8  -8 -13 -13 -13  -9  -4  -5  -6  -5  -4  -2  -6
DST1802*06PPX120   0  -1  -1   2  -1  -2  -2  -3  -3  -6  -5  -3 -10  -7  -8  -8  -6  -4  -3  -6  -6  -5  -4   0   0  -4
DST1802*07PPX120   0  -2  -3  -5  -6  -6  -4  -5  -4  -1   2   2  -1  -5  -7  -6  -5  -4  -4  -3  -2  -2   0   1   2  -3
DST1802*08PPX120   0   2   0   1   2   2   4   4   4   2  -1  -1   2   2   1   2   1   1   0   2   3   2   1   4   4   2
DST1802*09PPX120   0   4   2   2   1   0  -3  -3  -1  -3  -3  -5  -7  -6  -4  -3  -1   1   3   4   5   5   6   5   6   0
DST1802*10PPX120   0   5   9  11  12  12   8   6   7   3   0  -4  -6  -9  -9  -5  -3  -4  -8  -7 -10 -11  -9  -8  -7  -1
DST1802*11PPX120   0  -9  -9  -5  -2  -1  -1  -2  -3  -6  -4  -2  -2  -2   0  -1  -1   0   1   0   0   1   3   3   4  -2
DST1802*12PPX120   0   5   7   6  10  11   9   5   4   4   4   4   9  12  13  14  13  11   9   8   5   8  11  13  14   9
DST1802*13PPX120   0  14  13  10   7   7   8   9   6   7   5   4   4   5   5   3   0   1   2   2   1   0  -1  -4  -7   4
DST1802*14PPX120   0  -9  -5  -2  -2  -4  -5  -4  -2  -3  -4  -5  -4  -2  -1   1   3   3   2   0  -1  -3  -4  -5  -5  -3
DST1802*15PPX120   0   0   5   6   4   2   1  -1  -1   3  10   6   6   8   8   6  -4 -15 -18 -17 -14 -17 -16 -14 -12  -3
DST1802*16PPX120   0  -5   1   2   1  -2   4  -4 -10  -9 -18 -18 -19 -16 -14 -11  -6  -4  -4  -5  -6  -5  -4  -7  -8  -7
DST1802*17PPX120   0  -8  -6 -11 -11 -12 -17 -20 -22 -27 -28 -26 -24 -25 -21 -19 -16 -16 -15 -15 -10  -8  -7  -7  -7 -16
DST1802*18PPX120   0  -7  -8  -5  -2  -4  -5 -15 -17 -17 -18 -27 -24 -17 -16 -17 -19 -20 -18 -16 -14 -14 -14 -16 -12 -14
DST1802*19PPX120   0 -10 -12 -13 -11 -18 -18 -16 -19 -23 -27 -27 -24 -23 -15 -15 -18 -17 -20 -20 -18 -19 -19 -17 -19 -18
DST1802*20PPX120   0 -16 -13 -12 -11 -12 -13 -16 -22 -26 -28 -27 -27 -24 -20 -15 -13 -11 -12 -11  -8 -11 -12 -14 -15 -16
DST1802*21PPX120   0 -14 -12 -11 -11 -11  -6  -1   2  -5 -13 -16 -15 -11 -10  -7  -6  -5  -6  -4  -2  -1  -1  -1  -4  -7
DST1802*22PPX120   0  -8  -9 -10 -10  -9  -5  -4  -6  -8 -10 -13 -11  -9  -4  -2  -2  -1  -6 -11 -11  -8 -12 -11 -13  -8
DST1802*23PPX120   0 -12 -11 -11 -17 -19 -13 -16 -19 -14 -25 -27 -31 -22 -16 -13 -15 -14 -16 -19 -19 -15 -16 -10  -8 -17
DST1802*24PPX120   0 -14 -20 -19 -20 -21 -21 -22 -24 -29 -24 -22 -18 -14 -11 -11 -13 -13 -12 -15 -18 -17 -16 -13 -12 -17
DST1802*25PPX120   0 -11 -11 -10 -10 -10 -10  -8  -5  -7  -9 -11 -10 -10  -8  -8  -5  -6 -10 -12 -15 -15 -12  -7  -5  -9
DST1802*26PPX120   0  -5  -6  -4  -5  -7  -8 -14 -13 -12 -14 -17 -15 -14 -15 -17 -13  -8  -7  -6  -6  -8  -8  -4  -5 -10
DST1802*27PPX120   0  -4  -8 -12 -17 -29 -26 -19 -19 -22 -19 -16 -18 -30 -31 -29 -28 -26 -26 -26 -27 -25 -20 -16 -11 -21
DST1802*28PPX120   0 -10  -7  -6 -10 -13 -13 -18 -20 -20 -19 -21 -20 -20 -18 -15 -13 -14 -15 -16 -16 -15 -15 -13  -8 -15

[Created at Fri Aug 6 01:59:58 UTC 2021]
