DST1810*01PPX120   0 -13 -11  -7  -6  -7  -8  -8  -7  -8  -9 -10 -11  -3  -3  -3  -3  -4  -5  -7  -7  -7  -9 -13 -14  -8
DST1810*02PPX120   0 -15 -16 -12 -13 -14 -15 -12 -12  -6  -3  -3  -4  -1  -1  -3  -1  -1  -2  -6 -12 -14 -14 -15 -14  -9
DST1810*03PPX120   0 -14 -12 -11 -12 -13 -11  -7  -4  -1   0   3   6   7   6   6  10   9   9  12   9   4   1   0  -5   0
DST1810*04PPX120   0  -4  -7  -5  -8  -9  -9  -8  -6  -2  -1   1   3   3  -1  -8  -6  -4  -1   1   2   2   0   0  -1  -3
DST1810*05PPX120   0  -3  -4  -9  -8  -5  -1   1  -3  -8  -4  -1   0   1   7   8  -1  -3  -5  -3  -4  -8  -9  -7  -3  -3
DST1810*06PPX120   0  -2  -2   2   3   3   2   2  -2  -3  -3  -6  -2   1   0  -2  -2   2   4   5   3  -1  -3  -3  -2   0
DST1810*07PPX120   0   0  -1  -1   0   1   1   1   4   8  15  22  13   1  -6  -4 -14 -33 -40 -40 -44 -52 -53 -49 -40 -13
DST1810*08PPX120   0 -34 -30 -29 -37 -40 -38 -36 -36 -36 -35 -36 -43 -37 -35 -37 -35 -30 -28 -31 -29 -28 -27 -26 -25 -33
DST1810*09PPX120   0 -23 -23 -21 -22 -24 -24 -29 -39 -36 -29 -28 -21 -20 -19 -19 -17 -26 -31 -28 -25 -26 -28 -33 -35 -26
DST1810*10PPX120   0 -33 -31 -27 -23 -20 -21 -22 -20 -18 -16 -16 -22 -30 -34 -35 -33 -27 -31 -34 -33 -31 -32 -28 -26 -27
DST1810*11PPX120   0 -33 -41 -41 -37 -32 -31 -33 -32 -29 -29 -24 -20 -21 -19 -20 -17 -16 -17 -15 -16 -21 -25 -25 -24 -26
DST1810*12PPX120   0 -26 -25 -24 -25 -22 -21 -20 -18 -18 -20 -19 -18 -19 -18 -16 -15 -17 -15 -12 -13 -15 -15 -14 -14 -18
DST1810*13PPX120   0 -14 -15 -17 -16 -12  -8  -6  -2   0  -1   0   2  -1  -4  -4  -1 -10 -25 -34 -35 -30 -30 -38 -37 -14
DST1810*14PPX120   0 -33 -29 -25 -24 -21 -21 -22 -23 -21 -18 -18 -18 -15 -14 -12 -10  -9  -6  -4  -5  -6  -7  -7 -10 -16
DST1810*15PPX120   0 -12 -13 -15 -15 -16 -14 -13 -14 -13 -14 -14 -13 -14 -16 -14 -11  -7 -13 -17 -15 -13 -15 -16 -15 -14
DST1810*16PPX120   0 -10  -5  -5  -6  -8 -11 -10 -10 -11 -12  -8  -6  -4  -4  -6  -6  -5  -8  -8  -9 -12 -13 -12  -9  -8
DST1810*17PPX120   0  -7  -5  -3  -4  -8  -7  -7 -11 -10 -10  -9 -10 -10 -12 -11 -11 -10  -9  -6  -5  -5  -5  -4  -3  -8
DST1810*18PPX120   0  -4  -4  -3  -3  -1  -1  -2  -4  -4  -2  -1  -2  -3  -4  -3  -3  -1  -1  -1  -1  -1  -1  -1  -2  -2
DST1810*19PPX120   0  -2  -4  -5  -5  -3  -3  -3   0   2   2   1  -3  -4  -4  -3  -3  -3  -1   1   0  -1   1   2   2  -2
DST1810*20PPX120   0   3   5   7   6   3   2   0   0  -1  -1   0   1   2   2   1   0  -1  -1  -2  -2   1   2   1   3   1
DST1810*21PPX120   0   5   8  10   9  10  11  10  10  13  13  11   3  -4  -8  -6  -4  -4  -2  -1  -2  -2   1   2  -1   3
DST1810*22PPX120   0  -3  -2   2   2  -2   0   0   0   0  -3  -4  -4  -4  -6 -10  -9 -11 -16 -16 -16 -15 -12 -11 -10  -6
DST1810*23PPX120   0 -11 -11  -8  -5  -5  -4  -4  -6  -7  -9  -7  -6  -5  -3  -1   2   5   4   2   4   4   3   3   3  -3
DST1810*24PPX120   0   4   5   5   5   3   1   2   4   4   4  -3  -4  -1   1   3   4   2   1  -1  -5  -4  -3  -4  -3   1
DST1810*25PPX120   0  -1   2   4   2   3   0  -1   0  -2  -4  -1  -1  -2   1   4   5   0  -1  -1  -4  -8  -5  -3  -6  -1
DST1810*26PPX120   0  -5  -3   3   6  11  12  11   5   2   1   1   3   5   1   2   2   2   1   1   1  -4 -10 -10  -8   1
DST1810*27PPX120   0  -6  -5  -4  -7  -7  -7  -9 -13 -13 -11  -7   0   1   0  -1  -1  -1  -1  -2  -2  -1   0  -2  -5  -4
DST1810*28PPX120   0  -6  -7  -5  -1  -1  -1  -1  -1  -2  -3   0   4   4   5   5   4   3   1  -1  -2  -1  -2   2   3   0
DST1810*29PPX120   0   3   2   1   0   0   1   4   5   6   5   7  12  12  14   9   6   5   5   8  10   9   7   7   7   6
DST1810*30PPX120   0   7   5   2   0   1   5   7   6   6   5   5   8   8   8   8   6   5   6   5   4   3   4   8   7   5
DST1810*31PPX120   0   6   4   2   1   2   4   5   5   4   5   9  12  10   8   6   3   3   2   6   7   6   8   9  11   6

[Created at Fri Aug 6 02:01:25 UTC 2021]
