DST1811*01PPX120   0   5   8   6   6   8  10  10   8   1  -1   0  -4  -5  -5  -4  -3   0   5   3  -1  -2   0   2   1   2
DST1811*02PPX120   0   2   3   4   5   5   5   6   8   9   8   7   5   2   0   3   4   5   5   7   6   6   8  11  11   6
DST1811*03PPX120   0   8   7   2   2   2   1   3   4   3   3   4   4   2   1   4   4   5   4   3  -1  -1   3   5   7   3
DST1811*04PPX120   0  10  13  13  13  13  14  15  18  15  16  14   7   0  -3  -9 -15 -20 -22 -32 -38 -27 -19  -6 -15  -2
DST1811*05PPX120   0 -18  -9 -10 -18 -31 -53 -52 -44 -46 -46 -39 -48 -51 -45 -38 -39 -42 -48 -47 -39 -36 -35 -32 -26 -37
DST1811*06PPX120   0 -24 -20 -22 -22 -21 -23 -28 -30 -33 -36 -36 -35 -35 -29 -27 -28 -24 -22 -20 -19 -14 -12 -12 -13 -24
DST1811*07PPX120   0 -15 -14 -16 -20 -22 -23 -23 -22 -23 -23 -22 -21 -20 -18 -18 -17 -15 -11 -10  -8 -13 -18 -19 -14 -18
DST1811*08PPX120   0 -10  -9 -12 -17 -13 -10 -11 -17 -17 -18 -23 -23 -20 -16 -14 -18 -20 -19 -18 -16 -15 -15 -16 -17 -16
DST1811*09PPX120   0 -17 -14 -14 -13 -12 -14 -14 -11 -10 -10 -12 -15 -21 -24 -23 -21 -10 -19 -21 -29 -38 -42 -39 -32 -20
DST1811*10PPX120   0 -25 -20 -14 -12 -15 -16 -13 -11 -10 -14 -18 -22 -23 -23 -22 -18 -15 -15 -17 -26 -24 -20 -20 -13 -18
DST1811*11PPX120   0 -16 -15 -16 -13 -14 -15 -16 -14 -13 -14 -15 -18 -18 -13  -8  -6  -3  -4  -7 -10 -12  -8  -7  -6 -12
DST1811*12PPX120   0  -4  -6  -7  -8  -7 -14 -23 -26 -25 -21 -23 -25 -20 -19 -17 -14 -12 -10 -10 -15 -16 -16 -14 -12 -15
DST1811*13PPX120   0 -14 -12 -13 -14 -15 -14 -12 -11 -12 -13 -11 -11 -13 -14 -13 -13 -11 -11 -10 -10  -7  -6  -6  -7 -11
DST1811*14PPX120   0  -6  -5  -5  -6  -4  -3   0   1   2   0   1   0   0  -1   1   1   2   1   1   0  -2  -5  -7  -7  -2
DST1811*15PPX120   0  -6  -6  -7  -7  -7  -5  -4  -2  -2  -3  -3  -3  -3  -4  -3  -2   0   1   3   2   2   1   1   3  -2
DST1811*16PPX120   0   3   4   5   2   0   0   0  -1   1   2   3   2   0   1  -1  -3  -1   2   2   2   2   2   4   4   1
DST1811*17PPX120   0   5   4   4   3   1  -2  -2  -2  -1   0  -1  -2  -2  -2   0   0   0  -4  -3  -4  -4  -5  -4  -5  -1
DST1811*18PPX120   0  -6  -6  -6  -6  -3  -1   1   1   2   3   2   2   1   0   2   5   5   4   3   4   7   9  11  12   2
DST1811*19PPX120   0  14  13  10   6   3   4   2   1   3   3   4   3   3   2   2  -1  -3  -7  -7  -6  -3   1   4   4   2
DST1811*20PPX120   0  10  10   2   1  -1  -1  -6  -6  -2  -1  -2  -3  -4  -3   0  -1  -1   3   5   6   7   2   3   6   1
DST1811*21PPX120   0  10  13  11   8   9  14  11   5   5   0  -2  -3  -3  -4  -6  -6  -6  -7  -7  -7  -5  -5  -5  -5   1
DST1811*22PPX120   0  -4  -3  -5  -6  -5  -5  -5  -5  -5  -3   0   1   2   2   1   1  -3  -4  -3  -2  -1   3   5   5  -2
DST1811*23PPX120   0   6   7   6   4   5   7   9  11   7   7   8   7   8   6   4   3   5   5   5   4   5   4   6   8   6
DST1811*24PPX120   0  10  10   7   6   7   6   5   5   3   2   6   9  12  12   8   5   3   7  13  11   7   8  10  12   8
DST1811*25PPX120   0  15  16  11   3   3   2   0   1   2  -2  -4  -5  -4  -3   0   3   5   7   6   5   3  -1  -3  -3   2
DST1811*26PPX120   0  -2   0   0   3   4   5   6   4   2   0  -1  -1   1   2   3   3   4   3   2   2   2   3   1   1   2
DST1811*27PPX120   0   3   5   7  11  16  17  13  11  12  12   9  12  13   9  10   7   6   8   8   4   5   3  -2   0   8
DST1811*28PPX120   0   2   1   0   2   4   4   3   2   1  -1  -1   1   1   1   2   3   5   4   4   3   2   1  -1  -4   2
DST1811*29PPX120   0  -4   0   1   2   5   6   5   4   5   4   1  -1  -2  -3  -2  -2   0   1   2   0   2   2   0  -2   1
DST1811*30PPX120   0   1   2   1   3   5   4   4   4   4   6   6   5   4   2   1   1   3   2   4   3   4   4   4   4   3

[Created at Fri Aug 6 02:01:36 UTC 2021]
