DST1803*01PPX120   0  -8  -5  -1  -1  -4  -8 -12 -13 -12 -14 -14 -14 -15 -17 -15 -13 -13 -12 -11 -12 -11 -14 -16 -15 -11
DST1803*02PPX120   0 -11  -8  -2  -1  -2  -5  -7  -7  -8  -9  -7  -6  -8  -9  -9 -10 -10  -8  -5  -6  -9 -12 -13 -11  -8
DST1803*03PPX120   0 -10  -8  -6  -4  -3  -1   0   0   0   3   3   1  -2  -3  -4  -5  -8  -5  -3   3   7  -2  -9 -11  -3
DST1803*04PPX120   0  -1   6   1 -10 -10  -9 -11 -10 -10 -13 -10  -7  -6  -6  -6  -6  -6  -3  -5  -7  -9 -10 -11  -8  -7
DST1803*05PPX120   0  -6  -1   6   7   9  10   7   4   4   5   4   4   3   0   0   5   1   4   7   6   3  -1   0  -5   3
DST1803*06PPX120   0 -10  -6   1   7   9   7   7   8   6   7   8   8   9   7   4   0   0   2   6   9   7   4   2   0   4
DST1803*07PPX120   0   0   1   1   3   3   2   1   4   4   4   5   7   6   4   3   3   4   6   7   4   1  -1  -1  -1   3
DST1803*08PPX120   0   2   5   9  10   9   4  -2   0   3   1   3   4   5   5   5   3   3   6   6  11   9   7   4   1   5
DST1803*09PPX120   0   4  10   6   2  -2   0   1   1  -3  -5  -4  -1   1  -1  -3  -2   1   4  19  26  20  16  19  14   5
DST1803*10PPX120   0  -7 -14 -21 -28 -38 -39 -37 -37 -35 -29 -21 -17 -13 -14 -13 -17 -18 -14  -7  -4   8  12   8   4 -16
DST1803*11PPX120   0   2   5   2   1  -4  -9  -9  -8  -9 -10  -9  -6  -6  -8  -9 -11  -8  -3   1   5   1  -3  -2  -3  -4
DST1803*12PPX120   0  -2  -3   0   0   1   0   1   2   2   1   1   0  -2  -2  -3  -4  -4  -3  -1  -1  -1   1   4   4   0
DST1803*13PPX120   0   3   3   5   7   9  12  11   6   1  -3  -3  -3  -4  -4  -5  -5  -3  -1   0  -1  -1   0  -1  -2   1
DST1803*14PPX120   0  -1   1   5   9  11  11   9   4   0   1   2   4   4   5   3  -7 -16 -12 -13 -20 -27 -32 -24 -22  -4
DST1803*15PPX120   0 -28 -31 -26 -23 -21 -20 -17 -14 -10 -13  -9  -5  -2  -3  -6 -14 -24 -29 -27 -20 -21 -24 -23 -23 -18
DST1803*16PPX120   0 -23 -16 -16 -25 -34 -35 -34 -30 -27 -27 -31 -25 -17 -17 -18 -22 -27 -27 -26 -23 -20 -22 -20 -25 -24
DST1803*17PPX120   0 -24 -28 -27 -31 -29 -25 -25 -24 -20 -16 -13 -13 -13 -13 -12  -9  -8  -7  -3  -3  -6  -9 -10 -15 -16
DST1803*18PPX120   0 -18 -16 -14 -14 -15 -13 -14 -15 -15 -17 -16 -14  -9 -14 -22 -28 -21 -12 -16 -28 -45 -50 -48 -48 -22
DST1803*19PPX120   0 -48 -46 -37 -38 -35 -33 -26 -22 -22 -26 -23 -18 -13 -15 -15 -19 -20 -19 -16 -14 -23 -27 -21 -24 -25
DST1803*20PPX120   0 -25 -25 -25 -22 -19 -15 -16 -18 -19 -21 -19 -17 -16 -17 -18 -19 -16 -15 -13 -12 -12 -14 -17 -19 -18
DST1803*21PPX120   0 -21 -21 -16 -12  -9 -10 -14 -15 -14 -12  -9  -7  -4  -4  -7  -8  -7  -8  -9  -9 -10  -8  -9 -11 -11
DST1803*22PPX120   0 -12 -13 -11 -10  -7  -6  -8  -9  -8  -7  -4  -2   0   0   0  -2   0   5   5  -3 -17 -26 -28 -23  -8
DST1803*23PPX120   0 -21 -22 -21 -15 -17 -15 -11  -9  -7 -14 -22 -18 -14  -9  -5  -4  -8 -10 -11  -7  -8 -19 -24 -18 -14
DST1803*24PPX120   0 -21 -21 -23 -19 -14  -8  -8  -7  -9 -14 -14 -10  -6  -6  -6 -10 -13 -11 -12 -15 -19 -23 -27 -24 -14
DST1803*25PPX120   0 -25 -22 -16 -15 -19 -20 -16 -16 -22 -23 -15 -12  -8 -11 -17 -19 -21 -19 -10  -7  -9 -15 -15 -15 -16
DST1803*26PPX120   0 -12 -15 -19 -21 -20 -21 -18 -13 -12 -17 -20 -19 -17 -19 -21 -21 -20 -22 -20 -18 -19 -17 -18 -18 -18
DST1803*27PPX120   0 -20 -18 -15 -14 -16 -12 -12 -12 -10 -11 -10  -6  -3  -8 -12 -15 -15 -16 -14 -14 -13 -15 -12 -13 -13
DST1803*28PPX120   0 -12 -12 -14 -13 -12 -15 -14 -13 -12  -9 -10  -9  -9  -9  -9 -11  -9  -9  -6  -5  -3  -1  -2  -1  -9
DST1803*29PPX120   0  -5  -6  -6  -5  -4  -2   0   3   7  11  10  10  13  13  16  21  15   8   1  -3  -5  -5  -4  -2   3
DST1803*30PPX120   0   0  -3  -4  -4  -6  -5  -4  -2   0   2   4   1  -2   5   4   3   7   9  12  11  13  12  10   9   3
DST1803*31PPX120   0   8   3  -3  -3   0   0   0   0   1   2   3   5   6   4   3   1  -2  -1  -1   1   5   4   3   4   2

[Created at Fri Aug 6 02:00:07 UTC 2021]
