DST1809*01PPX120   0 -11 -10  -7  -7  -6  -6  -4  -4  -4  -3  -3   0   1  -2  -3  -5  -8  -9  -9  -8  -8  -8  -7  -7  -6
DST1809*02PPX120   0  -8  -9  -7  -7  -6  -4  -2   0   0   0  -1  -2  -2  -2  -4  -7  -7  -6  -7  -6  -7  -7  -4  -3  -5
DST1809*03PPX120   0  -1   0   0   1   0   2   4   3   0   0   1   3   4   3   1   0  -1   1   4   3   3   2   1   7   2
DST1809*04PPX120   0  15  18  13   9   4  -4  -4  -3  -2  -2  -1   1   2   6   5   2  -2  -2  -1  -1  -7  -8 -10 -18   0
DST1809*05PPX120   0 -20 -20 -23 -19 -14 -15 -10 -12 -12 -12 -17 -10  -5  -4  -9 -14 -14 -13 -12 -11 -11 -13 -13 -13 -13
DST1809*06PPX120   0 -11 -10  -7  -6  -8 -11 -13 -11 -10  -8  -6  -5  -6  -9  -9  -7  -5  -5  -5  -4  -4  -1   5  11  -6
DST1809*07PPX120   0  20  17  17  18  21  19  16  10   8   7   4   2  -2  -6  -8  -6  -7  -6  -5  -6  -7  -5  -5  -3   4
DST1809*08PPX120   0  -3   2   5   6   5   4   4  11  11   9   7   0  -2  -2  -1   2   1  -4  -5  -4  -4  -2   0  -1   2
DST1809*09PPX120   0   1   2   4   6   7   8   8   7  11   6   3   4   4   2   3   6   8   3   2   4   2   0  -5  -6   4
DST1809*10PPX120   0  -2   1   3   3   3   1   1   0   3   4   5   3  -6 -19 -21 -17 -20 -26 -31 -24 -23 -32 -48 -50 -12
DST1809*11PPX120   0 -30 -19 -16 -23 -39 -36 -32 -37 -39 -57 -60 -55 -41 -43 -49 -51 -49 -44 -39 -34 -28 -23 -22 -22 -37
DST1809*12PPX120   0 -19 -20 -20 -20 -19 -19 -20 -19 -17 -18 -15 -16 -17 -19 -17 -16 -17 -15 -14 -15 -13 -11  -9 -11 -17
DST1809*13PPX120   0  -6  -7  -4 -12 -18 -23 -22 -18 -14 -12 -18 -23 -23 -26 -23 -24 -27 -21 -18 -18 -17 -16 -17 -18 -18
DST1809*14PPX120   0 -20 -18 -19 -18 -17 -19 -17 -19 -19 -17 -14 -17 -17 -14 -15 -11  -6  -7  -6 -10 -22 -22 -14 -12 -15
DST1809*15PPX120   0 -12 -13 -14 -16 -18 -18 -15 -14 -15 -15 -14 -10 -10 -11 -14 -14 -13 -13 -13 -11  -7  -6  -6  -7 -12
DST1809*16PPX120   0  -7  -9 -11 -12 -11  -6  -4  -3  -4  -6  -4   1   6   6   3   4   6   5   0  -5  -5   1   2   2  -2
DST1809*17PPX120   0   2   3   7  -2   0  -2   0  -3   3   6   4   8  12  12  10  10  10   2  -8  -7  -5 -10  -9  -6   2
DST1809*18PPX120   0  -1   2   3   2   0   1  -4  -9 -15 -15  -8  -5  -3  -1  -2  -2   0  -1  -2  -2   1   1   1   0  -2
DST1809*19PPX120   0  -1   0   0  -4  -5  -5  -5  -8  -7  -7  -6  -4  -3  -1  -1  -2   1   1   0  -1   0   0   0  -1  -2
DST1809*20PPX120   0  -1  -6  -8  -4   1   2   1  -1  -1   0   1   3   3   3   3   4   5   5   5   6   5   7   7   6   2
DST1809*21PPX120   0   6   5   6   6   6   6   4   5   9   9   4   1  -1   2   4   8  12  18  16  15  16  18   8  -3   8
DST1809*22PPX120   0 -13 -16 -26 -37 -36 -35 -34 -41 -36 -34 -27 -27 -26 -29 -19 -13 -13 -19 -23 -30 -25 -18 -15 -10 -25
DST1809*23PPX120   0 -11 -15 -14 -15 -18 -25 -28 -27 -23 -20 -13 -14 -12 -16 -18 -16 -12 -10  -9 -13 -17 -16 -10 -11 -16
DST1809*24PPX120   0  -8   1   6   3   1   3  -2  -5  -8  -5  -6  -1   0  -1   5   8   7   2  -4  -3  -3  -2  -2   6   0
DST1809*25PPX120   0   7  11  13  13  10   8   6   7   9  11  11   8  13  16  16   9   7   6   4   0  -8 -11  -6  -4   7
DST1809*26PPX120   0  -2  -1   0  -1  -2  -5  -7  -7  -2   2   5   7   6   3  -4 -11 -14  -7  -4  -6  -4  -1  -2   3  -2
DST1809*27PPX120   0   5   7   6   4  -1  -2  -2  -3  -3  -2  -2  -1   2   4   3   4   5   4   5  11  13  16  14   9   4
DST1809*28PPX120   0   3  -1  -4  -3  -7 -10  -6  -8  -4   0   3   7   6   6   5   8  10  12  14  15  14  13  10  10   4
DST1809*29PPX120   0   5   8   3   3   2  -2   0  -9 -14 -16 -15 -10  -7  -6  -7  -7  -5 -10 -10  -6  -3   2   0   4  -4
DST1809*30PPX120   0   8   5   3  -4  -4   0   1  -1   0  -1  -3  -1  -1   2   1   2   4   4   1   0   3   4   4   3   1

[Created at Fri Aug 6 02:01:16 UTC 2021]
