DST1901*01PPX120   0  -3  -5  -4  -2   1  -3  -6 -12 -17 -18 -15  -9 -11 -13 -10 -11  -9  -7  -6  -8  -7  -8  -8  -9  -8
DST1901*02PPX120   0  -9 -10  -8  -7  -6  -4  -2  -1  -1  -1   0  -2  -7 -11 -11 -10  -7  -6  -5  -1   0   1  -1  -2  -5
DST1901*03PPX120   0  -2  -3  -5  -7  -8  -8  -7  -6  -2   0   3   5   4   4   6   6   3   2   1   0  -1  -2   2   6   0
DST1901*04PPX120   0   8   6   5   2   0   1   7   8   8   2  -1   9  15  10   9  12  13   5  -6  -8  -4  -4  -2   4   4
DST1901*05PPX120   0 -13 -12 -10 -18 -15 -10  -7  -9 -13 -12  -5 -11 -13  -8  -5  -9 -15 -23 -19 -17 -13 -14 -14 -13 -12
DST1901*06PPX120   0 -10  -9 -10 -13 -11  -6  -8 -10  -8  -8  -7  -4  -6  -9  -9 -10  -7  -7 -10 -15 -14 -10  -9  -8  -9
DST1901*07PPX120   0  -4  -4  -6  -6  -6  -6  -7 -12 -15 -14 -10  -9  -6  -2  -1   1  -1  -2  -1  -2  -1  -2  -2   1  -5
DST1901*08PPX120   0   3   1   1   3   2   0   0   0  -1  -3  -3  -2  -6   0   1   0  -2  -2   0   1   3   3   2   0   0
DST1901*09PPX120   0   2   2   0   2   4   6   3   3  -2   0   3   3   3   4   3   0  -2  -2  -1   1   0  -2  -2  -1   1
DST1901*10PPX120   0  -1  -3  -3  -1   1   0   2   3  -1   1   7  10   9   3   2   5   7   9   6   6   6   3   1   1   3
DST1901*11PPX120   0   2   5   6   1   6   9   4   0  -4  -3  -2  -4  -4  -3  -1  -2  -1   0   2   3   4   3   1  -3   1
DST1901*12PPX120   0  -5  -6  -9  -4  -1  -1   0  -1  -2  -4  -6  -8  -5  -4  -3  -3  -1   0   1   1   0   0  -1   0  -3
DST1901*13PPX120   0   0  -1  -3  -4  -4   1   7   9   9   7   4   4   3   3   4   6   7   7   7   7   9  14  18  23   6
DST1901*14PPX120   0  14  15  15  18  17  16  14  11   5   5   5   1  -2  -2   6   9   9   7   7   8  15  18  14  14  10
DST1901*15PPX120   0   8   6   4   2   2  -1   2   6  12  10   8   3   0   0   5   5   3   0   4   9   8   9   7   7   5
DST1901*16PPX120   0   6   5   5   6   6  -3  -7  -6  -2   1  -1  -1  -2  -2   0   3   2   0  -2  -5 -15 -20 -19 -20  -3
DST1901*17PPX120   0 -15 -11  -9 -10 -12 -10  -9  -4   1   4   4  -1  -3  -6  -6  -9 -10 -12 -15 -11  -5  -6  -3  -5  -7
DST1901*18PPX120   0  -7  -3  -2  -4  -2  -3  -2  -2  -1  -1  -4  -6  -6  -4  -5  -5  -4  -8 -10 -11  -9  -4   1   4  -4
DST1901*19PPX120   0   5   5   1  -3  -4  -3  -2  -2  -2  -1  -1  -4  -3  -2  -2  -2  -5 -10 -13 -11  -9  -7  -4  -1  -3
DST1901*20PPX120   0   4   7   5   2   0   0   0  -2  -1   0  -1  -3  -2  -1   0   1   4   2  -1   1  -1  -3   1   7   1
DST1901*21PPX120   0  11  11  10   6   2   1   2   1   3   3   4   3   2   0  -1   3   5   5   5   7   9  13  15  17   6
DST1901*22PPX120   0  18  18  16  15  14  11   7   2   2   3   4   3   2   5   9   9   6   6   3  -2  -4  -6  -2   4   6
DST1901*23PPX120   0  11  12  11   9   7   7   0  -4   3   3  -7  -8   1   0  -4  -1   6   8  13  13  10   5   3   0   4
DST1901*24PPX120   0  10  10  11   4  -7 -14 -17 -14  -9  -7  -3  -1   0   1   0   4   4   0 -15 -17 -11  -8  -7  -2  -4
DST1901*25PPX120   0   1   2  -3  -6 -11 -15 -15 -11 -12  -5  -5  -6 -10 -10 -12 -10  -5  -7 -10  -7  -4  -5  -3  -2  -7
DST1901*26PPX120   0  -4  -3  -5  -6  -6  -2  -1  -1  -1   1  -1  -2  -4  -6  -7  -6  -5  -5  -8  -8  -7  -6  -2   1  -4
DST1901*27PPX120   0   0  -2  -6  -8  -8  -6  -3  -2   0   2   1  -2  -2  -3  -4  -6  -5  -6  -8  -9  -5  -2  -2  -1  -4
DST1901*28PPX120   0  -4  -4  -4  -4  -2  -1  -2  -2  -2   0  -1  -1   1   5   3   1   1   0  -2  -1   0   1   0  -1  -1
DST1901*29PPX120   0  -1   1   2   2   1   0   3   5   9  10  11   8   8   6   2   0   0   0  -1   0   2   5   6   7   4
DST1901*30PPX120   0   7   7   5   3   1   2   4   3   2   2   4   7   9   9   9  10  10  11  10   8   8  10  11  11   7
DST1901*31PPX120   0  13  17  26  27  26  21  14  13  13  15  14   8   5   4   0  -9  -9 -10   0   3   5  -5 -21 -15   6

[Created at Fri Aug 6 06:50:00 UTC 2021]
