DST1907*01PPX120   0   0  -4  -6  -6  -8 -11 -17 -15 -13  -9  -8  -7 -11 -14 -13 -14 -13 -11  -9  -8 -13 -16 -18 -16 -11
DST1907*02PPX120   0 -14 -11  -9 -10 -12 -13 -12 -12 -13  -9  -6  -4  -8 -11 -12 -13 -15 -15 -13  -9  -6  -3   0   5  -9
DST1907*03PPX120   0   8   8   6   2   1  -1  -3  -8 -11  -7   2   2   4   5   5   5   7   1  -3  -4  -5  -7 -10 -13  -1
DST1907*04PPX120   0 -12 -10  -9  -7  -7  -7  -5  -2  -1   0   1   2   4   2  -2  -4  -5  -6  -4   1   1   1   1   2  -3
DST1907*05PPX120   0   6   9   6   4   4   4   3   2   0   1  -1   0   0  -4  -2   0   0   1   1   0   2   3   1  -2   2
DST1907*06PPX120   0  -1  -2   2   1  -1  -4  -1   2   5   6   5   3   3   3   2   3   3   4   5   5   9  12  12  10   4
DST1907*07PPX120   0   9  10   8   7   8   6   7   4   0  -1  -2  -4  -5  -3  -1   0   2   1  -2  -1   2   2   1  -2   2
DST1907*08PPX120   0  -5  -7 -11 -10 -12 -13 -12 -12 -11 -11 -11 -12 -11 -10 -11 -10  -8  -4  -4  15  36  38  39  31  -1
DST1907*09PPX120   0  19   7  -1  -8 -15 -17 -14 -10 -13 -11 -12  -4  -1  -2  -3   1   1   3   8   0 -16 -11  -8  -5  -5
DST1907*10PPX120   0  -1  -2  -4  -7 -19 -32 -29 -27 -25 -32 -32 -31 -24 -25 -24 -24 -20 -17 -14 -10  -7 -10 -14 -17 -19
DST1907*11PPX120   0 -22 -20 -16 -12 -14 -18 -16 -17 -24 -23 -20 -20 -23 -24 -25 -24 -24 -22 -22 -21 -19 -15 -14 -15 -20
DST1907*12PPX120   0 -14 -16 -16 -16 -18 -19 -21 -20 -24 -25 -21 -22 -23 -21 -19 -18 -17 -17 -18 -13  -8  -3   1   3 -16
DST1907*13PPX120   0   4   4   1  -4  -7  -5  -3  -5  -8 -13 -12 -11 -12 -16 -16 -15 -17 -17 -15 -13  -8  -2  -2  -2  -8
DST1907*14PPX120   0  -1  -2  -3  -8 -11  -9  -7  -8  -5  -5  -5  -5  -7  -5  -5  -6  -4  -3  -3   0   1  -2   1   1  -4
DST1907*15PPX120   0   2   3   0  -6  -7  -3  -2  -3  -2   1  -3  -9  -5  -4  -6  -8 -10 -13 -11  -9  -6  -6  -6  -8  -5
DST1907*16PPX120   0  -6  -2  -5  -8 -12 -12 -11 -13 -11  -9  -8  -7  -7  -6  -5  -5  -4  -2   1   1   2  -1  -3  -5  -6
DST1907*17PPX120   0  -2   1  -4 -11 -14 -10  -2  -6  -7 -10 -12 -11 -10  -8  -6  -5  -4   0  -1   0  -2  -2  -3  -5  -6
DST1907*18PPX120   0  -5  -6  -4  -4  -7  -7  -4  -2  -1  -1  -4  -6  -6   0   1   0  -4  -3   0   2   2   0  -3  -4  -3
DST1907*19PPX120   0  -3  -4  -2   0   0   0  -3  -3  -6  -7  -7  -7  -6  -6  -6  -5  -5  -5  -3  -1  -2  -1  -2  -4  -4
DST1907*20PPX120   0  -4  -3  -3  -2   1   3   2   0  -1  -2   0   1   2   3   5   3   3   1  -3  -5  -3  -3  -2  -1   0
DST1907*21PPX120   0   1   4   4   2   1   3   2   5   4   1  -2  -4  -5  -3  -1   2   1   0   1  12   8   0   4  15   2
DST1907*22PPX120   0  19  20  17  15  12   5  -2  -1  -8 -14 -16 -10 -13 -12  -4  -4  -5  -7 -12 -14 -18 -16 -15 -14  -4
DST1907*23PPX120   0 -13 -12 -12 -10  -9  -5   0   1   2   3   1   9  11  -1  -4  -5  -6  -5  -4  -3  -1  -4  -5  -7  -3
DST1907*24PPX120   0  -6  -5  -2  -4  -3  -4  -3  -2  -3  -3   0   3   3   7   8   4   3   3   0  -5  -6  -6  -5  -2  -1
DST1907*25PPX120   0  -1   0  -2  -4  -5  -5  -4  -5  -5  -4  -3  -4  -5  -7  -7  -6  -3  -1  -1  -1  -2  -2  -2  -1  -3
DST1907*26PPX120   0  -1   1  -1  -2  -3  -1   0   1   3   3   2   4   4   5   5   5   5   5   3   5   3   0   0   3   2
DST1907*27PPX120   0   1  -3  -6  -8  -6  -3   0   3   2  11  10  12  12  10   9  10  10  12   5   1   0  -3  -3  -5   3
DST1907*28PPX120   0  -4  -2   2  -1  -6  -4  -1   2   1   0  -3  -4   0   5  10  15  14   6  -1  -3  -3   0   1   1   1
DST1907*29PPX120   0   1  -3  -8  -9 -10  -4  -2  -3  -1   0   1  -1  -4  -6  -7  -8  -7  -6  -5  -4  -4  -3   0   0  -4
DST1907*30PPX120   0  -1   2   0  -4  -7  -6  -5  -3   1   6   8   7   6   3   8   9   1   1  -4  -6  -4  -1  10   8   1
DST1907*31PPX120   0   4   3   1  -3  -5  -5   1  -1  -3   1   5   3   0   0   1   3   7   8   8   7   7   5   6   5   2

[Created at Fri Aug 6 06:50:46 UTC 2021]
