DST1911*01PPX120   0 -10 -10 -11 -14 -12  -8  -7  -5  -2  -4  -7  -7  -8  -6  -5  -6  -7  -8  -9 -10 -10 -10  -9 -10  -8
DST1911*02PPX120   0  -9  -9  -8  -8  -6  -4  -2  -3  -5  -5  -3  -3  -4  -4  -3  -3  -3  -4  -5  -4  -3   0   1  -1  -4
DST1911*03PPX120   0  -1  -2  -1   2   3   1  -2  -2  -2   0   1   1   1   1   1   1   0   1   0  -1  -2  -1   0   1   0
DST1911*04PPX120   0   1  -1  -2  -3  -4  -2   3  18  19  19  17  10   9   7   6   1  -3  -5  -5  -5  -7 -12  -8  -3   2
DST1911*05PPX120   0   1   0  -4  -3  -3  -2   0   1  -1  -2  -1   2  -1  -5  -7  -9 -12 -10 -12 -13 -13 -10  -8  -3  -5
DST1911*06PPX120   0  -6  -7 -11 -11  -9  -7  -6  -7  -8 -10  -9 -10  -8  -5  -4  -2  -1  -2  -3  -3  -4  -1  -4  -2  -6
DST1911*07PPX120   0   1  -1  -3  -8 -12 -14 -13 -10  -8 -10 -11 -11 -10  -7  -5  -7  -8  -8  -7  -8  -8  -7  -5  -1  -8
DST1911*08PPX120   0   2   1   1  -1   0   1   1   1   2   1   0   0   2   1   0  -4  -7  -7  -6  -7  -5  -6  -4   0  -1
DST1911*09PPX120   0   0   0  -1  -1   1  -1  -3  -2   0  -1  -2  -5  -4  -5  -4  -2  -4  -3   0  -2  -4  -5  -4   0  -2
DST1911*10PPX120   0  -1  -4  -4  -7  -8  -7  -6  -3  -1  -4  -4  -5  -3  -3  -2  -1  -1  -3  -2  -1   1   2   4   9  -2
DST1911*11PPX120   0  10   6   2   2   1   1   3   3   0   5   5  -8 -15 -17 -17 -17 -23 -21 -15 -16 -15 -15  -6  -1  -6
DST1911*12PPX120   0   9   8  -1  -3  -4  -1  -5  -7  -6  -8  -4  -1   2   3   3   4   1  -2  -4  -6  -6  -8  -8  -5  -2
DST1911*13PPX120   0  -3  -2   0  -2  -2   0   1   1   1   0  -1  -2  -2  -3  -5  -5  -7  -8  -7  -5  -3  -3  -1   2  -2
DST1911*14PPX120   0   0   1   2   5   5   3   2   2   7   7   5   5   3   1   1  -2  -5  -4  -2  -2   2   4   6  10   2
DST1911*15PPX120   0  12  13   9   5   3   2   2   4   3   2   1   1   2   3   8  10  12  13  10   8   6   5   6   6   6
DST1911*16PPX120   0   6   1   0   0  -3  -6  -9 -14 -13 -10  -7  -7  -7   1   0   3   1   4  -1  -7  -1   3   3   2  -3
DST1911*17PPX120   0  -1  -2  -2  -4  -4  -5  -6  -8  -7  -8  -8  -9  -8  -5  -4  -4  -1   1   1  -1  -3  -5  -4  -1  -4
DST1911*18PPX120   0   1   3   3   2   0   0   0   1  -1  -2  -1   1   3   4   3   3   3   3   2   0  -1  -1   1   5   1
DST1911*19PPX120   0   6   4   2  -1  -4  -2   3   6   7   5   4   5   5   2   0   0   1   1   2   2   3   1   4   5   3
DST1911*20PPX120   0   6   5   5   5   4   3   3   1   2   3   3   3   3   3   4   7   9  12  16  17  16  13  12   9   7
DST1911*21PPX120   0   9  11   9   5   6   5   4   2   6   8  11   8   3   3  -4  -5  -4  -8  -6  -7  -8 -12  -9  -5   1
DST1911*22PPX120   0  -5  -6 -12 -15 -16 -18 -20 -19 -20 -19 -13 -12 -12 -12 -14 -14 -18 -18 -15 -17 -15 -17 -19 -16 -15
DST1911*23PPX120   0 -15 -15 -14 -12 -13 -12 -14 -18 -19 -21 -17 -16 -16 -16 -24 -28 -26 -21 -17 -18 -16 -15 -11 -10 -17
DST1911*24PPX120   0 -12 -11 -15 -17 -21 -22 -19 -17 -18 -19 -15 -14 -12 -14 -13 -13 -16 -14 -12 -15 -16 -15 -15 -11 -15
DST1911*25PPX120   0  -8  -8  -7  -9 -10 -12 -12 -13 -15 -18 -17 -16 -14 -14 -13 -12 -13 -11  -9  -7  -4  -6  -5  -3 -11
DST1911*26PPX120   0  -4  -5  -7  -9 -10 -10  -7  -8  -8 -11 -11 -10  -7  -6  -5  -1  -4  -2   0   1   1  -1   2   6  -5
DST1911*27PPX120   0   7   5   4   5   6   5   2  -2  -3  -3  -3  -4  -1   0  -3  -8  -6  -3   1  -3  -7 -13  -9   1  -1
DST1911*28PPX120   0   5   4   4   3   4   5   4   2   0  -2   0   1   1  -2  -3  -3  -2   1   1   1   2   4   7  12   2
DST1911*29PPX120   0  12  13  10   6   4   4   2  -1  -2  -4  -6  -6  -4  -5  -4  -2  -1  -2   1   0  -7 -15 -15 -12  -1
DST1911*30PPX120   0  -8  -4  -2   0   0   2   2   3   1  -2  -2   0   2   1  -3  -1   3   4   5   3   3   1   0  -1   0

[Created at Fri Aug 6 06:51:17 UTC 2021]
