DST1912*01PPX120   0  -9  -6  -2   3   1   0  -2  -2  -2  -5  -8  -8  -7  -6  -8 -11 -10  -6  -5  -4  -3  -3  -3  -1  -4
DST1912*02PPX120   0   0   3   2   1   0   0  -3  -5  -5  -6  -6  -4  -3  -4  -4  -2  -2  -2  -3  -5  -7  -4  -4  -3  -3
DST1912*03PPX120   0  -5  -2   0   1   1  -1  -3  -5  -5  -4  -3  -5  -5  -4  -4  -2  -1  -3  -5  -6  -5  -5  -1   4  -3
DST1912*04PPX120   0  12  12   8   3   3   2  -1  -1   4   2   0  -1  -1  -2   0   0  -1  -2  -4  -3   0   1  -1  -4   1
DST1912*05PPX120   0  -5  -3  -5  -5  -4  -2  -1  -1  -1   0   1   8   9   9   9   8   6   4   0  -2  -2   0   2   4   1
DST1912*06PPX120   0   3   1   0  -5  -8  -9  -8  -7  -5  -4  -5  -6  -4  -2  -2  -1   0  -4  -4  -5  -6  -5  -4  -2  -4
DST1912*07PPX120   0  -2  -3  -4  -4  -6  -6  -6  -6  -4  -4  -2   0   0  -3  -3  -3  -3  -5  -6  -7  -8  -7  -7  -3  -4
DST1912*08PPX120   0  -1   1  -1  -3  -4  -3  -3  -6  -8  -7  -5  -3   0   0   4   3   3   1  -1  -4  -9 -12  -9  -5  -3
DST1912*09PPX120   0  -4  -6  -5  -7  -7  -6  -7  -9 -10  -8  -8  -7  -5  -4  -3  -2  -1   0   0   1   0   1  -2  -1  -4
DST1912*10PPX120   0   2   5   5   5  -2  -7  -6  -7  -8  -8 -10  -4  -1   0  -1  -1   1   3   1   0   2   6   8   7   0
DST1912*11PPX120   0  11  11   9   5  -1   0   0   0   0  -1  -5  -5  -5  -6  -4  -3  -6 -12 -11 -10 -11  -7  -3   0  -2
DST1912*12PPX120   0  -1   0   0  -1  -2  -5  -9  -9  -5  -5  -7  -6  -5  -7  -7  -6  -4  -4  -4   0   1   3   4   0  -3
DST1912*13PPX120   0   1   2   1  -3  -2  -3  -5  -9 -10  -9  -8  -7  -5  -8 -10 -11 -11 -10  -8  -7  -4  -3  -3  -1  -6
DST1912*14PPX120   0   1   1   1   0   0   0  -3  -3  -1  -1  -2  -1   2   2   2   3   3   1   2   3   5   3  -1   0   1
DST1912*15PPX120   0  -2  -1   0   2  -1  -4  -2  -1  -1  -2  -3  -3  -1  -2   0   1   0  -2  -5  -6  -7  -8  -8 -11  -3
DST1912*16PPX120   0 -10  -7  -3  -2   0  -1  -4  -6  -7  -8 -10  -9  -9 -11 -10 -10 -11  -8  -7  -7  -8  -6  -7  -7  -7
DST1912*17PPX120   0  -8  -7  -5  -6  -6  -5  -5  -2  -1  -2  -3  -4  -4  -4  -5  -5  -4  -2   2   5   2   2   2   4  -3
DST1912*18PPX120   0   5   9  18  15  11  13  14  12  14  15  10  -3  -6 -13 -13 -11 -17 -24 -28 -25 -24 -19 -18 -14  -3
DST1912*19PPX120   0 -12 -13 -16 -16 -21 -14 -21 -23 -22 -21 -25 -24 -25 -26 -23 -21 -20 -18 -16 -18 -19 -16 -15 -15 -19
DST1912*20PPX120   0 -15 -12 -11 -11 -11 -13 -14 -14 -12 -13 -15 -15 -16 -21 -21 -20 -15 -14 -14 -12 -12 -11 -10 -11 -14
DST1912*21PPX120   0 -14 -16 -13 -11  -8  -5  -8 -10 -10 -11 -12 -14 -16 -16 -15 -15 -15 -13 -12 -13 -15 -13 -12 -11 -12
DST1912*22PPX120   0 -13 -13 -14 -12 -11 -12 -11  -8  -5  -7  -9 -11 -14 -14 -14 -12 -12 -12 -10 -11 -14 -16 -16 -16 -12
DST1912*23PPX120   0 -15 -13 -12 -12 -11 -11 -11 -13 -13  -9  -8 -10 -12 -13 -14 -13 -12 -10  -8 -11 -12 -11 -11 -12 -12
DST1912*24PPX120   0 -11  -8  -8  -6  -5  -4  -3  -4  -5  -7  -7  -3  -5  -2  -3  -5  -7  -6  -6  -6  -7  -6  -6  -4  -6
DST1912*25PPX120   0  -4  -5  -5  -3   0   1  -2  -3  -3  -4   1   0  -1  -2  -3  -2   1   6   6  -1  -4   3  13  15   0
DST1912*26PPX120   0  11   2   1   1   5   6   6   3  -3  -4  -5  -5  -4  -4  -2  -1   2  -1  -4  -6  -5  -3  -2   0  -1
DST1912*27PPX120   0  -3  -3  -3  -1   0   0  -3  -8  -7  -4  -3  -3  -3  -2   1   2   1   1   1   1   0   0  -1  -1  -2
DST1912*28PPX120   0  -2  -3  -1  -1  -1  -3  -4  -3  -2   0   1  -2  -4  -5  -4  -1   1   0   1   1   2   1  -1  -3  -1
DST1912*29PPX120   0  -2  -2  -2  -2  -2  -2  -1  -2  -2  -1  -2  -3  -2  -1  -1  -3  -3   0   3   4   3   1   0   1  -1
DST1912*30PPX120   0   2   1   1   3   4   5   7   8   8   4   3   3   5   4   3   1   1   1   3   5   6  10  12  12   5
DST1912*31PPX120   0  10  11  11  16  14  13   9   5   2  -1  -2  -4  -6  -7  -5  -4  -5  -5  -4  -2   0  -1  -3  -5   2

[Created at Fri Aug 6 06:51:25 UTC 2021]
