DST1905*01PPX120   0  14  12   9   2  -4  -4  -1  -1   0  -4  -5  -3   5   6   6   4   8   7  -1  -8 -19 -19  -7  -6   0
DST1905*02PPX120   0  -6  -7 -11 -22 -29 -22 -16 -13 -13 -12 -12 -12  -9  -9 -14 -15 -10 -11 -13 -10  -7  -4  -2  -6 -12
DST1905*03PPX120   0  -7 -10 -15 -17 -17 -16 -13 -13 -12 -12 -12 -11  -8  -5  -7  -6  -3  -2  -1  -4  -7  -6  -8 -10  -9
DST1905*04PPX120   0  -7  -1   3   3  -1  -2  -6 -15 -21 -22 -14  -9  -8  -8 -11 -15 -14 -13 -15 -16 -15 -15 -17 -19 -11
DST1905*05PPX120   0 -17 -12  -9  -9  -9  -9  -9  -9 -10  -9  -8  -6  -6  -6  -7  -5  -4  -4  -5  -4  -3  -2  -4  -6  -7
DST1905*06PPX120   0  -6  -2  -1  -4  -6  -6  -3  -2   0   2   1  -1  -2  -1  -3  -1  -3  -7  -8  -8  -7 -10 -13  -8  -4
DST1905*07PPX120   0  -2  -1  -1  -1  -6  -7  -7  -5  -2  -2  -1  -1  -1   1  -3  -5  -5  -3  -2  -4  -1   1   0  -2  -3
DST1905*08PPX120   0   0   5   9   8   5   5   6   7   8   7   6   7   9  10  10  10  10  11  10  13  14  12   7   7   8
DST1905*09PPX120   0  11  14  13  13  14  18  15  10   7   7   4   5   7  10   8   8   7   4   0  -2  -2  -1  -4  -5   7
DST1905*10PPX120   0  -7  -6  -6  -7  -7  -7  -6  -7  -8  -5  -3   0   3   3   2   1   2   4  13   8   0  -2  -5 -14  -2
DST1905*11PPX120   0 -25 -31 -35 -34 -32 -24 -21 -26 -39 -41 -40 -39 -32 -35 -40 -48 -46 -43 -44 -47 -50 -51 -44 -32 -37
DST1905*12PPX120   0 -29 -29 -30 -29 -27 -25 -21 -20 -19 -19 -16 -14 -11  -9 -11 -12  -8  -9 -11 -11 -12 -11 -12 -15 -17
DST1905*13PPX120   0 -16 -15 -12 -13 -12  -9  -6  -4   0  -1  -7 -10  -4  -1  -2  -9 -17 -22 -18 -15 -13 -14 -16  -9 -10
DST1905*14PPX120   0  -3 -12  -6  -5 -15 -42 -55 -65 -58 -54 -50 -50 -46 -36 -35 -37 -36 -34 -38 -42 -43 -42 -38 -36 -37
DST1905*15PPX120   0 -33 -26 -23 -21 -20 -16  -8  -2  -2  -3  -5  -7  -4  -1  -4   0  -1   4   4   0  -6  -6  -6  -5  -8
DST1905*16PPX120   0  -4   0  -2  -6  -8  -9  -8  -8  -6  -4  -5  -6  -6  -6  -9  -9  -7   1   0  -3  -7  -9  -6 -10  -6
DST1905*17PPX120   0  -9   2  -1  -4   0   1   3  -1  -3  -3  -3  -5  -7 -10  -9  -7  -4  -2  -1  -1  -1  -4  -6  -5  -3
DST1905*18PPX120   0  -2  -3  -6  -9  -9 -10  -8  -9 -10 -12 -10  -9  -7  -9 -10 -11 -10 -11  -7  -9 -10  -9  -5  -3  -8
DST1905*19PPX120   0  -2  -2  -2  -3  -4  -4  -2  -4  -4  -4  -4  -5  -4  -3  -4  -5  -5  -4  -1   2   4   6   6   6  -2
DST1905*20PPX120   0   4  -3  -6  -3  -2  -2  -6  -8  -5  -3  -2   1   3   3  -1  -4  -3  -1  -2  -5  -5  -5  -5  -5  -3
DST1905*21PPX120   0  -7  -7  -8 -10  -7  -7  -7  -7  -7  -5  -3  -1  -3  -4  -2  -1   1   2  -1  -4  -7  -8  -6  -4  -5
DST1905*22PPX120   0  -2   2   4   5   6   6   5   7   9  10  10   9   9  10  12  13  13  14  14  10   7   3   1   1   7
DST1905*23PPX120   0   5   6   7   6   7   9   8   6   7  10  12  11   8   8   3   2  -2  -4  -5  -7 -11 -16 -21 -21   1
DST1905*24PPX120   0 -14 -10 -10 -12 -14 -11  -7  -5  -1   2   4   4   3   3   3   4   6   5   2  -2  -3  -2   6  11  -2
DST1905*25PPX120   0   9   9   9   8   8   7   6   8   9   8   9   7   7   6   7   6   4   2   2   2   1  -1  -2  -2   5
DST1905*26PPX120   0  -1  -1   1   1   4   3   4   5   5   6   7   7   6   5   2   2   3   6   7   5   6   5  17  23   5
DST1905*27PPX120   0  25  20  13  18  16  17  16   5  -1 -12 -11  -9 -10 -12 -12 -12 -10  -4  -4  -9 -13 -16 -15 -14  -1
DST1905*28PPX120   0 -12 -10  -9  -9  -6  -5  -4  -4  -3  -4   0   0   1   3   1   5   6  10  10   1  -3  -1   0   0  -1
DST1905*29PPX120   0   3   1  -7 -14 -22 -26 -28 -23 -17 -17 -21 -21 -17 -14 -15 -16 -15 -15 -16 -15  -9 -11 -11 -10 -15
DST1905*30PPX120   0 -11  -8 -10 -14 -18 -19 -12  -9  -4  -4   1   2   3   2  -1  -2  -2   0  -1  -9 -13 -13 -11  -9  -7
DST1905*31PPX120   0  -5  -5  -7  -9  -9 -11 -13 -11  -7  -4  -6 -10 -10  -8  -8  -8  -9  -9 -11 -11 -11  -9  -5  -3  -8

[Created at Fri Aug 6 06:50:30 UTC 2021]
