DST1908*01PPX120   0   4  -2  -3   0   1   1   2   0  -1  -1  -1  -1  -2  -1   1   3   5   5   0  -1   0  -2  -3  -1   0
DST1908*02PPX120   0  -1  -3  -5  -7  -7  -7  -6  -6  -6  -8  -8  -8  -9  -9  -9  -6  -4   0   2   3   5   7   7   7  -3
DST1908*03PPX120   0   8   7   7   7   5   6   5   3   3   3   2   2   1   1   2   3   3   2   2   3   6   4   2   0   4
DST1908*04PPX120   0   0   0   2   7   9   8   7  14  15  10   8   7   4   4   4   3   4   5   4   2   3   5   8  12   6
DST1908*05PPX120   0  17  19  25  28  16   5   8 -11 -28 -50 -48 -48 -49 -45 -46 -46 -51 -47 -47 -52 -53 -50 -49 -44 -27
DST1908*06PPX120   0 -37 -39 -40 -38 -38 -32 -30 -28 -26 -28 -31 -32 -32 -27 -27 -30 -31 -28 -27 -28 -27 -25 -25 -22 -30
DST1908*07PPX120   0 -24 -28 -31 -29 -25 -21 -18 -21 -19 -19 -19 -21 -23 -21 -21 -21 -19 -20 -18 -18 -18 -21 -21 -21 -22
DST1908*08PPX120   0 -20 -22 -22 -18 -18 -17 -20 -20 -20 -21 -19 -17 -18 -19 -22 -23 -20 -17 -18 -19 -22 -24 -20 -16 -20
DST1908*09PPX120   0 -14 -12 -12 -12 -10  -7  -5  -9 -11 -11  -8 -10 -11 -14 -14 -14 -12  -8  -5  -8  -8  -7 -10 -10 -10
DST1908*10PPX120   0 -11 -19 -16 -14 -14 -16 -18 -18 -20 -21 -19 -18 -21 -17 -16 -13 -13 -14 -14 -13 -16 -17 -20 -16 -16
DST1908*11PPX120   0 -15 -15 -17 -18 -16 -14 -13 -13 -11 -10  -4  -9 -16 -16 -14 -12  -9  -7 -11 -12 -15  -9  -7  -5 -12
DST1908*12PPX120   0  -7  -8  -7  -6  -4   0   2   3   4   2   4   3  -3  -2   0  -1   0   2   1  -3  -3  -5  -3  -2  -1
DST1908*13PPX120   0  -1  -3 -10  -6  -5  -4  -3  -1   0   2  -3  -5  -2  -1  -3  -5  -8  -9 -13 -16 -19 -17 -14 -13  -7
DST1908*14PPX120   0 -12 -14 -17 -15 -12  -9 -10 -12  -9 -10 -12  -6  -4  -2  -1  -4  -2  -2   0  -3  -5  -6  -6  -5  -7
DST1908*15PPX120   0  -5  -7  -9  -8  -4  -2  -4  -5  -5  -5  -6  -4  -4  -4  -3  -1   1   0   0   0  -1  -1  -1  -4  -3
DST1908*16PPX120   0  -6  -6  -3  -2   0   1   2  -1  -4 -11 -12 -12 -11  -9 -10  -9 -10 -11 -14 -17 -14 -13  -9  -6  -8
DST1908*17PPX120   0  -4  -4  -6 -10 -13  -9  -5  -4  -4  -7  -6  -7  -7  -6  -5  -6  -3  -2   0  -2   2   4   5   8  -4
DST1908*18PPX120   0   9   5  -1  -4  -2  -4  -4  -6  -5  -8  -5  -3  -4  -4  -6  -8  -7  -5  -3  -4  -5  -5  -3  -1  -3
DST1908*19PPX120   0   0  -1  -2  -2  -2   0   2   5   6   8   8   8   8   9   7   3   1   0  -2  -4  -4   0   2   0   2
DST1908*20PPX120   0  -2  -1   5   6   5   4   6   5   0   0   5   7   5   3  -1  -2   0   1  -1  -2  -2  -2  -1  -1   2
DST1908*21PPX120   0  -7  -9 -10  -4  -2  -1   1   2   6   5   8  12   8   4  -1   0   1   2   7   5   7   8   7   5   2
DST1908*22PPX120   0   5   2   1   5   9   9   9   6   6  10  15  13  12  11  10   8   6   3  -3  -3  -1   5  10  12   7
DST1908*23PPX120   0  10   8   7   5   1   1   1   0  -3  -4  -3  -2  -3  -3  -3  -5  -3  -1  -2  -3  -5  -4  -2  -1  -1
DST1908*24PPX120   0  -1   1   1   0   3   5   6   4   2   2   6   8   4   3   3   2   4   4  -1  -3  -1   1   1   2   2
DST1908*25PPX120   0   2   3   4   6   5   0  -2  -3  -2   1   3   4  -1  -4  -7  -5  -2   0  -1  -4  -7  -6   2   4   0
DST1908*26PPX120   0   4   2   3   6   8   9  10   7   4  -3  -6  -5  -6  -5  -3  -3  -2   1   8   5   2   0   1   1   2
DST1908*27PPX120   0   5   3   8  14   7  -6  -4  -5  -4  -5  -9  -9 -12 -11  -5  -3  -5  -8 -14 -16 -14 -12 -12 -10  -5
DST1908*28PPX120   0  -3   1  -2  -2  -1  -2  -5  -6  -9  -7  -6  -7 -10 -10 -11 -11 -11 -11 -11 -10  -9  -8  -7  -7  -7
DST1908*29PPX120   0  -9  -8  -8  -5  -5  -5  -4  -4  -3   0   3   3   5   6   7   7   4   2   3   1  -1  -2   1   0  -1
DST1908*30PPX120   0   1   0  -3  -4  -1   0   1  -1  -1   2   5   6   9  12   9   4   5  -3  -9  -6  -3  -1  -7 -11   0
DST1908*31PPX120   0 -11 -13 -27 -31 -25 -22 -31 -35 -28 -23 -16 -23 -28 -22 -28 -31 -27 -32 -33 -35 -35 -35 -36 -40 -28

[Created at Fri Aug 6 06:50:53 UTC 2021]
