DST1910*01PPX120   0  -7  -9 -19 -25 -28 -30 -37 -38 -36 -36 -32 -32 -28 -26 -27 -25 -23 -21 -18 -15 -16 -17 -13 -10 -24
DST1910*02PPX120   0 -14 -17 -15 -15 -15 -14 -12 -11 -10 -10 -10  -9  -8 -10 -10 -10 -10 -10  -7  -3  -3  -7  -6  -7 -10
DST1910*03PPX120   0  -5  -3  -7 -10 -10 -12 -14 -11  -8  -9  -8  -9 -10  -9  -7  -4  -2  -1   1   4  10  11   7   5  -4
DST1910*04PPX120   0   5   4   2   3   6   9  12   0   4   4  15  21  16   8   3   2   0  -1  -3  -7  -9 -11 -12 -11   3
DST1910*05PPX120   0  -7  -8 -10 -12 -13 -13  -9  -3  -1   2   7   6   4   2   0   0   4   0  -2  -1   0  -2   2   3  -2
DST1910*06PPX120   0   4   4  -2  -5 -10 -11  -9  -9  -7  -8 -10 -10 -10 -12 -11  -7  -4  -3  -5  -8  -9 -10  -9  -9  -7
DST1910*07PPX120   0 -10  -9  -8  -8  -9  -8  -7  -5   0   2   3   2   1  -3  -8  -8  -9  -9 -11  -9 -10 -11  -8  -8  -6
DST1910*08PPX120   0  -6  -7  -9 -10  -9  -9  -9  -6  -2   3   4   1  -3  -4  -2   1   2   3   3   1  -1  -3  -2  -2  -3
DST1910*09PPX120   0  -2  -5  -8 -11 -11  -9  -9 -12 -12 -11 -15 -15  -8  -6  -5  -1   4   4   7   6  -4  -5   0   5  -5
DST1910*10PPX120   0   5   5   7   3  -2 -14 -21 -27 -20 -13 -12 -14 -15 -16 -14 -19 -20 -13 -10  -9  -9 -11 -15 -14 -11
DST1910*11PPX120   0 -12 -10 -10 -10 -10 -11 -12 -15 -14 -12  -9  -8  -6  -8 -12 -13 -11 -11 -14 -16 -12 -11  -8  -9 -11
DST1910*12PPX120   0  -9  -8 -13 -14 -14 -15 -13 -13 -14  -9  -4  -7  -8  -7  -6  -2  -1   0  -1  -3  -3  -4  -4  -4  -7
DST1910*13PPX120   0  -3  -2  -2  -1  -1   0  -1  -2  -5  -3   1   4   4   2   2   2   3   2   1   0  -1  -2  -1  -1   0
DST1910*14PPX120   0  -2  -2  -2  -2  -2  -2  -8  -7  -5   0   7   9   9   9   3   3   2   1   1  -3  -4  -7  -6   0   0
DST1910*15PPX120   0   1   3  -1   1   1  -1   1   2   3   6  10   9   9   9   9   9  10  14  16  13  16  21  24  31   9
DST1910*16PPX120   0  29  20  14   7   0  -8  -5  -4  -4   0   4   5   4   5   2   4   5   5   4   4   0  -3  -3  -3   3
DST1910*17PPX120   0  -4  -5  -7  -7  -7  -8  -6  -2   1   3   5   4   4   1   1   1   1   4   5   3   2   2   2   1   0
DST1910*18PPX120   0  -2  -3  -5   0  -4  -9 -10  -9  -6  -1  -1  -3  -2  -1   1   1   4   5   4   3   2   0  -1  -3  -2
DST1910*19PPX120   0  -4  -5  -5  -3  -1   0   2   4   2   1  -1  -3  -4  -5  -7  -9  -8  -8  -8 -10 -12 -11 -10  -8  -5
DST1910*20PPX120   0  -9  -8  -6  -5  -4  -2  -2  -6  -5  -5  -2   0  -2  -5  -5  -4   0   6  12  10   6   1  -2  -4  -2
DST1910*21PPX120   0  -6  -2   0   3   5   3   1   0  -1  -1   7   7  10  11   5   3   1   1   2   3   3   3   4   6   3
DST1910*22PPX120   0   7   9   9   8   7   7   9  10  10   8   6   5   7   8   9   7   4   1   2   2   2   2   2   2   6
DST1910*23PPX120   0   3   3   3   0   0  -1  -2  -3  -4  -2   1   2   3   3   4   6   7   7   6   6   5   5   7   8   3
DST1910*24PPX120   0   8   6   6   8   8  10  18  18  25  24   4   3  -1  -5  -5  -6 -14 -12 -16 -15 -17 -17 -17  -9   0
DST1910*25PPX120   0  -8 -12 -21 -27 -32 -39 -41 -40 -46 -38 -32 -30 -31 -27 -27 -30 -30 -23 -20 -21 -21 -21 -18 -15 -27
DST1910*26PPX120   0 -14 -15 -18 -15 -18 -20 -22 -24 -24 -29 -26 -20 -27 -35 -37 -34 -29 -29 -33 -37 -40 -35 -29 -31 -27
DST1910*27PPX120   0 -31 -32 -33 -33 -29 -34 -35 -34 -29 -24 -17 -21 -23 -23 -20 -18 -17 -25 -25 -27 -26 -24 -23 -21 -26
DST1910*28PPX120   0 -20 -21 -22 -20 -22 -27 -29 -34 -34 -28 -22 -24 -25 -27 -24 -25 -25 -26 -23 -23 -26 -26 -19 -14 -24
DST1910*29PPX120   0 -15 -18 -21 -21 -22 -20 -18 -20 -20 -20 -16 -14 -16 -17 -19 -19 -20 -19 -17 -12  -9  -9  -4  -4 -16
DST1910*30PPX120   0  -2   0   1  -6  -8  -4   3  -5  -9  -5  -3  -5  -7  -8  -8  -4 -10 -10 -12 -19  -7  -4   2   8  -5
DST1910*31PPX120   0  -1  -7  10   8   6   2   0  -2  -4  -6  -6  -6  -7  -7  -6  -5  -4  -1   0  -4  -6  -8  -8  -7  -3

[Created at Fri Aug 6 06:51:09 UTC 2021]
