DST1906*01PPX120   0  -5  -5  -5  -4  -6  -8  -8  -7  -8  -8  -9  -9  -9  -8  -8  -7  -7  -6  -4   0   0  -1  -1  -2  -6
DST1906*02PPX120   0   0   4   7   7   6   4   2   1   0   1  -1  -4  -4  -5  -6  -6  -6  -2   3   6   3  -3  -4  -6   0
DST1906*03PPX120   0  -6  -2   3   4   4   4   3   3   3  10  11   9   9   8   5   4   1   3   4   8   9   6   3   2   5
DST1906*04PPX120   0   1   3   6   7   6   1  -4  -6  -8  -6  -2  -2   0   3   2  -1  -8 -16 -18 -19 -24 -25 -21 -17  -6
DST1906*05PPX120   0 -16 -12  -9  -7  -6  -7 -10 -11  -9  -8  -8  -7  -6  -4  -4  -5  -8 -10 -10  -7  -8  -9  -9  -4  -8
DST1906*06PPX120   0  -2  -2  -3  -3  -2  -2   0   0  -1  -2  -1   3   3   5   4   4   4   2   1  -2  -1   0   1   1   0
DST1906*07PPX120   0   1   3   0  -1  -1   0   0   1   2   4   4   4   6   7   3   3   1   2   2   3   4   3   5   3   2
DST1906*08PPX120   0   0   0   0   0   2   2   3   2   2   4  17  20  22  24  26  23  25  16   7   2  -2  -9  -8 -13   7
DST1906*09PPX120   0 -13 -11  -8  -7 -10 -12 -14 -17 -16 -15 -13 -13 -14 -15 -17 -18 -15 -12 -12 -10  -9  -8  -7  -4 -12
DST1906*10PPX120   0  -2   0   2  -1  -2  -4  -6  -6  -5  -6  -7  -7  -5  -5  -5  -6  -5  -3  -1  -1  -2  -2  -1  -3  -3
DST1906*11PPX120   0  -4  -5  -7  -6  -6  -3  -2   0   1   1   0   0   2   4   4   5   4   1   1   1   5   7   8   8   1
DST1906*12PPX120   0   5   1   2   2   4   7   9  12  14  18  18  11   7  10   7   6   6   4   1   0   0  -1   0   0   6
DST1906*13PPX120   0   4   6   4   4   2   6  10   7   6   4   4   5   6   6   2   3   7   9  14  14  11  11   7  -6   6
DST1906*14PPX120   0  -7  -3   1   1  -1  -5  -8  -4  -1  -1  -2  -5  -4  -3  -1   1   0   1   2   0  -3  -5  -5  -4  -2
DST1906*15PPX120   0  -2   4   6   3   2   2   1   0  -1  -2   0  -2  -3  -1  -4  -3  -5  -4  -4  -6  -8  -7  -7 -10  -2
DST1906*16PPX120   0 -11 -10 -10  -9  -6  -8  -6  -3  -1   0  -1  -4  -6  -5  -5  -6  -7  -7  -5  -3  -3  -6  -8  -9  -6
DST1906*17PPX120   0 -11  -8  -6  -4  -2  -1  -2  -4  -4  -3   0  -2  -3  -3  -1   1   2   3   4   4   5   4   4   6  -1
DST1906*18PPX120   0   7   7   8  10  10   8   6   7   7   8   7   6   5   9   4   3   3   0   0   5   8  10  11   9   7
DST1906*19PPX120   0   7  10  12  13  14  16  15  13  11  12  11   8   7   8  10   9   8  10  12  13  12  11   9   9  11
DST1906*20PPX120   0   9  10  12  15  14  10   2  -4  -9 -10 -13 -12  -4  -1  -4  -7  -6  -3  -2   0  -2  -6  -8  -4  -1
DST1906*21PPX120   0   3   8  14  16  15   9   6   5   4   3   2   0   2   4   4   2   1   2   3   6   7  12  11   5   6
DST1906*22PPX120   0   4   4   3   3   4   1  -1  -2   0   0   1   4   8   7   7   9  10   8   9   9   7   5   5   5   5
DST1906*23PPX120   0   5   5   7   7   5   2   3   2   2   2   2   1   1  -3  -4  -3  -3  -2   0   0  -1  -3  -2   2   1
DST1906*24PPX120   0  10  15  13   9   6   6   7   5   4   6   5   2   3   4   1   2   3   5   6   5   3   4   4   6   6
DST1906*25PPX120   0   3   3   5   6   7   5   6   4   5   8   6   4   6   6   4   2   1   1   2   6  10  12   7   7   5
DST1906*26PPX120   0   3   3   5   6   6   3   2   4   1  -4  -4  -2   1   4   2  -3  -6  -6  -3   2   4   5   7  10   2
DST1906*27PPX120   0  13  15  13  11   8   6   4   2   0   0   1   2   2  -1  -2  -1   1   2   6   9  13  13  11  11   6
DST1906*28PPX120   0   9   8   7   5   4   2   3   0   0   1   3   2   4   3  -1  -2  -3  -4  -4  -7  -8  -6  -3  -2   0
DST1906*29PPX120   0   1   5   6   5   3   0  -1  -1   0   1   0   0   1   1   0   3   4   7   9   9  10   7   7   5   3
DST1906*30PPX120   0   5   7   9  10  11   8   6   4   6   7   7  10  10   9   6   4   1   0   0   3   4   4   5   5   6

[Created at Fri Aug 6 06:50:37 UTC 2021]
