DST1909*01PPX120   0 -36 -33 -29 -26 -33 -45 -52 -46 -37 -29 -39 -37 -36 -38 -38 -43 -37 -37 -37 -42 -50 -46 -40 -41 -39
DST1909*02PPX120   0 -47 -47 -38 -32 -35 -36 -37 -29 -27 -23 -21 -24 -25 -25 -25 -28 -27 -29 -34 -35 -35 -32 -27 -24 -31
DST1909*03PPX120   0 -19 -19 -17 -19 -22 -22 -20 -23 -23 -19 -16 -18 -21 -23 -25 -24 -23 -20 -18 -20 -20 -23 -24 -24 -21
DST1909*04PPX120   0 -19 -17 -14 -14 -15 -16 -19 -18 -19 -26 -21 -19 -20 -20 -18 -17 -18 -18 -22 -20 -18 -23 -24 -21 -19
DST1909*05PPX120   0 -17 -20 -30 -36 -39 -45 -41 -37 -30 -28 -26 -21 -21 -19 -21 -20 -18 -12 -14 -15 -19 -18 -19 -19 -24
DST1909*06PPX120   0 -14  -9  -7  -9 -16 -17 -15 -16 -17 -18 -21 -23 -23 -21 -18 -19 -18 -18 -23 -22 -21 -18 -18 -17 -17
DST1909*07PPX120   0 -13 -11 -11 -11 -11  -8 -11 -10  -7  -7  -9 -15 -19 -19 -17 -15 -14 -14 -12  -8 -12 -12 -11 -11 -12
DST1909*08PPX120   0 -12 -13 -10  -7  -7 -12 -17 -19 -20 -19 -19 -15 -17 -19 -20 -20 -19 -17 -14 -15 -22 -27 -23 -27 -17
DST1909*09PPX120   0 -30 -29 -24 -21 -17 -19 -18 -15 -11  -9 -15 -23 -25 -23 -21 -19 -15 -20 -26 -23 -24 -26 -29 -27 -21
DST1909*10PPX120   0 -22 -19 -16 -14 -14 -16 -12  -7  -6  -7  -8  -8 -11 -19 -17 -15 -13 -13 -15 -16 -19 -21 -17 -17 -14
DST1909*11PPX120   0 -12  -8  -8  -8  -8 -10 -18 -21 -18 -16 -15 -15 -18 -23 -22 -19 -15 -14 -16 -15 -17 -18 -15 -13 -15
DST1909*12PPX120   0 -13  -9  -5  -6  -7  -6  -6  -7  -9 -13 -18 -14 -10  -7  -5  -7  -6  -5 -10 -11 -10 -13  -9  -5  -9
DST1909*13PPX120   0   1   2   0   4   0  -1   2   6   7   5   2  -1  -3  -6  -4  -3  -1  -2  -7 -11 -12 -13 -11  -9  -2
DST1909*14PPX120   0  -5  -4  -3  -3  -6  -4  -6  -8  -7  -7  -3  -6  -8  -8  -8  -7  -5  -2  -4  -7 -11 -12 -14 -12  -7
DST1909*15PPX120   0  -6  -2  -1   1  -2  -2  -1  -2  -5  -4  -3  -1  -1  -2  -2   2   2   1  -6 -15 -17 -14  -8  -8  -4
DST1909*16PPX120   0  -7  -7 -10 -11  -9  -7  -2   2   2   0  -3  -4  -7  -7  -4  -6  -7  -8  -4   1  -1  -1  -2  -3  -4
DST1909*17PPX120   0  -4   0   4  10  10   8   6   4   5   3   1   0  -2  -5  -6  -6  -5  -6   1  -1   0  -5  -9 -11   0
DST1909*18PPX120   0 -10 -12 -12 -10  -7  -7  -6  -7  -9  -6  -2  -3  -9 -11 -10  -9  -8  -7  -7  -4  -5  -7  -8  -8  -8
DST1909*19PPX120   0  -8  -7  -7  -5  -3  -3  -3  -3  -1   1  -1  -2  -1  -2  -1  -2  -1   2   2   0  -1  -3  -3  -2  -2
DST1909*20PPX120   0   1   3   1  -1   0  -1  -1  -1  -1   0  -1  -1  -3  -2   0   1   5   3   2   2   3   4   4   5   1
DST1909*21PPX120   0   7   8   7   8   9   9  11  10   1  -8 -14 -14 -10  -7  -7 -10 -10  -7  -8  -9 -12 -14 -14 -16  -4
DST1909*22PPX120   0 -16 -16 -15 -13 -11  -6  -1   2   2   3   6   8   7   7   6   7   7   9   9   7   5   4   3   1   1
DST1909*23PPX120   0   1   1   3   3   5   5   3   3   5   5   5   3   6   5   3   0  -4  -7  -4   0   2   5   6   7   3
DST1909*24PPX120   0   4   2   1  -5 -13 -19 -24 -25 -21 -14 -11  -8 -10  -3   1   7   7   5   3   7   6   1   1  -1  -5
DST1909*25PPX120   0   2   5   5   3   2  -1  -6  -4  -4  -7  -6  -5  -7  -6  -2   0   2   1   0   0  -1  -1   1   2  -1
DST1909*26PPX120   0   1   0   1   5   4   2   2   1  -1  -2  -4  -3  -3  -3  -1   0   0  -1  -3  -1  -1   1   2   4   0
DST1909*27PPX120   0   6   6   5   4   5   6  17  17  16  18  25  18   8   1  -2 -10 -10  -8 -15 -15 -29 -41 -48 -49  -3
DST1909*28PPX120   0 -39 -34 -33 -31 -33 -32 -32 -33 -31 -27 -27 -21 -19 -24 -26 -23 -21 -18 -14 -18 -22 -21 -19 -20 -26
DST1909*29PPX120   0 -18 -19 -20 -20 -20 -23 -24 -19 -16 -15 -15 -15 -13 -13 -13 -13 -10 -16 -18 -18 -19 -18 -21 -30 -18
DST1909*30PPX120   0 -29 -30 -33 -33 -28 -26 -27 -28 -26 -27 -27 -23 -26 -29 -28 -27 -22 -16  -9  -7  -9 -10 -12  -9 -23

[Created at Fri Aug 6 06:51:01 UTC 2021]
