DST1903*01PPX120   0 -28 -29 -27 -22 -25 -24 -23 -25 -22 -18 -21 -21 -15  -9 -11 -18 -22 -23 -26 -29 -31 -28 -26 -23 -23
DST1903*02PPX120   0 -21 -22 -18 -16 -20 -23 -22 -23 -21 -18 -17 -16 -10 -15 -19 -17 -18 -23 -26 -24 -21 -20 -20 -19 -20
DST1903*03PPX120   0 -20 -19 -17 -17 -17 -16 -14 -14 -14 -13 -15 -13  -9  -9 -11 -12 -14 -15 -13 -14 -15 -16 -17 -17 -15
DST1903*04PPX120   0 -19 -17 -19 -20 -20 -22 -22 -22 -23 -20 -23 -23 -20 -17 -19 -18 -18 -19 -17 -12 -14 -15 -16 -19 -19
DST1903*05PPX120   0 -22 -25 -21 -17 -14 -13 -13 -12 -10  -7  -6  -7  -5  -4  -7 -10 -11 -10  -8  -7 -10 -13 -12 -11 -11
DST1903*06PPX120   0 -11 -10  -7  -4  -2  -2 -10  -8  -4   0   4   8   4   1  -2  -6 -10 -16 -18 -20 -21 -18 -15 -13  -8
DST1903*07PPX120   0 -10 -11  -9  -5  -2  -1  -1  -1   2   4   4   7   5   3  -4 -12 -20 -20 -10 -11 -13 -15 -17 -19  -7
DST1903*08PPX120   0 -16 -14 -12 -12  -9  -9 -10 -13 -15 -13  -8  -3  -1  -4  -8 -11 -12 -12 -10  -8  -7  -6  -4  -3  -9
DST1903*09PPX120   0  -6  -4   0   3   5   5   2  -1  -2  -7  -5  -3  -2  -4  -8  -9  -8  -7  -7  -5  -7  -5  -3  -6  -4
DST1903*10PPX120   0 -13 -15 -15 -14 -12 -11 -11 -15 -15 -15 -14 -13  -8  -5  -5  -6  -5  -6  -5  -1  -1   0   1   1  -8
DST1903*11PPX120   0   1   1   1   1  -1  -1  -1  -1   0   1  -2  -3  -4  -4  -2  -1   0   1  -1  -1  -2   0   0   0  -1
DST1903*12PPX120   0   2   6   3   5   5   6   4  -7 -19 -24 -22 -17 -16 -15 -17 -17 -17 -14 -11 -10 -10 -12 -12 -10  -9
DST1903*13PPX120   0 -11 -13 -15 -14 -16 -16 -13 -10  -9  -6  -5  -5  -4  -3  -3  -4  -4  -2  -3  -3  -6  -2   0   1  -7
DST1903*14PPX120   0  -1  -3  -1   1  -1  -6 -10 -11  -6   0  -2  -7 -10  -8  -3  -3  -3  -4  -4  -5  -9  -6  -3  -5  -5
DST1903*15PPX120   0  -8  -5  -4 -10 -18 -17 -13  -5  -4  -3  -4  -2  -2  -1  -2  -6  -9 -12 -13 -10  -8  -6  -4  -3  -7
DST1903*16PPX120   0  -5  -2   0  -2  -4  -5  -4  -7  -9 -12 -12 -13  -4  -1  -1  -8 -16 -24 -23 -17 -14 -21 -24 -30 -11
DST1903*17PPX120   0 -27 -28 -31 -30 -36 -37 -36 -38 -30 -34 -40 -40 -33 -29 -25 -24 -23 -22 -19 -16 -16 -15 -14 -12 -27
DST1903*18PPX120   0 -11 -10  -9  -9  -9  -9 -10 -10  -8  -7  -5  -5  -4  -4  -6  -7  -8  -9 -10 -10  -8  -8  -6  -4  -8
DST1903*19PPX120   0  -4  -3  -5  -6  -4  -2   2   7  14  17  15  12   6   6   5   3   3   2   4   2  -4 -13 -12  -6   2
DST1903*20PPX120   0  -2  -1  -1  -2  -5  -7  -3  -2   1   3   0   0   3   3   2   1   1  -1  -1  -1  -3  -3  -4  -3  -1
DST1903*21PPX120   0  -4  -4  -1  -2  -1  -1  -1   1   3   4   4   3   2   3   2   0   0   0   0   0   1   2   4   4   1
DST1903*22PPX120   0   4   3   3   3   3   1   1  -1   0  -1   1   2   3   3   3   3   4   5   6   7   6   5   4   4   3
DST1903*23PPX120   0   4   3   2   1   2   3   5   7   6   5   5   6   6   6   7   7   8   8   8   8   7   5   5   4   5
DST1903*24PPX120   0   3   3   5   5   5   5   4   4   5   7   8  10  10  10  11  10  11  10  12  13  13  14  25  27  10
DST1903*25PPX120   0  27  23  20  18  16  13  13  11  11  11  13  13  11   8   8   8   6   5   8   9  10  11   9   7  12
DST1903*26PPX120   0   7   4   4   2  -4  -3   2   2   3   4   6   8   8   7   7   6   5   2   3   6   7   6   3   9   4
DST1903*27PPX120   0   9   8   8   9   7   3   5   8  -2  -4  -5  -5  -3   0   0  -1  -2  -5  -7  -7  -3  -4  -1   1   0
DST1903*28PPX120   0   2   7  12  11   3  -3  -9 -11  -7  -4  -2  -1  -4  -5  -9  -5  -3  -7  -7  -9  -9 -11  -8  -4  -3
DST1903*29PPX120   0  -2   2   5   4  -2  -4  -2  -5  -4  -3  -3   0   1   1   0  -3  -6 -13 -10  -6  -6  -4  -1  -4  -3
DST1903*30PPX120   0  -5  -3  -2  -5  -7  -6  -8  -7  -4  -1  -2  -3   0   2   3   2   2  -1   0   0  -2  -3  -2  -4  -2
DST1903*31PPX120   0  -2   3   3  -1  -8  -9  -7  -8  -5  -1   0   0   1  -8 -12 -14 -13 -12 -10 -11 -12 -11 -11 -10  -7

[Created at Fri Aug 6 06:50:14 UTC 2021]
