DST2006*01PPX120   0 -17 -18 -18 -14 -11 -10  -9  -9  -9  -9  -7  -6  -8  -9  -9  -8  -6  -4  -3  -4  -9 -10  -9 -12 -10
DST2006*02PPX120   0 -17 -20 -23 -25 -28 -27 -26 -25 -25 -27 -25 -21 -18 -15 -15 -16 -16 -18 -19 -21 -22 -18 -16 -15 -21
DST2006*03PPX120   0 -12 -10 -10 -12 -13 -13 -12 -11 -12 -13 -14 -13 -12 -11 -12 -12 -14 -16 -17 -17 -15 -11 -11 -10 -13
DST2006*04PPX120   0 -10 -13 -16 -15 -11 -10 -10  -7  -3   1   4   2   1   1   3   5   5  -2  -5  -5  -3  -4  -6  -8  -4
DST2006*05PPX120   0  -8  -5  -4  -3  -3  -1   0   1   0  -1   1   1  -1  -4  -5  -6  -7 -10  -9  -5  -3  -1   0  -1  -3
DST2006*06PPX120   0  -2  -3  -3  -2   0   0   0   1   1   2   1  -1   1   1   3   4   2  -2  -3  -1   2   4   4   2   0
DST2006*07PPX120   0   2   3   3   2   2   1   1   1   5   5   6   8  10  14  16  20  24  15  15   7  -7  -5  -2  -4   6
DST2006*08PPX120   0  -2  -7 -11 -11 -11 -10 -10 -11 -11 -14 -15 -16 -18 -15 -12  -8  -8  -9  -6  -8  -7  -8 -10 -11 -10
DST2006*09PPX120   0  -9  -7  -4  -1  -1  -1   0   1   0   0  -1  -2  -5  -6  -4  -2   4   6   7   1  -1  -5  -9  -9  -2
DST2006*10PPX120   0  -6  -4  -4  -3  -4  -3 -16 -21 -17 -16 -13 -11 -10 -13 -14 -13 -12 -12 -11 -10  -7  -7  -7  -7 -10
DST2006*11PPX120   0  -7  -8 -11 -11 -10  -9  -9  -9 -11 -13 -13 -10  -6  -7  -9  -8  -8  -7  -8  -8  -9  -7  -6  -6  -9
DST2006*12PPX120   0  -6  -9  -7  -4  -4  -6  -7  -5  -5  -5  -4  -4  -5  -5  -4  -1  -2  -4  -4  -3  -3  -3  -5  -7  -5
DST2006*13PPX120   0  -8  -8  -6  -5  -6  -6  -4  -3  -2  -1  -2  -2  -3  -2  -5  -2  -5  -6  -5  -2   0   1   1   1  -3
DST2006*14PPX120   0  -2  -5  -7  -5  -2  -1   2   1  -2  -3  -3  -1  -2  -2   0   2   7  11  14  13  12  11   6   2   2
DST2006*15PPX120   0  -1  -2  -2   2   3   0  -2  -2  -4  -3  -4  -3  -6  -7  -8  -8  -7  -7  -6  -6  -5  -2  -1   0  -3
DST2006*16PPX120   0   0  -1  -1   3   6   7   9   8   7   7   2  -1  -3  -3  -2  -2  -3  -8 -11 -10  -7  -4   2   2   0
DST2006*17PPX120   0   1   0   5   6   7   7   7   5   0   2   4   5   2  -2  -1   1   1   0   3   3   3   3   3   2   3
DST2006*18PPX120   0   0  -2  -3  -1   1   0   4   6   4   3  -1  -3  -7 -10  -7  -4  -4  -4  -4  -2   0   0   0   1  -1
DST2006*19PPX120   0   1   2   1   2   1   2   4   4   6   8   9   8   7   7   7   7   5   3   4   3   3  -1  -5  -5   3
DST2006*20PPX120   0  -3   1  11  15  12   3  -5 -10 -11 -10  -2   1   4   4   1   1   0  -1  -1  -2  -2  -1  -1  -2   0
DST2006*21PPX120   0  -5  -7  -8  -7  -5  -3  -2  -3  -4  -2  -1   0  -3  -3  -3  -1  -1   0  -2  -3  -6  -8  -8  -8  -4
DST2006*22PPX120   0  -7  -3   0   0  -2  -3  -1  -2  -4  -4  -4  -3  -2  -2  -4  -5  -5  -4  -4  -2  -1  -1   2   3  -2
DST2006*23PPX120   0   3   1   2   4   5   5   5   4   6   9  11  10  10   6   4   3   3   3   3   5   7   6   0  -3   5
DST2006*24PPX120   0  -7  -7  -4  -2  -2  -6  -9  -6  -1   3   2   3   5   4   1   2   1   0   0   2   1   0   2   2  -1
DST2006*25PPX120   0   2   4   6   7   9   9   4   2   3   3   3   5   4   4   6   5   3   3   3   1  -1  -2   1   4   4
DST2006*26PPX120   0   3   0   0  -1  -2  -3  -3  -4  -4  -4  -2  -2   0   1   1   2   3   1  -1  -4  -5  -2  -5  -9  -2
DST2006*27PPX120   0 -13 -12  -6  -3  -4  -4   1   4   6   5  -1  -8  -3   1  -5  -9  -8 -10 -10  -8  -6  -6  -8 -10  -5
DST2006*28PPX120   0 -13 -16 -18 -18 -15 -11 -10  -9  -8  -7  -9  -9  -8  -8  -7  -8  -9  -9  -7  -6  -5  -5  -6  -6  -9
DST2006*29PPX120   0  -3  -1  -3  -8  -7  -4  -3  -1   2   2   2   0   0   0  -3  -3  -1  -2  -3  -4  -3  -2   0   0  -2
DST2006*30PPX120   0  -1  -4   2   4  -2  -6  -8  -5  -1   0  -2  -4  -5  -9  -9  -8  -5  -4  -3  -2  -2  -3  -4  -1  -3

[Created at Wed May 11 02:23:24 UTC 2022]
