DST2010*01PPX120   0 -25 -18 -16 -17 -18 -19 -20 -22 -21 -17 -20 -25 -27 -22 -16 -18 -22 -24 -25 -23 -21 -24 -28 -31 -22
DST2010*02PPX120   0 -30 -29 -24 -22 -19 -18 -20 -18 -17 -18 -20 -22 -21 -22 -19 -24 -27 -29 -30 -27 -20 -23 -27 -27 -23
DST2010*03PPX120   0 -21 -17 -17 -15 -16 -18 -19 -18 -16 -18 -19 -22 -21 -18 -17 -17 -16 -16 -18 -19 -21 -23 -23 -23 -19
DST2010*04PPX120   0 -21 -17 -17 -18 -16 -14 -11 -11 -10 -11 -11 -12 -13 -12 -10  -9 -11 -13 -14 -15 -17 -19 -20 -19 -14
DST2010*05PPX120   0 -17 -15 -12 -10  -9 -10 -13 -13  -6  -4  -4  -4  -4  -5  -9  -7  -7  -9 -19 -27 -33 -40 -38 -33 -15
DST2010*06PPX120   0 -30 -27 -28 -27 -24 -22 -21 -21 -20 -17 -16 -11  -8  -3  -2  -5  -2  -1   1   2   2   4   2   3 -11
DST2010*07PPX120   0   3   2   4   6   5   5   4   4   8  14  14  12  16  17   7   2   2  -1  -3  -3  -6 -11 -13 -12   3
DST2010*08PPX120   0 -10 -10  -7  -6  -7  -7  -8  -7  -7  -4  -2  -7  -7  -8  -8  -6  -5  -5  -4  -4  -5  -6  -7  -8  -6
DST2010*09PPX120   0  -9 -10  -9  -6  -3  -1  -2  -3  -3  -2  -1   0  -1  -1  -3  -3  -1   1   1   0   2   1   1   1  -2
DST2010*10PPX120   0   1   1   0   1   0   0   2   2   1  -2  -3   1   4   6   7   6   4   2   2   1   0   0   0   3   2
DST2010*11PPX120   0   5   7   8   8   7   6   5   5  10  11  12  10   8  10  10   9   6   6   5   6   3   1   1   1   7
DST2010*12PPX120   0  -2  -3  -4  -2   0   1   2   3   3   4   6   8  11   6  11  11   9   6   3   3   1  -1  -2   1   3
DST2010*13PPX120   0   4   9   7   8   6   6   7   8   9   9  10  11  12  12  10  11  10   9   6   4   4   2   4   5   8
DST2010*14PPX120   0   7   9   9   6   5   4   4   4   4   5   3   3   2   1   1   1  -1  -1  -3  -4  -3  -2   2   2   2
DST2010*15PPX120   0   1   1   2   3   3   1   1   2   2   1  -1   0  -1  -1   1   1   1   4   7   9  10  11   9   6   3
DST2010*16PPX120   0   8   7   3   1   4   7   6   2   1   4   4   5   6   4   3   3   3   3   2   0  -3  -4  -4  -3   3
DST2010*17PPX120   0  -2   1   3   2  -2  -9 -13 -16 -16 -11  -5  -6  -4  -6  -6  -5  -2   1   3   7   6   6   4   3  -3
DST2010*18PPX120   0   1   4   3   4   3   0   0   0   0  -2   0   1   2   2   1   1   2   4   4   1  -2  -3   1   4   1
DST2010*19PPX120   0   4   5   5   5   5   6   4   0  -4  -9 -10 -11 -10  -8  -3   9   9  12   5  -3  -5  -8  -7  -4  -1
DST2010*20PPX120   0  -3  -5  -7  -8  -8  -7  -5  -7 -11 -13 -12  -9  -7  -5  -3  -5  -5  -5  -4  -3  -2  -2  -1   0  -6
DST2010*21PPX120   0  -2  -3   2   1   2   6   5 -10 -17 -13  -9  -8  -9  -9  -8  -9 -13 -13 -13 -12 -11 -11 -10  -9  -7
DST2010*22PPX120   0  -6  -7  -8  -7  -5  -3  -2  -1   0   1   3   5   6   5  -1  -5  -6  -5  -8  -8  -9 -11 -10 -12  -4
DST2010*23PPX120   0 -12  -8  -7  -6  -5  -4  -3  -5  -7  -4   1   4   9  14  23  22  23  31  14  11  -1 -10 -20 -23   2
DST2010*24PPX120   0 -19 -26 -33 -30 -35 -38 -33 -31 -36 -32 -29 -20 -19 -18 -21 -23 -23 -25 -25 -23 -21 -17 -14 -14 -25
DST2010*25PPX120   0 -13 -11  -8  -7  -7  -7  -7 -13 -24 -27 -20 -17 -18 -16 -20 -26 -28 -26 -30 -31 -24 -22 -17 -13 -18
DST2010*26PPX120   0 -12 -10 -14 -13 -23 -32 -31 -26 -23 -28 -24 -19 -20 -21 -18 -20 -21 -21 -23 -25 -22 -20 -24 -25 -21
DST2010*27PPX120   0 -23 -17 -15 -18 -19 -21 -20 -22 -20 -21 -23 -18 -15 -13 -13 -16 -18 -17 -19 -22 -15 -14 -14 -12 -18
DST2010*28PPX120   0 -12 -11  -8 -12 -19 -19 -18 -17 -16 -15 -17 -18 -20 -18 -19 -27 -29 -23 -23 -28 -30 -31 -25 -21 -20
DST2010*29PPX120   0 -19 -17 -13 -11 -11 -15 -16 -16 -21 -26 -26 -18 -16 -12 -17 -26 -28 -25 -25 -22 -16 -17 -19 -18 -19
DST2010*30PPX120   0 -17 -13 -11 -12 -14 -16 -18 -22 -23 -20 -15 -12 -11 -12 -14 -14 -16 -16 -15 -12  -8  -9 -12 -10 -14
DST2010*31PPX120   0  -5  -2  -3  -2  -6 -11 -19 -27 -34 -36 -31 -25 -19 -21 -23 -24 -20 -14 -11 -10 -10 -10 -11 -14 -16

[Created at Wed May 11 02:24:10 UTC 2022]
