DST2001*01PPX120   0  -6  -1   3   5   7  10  11   8   3   2   1   3   4   2   3   2  -2  -3  -2   1   4   5   5   3   3
DST2001*02PPX120   0   1   4   7   8   8   9   9   8   6   1  -2   1   4   2   0  -1  -4  -4  -5  -3  -2  -3  -4   1   2
DST2001*03PPX120   0   5   7   8  10  13  14   5   3  -7 -11  -6  -1  -1  -4  -5  -6  -5  -4  -4  -2  -4  -7 -10 -11  -1
DST2001*04PPX120   0  -9  -8  -6  -3  -3  -6  -9 -10  -8  -6  -3  -2  -1  -2  -6 -12 -19 -25 -25 -21 -19 -23 -21 -19 -11
DST2001*05PPX120   0 -16 -16 -13 -10  -9  -9  -7  -9  -5  -4  -2   1   2   5   3   2   1   6   4 -16 -19 -22 -19 -20  -7
DST2001*06PPX120   0 -23 -23 -17 -11 -10 -10 -11 -11 -10  -8  -5  -5  -5  -7  -6  -4  -5  -7 -13 -16 -10  -8  -4  -3 -10
DST2001*07PPX120   0  -8  -9  -6  -5  -7  -7  -7  -7  -8  -9  -5  -2  -3  -4  -3   0  -4  -9  -9  -6  -5  -8 -11  -7  -6
DST2001*08PPX120   0  -6  -6  -6  -5  -3  -4 -11 -16 -18 -17 -12  -4   2   1   1  -1  -3 -11 -17 -16 -14 -18 -22 -22 -10
DST2001*09PPX120   0 -21 -20 -16 -13 -12 -18 -24 -31 -32 -29 -27 -19 -22 -21 -20 -15 -10 -10 -16 -22 -23 -19 -16  -9 -19
DST2001*10PPX120   0  -7  -8  -8  -8  -7 -10 -13 -14 -14 -15 -15 -18 -16 -11  -9  -7  -9  -9  -9  -9 -11 -12  -8 -10 -11
DST2001*11PPX120   0  -8  -5  -6  -7 -10 -10 -13 -14 -18 -18 -14 -12  -7  -5  -5  -4  -3  -5  -6  -5  -5  -8  -9  -9  -9
DST2001*12PPX120   0  -8  -6  -4  -5  -6  -7 -10 -14 -17 -15 -12 -11  -7  -5  -3  -2  -4  -5  -7  -7  -6  -8  -6  -3  -7
DST2001*13PPX120   0  -4  -3   0  -1  -3  -2  -1  -2  -3  -2  -4  -5  -6  -4   1   0  -3  -1  -2  -3  -2  -1   1   1  -2
DST2001*14PPX120   0  -1   0   2   4   5   3   1   0  -3  -6  -5  -4  -5  -6  -8  -5  -7  -4  -5  -4  -2  -1  -2  -4  -2
DST2001*15PPX120   0  -5  -4  -1   3   5   6   3  -1  -2  -7 -10  -6  -1   0   1   2   5   7   6  10  14   9   5   1   2
DST2001*16PPX120   0   0   3   7   8  10   8   9   5   3  -3  -9 -13 -12  -9  -8  -5  -4  -6  -5  -4  -6  -7  -4  -5  -2
DST2001*17PPX120   0  -4  -3   0   2   4   3   3   1   2   1  -1   2   5   6   5   5   4   3   5   8   6   2   2   1   3
DST2001*18PPX120   0   3   4   0  -2   0   1   1   1   1   2   1   2   3   2   3   5   8  10  10   8   8   7   5   4   4
DST2001*19PPX120   0   5   5   5   5   4   3   4   4   5   3   2   2   4   3   1   2   6   5   5   3   2   1   1   0   3
DST2001*20PPX120   0   1   1  -2  -4  -3   0  -1   0   3   4   4   4   6   6   5   4   4   5   4   5   3   1   0   0   2
DST2001*21PPX120   0   1   3   3   3   3   4   4   3   2   5  13  18  21  20  10  -1  -5  -1   0  -6 -12 -14  -9  -7   2
DST2001*22PPX120   0  -9 -12 -12 -10 -12 -12 -10  -7  -6  -6  -7  -8  -7  -6  -3  -2  -3  -4  -5  -4  -5  -9  -3   0  -7
DST2001*23PPX120   0  -3  -8  -8  -6  -4  -4  -6  -9 -12 -12 -11 -10  -7  -6  -6  -6  -5  -8 -12 -13 -13 -12  -8  -6  -8
DST2001*24PPX120   0  -7  -7  -6  -6  -7  -8  -6  -5  -2   0   1   1   0   0   0  -1   0  -3   0   1   2   2   4   5  -2
DST2001*25PPX120   0   8   7   5   5   3   1   0  -1  -1   0   3   4   6   6   5   6   6   5   4   6   8   7  10  12   5
DST2001*26PPX120   0  12  10  10  11  12   9   4   0  -2  -2   1   3   4   4   6  10   9   9   9  10  10   9  10   8   7
DST2001*27PPX120   0   8  12  12  11   7   5   2   2   0  -1   2   3   6   6   4   5   5   4   0   0   1   2   4   4   4
DST2001*28PPX120   0   2   4   4   1  -1  -2  -5  -8  -8  -6   1   7  10   9   9  10  10   8   6  10  10   5   8   1   4
DST2001*29PPX120   0  -9  -8  -9 -16 -13 -12 -16 -20 -20 -16  -8  -4  -1  -1  -3  -4  -5 -10 -12 -10 -13 -13  -6  -6 -10
DST2001*30PPX120   0  -3  -1   1   0   0  -5 -10 -15 -14 -13 -13  -9  -7  -4  -5  -2  -5 -13 -20 -21 -22 -21 -23 -23 -10
DST2001*31PPX120   0 -20 -19 -18 -17 -19 -15 -16 -17 -18 -19 -19 -18  -9  -6  -5  -6  -7  -9 -11 -11 -11 -14 -11 -13 -14

[Created at Wed May 11 02:21:48 UTC 2022]
