DST2009*01PPX120   0 -14 -14 -16 -26 -32 -32 -27 -32 -33 -24 -19 -14 -17 -23 -21 -24 -30 -31 -28 -28 -28 -30 -28 -30 -25
DST2009*02PPX120   0 -28 -32 -33 -33 -28 -22 -24 -25 -25 -24 -20 -15 -19 -19 -16 -13 -16 -17 -16 -14 -14 -18 -19 -22 -21
DST2009*03PPX120   0 -21 -20 -18 -17 -15 -14 -15 -15 -16 -13  -8  -3   0  -1  -4  -6  -8  -7  -8  -8 -10 -15 -17 -21 -12
DST2009*04PPX120   0 -22 -23 -19 -16 -14 -15 -18 -18 -15 -11 -18 -19 -18 -22 -21 -26 -27 -25 -22 -20 -24 -22 -21 -21 -20
DST2009*05PPX120   0 -21 -22 -23 -22 -19 -16 -15 -15 -21 -23 -22 -11  -7  -7  -7  -8  -9  -7  -8  -6  -6  -8  -9 -14 -14
DST2009*06PPX120   0 -18 -21 -16 -12 -10 -11  -8  -5  -7  -6  -6  -9  -9  -7  -6  -7  -7  -6  -5  -6  -9 -15 -20 -21 -10
DST2009*07PPX120   0 -21 -16 -13 -11 -14 -17 -14 -10 -11 -11 -13 -14 -15 -12 -12 -10 -13 -12  -9  -8 -10 -14 -16 -16 -13
DST2009*08PPX120   0 -12 -12 -13 -12 -12 -12  -9  -6  -6  -1   2   1   2   3  -1  -6  -7  -9  -7  -5  -3  -2  -2  -2  -5
DST2009*09PPX120   0  -3  -4  -4  -5  -5  -6  -2   0   0   1   2   1   1   0  -1  -2  -1   0   0   1   0  -1   1   1  -1
DST2009*10PPX120   0   0   0   0  -1  -1  -2  -3  -1   1   3  -1   1   2   4   3   2   2   4   3   1   1   4   4   2   1
DST2009*11PPX120   0   2   4   3   4   2   2   2   2  -1  -2  -1  -2  -2  -1  -1  -1   0  -2   0  -1  -2  -6 -10 -11  -1
DST2009*12PPX120   0 -10  -8  -7  -5  -5  -8  -8  -7  -8  -8  -2   1   1   1  -2  -5  -4  -2   0  -1  -3  -5  -8  -9  -5
DST2009*13PPX120   0  -7  -8 -11 -11  -6  -5  -6  -9  -8  -6  -3  -2   0   2   0   1   1   9   8   8  12   8   8   9  -1
DST2009*14PPX120   0   4 -10 -19 -24 -35 -34 -29 -26 -29 -15 -10  -6 -12 -13 -10  -9  -8  -6  -7  -8 -10 -12 -14 -17 -15
DST2009*15PPX120   0 -17 -18 -16 -17 -20 -18 -19 -16 -20 -23 -26 -23 -16 -13 -14 -15 -15 -13 -11  -9  -9 -12 -15 -17 -16
DST2009*16PPX120   0 -15 -12 -12 -13 -11  -9  -6  -7  -6  -4   0   3   4   2   0  -2  -4  -4  -4  -4  -6 -13 -17 -15  -6
DST2009*17PPX120   0 -11  -5   2   4   1   0  -2  -9 -10  -9  -6  -1   3   3   0  -2  -4  -4  -4  -3  -1  -9 -11 -10  -4
DST2009*18PPX120   0  -4  -3  -3  -3  -4  -5  -5  -5  -6  -5  -5  -3  -2  10  12  15  13   7   5   3   3   0  -2  -2   0
DST2009*19PPX120   0   0   0   0  -1  -2  -5  -7  -7  -7  -3  -2  -4  -5  -6  -6  -5  -6  -7  -6  -6  -6  -5  -5  -5  -4
DST2009*20PPX120   0  -8  -8  -5  -4  -3   0   1   3   2   0  -1  -3  -4   0   3   1  -3  -3  -5  -6  -6  -5  -7  -5  -3
DST2009*21PPX120   0   1   5  10  12  12  12  10  10   9   8   5   5   5   5   6   8   8  11  11  13  11   8   8   8   8
DST2009*22PPX120   0   5   3  -2  -3  -3   0  -2  -5 -12 -14 -16 -13  -6  -2  -5  -9 -10 -12 -11 -10  -9 -10  -9 -12  -7
DST2009*23PPX120   0 -10 -10  -8  -4  -2   2   4   0 -10 -20 -23 -23 -15 -11 -11 -14 -12  -7 -11 -16 -13 -17 -18 -18 -11
DST2009*24PPX120   0 -18 -14  -3  -6  -9 -13 -13 -25 -39 -40 -27 -18 -19 -25 -26 -29 -31 -30 -27 -23 -22 -19 -20 -21 -22
DST2009*25PPX120   0 -23 -22 -26 -34 -30 -24 -22 -24 -34 -27 -21 -18 -13 -14 -19 -17 -17 -20 -17 -15 -20 -26 -39 -45 -24
DST2009*26PPX120   0 -45 -49 -49 -50 -47 -45 -42 -50 -45 -34 -25 -24 -21 -19 -19 -17 -25 -26 -26 -26 -25 -25 -27 -32 -33
DST2009*27PPX120   0 -29 -28 -30 -38 -41 -39 -31 -30 -30 -27 -24 -21 -18 -17 -20 -25 -24 -24 -22 -20 -32 -45 -45 -44 -29
DST2009*28PPX120   0 -54 -49 -49 -57 -54 -47 -50 -55 -52 -42 -41 -38 -34 -30 -29 -30 -37 -36 -39 -41 -42 -44 -42 -38 -43
DST2009*29PPX120   0 -30 -34 -39 -34 -26 -25 -32 -30 -29 -24 -20 -20 -20 -19 -27 -33 -34 -33 -31 -29 -30 -26 -24 -26 -28
DST2009*30PPX120   0 -25 -27 -26 -30 -41 -47 -36 -35 -34 -29 -27 -23 -19 -17 -16 -19 -22 -26 -31 -31 -32 -29 -29 -30 -28

[Created at Wed May 11 02:23:58 UTC 2022]
