DST2012*01PPX120   0 -10  -8 -10 -11 -11 -11  -8  -9 -10 -11  -9  -7  -7  -7  -6  -4  -3  -3  -7  -8  -7  -6  -5  -7  -8
DST2012*02PPX120   0  -7  -7  -9  -9  -8  -9  -9 -10  -8  -5  -3  -1   0   1   5   6   7   7   6   5   4   5   6   5  -1
DST2012*03PPX120   0   7   7   4   2   1   1   1  -2  -5  -6  -6  -8  -6  -3   0  -2  -8 -11 -11  -8  -6  -7  -6  -3  -3
DST2012*04PPX120   0  -4  -5  -6  -6  -5  -3  -2  -2  -3  -6  -8  -8  -6  -7  -8  -7  -7  -7  -7  -6  -4  -4  -3  -1  -5
DST2012*05PPX120   0   1   0  -2  -3  -3  -2  -1   2  -1  -2  -3  -2  -4   1   1   3   5   5   7   6   2   1   1   2   1
DST2012*06PPX120   0   4   3   0  -4  -4   0   0  -2  -1   1  -1  -3   1   6  10   8   5   5   7   8   5   3   1   0   2
DST2012*07PPX120   0   2   2  -2  -2  -1   2   1  -2  -1  -2  -3  -5  -6  -6  -4  -4  -5  -4  -5  -5  -4  -3  -1  -1  -2
DST2012*08PPX120   0  -2  -2  -6  -8  -7  -4  -4  -5  -9 -11 -12  -7   0   1   2   6   8   3   1   2   1  -1  -2  -5  -3
DST2012*09PPX120   0  -6  -4  -3   0  -2   2   0   1   1   2   3   3   3   1   3   1   4  -2  -4  -1  -4  -8  -7  -6  -1
DST2012*10PPX120   0  -4  -2  16  18  12  10   8   7   5   2   1   6   4   3   3   3   0  -3  -3  -6  -6  -3   2   4   3
DST2012*11PPX120   0   2  -1  -4   4   3  -2  -5  -5  -7 -10  -6  -6  -8  -7  -7  -4  -3  -3  -2  -3  -5  -4  -3  -2  -4
DST2012*12PPX120   0  -1   0  -2  -4  -5  -6  -6  -7  -5  -2  -1  -1   2   3   6   3   4   6   8   7   5   2   5   3   1
DST2012*13PPX120   0   1   1  -2  -5 -10 -12 -13 -12  -9  -7  -5  -3  -2  -3  -6  -3  -4  -2  -2   1  -2  -6  -7  -6  -5
DST2012*14PPX120   0  -4  -2  -4  -4  -5  -4   0   0  -2  -4  -4  -5  -4  -5  -3   2   4   4   2   2   0  -5  -5  -6  -2
DST2012*15PPX120   0  -6  -5  -4  -3  -3  -4  -5  -5  -7  -7  -5  -3   1   2   5  11  13  12  12  10   9   6   6   5   1
DST2012*16PPX120   0   6   8   5  -2  -3  -2   1   5   7   7   3   3   2   2   0   0   3   4   5   4   0  -2  -1   1   2
DST2012*17PPX120   0   2   4   4   4   2   1   2   3   3   5   5   5   3   4   5   4   4   4   6   6   5   3   1   0   4
DST2012*18PPX120   0   0   2   5   6   6   4   4   4   5   6   9  11  13  12  11  11   9   9  12  10   8   6   5   5   7
DST2012*19PPX120   0   7   6   7  10   7   5   5   7   5  14  15  12   7  -2   1   3   2   4   1  -1  -2  -5  -5  -9   4
DST2012*20PPX120   0  -9 -11 -10  -7  -6  -6  -7  -8 -13 -14 -10  -6  -7 -10 -10  -7  -3   3   6   6   7   2   1   3  -5
DST2012*21PPX120   0   4   7   8   5   3  -4  -8 -11 -11   0  -3   0   1  -1   2  -1   3   2   2   1  -6 -10  -9   2  -1
DST2012*22PPX120   0   0  -1 -10 -18 -15 -13 -10 -12 -18 -23 -20 -17 -13 -12  -9  -6   0  -1   1  -3  -7  -7  -8  -5  -9
DST2012*23PPX120   0  -3  -6  -9  -7  -5  -5 -11 -10  -8 -11  -6  -8  -9  -9  -7  -6  -7  -7  -8  -9  -6  -5  -3  -2  -7
DST2012*24PPX120   0  -1  -2  -3  -5  -7  -5  -7 -10 -18 -20 -14 -14 -10 -13 -15 -15 -13 -14 -14 -13 -10 -11 -11  -9 -11
DST2012*25PPX120   0  -7  -6  -6  -7  -6  -6  -6  -4  -6  -7  -6  -6  -7  -6  -5  -5  -6  -5  -5  -6  -7  -9  -8  -6  -6
DST2012*26PPX120   0  -2  -2  -4  -5  -9  -9  -7  -6  -7  -5  -4  -1   0   0   2   4   0   0   1  -1  -3   0   4  11  -2
DST2012*27PPX120   0   9   6  -1  -2  -2  -4  -4  -5  -5  -4  -3   3   6   6   7   7   8   4   3   0  -1  -1   0   0   1
DST2012*28PPX120   0  -4  -8  -5  -3  -3  -3  -5  -6 -10 -14 -11 -11  -5  -6  -7  -5  -4  -2   0  -2  -1  -4  -7  -7  -6
DST2012*29PPX120   0  -5  -1   0  -1  -3   1   4   4  -4  -9  -6  -2   1  -1  -1  -2  -3  -1  -1  -3  -1  -5  -6  -2  -2
DST2012*30PPX120   0   2   5   2  -1  -2   1   4  -1 -12 -14 -13  -3  -2  -4  -9  -8  -7  -7  -6  -2  -1  -1  -2  -4  -4
DST2012*31PPX120   0  -3  -1  -1   0   0  -3  -5  -6  -9 -11 -10  -8  -7  -5  -2  -2  -2  -2  -1   3   6   5   3   2  -2

[Created at Wed May 11 02:25:34 UTC 2022]
