DST2011*01PPX120   0 -13 -11  -7  -6  -6  -8  -7  -8 -10 -14 -11  -8  -5  -6 -14 -17 -21 -27 -25 -28 -26 -23 -20 -18 -14
DST2011*02PPX120   0 -14 -11 -11 -10 -11 -10 -12 -13  -9  -6  -7  -9  -7  -8  -8  -8  -7  -9 -11 -12 -13 -14 -14 -14 -10
DST2011*03PPX120   0 -11  -8  -5  -4  -4  -4  -5  -5  -5  -5  -5  -6  -6  -3  -4  -4  -4  -6  -6  -7  -9  -9  -7  -7  -6
DST2011*04PPX120   0  -6  -3  -3  -4  -5  -6  -5  -3  -5  -3  -3  -2  -2   0   2   4   4   7   5   6   5   4   4   2   0
DST2011*05PPX120   0   1  -1  -1   1   2   3   4   5   4   4   5   4   3  11  12  16  17  18  14  14  14  14  10   5   7
DST2011*06PPX120   0   8   9   8   9  12   8   5   3   5   2  -2   0  -1   1   4   0  -4  -6  -8  -4  -5  -5  -7  -5   1
DST2011*07PPX120   0  -3  -4  -2   0   2   4   3  -1  -3  -6  -8  -8  -6  -3  -1  -4  -4  -7  -7  -4  -8  -7  -9  -9  -4
DST2011*08PPX120   0  -8  -8  -9  -7  -4  -5 -10  -8  -6  -5  -7  -7  -8  -6  -3  -2  -5  -5  -2   1   2   3   1  -1  -5
DST2011*09PPX120   0  -3  -5  -5  -4  -1   0   2   1  -1  -3  -3  -1  -1  -1  -1   0   0   0   1   1   1   1   0   0  -1
DST2011*10PPX120   0   0   2   3   5   5   5   5   7   7   7   8   9  10  10   9   8   6   3   3   3   4   6   4   4   6
DST2011*11PPX120   0   3   2   2   3   3   2   2   3   4   3   4   8  13  18  20  15   9   8  10  14  13   8  -2   4   7
DST2011*12PPX120   0   1   0  -1   0   3   5   6   1  -3  -5  -4   2   3   5   4   3   2   1   4   4   3   2   3   4   2
DST2011*13PPX120   0   1  -1  -5  -6  -6  -8 -10  -5  -2  -3  -4  -3  -2   0  -1  -1  -3  -4  -3  -4  -3  -2   1   4  -3
DST2011*14PPX120   0   6   4   2   2   2   2  -1   0   1   3   4   7   6   4   3   3   3   2   0  -2   0   3   3   0   2
DST2011*15PPX120   0  -3  -4  -3  -4  -2  -1   1   4   6   6   6   6   6   5   4   1   0   0   3   4   5   4   6   7   2
DST2011*16PPX120   0   8   7   5   5   4   4   4   5   5   4   3   2   1   0   0   2   3   2   5   9  11  13  16  18   6
DST2011*17PPX120   0  17  14  11   9   9   9  10  11  14  10   7   9   7   2  -1   3   4   4   6   5   5   8   7   5   8
DST2011*18PPX120   0   3   4   6   7   4   0  -3  -3   0   3   3   3   2   3   3   5   6   4   5   8   9  10  10  10   4
DST2011*19PPX120   0  11   8   7   5   5   5   5   6   6   5   3   2   3   4   7   6   5   3   5   7   8  12   9   8   6
DST2011*20PPX120   0   1  -8 -13 -10 -10 -11 -16 -18 -18 -17 -11  -8  -8  -6  -4  -5 -10  -9  -9 -12  -9  -5  -2   3  -9
DST2011*21PPX120   0   1  -2   0   1   0  -4  -6  -6  -6  -4   1   1  -5  -9 -14 -14 -18 -17 -11  -7  -8 -15 -24 -28  -8
DST2011*22PPX120   0 -14 -18 -18 -14 -20 -20 -35 -30 -38 -32 -25 -24 -21 -29 -30 -29 -34 -33 -28 -30 -33 -28 -21 -18 -26
DST2011*23PPX120   0 -16 -18 -19 -18 -20 -22 -26 -25 -22 -19 -19 -17 -17 -17 -17 -17 -20 -19 -19 -18 -16 -14 -13 -11 -18
DST2011*24PPX120   0 -13 -15 -18 -17 -17 -18 -17 -16 -14 -11 -11 -12 -15 -16 -17 -16 -16 -16 -14 -14 -12  -9  -7  -5 -14
DST2011*25PPX120   0  -4  -4  -6  -7  -9 -12 -14 -13 -10  -9 -11 -11 -16 -19 -21 -20 -16 -19 -20 -21 -20 -17 -17 -15 -14
DST2011*26PPX120   0 -11  -9  -8  -7  -6  -7  -8  -8  -4  -4  -7  -8  -9  -8  -7  -7  -3  -7  -7  -5  -2  -1   1   0  -6
DST2011*27PPX120   0   2   2  -3  -3  -1  -3  -4  -4 -10 -15 -12  -6  -9  -9 -14 -11 -11  -9  -6  -5  -1   1   1  -1  -5
DST2011*28PPX120   0  -9 -13 -16 -14 -15 -17 -18 -16 -13 -13 -13 -12 -11 -15 -19 -15 -13 -12 -10  -8 -10  -7  -5  -1 -12
DST2011*29PPX120   0   2   2   1   2  -1   1   1  -4  -7  -5  -4  -4  -7  -7  -9  -9 -10  -9  -6  -6  -6  -4  -4  -3  -4
DST2011*30PPX120   0  -2  -4  -5   0   0   6   3   4   2   2   1   1  -3  -7 -10 -11 -10  -9 -12  -9  -9  -7 -10 -11  -4

[Created at Wed May 11 02:24:21 UTC 2022]
