DST2002*01PPX120   0 -18 -19 -16 -12 -11  -9  -9  -6  -4  -4  -3   1   3  -1  -5  -7  -8 -10 -12  -9  -7 -10 -17 -18  -9
DST2002*02PPX120   0 -13  -9  -4  -2  -3  -5  -5  -4  -1   1   2   1   0   1  -1  -2  -4  -6  -9 -13 -13 -10 -13 -14  -5
DST2002*03PPX120   0 -12 -11  -7  -4  -6  -9 -11 -10  -7  -7  -7  -8  -7  -6  -8  -9 -10 -11 -10  -7  -7  -3   2   4  -7
DST2002*04PPX120   0   6   9   7   4   5   6   5   1  -2  -5  -6  -4  -2  -3  -3  -5  -2  -1  -1  -8 -13 -11 -10 -10  -2
DST2002*05PPX120   0  -5  -2   1  -1  -4  -9 -11 -10  -7  -8  -9  -6  -5  -3  -5  -8 -10  -9  -7  -7 -10 -10  -7  -6  -7
DST2002*06PPX120   0  -5  -3   1   2   4   6  -6 -17 -13  -2   2   0   0  -3  -7  -8  -8 -10  -9  -9 -22 -17 -10  -8  -6
DST2002*07PPX120   0  -1  -2  -1 -10  -8  -6  -9 -13 -10  -9 -10 -11 -14 -15 -13 -14 -15 -15 -12 -11 -10 -13 -17 -17 -11
DST2002*08PPX120   0 -19 -15 -13 -12 -12 -15 -17 -14 -12 -11 -10  -8  -7  -6  -9 -11 -16 -18 -20 -21 -19 -19 -19 -20 -14
DST2002*09PPX120   0 -16 -11  -7  -2  -3  -4  -9 -13 -17 -16 -12  -9  -6  -4  -5  -6  -6  -6  -5  -5  -6  -9 -11 -14  -8
DST2002*10PPX120   0 -10  -7  -3   0   0  -3  -5  -8 -11 -10  -6  -4  -2  -1  -1  -1   0   0   2   4  -1  -1   0  -6  -3
DST2002*11PPX120   0  -1   0  -1   3  -2  -4  -7  -9  -9  -7  -6  -7  -6  -4  -2  -2  -1  -1   2   1   3   3   3  -1  -2
DST2002*12PPX120   0  -1   1   5   8   9   9   7   6   6  -1  -8  -6   1   4   3   2  -2  -4  -6  -5  -7  -8  -8  -7   0
DST2002*13PPX120   0  -4   0   2   3   3   2   2   2   0   2   0   1   1   2   4   5   3   3   3   3   3   0   0   1   2
DST2002*14PPX120   0   0   1   2   3   6   6   6   6   9  10  10   9   8   6   4   2   3   5   6   6   7  10  11   8   6
DST2002*15PPX120   0   8   9  10  11   8   5   4   7  12  15  14   7   3   3   3   4   6   3   1   2   3   7   6   2   6
DST2002*16PPX120   0   1   3   4   1  -4  -5  -3  -2  -1   0   4   5   6   3  -2  -5  -5  -4  -3  -1   0   1   3   5   0
DST2002*17PPX120   0   3   0   1   1   0   1  -1  -2  -4  -5  -4  -1   1   0   0  -2   1   1  -1  -4 -10 -13 -12  -6  -2
DST2002*18PPX120   0  -2  -2  -3  -3  -7 -14 -22 -23 -21 -22 -25 -26 -29 -30 -37 -49 -52 -52 -51 -50 -47 -40 -32 -29 -28
DST2002*19PPX120   0 -22 -17 -11 -16 -29 -30 -25 -26 -32 -32 -33 -27 -27 -25 -23 -24 -24 -23 -24 -23 -22 -20 -21 -22 -24
DST2002*20PPX120   0 -21 -17 -15 -16 -18 -21 -20 -17 -12 -11 -10 -10 -15 -17 -18 -16 -12 -10  -8  -3  -2  -2 -13 -17 -13
DST2002*21PPX120   0 -13 -11  -8  -9 -13 -21 -26 -22 -23 -21 -16 -13 -10 -11  -9 -10 -15 -17 -13 -11 -11 -12 -12 -12 -14
DST2002*22PPX120   0 -12 -11 -15 -14 -13 -11 -12 -14 -14 -13 -15 -13  -8  -4  -5  -5 -10 -10 -13 -14 -15 -15 -15 -15 -12
DST2002*23PPX120   0 -13  -9  -5  -4  -5  -7  -8  -9 -10 -11 -10  -9  -9  -8  -8  -8  -5  -3  -6 -10 -14 -16 -19 -20  -9
DST2002*24PPX120   0 -16 -13 -10  -9 -12 -13 -13 -13 -14 -12 -11 -12 -13 -11  -9  -7  -7  -7  -6  -7 -11 -16 -16 -13 -11
DST2002*25PPX120   0 -10  -9  -7  -7  -7  -7  -7  -8  -7  -5  -6  -7  -8  -8  -5  -3  -1  -1  -1  -2  -3  -3  -4  -3  -5
DST2002*26PPX120   0  -2  -1  -1  -3  -2   2   2   2   1   2   3   4   2   2   5   6   7   3   2   0  -3  -2   2   3   1
DST2002*27PPX120   0   1  -1  -3  -3  -2   1   0  -1  -5 -11 -14 -15 -11  -5  -2  -1  -1  -2  -3  -2  -4  -3  -4  -7  -4
DST2002*28PPX120   0  -8  -6  -4  -3  -2  -2  -3  -2  -1  -3  -4  -4  -2  -4   0   5   6   5   4   4   4   5  -1  -2  -1
DST2002*29PPX120   0   1   5   7   3   0  -1  -2  -6 -10 -11  -6  -4  -2  -4  -5 -10  -7  -7  -6  -8  -7 -11 -19 -21  -5

[Created at Wed May 11 02:22:39 UTC 2022]
