DST2004*01PPX120   0  -8  -9 -12 -17 -13  -9  -9 -11 -14 -12 -10  -7  -6  -7  -8 -10 -11 -12 -14 -14 -14 -17 -17 -17 -12
DST2004*02PPX120   0 -14 -11 -11 -15 -19 -16 -14 -15 -15 -12  -9  -4  -1  -3  -5  -5  -5  -4  -7 -12 -14 -15 -10 -11 -10
DST2004*03PPX120   0 -11 -14 -16 -16 -16 -15 -12 -10  -9  -8 -11  -7  -3  -3 -10 -14 -10 -12 -14 -13  -9  -8 -17 -18 -12
DST2004*04PPX120   0 -14 -10 -13 -14 -13 -10  -8  -5  -1  -2  -3   3   5   5   3   0  -3  -3  -7 -10 -10 -11  -7  -3  -5
DST2004*05PPX120   0   0   3   3   2   4   4   3   1  -3  -2  -3  -1   0  -2  -3  -4  -5  -7  -6  -4  -1   3   7   8   0
DST2004*06PPX120   0   6   2  -2  -3  -1  -1   0   1   2   4   2   2   3   4   2   1  -1   0   0   0   2   3   4   5   1
DST2004*07PPX120   0   4   4   4   5   6   7   7   6   5   8   6   5   6   3   3   3   5   3   3   1   3   8   6   7   5
DST2004*08PPX120   0  10  16  20  11  -3  -4  -1  -4  -9 -14 -15 -11  -7  -6 -11 -16 -21 -20 -21 -14 -15 -14 -17 -16  -8
DST2004*09PPX120   0 -17 -18 -15 -14 -11 -11 -13 -13 -11  -7  -6  -4  -8  -8  -8  -9  -9 -10  -9 -10  -9  -8  -6  -6 -10
DST2004*10PPX120   0  -5  -4  -2  -2  -2  -3  -4  -5  -3  -3   1   4   3   2   2   2  -3  -3  -3  -2  -1   1   2   3  -1
DST2004*11PPX120   0   4   5   2   0   0   1  -1  -1   1   4   3   1   2  -2  -9 -13 -18 -20 -19 -13  -9  -7  -4  -1  -4
DST2004*12PPX120   0   6   8   8   6   5   1  -3  -5  -6  -5  -4  -2  -1   1   1  -1  -3  -3  -7  -5  -7  -7  -6  -5  -1
DST2004*13PPX120   0  -5  -5  -4  -4  -3  -3  -3  -2  -4  -3  -3   0   2   3   1   3   3  -1  -2  -2   1   3   3   0  -1
DST2004*14PPX120   0   0   3   3   2   4   3   6   3   1   0  -2   0   2   2   0  -1  -1   0   0   3   6   4   0  -6   1
DST2004*15PPX120   0 -11 -11  -9  -8 -11 -16 -19 -14  -9  -4  -1   1   0   1   1  -1   0   2   2   3   2   0  -1   0  -4
DST2004*16PPX120   0  -2  -3  -5  -6  -8 -10 -14 -11  -8  -5  -4  -1   0  -2  -7 -11 -10  -9  -4   1   5   3   0  -2  -5
DST2004*17PPX120   0  -5  -3  -1   1   3   4   4   2  -1  -1  -1   3   7   6   3   0  -1   2   2  -1  -2  -2   2   3   1
DST2004*18PPX120   0   0  -3  -7 -10  -6  -1   0  -3  -7  -3   1   2   0  -2  -5  -7  -8  -6  -3   0   1   0   1   3  -3
DST2004*19PPX120   0   4   3   4   4   5   5   2   2   2   6   7   9   7   6   4   2   0  -1  -2  -2   0   2   3   3   3
DST2004*20PPX120   0   2   2   7  11   8  11  15  20   9 -21 -39 -50 -59 -56 -45 -39 -37 -33 -31 -31 -30 -26 -16 -14 -18
DST2004*21PPX120   0 -14 -12 -10  -6   4   7   1   1   0   0  -2 -12 -25 -27 -21 -20 -24 -27 -26 -27 -28 -26 -23 -23 -14
DST2004*22PPX120   0 -23 -26 -25 -24 -24 -24 -23 -18 -13 -11 -10  -5  -2  -4  -6  -7 -11 -12 -12 -13 -14 -16 -16 -13 -15
DST2004*23PPX120   0 -13 -12 -12 -12 -11 -10  -9  -7  -4  -1   0   1   2   1   0  -1  -2   1   5   4   4   7   5   3  -3
DST2004*24PPX120   0   5   6   3   3   2   2  -1  -1  -2   0   3   6   5   3   0  -1   5  12   4  -5  -4  -6 -12  -9   1
DST2004*25PPX120   0  -5  -2  -4  -3  -4  -3  -4  -4  -4  -2   0   5   3   1  -2  -4  -1   0  -2  -2   1   0   1   3  -1
DST2004*26PPX120   0   2   3   7   5   2   1  -1  -2  -3  -4  -9  -9  -6   1   4   0  -5  -7  -8 -13 -17 -23 -23 -17  -5
DST2004*27PPX120   0 -13 -13 -12 -15 -14 -10 -10 -11 -10  -8  -6  -3  -3  -4  -3  -6 -10 -11 -14 -19 -18 -13  -8  -7 -10
DST2004*28PPX120   0 -12 -19 -18 -13  -7  -5  -7  -7  -7  -4  -1   5   4  -1  -5  -8  -9  -9  -8  -7  -5  -6  -6  -6  -7
DST2004*29PPX120   0  -5  -4  -4  -5  -5  -5  -5  -5  -5  -3  -3  -3  -4  -3   2   4   6   4   1   0  -1  -4  -6  -5  -2
DST2004*30PPX120   0  -2   1   2   0   0   0  -1  -3  -5  -4  -1   2   1   3   4   7   7   5   6   7   8   8   7   6   2

[Created at Wed May 11 02:23:02 UTC 2022]
