DST2007*01PPX120   0   1   1  -5 -11 -12 -11  -9  -5  -3  -3  -4  -8  -8  -5  -3  -4  -1   3   6   9   0  -6  -6  -2  -4
DST2007*02PPX120   0  -3  -2  -4  -4  -6  -5  -2   3   6   7   4   1  -1  -1   1   2   3   5   4   4   1   0   0   3   1
DST2007*03PPX120   0   6   7   2  -1  -3  -2   0   6  12   7   3   2   2   3   4   1  -1   0   4   4  -3  -1   0   0   2
DST2007*04PPX120   0   2   1  -1  -5  -4  -3   1   5  10  12   9   5   6  14  22  22  17  19  21  16   3  -9  -9  -9   6
DST2007*05PPX120   0 -12  -6  -4  -3  -6  -9  -8  -8 -10  -6 -11 -16 -15 -14 -13 -12 -14 -12 -12  -9  -7  -4 -11  -6 -10
DST2007*06PPX120   0  -4  -4 -10 -12 -13  -9  -8 -10  -8  -8  -9  -9  -7  -6  -6  -8  -9  -7  -6  -4  -4  -4  -6  -6  -7
DST2007*07PPX120   0  -3  -4  -2  -3  -9 -12 -13  -8  -6  -3  -2  -8 -11 -12 -10  -7  -4  -1  -1   1   1   1  -1  -3  -5
DST2007*08PPX120   0  -2  -3  -3  -6  -9  -7  -4  -2  -1  -2  -1  -1  -1  -2  -1   0   2   3   4   0   2   3   0  -1  -1
DST2007*09PPX120   0  -2  -2   0   4   4   2   1  -1   1   4   4   2   1  -1  -2  -1   0   2   0   1  -4  -7  -7  -7   0
DST2007*10PPX120   0  -6  -4  -5  -6  -4  -2  -3  -1  -1  -1  -2  -1   1   0  -2  -2  -2  -5  -3  -2  -2  -3  -1  -4  -3
DST2007*11PPX120   0  -6  -6  -4  -2  -2  -4  -3  -3  -3  -3  -3  -4  -6  -6  -6  -6  -5  -5  -6  -6  -6  -4  -1   0  -4
DST2007*12PPX120   0  -1  -2  -2   0   2   2   3   3   3   4   2   2   6   7   7   6   4   4   4   7   9  10  10  14   4
DST2007*13PPX120   0  15  15  11   3   4   8  12  16  15  11   4   0  -1  -3   0   1   4   4   8  12   9   4  -5 -21   5
DST2007*14PPX120   0 -28 -28 -34 -44 -46 -46 -43 -34 -29 -27 -26 -28 -30 -30 -28 -27 -26 -24 -20 -14 -15 -12 -11 -14 -28
DST2007*15PPX120   0 -15 -13 -13 -16 -18 -19 -21 -18 -12 -10 -11 -14 -13  -8 -11 -14 -16 -14 -12 -11 -15 -18 -20 -22 -15
DST2007*16PPX120   0 -19 -14 -10  -9 -10  -9  -8  -6  -4  -2  -6 -11 -13 -14 -12 -12 -11  -9  -5  -3  -6  -7  -7  -7  -9
DST2007*17PPX120   0  -8 -10 -13 -13 -13 -13 -12 -11  -7  -9 -14 -14 -13  -8  -4  -5  -6  -6  -1   0  -4  -3  -3  -4  -8
DST2007*18PPX120   0  -5  -9  -9 -10 -10  -9  -8  -7  -3  -3  -5  -9  -8  -6  -3  -4  -3  -2  -3  -1  -3  -6  -9  -7  -6
DST2007*19PPX120   0  -4   0  -3  -7  -6  -5  -4  -2  -3  -2   0   0   0   2   4   5   6   5   2   2   0  -1  -2  -1  -1
DST2007*20PPX120   0  -5  -3  -6  -8  -8  -8  -7  -7  -2   1  -2  -3  -3  -1   2   4   7   7   4   4  -2  -6  -9  -7  -2
DST2007*21PPX120   0  -5  -2  -1  -2  -2  -4  -4  -2   2   1  -1  -3  -2  -2  -1  -1  -2  -1  -1   0  -3  -6  -9  -7  -2
DST2007*22PPX120   0  -4  -3  -4  -5  -4  -3   0   1   4   1  -3  -8  -7  -3  -1   2   3   1   2   5   4   4   3   1  -1
DST2007*23PPX120   0  -1   0  -1   0   1   2   3   3   4   4   8   7   4   6   7   5   6   7   8   7   5   2   0   2   4
DST2007*24PPX120   0   6   7   9  12   6  -1 -10 -18 -21 -27 -22 -17 -16 -18 -22 -28 -26 -25 -26 -28 -36 -35 -34 -45 -17
DST2007*25PPX120   0 -52 -51 -43 -39 -36 -33 -29 -28 -26 -20 -16 -19 -17 -12 -12 -11 -11  -9  -9  -8 -10  -9  -9  -7 -22
DST2007*26PPX120   0  -7  -8 -13 -17 -19 -18 -16 -14 -13 -13 -13 -13 -13  -9  -9 -11 -12 -12 -12  -9 -11 -13 -13 -12 -13
DST2007*27PPX120   0 -14 -15 -18 -19 -14 -10  -8  -7  -4  -4  -6  -7  -4  -2  -2  -3  -1  -1   0   5   3   1   0  -3  -6
DST2007*28PPX120   0  -9 -15 -15 -13 -11  -9  -5  -3  -2  -2  -3  -6  -5  -4  -2  -5  -5  -8  -8  -4  -5  -4  -5  -5  -6
DST2007*29PPX120   0  -6  -9 -12 -10  -8  -5  -4  -2   1   1   1  -2  -6  -7  -4  -3   0   2   4   2   0  -2  -3  -2  -3
DST2007*30PPX120   0  -5  -2   0   1   2   3  -1  -5  -8  -7  -6  -6  -7  -8  -6  -7  -6  -6  -5  -3  -5  -6  -6  -8  -4
DST2007*31PPX120   0 -10  -9  -8  -4  -2  -2  -1   4   7   5   3   3  -1  -3  -4  -4  -4  -3  -2   0   0   1   1  -2  -1

[Created at Wed May 11 02:23:35 UTC 2022]
