DST2103*01PPX120   0  16  10  -5 -26 -43 -53 -58 -51 -47 -44 -40 -34 -30 -26 -23 -25 -22 -21 -23 -26 -24 -24 -18 -14 -27
DST2103*02PPX120   0 -13 -12 -12 -12 -14 -11  -8  -8 -14  -9  -5  -7 -10  -3  -3 -18 -14  -7  -9 -13 -19 -26 -30 -33 -13
DST2103*03PPX120   0 -23 -21 -19 -32 -39 -36 -39 -35 -35 -37 -35 -32 -28 -22 -18 -18 -15 -12  -6  -5 -10 -14 -16 -11 -23
DST2103*04PPX120   0 -14 -14 -18 -16 -14 -14 -14 -14 -13  -9  -7  -7  -5  -8 -15 -19 -18 -13 -12 -12  -9 -14 -14 -12 -13
DST2103*05PPX120   0  -9 -10 -11 -11 -13 -12  -9  -8  -5  -6 -10 -11 -11 -10 -12 -10  -7  -3  -2  -6  -5  -1   1   4  -7
DST2103*06PPX120   0   7  15  15   7  -4  -7  -8  -7 -10  -9  -8  -5  -5  -7  -7  -4  -5  -1   1  -3  -8 -10  -7  -3  -3
DST2103*07PPX120   0  -4  -7  -8  -7  -8  -9  -6  -3  -1  -2  -4  -3  -3  -5  -4  -4  -3  -6  -2  -3   0  -5 -11  -8  -5
DST2103*08PPX120   0  -4  -5  -7  -7  -8  -8  -5  -4  -3  -2   1   2   2   1   2   4   4   2   0  -3  -7  -7  -5  -7  -3
DST2103*09PPX120   0  -7  -7  -6  -5  -6  -6  -4  -3  -2  -3  -1  -2  -1  -2  -4  -5  -4  -2   1   2   2   3   3   5  -2
DST2103*10PPX120   0   6   5   3   1   2   4   4   5   5   6   6   7   5   5   7   6   6   5   4   6   7   8  12  12   6
DST2103*11PPX120   0  13  10   9   9   9   9  10   9   6   6   7   8   8   8   6   6   6   8  10  13  18  17  14  10  10
DST2103*12PPX120   0   9  11  11  11   9   4  -2 -14 -17 -15 -14 -13  -7  -6  -9  -8  -8  -6  -6  -7 -11 -14 -17 -19  -6
DST2103*13PPX120   0 -23 -13  -1   5  -9 -20 -23  -8  -7 -13  -5   1   3   2   1  -1  -3  -7  -8 -14 -11 -14 -15 -10  -8
DST2103*14PPX120   0  -9 -10 -23 -26 -29 -35 -30 -29 -42 -43 -33 -27 -21 -13  -9 -11 -15 -18 -17 -19 -25 -32 -34 -31 -24
DST2103*15PPX120   0 -19 -15 -16 -15 -16 -16 -13 -14 -16 -13 -12 -12 -13 -12 -11  -9 -11 -11  -8  -9  -9 -10 -10  -9 -12
DST2103*16PPX120   0  -7  -7  -7  -9 -10  -8  -6  -3  -3  -3  -3  -4  -3  -2  -4  -5  -5  -3  -2  -2  -2  -2   1   3  -4
DST2103*17PPX120   0   5   6   4   3   2   1   1   0   1   2   4   2   3   3   4   2  -4  -5  -4  -2   0   0   2   6   2
DST2103*18PPX120   0   8   9   7   7   5   4   6   7   5   6   4   3  -1  -3  -4  -3  -3   0   0   1   1  -1  -1  -3   2
DST2103*19PPX120   0   0   3   2   2   0  -3  -6  -8  -9  -3  -1  -5  -7  -8  -6  -4  -4  -1   3   3   3   4  13  18  -1
DST2103*20PPX120   0  28  36  31  38  42  35  13 -23 -36 -44 -40 -33 -45 -45 -37 -32 -32 -36 -30 -25 -25 -32 -34 -34 -15
DST2103*21PPX120   0 -34 -30 -32 -29 -22 -19 -15 -12 -13 -11  -8  -8 -11 -10 -21 -25 -29 -23 -21 -26 -28 -33 -33 -29 -22
DST2103*22PPX120   0 -24 -21 -21 -23 -23 -23 -20 -16 -14 -11 -11 -11 -11 -12 -12 -13 -13 -13  -9  -8  -5  -6  -7  -9 -14
DST2103*23PPX120   0 -10 -11 -11 -14 -14 -15 -13 -10 -11 -12 -14 -14 -11 -11 -10 -10 -12 -11 -10 -13 -16 -19 -23 -23 -13
DST2103*24PPX120   0 -18 -19 -19 -18 -12  -8 -13 -13 -17 -16 -16 -17 -15 -12  -6  -2  -2   3   5   8   5  -7 -11 -21 -10
DST2103*25PPX120   0 -25 -21 -25 -17 -15 -14 -20 -20 -19 -12 -10 -11 -13 -14 -16 -11  -8  -7  -7  -5  -4  -5 -12 -14 -14
DST2103*26PPX120   0 -14 -15 -14 -13 -20 -25 -25 -27 -27 -24 -20 -24 -26 -27 -25 -22 -23 -22 -19 -17 -13 -15 -16 -16 -20
DST2103*27PPX120   0 -13  -9  -6  -5  -5  -8  -7  -7  -7  -8  -6  -6  -7  -7  -8  -7  -5  -4  -1   2   7  11   4 -11  -5
DST2103*28PPX120   0 -18 -14 -13 -10  -9  -5  -5  -7  -7  -6  -8  -8  -9 -10  -7  -6  -6  -6  -4  -2   1  -2  -5  -5  -7
DST2103*29PPX120   0  -3   0   1   0   0  -1  -1  -1  -1  -2  -3  -4  -5  -5  -4  -2  -1  -2  -1  -3  -5  -4  -6  -6  -2
DST2103*30PPX120   0  -4  -1   0   3   4   5   5   4   5   5   4   5   6   7   8   9   8   8   2   4   2  -1  -3  -3   3
DST2103*31PPX120   0  -4  -4  -4  -4  -2  -7 -13 -19 -19 -17 -16 -11  -9 -11 -13 -13  -7  -3  -3  -1  -2  -4 -11 -14  -9

[Created at Thu Jun 2 07:02:25 UTC 2022]
