DST2101*01PPX120   0  -1  -2  -2  -3  -4  -3  -5  -7  -4  -1  -1   1   3   4   3   2   1   2   1   2   0  -6  -6  -5  -1
DST2101*02PPX120   0  -4  -3  -3  -3  -1   1   2   4   5   4   4   5   5   2   3   4   3   3   3   4   6   2   2   3   2
DST2101*03PPX120   0   3   5   6   5   5   4   4   3   3   3   4   3   0  -1   2   6   6   4   3   4   4   5   4   5   4
DST2101*04PPX120   0   7   7   4   2   3   4   5   2   0  -1  -4  -6  -8  -6  -6  -4   0   4   7   8  11  14  18  16   3
DST2101*05PPX120   0  11   7   3   5   6   4   3   3   6   5   6  13  17  17   6   0  -2   3   4   5   3   4   6   4   6
DST2101*06PPX120   0  -2  -5  -1  -1  -8  -9  -5  -7 -15 -12 -11 -10 -15 -20 -24 -23 -18 -14 -10 -11  -9  -9  -7  -4 -10
DST2101*07PPX120   0  -5  -6  -8 -10  -8  -8 -10 -12 -12 -11 -10 -11 -12 -13 -11  -8  -7  -6  -6  -8  -9  -6  -3  -1  -8
DST2101*08PPX120   0  -3  -3  -3  -2  -1  -1  -3  -3  -2   0  -1  -1  -1  -1  -4  -6  -6  -4  -2  -2  -4  -3  -2  -3  -3
DST2101*09PPX120   0  -4  -3  -2  -3  -4  -5  -6  -6  -4  -4  -2  -2  -1  -2  -4  -6  -7  -6  -3  -2   0   0  -2  -1  -3
DST2101*10PPX120   0  -1  -1  -1  -1  -2  -1  -1   0   4   3   3   1   0   0   0  -1  -4  -5  -4  -3  -3  -2  -2  -2  -1
DST2101*11PPX120   0  -3  -4  -5  -6  -7  -8  -9  -7  -2   5  13  16  18  17   2 -24 -33 -34 -28 -23 -26 -33 -41 -44 -11
DST2101*12PPX120   0 -39 -37 -38 -36 -30 -30 -26 -21 -20 -23 -23 -21 -17 -16 -14 -16 -19 -17 -14 -11  -8  -6 -10 -13 -21
DST2101*13PPX120   0 -12 -12 -12 -13 -13 -12 -10 -11 -12 -16 -19 -21 -21 -19 -17 -15 -16 -15 -14 -12  -7  -3  -3  -3 -13
DST2101*14PPX120   0  -1  -2  -2  -4  -6  -6  -4  -4  -4  -3  -1  -1   0   2   0  -1  -2  -1  -1   0  -1   3   2   2  -1
DST2101*15PPX120   0   0  -1   3   4   4   4   2   1   0  -3  -3  -1   1   2  -2  -1   2   0  -2   1   4   6   6   7   1
DST2101*16PPX120   0   6   5   7   4   5   4   2   1   0  -1   1   4   2   0  -2  -2  -3  -5  -4  -4  -3  -4  -5  -5   0
DST2101*17PPX120   0  -3  -2  -1  -3  -6  -5  -4  -3  -4  -6  -6  -5  -4  -3  -3  -1   0   0   1   3   4   5   2   1  -2
DST2101*18PPX120   0   0  -1  -2  -3  -2  -1   0   1   2   3   4   6   6   6   7   8   5   4   3   2  -2  -6 -11 -11   1
DST2101*19PPX120   0  -9  -9 -12 -12 -10  -7  -7  -7  -8  -6  -3  -2  -7  -3   4   4   2   0  -2  -3   0   2   1  -1  -4
DST2101*20PPX120   0   0  -1   3   1   1   0  -1  -7 -10  -9  -8  -3   2  -1  -2  -1  -2  -1   5   4   5   2  -2  -3  -1
DST2101*21PPX120   0  -2  -4  -4  -3   0   3   2   0  -2  -1  -1   4   4   5   2   0   0   2   4   6   6   6   3   1   1
DST2101*22PPX120   0  -3  -5  -5  -4  -1   1   3   5   7   9   9  10  12  12   7   6   4   7  10   8   8   8   3   0   5
DST2101*23PPX120   0   2  -1  -1   1   3   5   4   1   0   0  -3   0   3   4   1   1   2   3   6   9  11   7  -2   1   2
DST2101*24PPX120   0   1   0  -1  -2  -3  -7  -7  -6  -8  -9  -6  -4   1   7  12  18  18  17  12   7   3   2  -6  -6   1
DST2101*25PPX120   0   1   1   2  -1  -1   3   0 -18 -31 -33 -33 -28 -21 -24 -26 -31 -30 -29 -19 -14 -11 -19 -28 -29 -17
DST2101*26PPX120   0 -22 -18 -25 -36 -41 -40 -38 -38 -36 -36 -35 -31 -25 -24 -21 -18 -18 -20 -22 -27 -24 -22 -22 -19 -27
DST2101*27PPX120   0 -15 -12 -16 -23 -24 -23 -20 -18 -19 -22 -22 -24 -22 -18 -18 -19 -22 -22 -20 -14 -11 -11 -15 -13 -18
DST2101*28PPX120   0  -9 -11 -11 -14 -19 -22 -24 -24 -24 -21 -18 -17 -13 -11 -11 -10  -8  -8  -8  -9  -9  -8  -9  -8 -14
DST2101*29PPX120   0  -5  -5  -7  -9 -12 -12 -11 -11 -12 -12 -13 -15 -15 -12 -10  -8 -11 -11 -10 -10  -8  -8  -9 -10 -10
DST2101*30PPX120   0  -5  -4  -5  -8  -8  -9  -9 -10  -9  -9 -10 -10  -8  -5  -4  -4  -4  -5  -5  -4  -3  -2  -4  -6  -6
DST2101*31PPX120   0  -7  -5  -4  -3  -2  -2  -3  -2  -3  -4  -5  -4   0   5   7   5   3   3   5   4   3   4   3   1   0

[Created at Thu Jun 2 07:01:00 UTC 2022]
