DST2111*01PPX120   0   3   5   4  -2  -7  -7  -8  -6  -9 -10  -6  -4  -2   3   8  10   9  14  18  11  20  30  25  16   5
DST2111*02PPX120   0  15   6  -3 -11 -12 -10 -12 -10  -7  -5  -4  -4  -9  -4  -1  -1  -3  -7  -9 -10  -9  -1   1   0  -5
DST2111*03PPX120   0   1  -2  -2  -1   0   0  -3  -3  -1   1   1  -1  -2   0  -1  -1   0   1  -1   2  26   6 -18 -11   0
DST2111*04PPX120   0  -1 -16 -19 -22 -28 -37 -67 -74 -99 -86 -76 -86-101-105 -88 -80 -75 -68 -60 -56 -52 -46 -39 -38 -59
DST2111*05PPX120   0 -40 -39 -35 -32 -29  -7  -6 -16 -27 -30 -34 -37 -36 -30 -27 -38 -31 -34 -36 -37 -36 -30 -21  -6 -29
DST2111*06PPX120   0  13   2  -1  -4   3  -3 -16 -18 -22 -24 -15 -24 -33 -29 -27 -34 -36 -33 -30 -33 -35 -31 -26 -19 -20
DST2111*07PPX120   0 -10  -1 -13 -10 -16 -18 -18 -21 -26 -28 -28 -27 -25 -19 -16 -17 -16 -15 -15 -17 -18 -16 -15 -15 -18
DST2111*08PPX120   0 -15 -15 -12  -9  -8  -7  -8  -9 -11 -10 -10  -7  -7  -8 -10 -12 -11 -10  -8  -7  -9  -7  -7  -8  -9
DST2111*09PPX120   0 -12  -8 -11 -10 -12 -15 -16 -17 -18 -17 -17 -19 -20 -17 -15 -15 -11  -7  -5  -7  -8 -11 -14 -13 -13
DST2111*10PPX120   0 -16 -17 -14 -11 -11 -13 -14 -16 -20 -21 -20 -16 -16 -17 -16 -16 -14 -11  -7  -8 -10  -8  -7  -9 -14
DST2111*11PPX120   0  -9  -8  -3  -3  -3  -3  -3  -4  -5  -8  -9 -10  -5  -2   0   2   4   2   1   3   5   3  -1  -3  -2
DST2111*12PPX120   0  -2  -2  -7  -7  -7  -6  -2   1  -2  -1  -2  -3  -3  -2  -5  -5  -5  -5  -6  -7  -6  -4  -3  -3  -4
DST2111*13PPX120   0  -4  -4  -3  -1   1  -1  -1  -2  -1   0   0   1   0   2   2   2   2   3   3   2   1  -1   2   5   0
DST2111*14PPX120   0   3   4   7   5   2   3   2   3   4   3   3   5   2   0  -2  -2  -2  -4  -4  -5  -4  -2  -1   1   1
DST2111*15PPX120   0   4   5   5   6   6   6   3   2   0   1   1   4   6   5   6   1  -3   3  16  18  11   2   6   7   5
DST2111*16PPX120   0   6  -3   4   3 -12 -13  -7  -8  -9  -9 -14 -13 -13  -9  -5 -10 -13  -8  -1   2  -1  -1   7   5  -5
DST2111*17PPX120   0   2   1   2   6   4   1  -4  -3   0  -3  -3  -9 -10  -8  -9  -8  -5  -5  -6  -3  -1  -1  -2   0  -3
DST2111*18PPX120   0   1   2   5   7   3  -2  -6  -6  -5  -6  -7  -7  -6  -3  -4  -7  -5  -4  -2  -3  -3  -3  -3  -6  -3
DST2111*19PPX120   0  -3   0   4   6   4   4   1  -1  -3  -3  -4  -4  -5  -4  -4  -5  -2   1   3   5   7   9  10  11   1
DST2111*20PPX120   0  15  12  14  15  14   9   9   5   3   5   6   2   2   1   0  -4  -5  -2   2  -1  -3  -4   0   6   4
DST2111*21PPX120   0   6   4   6   9   8   9   7   5   1  -3  -1  -1  -2   3   0  -2  -3   1   1   1   0   2   3   2   2
DST2111*22PPX120   0   3   2   2   2   2  -1   1   1  -1   0  -1   1   0   0  -2  -5  -7  -6  -4  -5  -6  -6  -5  -3  -2
DST2111*23PPX120   0  -1   1   3   6   6   4   5   5   0  -5  -3  -3  -5  -4  -9 -14 -15 -13 -12 -10  -8  -9  -6  -4  -4
DST2111*24PPX120   0   1   0   2   4   1   1   0   0   1   1  -1   1   2   1  -1  -3  -4   1   5   5   4   2   2   3   1
DST2111*25PPX120   0   4   6   8   7   0  -3  -5  -4  -7  -6  -7  -4  -5  -6  -7  -7  -7  -6  -4  -4  -5  -3  -1  -1  -3
DST2111*26PPX120   0   1   1   0   1   0   2   0   1   3   5   6   7   6   4   6   5   4   7  10  12  10  10  12  11   5
DST2111*27PPX120   0  13  11  10   8   7   6   2   0   2   5   4   5   2   0  -3  -6  -7  -4  -3  -1  -1   2   7  30   4
DST2111*28PPX120   0  27  23  17   8  12  13  16  17  17  17  14   8   8  10   6   7  10   9  10  10  12   3   5  -1  12
DST2111*29PPX120   0 -10 -12 -18 -20 -20 -16 -12 -10 -12 -12 -14 -16 -15 -10 -11 -14 -13 -10  -5  -3  -3  -1   0   0 -11
DST2111*30PPX120   0   2   1   4   4   4   3   1   3   3   4   3   5   5   6   6   5   9  12  15  23  24   5  -5 -28   5

[Created at Thu Jun 2 07:04:12 UTC 2022]
