DST2206*01RRX020   0  -8  -5  -8  -8  -9  -7  -7 -10  -9  -8 -10 -10  -7  -9 -10  -9 -10 -11  -9 -11 -13 -14 -14 -11  -9
DST2206*02RRX020   0  -7  -3  -4  -6  -7  -8  -6  -6  -4  -2  -3  -5  -9  -9  -7  -7  -6  -5  -7  -7 -10 -11  -8  -8  -6
DST2206*03RRX020   0  -7  -4  -3  -5  -5  -6  -5  -4  -5  -6  -7  -7  -7  -7  -4  -2  -5  -4  -3  -2   0   0   1   0  -4
DST2206*04RRX020   0  -2  -3  -3   0   1   4   5   5   5   6   6   5   4   2  -1  -1   1   2   3   4   6   7   6   7   3
DST2206*05RRX020   0   6   5   4   2   1   2   3   4   4   3   3   6  10  13  12  11  12  10   9   7   9  11  11   9   7
DST2206*06RRX020   0   6   4   2   3   1  -3  -4  -2  -3  -2   9  19  11  15  13  11  14  16  14  18  14  12   6   8   8
DST2206*07RRX020   0   5   0  -6  -8 -10 -16 -16 -18 -17 -19 -19 -17 -16 -15 -19 -20 -17 -13 -10 -11 -19 -23 -22 -15 -14
DST2206*08RRX020   0  -8  -7  -6  -6  -5  -5  -3  -1   4   3  -4  -2   3   6   4   1   2   1   0  -4   3   8   8  14   0
DST2206*09RRX020   0  13  11   8   6   6   4   3   4   5   5   4   3   1   4   7   9  10   5   2   0   0   2   2   0   5
DST2206*10RRX020   0   2   7   6   8   8   4   0   0   2   3   5  12   8   4  -1  -2   2   2   2   0  -3  -2   1   5   3
DST2206*11RRX020   0  11  19  18  17  19  16  12  14  15  15  10  15  13  17  23  20  20  21  24  22  18  19  21  20  17
DST2206*12RRX020   0  19  21  23  21  24  17  15   9  10   8   6   6   1  -2  -2   0   4   5   4   4   3   6   4   9   9
DST2206*13RRX020   0  13  15   9  10   7  10   7   2   0   0   3   1  -1   1   2   1   0  -5  -1   2   2   1   0   3   3
DST2206*14RRX020   0   5   8  13  13  12  10   8   5   6   9   8   8   4   6   4   5   5   4   5   9  12  11   6  12   8
DST2206*15RRX020   0  19  21  22  15  18  21  13  12   4  -2   2   0  -7 -19 -28 -31 -27 -25 -23 -22 -20 -18 -17 -14  -4
DST2206*16RRX020   0  -9  -5  -5  -4  -6 -10 -13 -13 -12 -16 -16 -14 -13 -14 -16 -14 -11  -7  -6  -4  -6  -2 -10 -14 -10
DST2206*17RRX020   0  -5  -2  -7  -7  -6  -6  -2  -4  -6  -3 -10  -9 -11  -7  -9 -13 -11  -8  -7  -9  -3   1   0   0  -6
DST2206*18RRX020   0  -4  -4  -5  -1  -1  -4  -8  -9  -7  -6 -11  -7  -6  -6  -7  -6  -6  -4  -2   0  -4  -6 -12  -9  -6
DST2206*19RRX020   0  -7  -4  -5  -6  -2  -3  -4  -4  -8 -11 -11  -8 -11 -10 -10 -14 -14 -12  -9  -6  -1  -1  -2  -1  -7
DST2206*20RRX020   0   0   2   0   2   0  -4  -6  -7  -5  -6  -9  -8  -9  -9 -11 -19 -21 -23 -22 -20 -17 -17 -22 -19 -10
DST2206*21RRX020   0 -14  -9  -6  -4  -7  -5  -3  -4  -7  -5  -4  -1   1   1  -2  -1   1  -1   1  -1   0   0  -2  -3  -3
DST2206*22RRX020   0   0   0  -4  -5  -6  -7 -12 -10 -15 -19 -17 -13 -11 -21 -25 -22 -17 -13 -12 -11 -15 -12  -6  -4 -12
DST2206*23RRX020   0 -11 -10  -6  -4  -8 -11  -9  -2   0  -3  -3  -2  -2  -4  -6  -6  -2   2   4   5   0   0  -1  -3  -3
DST2206*24RRX020   0   1   4   5   3   4   3   4   6   6   6   1   1   2   3   0   0   1   4   4  -4 -13 -10  -8  -7   1
DST2206*25RRX020   0 -10 -13 -10 -10 -11 -14 -16 -13 -10 -12 -13 -10  -8 -10 -17 -23 -29 -32 -34 -41 -48 -41 -43 -45 -21
DST2206*26RRX020   0 -47 -39 -26 -27 -31 -32 -28 -20 -15 -22 -24 -25 -24 -24 -21 -21 -20 -27 -23 -20 -15 -13 -18 -20 -24
DST2206*27RRX020   0 -24 -20 -17 -23 -33 -35 -27 -25 -22 -20 -18 -17 -14 -15 -16 -17 -18 -20 -20 -21 -20 -15 -12 -11 -20
DST2206*28RRX020   0  -7  -7  -2  -2   1  -4 -10  -8  -6  -6  -6  -8 -10  -9  -9  -9  -8  -8  -8 -11 -13 -16 -19 -16  -8
DST2206*29RRX020   0 -12  -8  -3   0   1   1  -4  -1   1  -4  -6  -5  -7  -7  -6  -6  -5  -6  -4  -6  -6  -6  -7  -6  -5
DST2206*30RRX020   0  -2   0   1   4  10   9   6   3   4   5   2  -1  -2   0  -1  -2  -1   0   3   3   1  -2  -4  -3   1

[Created at Fri Sep 30 15:05:42 UTC 2022]
