DST2201*01RRX020   0   6  -3  -7 -12 -21 -22 -17 -16 -17 -13 -12 -11 -10 -11 -10  -7  -7  -9 -13 -12 -12 -10 -10  -8 -11
DST2201*02RRX020   0  -7  -7  -8  -8  -9 -13 -14 -15 -14 -12  -9  -6  -5  -9 -11  -6  -5  -9 -10 -12 -13 -15 -12  -4 -10
DST2201*03RRX020   0   3   1  -1  -1  -6 -12 -17 -17 -20 -21 -25 -20 -11  -8 -10  -8  -8  -9 -11 -12 -11 -12 -14  -9 -11
DST2201*04RRX020   0  -6  -7  -6  -6  -6  -7  -8 -12 -15 -18 -19 -18 -14 -11 -10  -9 -10 -11 -11 -11  -9  -7  -7  -4 -10
DST2201*05RRX020   0  -3  -2  -2  -1  -1  -2  -2  -3  -6  -8  -7  -6  -5  -7  -4  -1  -3  -4  -3  -2  -1  -4  -5  -3  -4
DST2201*06RRX020   0  -4  -4   0   1   2   0  -1  -3  -5  -5  -4  -3  -1   0   1   3   4   1   0  -1  -1  -4  -6  -6  -2
DST2201*07RRX020   0  -6  -3   0   1   2   3   4   4   4   2  -1  -3  -6  -5  -1   3   4   5   6   5   4   0  -1   0   1
DST2201*08RRX020   0  -2  -1   1   4   7   8   9   9  10  10  12  16  16  10  10  12  11  11  25  22   3   0 -14 -11   7
DST2201*09RRX020   0 -11 -16 -12 -13 -13 -11  -8 -14 -18 -25 -26 -23 -26 -27 -26 -21 -16 -11  -9 -10 -10 -11 -11 -10 -16
DST2201*10RRX020   0 -10  -8  -4  -2   0  -2  -3  -7  -7  -7  -8  -7 -10 -13  -9 -10 -12 -14 -13 -13 -12 -11 -10  -6  -8
DST2201*11RRX020   0  -4  -4  -6  -9  -9  -7  -7  -6  -4  -2  -2  -1  -1  -6  -9 -11 -16 -11  -6  -3  -1   1   3   5  -5
DST2201*12RRX020   0   8   7   5  -1  -2   1   1   1   3   5   5   5   6   5   2  -3  -4  -4  -4  -3   0   2   4   2   2
DST2201*13RRX020   0   1  -1  -2  -3  -3  -4  -2  -1   1   2   2   1   0  -1  -4  -5  -3  -2  -3  -3  -2   2   5   6  -1
DST2201*14RRX020   0   3   1   1   2  -1   0   2   2   6   8   9  14  12  12   5   4  -3 -17 -28 -43 -51 -73 -91 -88 -13
DST2201*15RRX020   0 -73 -69 -66 -54 -53 -43 -51 -53 -54 -55 -55 -47 -36 -25 -21 -22 -21 -19 -24 -31 -28 -33 -39 -36 -42
DST2201*16RRX020   0 -41 -50 -50 -49 -44 -44 -46 -44 -37 -43 -42 -34 -31 -27 -30 -28 -26 -28 -25 -17 -23 -22 -21 -24 -34
DST2201*17RRX020   0 -24 -23 -18 -18 -15 -17 -17 -18 -24 -24 -20 -21 -24 -22 -20 -21 -25 -26 -27 -31 -30 -27 -18 -17 -22
DST2201*18RRX020   0 -32 -29 -24 -25 -27 -23 -23 -30 -27 -25 -27 -26 -16 -17 -22 -15 -19 -24 -24 -25 -26 -32 -34 -32 -25
DST2201*19RRX020   0 -30 -34 -41 -44 -32 -42 -39 -34 -30 -31 -37 -34 -30 -22 -20 -19 -21 -22 -20 -20 -18 -15 -12  -8 -27
DST2201*20RRX020   0  -8 -20 -21 -21 -21 -20 -16 -15 -15 -16 -19 -20 -17 -16 -16 -15 -15 -15 -14 -12 -11 -10  -7  -5 -15
DST2201*21RRX020   0  -3  -6  -5  -5  -7  -8 -10 -13 -16 -18 -17 -17 -14 -10  -8  -8 -13 -19 -19 -20 -18 -17 -19 -17 -13
DST2201*22RRX020   0 -15 -16 -21 -23 -25 -26 -27 -29 -29 -26 -23 -19 -17 -16 -15 -16 -18 -17 -12 -12 -15 -17 -15 -12 -19
DST2201*23RRX020   0 -12 -14 -18 -18 -18 -22 -22 -19 -20 -19 -21 -25 -21 -17 -16 -14 -15 -15 -13  -9  -5  -5  -4  -4 -15
DST2201*24RRX020   0  -3  -1   1   0  -2  -2  -4  -3  -3  -1   1   3   5   4   6   7   5   3   6   6   3   2   0  -4   1
DST2201*25RRX020   0  -5  -4  -6  -4   2   0  -2  -4  -7 -11 -15 -22 -18 -11  -9 -16 -27 -35 -35 -32 -27 -28 -24 -21 -15
DST2201*26RRX020   0 -19 -14 -15 -15 -13 -11 -15 -18 -18 -22 -23 -17  -4  -5  -8  -8  -9 -10 -11  -7  -9 -11  -7  -6 -12
DST2201*27RRX020   0  -6  -4  -4  -5  -5  -4  -6 -11 -14 -14 -11  -9  -3  -1  -1   1   5   7   8  -2  -5  -8  -5  -3  -4
DST2201*28RRX020   0  -6 -10 -11 -13 -14 -13 -14 -18 -21 -21 -17 -16  -9  -9 -12 -12  -8  -4  -4  -3   0   0  -7 -11 -11
DST2201*29RRX020   0 -11  -6 -12 -18 -19 -24 -23 -22 -22 -23 -26 -25 -21 -18 -19 -19 -18 -16 -13 -11 -11  -9  -4   1 -16
DST2201*30RRX020   0   1   3  -3  -7 -11 -16 -15 -18 -20 -22 -18 -16 -14 -13 -16 -15 -17 -16 -13 -14 -11 -10 -13 -13 -13
DST2201*31RRX020   0 -16 -18 -20 -21 -23 -29 -34 -39 -44 -40 -34 -32 -28 -26 -26 -27 -30 -30 -26 -19 -15 -14 -11 -10 -26

[Created at Sat Apr 30 15:05:54 UTC 2022]
