DST2204*01RRX020   0   9  10   2   2   9   8   3  -7 -15 -16 -16 -17 -19 -15 -21 -24 -32 -37 -32 -28 -24 -22 -24 -26 -14
DST2204*02RRX020   0 -24 -19 -25 -27 -25 -34 -46 -45 -32 -30 -27 -22 -18 -12 -12 -11 -11 -17 -16 -15 -14 -12 -14 -20 -22
DST2204*03RRX020   0 -24 -22 -18 -13  -9 -12 -15 -14  -8  -8  -6  -5  -3  -1   0   3  -1  -2  -2  -4  -6  -5  -6 -10  -8
DST2204*04RRX020   0 -11 -13 -16 -15 -14 -15 -16 -24 -25 -24 -23 -20 -14  -9 -12 -12 -11 -11 -12  -9  -6  -5  -5  -6 -14
DST2204*05RRX020   0  -7  -6 -11 -10  -7  -6  -5   2  -2   2   1   2   6   5   2   0   1   2   2  -1  -3  -4  -4  -5  -2
DST2204*06RRX020   0  -5  -5  -7  -7  -8  -6  -8  -9  -6  -2   0  -3  -3  -3  -1   0  -3  -5  -6  -5  -3  -1   1   2  -4
DST2204*07RRX020   0  -1  -7  -5  -5  -9  -5  -5  -6  -9  -9 -10 -10 -11 -12 -16 -17 -17  -9 -16 -18 -17 -18 -19 -25 -12
DST2204*08RRX020   0 -26 -26 -17 -14  -7   3   4   3   4   0   0   1   4   4   0  -3  -7  -4   4  11   6   8  10   6  -2
DST2204*09RRX020   0  -5  -9 -11 -10  -9 -12 -22 -28 -30 -28 -21 -14  -5  -1  -7 -19 -24 -22 -16  -8  -6  -6   0   4 -13
DST2204*10RRX020   0   9  12   9  11  -9 -23 -44 -48 -44 -35 -41 -34 -30 -26 -27 -29 -33 -32 -31 -32 -35 -34 -30 -25 -25
DST2204*11RRX020   0 -25 -20 -24 -19 -17 -16 -13 -15 -19 -21 -21 -16 -18 -12 -12 -13 -15 -18 -21 -22 -17 -13 -10 -12 -17
DST2204*12RRX020   0 -13 -11 -11 -10  -7  -4  -2  -3  -2  -1   0   4   8   6   3   2  -3  -8  -6 -11 -15 -13  -9  -7  -5
DST2204*13RRX020   0 -10 -11 -14 -19 -21 -25 -22 -19 -21 -23 -20 -20 -17 -14 -16 -16 -14 -13 -10  -5  -4  -4   0   3 -14
DST2204*14RRX020   0   5  15   3  -7 -19 -25 -26 -26 -28 -35 -42 -32 -21 -17 -21 -47 -57 -58 -64 -63 -70 -81 -80 -78 -36
DST2204*15RRX020   0 -71 -66 -46 -28 -12  -8 -10 -14 -21 -22 -11 -18 -20 -14 -17 -24 -26 -31 -30 -28 -26 -28 -27 -28 -26
DST2204*16RRX020   0 -24 -19 -17 -16 -13 -11 -10  -9  -6  -3   1  -1  -6  -9 -13 -13 -16 -19 -16 -15 -11 -11 -13 -12 -12
DST2204*17RRX020   0 -10  -7  -6  -8 -11  -8  -9 -11  -8  -9 -12  -7  -3   0   2   0  -4  -9  -3   0  -1  -3  -6  -8  -6
DST2204*18RRX020   0  -9  -5  -2   1   1   3  -4  -6  -4  -5  -6  -7  -5   0   1  -2  -4  -7  -8 -13 -10  -8  -5  -6  -5
DST2204*19RRX020   0  -7  -9  -7  -4  -3  -3  -1  -4  -6  -4   2  -2   0   4   5   3  -2   0   2   3   3   0  -2  -2  -1
DST2204*20RRX020   0   4   4   3   3   5  -2  -8  -9 -11  -7  -1   1   1   4   7   7   9   9   8  16  18  14   9   6   4
DST2204*21RRX020   0   8  12  14   4  -3  -4  -8 -18 -20  -7  -5  -7 -11 -18 -12  -8  -4  -4  -3  -1   3   3   2   1  -4
DST2204*22RRX020   0  -1   1   2  -1  -3   1   6   4   2   2   4  -3   0   1   2   3   3   0   0   0   2   3   1  -3   1
DST2204*23RRX020   0  -4  -3   0   1   3   3   6  11   8   3   4  -5 -11 -15 -16 -15 -12  -8  -7  -9 -10 -16 -16 -13  -5
DST2204*24RRX020   0 -11  -7  -5  -2  -2  -6  -3   0  -1  -1   4   4   1   3   3   3   2   3   0   0   2   3   3   3   0
DST2204*25RRX020   0   3   3   5   6   7   8   9   7   7  -1  -9  -7  -6  -5  -2  -1   0   0   0   0   0  -1   0   0   1
DST2204*26RRX020   0   1   5   9   9   8   8   9   8   5   4   7   7   6   4   3   5   5   7  11  13  15  15  12  11   8
DST2204*27RRX020   0  11  12  13  10   9  14  12  14  15  17  21  20  21  13   5 -12 -15 -20 -26 -25 -19 -10  -4  -4   3
DST2204*28RRX020   0 -10 -17 -12 -18 -10 -15 -14 -21 -29 -20 -11 -15 -22 -20 -15 -15 -13 -18 -23 -26 -29 -31 -25 -24 -19
DST2204*29RRX020   0 -19  -7 -10 -19 -20 -15 -16 -13 -15 -17 -13 -15 -19 -19 -17 -18 -16 -12 -10 -16 -15 -14  -9  -6 -15
DST2204*30RRX020   0   1  -3 -18 -31 -30 -27 -35 -37 -35 -32 -26 -19 -17 -10 -11 -17 -21 -21 -15 -15 -17 -19 -19 -21 -21

[Created at Sat Jul 30 15:05:54 UTC 2022]
