DST2203*01RRX020   0   2   5   5   4   0   1   3  -3  -8  -7  -7  -4  -5  -4  -3  -5  -6  -4  -3  -3  -3  -2  -1   2  -2
DST2203*02RRX020   0   4   6   6   4   2   2   5   4   4   4   4   4   5   5   5   2   0  -2  -2   1   2   2   3   5   3
DST2203*03RRX020   0   6   5   4   4   5   8  10  11  10  10   8   8  10  14  14  13  16  21  17  11   7   6   8   8  10
DST2203*04RRX020   0  10   4   3   8  12  12   8   8   8   4  -2   0   2   3   0  -3  -6  -9 -10 -10 -16 -14  -8  -5   0
DST2203*05RRX020   0  -8 -11  -8  -5  -1  -1  -1  -1   3   6  -2  -8  -9 -19 -37 -35 -34 -38 -46 -50 -55 -56 -52 -46 -21
DST2203*06RRX020   0 -41 -46 -46 -39 -32 -33 -39 -45 -37 -33 -30 -32 -28 -32 -30 -30 -31 -31 -30 -30 -29 -28 -26 -25 -33
DST2203*07RRX020   0 -22 -24 -24 -24 -22 -18 -21 -19 -18 -17 -18 -18 -22 -21 -20 -23 -28 -34 -34 -34 -28 -23 -22 -22 -23
DST2203*08RRX020   0 -19 -15 -14 -11 -11 -11  -8  -8  -9  -9  -9  -8  -7  -8 -10 -11 -12 -16 -18 -20 -19 -17 -15 -16 -13
DST2203*09RRX020   0 -14 -12 -11  -9  -6  -6  -5  -4  -5  -5  -6  -6  -7  -8  -9  -8  -7  -9 -10  -8  -6  -6  -7  -6  -8
DST2203*10RRX020   0  -3   1   1   2   1   0  -5  -6  -8  -8 -12 -10  -5  -6 -10 -10 -12 -13 -11 -14 -22 -17  -9  -7  -8
DST2203*11RRX020   0  -7 -14 -22 -16 -12 -17 -23 -30 -29 -25 -21 -12  -4  -6 -15 -12 -13 -10 -11 -14 -13 -18 -21 -35 -17
DST2203*12RRX020   0 -39 -32 -35 -46 -51 -51 -43 -36 -28 -24 -21 -20 -17 -16 -16 -18 -19 -21 -24 -22 -19 -18 -17 -13 -27
DST2203*13RRX020   0  -9  -7 -13 -16 -16 -15  -7  -5  -6  -4  -3  35  29  15 -16 -30 -22 -38 -70 -64 -41 -36 -30 -85 -19
DST2203*14RRX020   0 -85 -63 -57 -61 -60 -54 -48 -38 -28 -27 -26 -28 -28 -27 -32 -35 -37 -37 -36 -35 -33 -34 -33 -27 -40
DST2203*15RRX020   0 -23 -13  -9  -9 -14 -19 -19 -19 -20 -20 -21 -22 -24 -27 -28 -28 -31 -34 -35 -31 -25 -21 -24 -21 -22
DST2203*16RRX020   0 -16  -9  -7  -6  -6  -6  -6  -8 -12 -14 -14 -15 -13 -11 -13 -13 -15 -17 -17 -17 -16 -19 -21 -21 -13
DST2203*17RRX020   0 -18 -16 -12  -8 -10  -7  -6  -8 -13 -16 -14 -10 -12 -13 -15 -15 -14 -19 -20 -19 -20 -20 -19 -14 -14
DST2203*18RRX020   0 -10  -8  -8  -7  -7  -6  -7  -8  -6  -5  -6  -7 -10 -10  -9  -7  -7  -8  -8  -8  -7  -7  -9 -10  -8
DST2203*19RRX020   0 -11 -10  -7  -6  -5  -6  -7  -5  -5  -4   0   0  -2  -3  -5  -6  -7  -7  -7  -7  -5   0   0  -4  -5
DST2203*20RRX020   0  -6  -5  -5 -11  -9 -13 -14 -13 -10  -6  -4  -2   0   2   0   0  -2  -4  -7  -7  -6  -2  -6 -12  -6
DST2203*21RRX020   0 -10  -7  -4   0   3   5   7   6   2   0  -1   0   0  -1   0   4   6   7  11  13  14  12  13  11   4
DST2203*22RRX020   0   8   6   6   4   3   3   5   0   1  -1  -1  -3  -1  -2   0   1   1   0   2   7   3   1  -4   0   2
DST2203*23RRX020   0   7   4   5   5   8  10   8  -1  -8   0   2   0  -1  -4  -4   0   3  -6  -5   0   7  10  10   9   2
DST2203*24RRX020   0   4  -6 -12  -5   1   5   5   6   8   6   4  -2  -4  -2   0  -1  -5  -7  -8  -5  -1   2   2  -1  -1
DST2203*25RRX020   0  -4  -1  -1  -1   2   3   5   2  -2  -4  -9 -14 -12  -8  -6  -5  -5  -8 -13 -13  -7  -2  -1  -3  -4
DST2203*26RRX020   0  -3   1   4   7   8   9  11  13  10   6   5   4   4   5   7  11  14   6 -11 -22 -27 -17  -6  -2   2
DST2203*27RRX020   0  -4  -4   0   4   4   7  13  14  12  10   1  -3  -6  -5  -5  -2  -4 -18 -30 -29 -20 -21 -19 -16  -5
DST2203*28RRX020   0 -12 -10 -17 -14  -9  -8  -8  -7  -3  -1  -7 -10  -4   0  -2   0  -3  -9  -9  -7  -4  -2   0   2  -6
DST2203*29RRX020   0   4   3   3   7   7   4   5   8   9   5  -1  -3  -1   4   8  10   8   1  -4  -8  -9  -9  -4  -1   2
DST2203*30RRX020   0   1   5   6   6   6   5   9   9   8  10   7   1   2   2   2   3   1  -1  -3  -7  -9  -9  -8  -5   2
DST2203*31RRX020   0   0   6  22  17  10  -7 -12 -18 -14 -15  -9  -6  -9 -15   9   1 -14 -12 -10   0   3   6   9  10  -2

[Created at Thu Jun 30 15:05:54 UTC 2022]
