DST2210*01RRX020   0 -16 -15 -14 -12  -8  -6  -4  -4  -1   0  -2  -6  -6  -5  -6  -3   0  -1   2   2  -2  -6  -9 -12  -6
DST2210*02RRX020   0 -10  -7 -12 -14  -6  -1   1   2   5  10   0 -16 -16 -13 -11 -11 -11  -9  -4   1   1 -14 -25 -30  -8
DST2210*03RRX020   0 -33 -29 -32 -37 -37 -32 -32 -34 -21 -14 -11 -13 -15 -21 -36 -37 -19 -17 -17 -24 -12 -18 -15 -15 -24
DST2210*04RRX020   0 -11 -12 -16 -23 -19 -28 -36 -30 -37 -27 -25 -27 -30 -26 -23 -19 -20 -19 -15 -14 -13 -16 -17 -19 -22
DST2210*05RRX020   0 -20 -22 -23 -22 -24 -30 -24 -20 -15  -8 -11 -21 -19 -15 -18 -13  -9 -11 -13  -8  -7  -5 -17 -22 -17
DST2210*06RRX020   0 -18 -21 -27 -27 -26 -16 -13 -23 -28 -35 -42 -37 -26 -29 -26 -19 -21 -24  -1  -9 -13  -8 -12 -19 -22
DST2210*07RRX020   0 -17 -10  -7 -11 -21 -14 -10 -14 -18 -16 -13 -10  -7 -13 -19 -18 -17 -17 -14 -10 -11  -8  -7  -6 -13
DST2210*08RRX020   0  -4  -5  -6 -13 -19 -16 -25 -26 -18 -11 -12 -15 -16  -9 -11 -13 -14 -20 -18 -11 -11  -9  -6  -5 -13
DST2210*09RRX020   0  -1  -7 -11 -17 -21 -18 -16 -14 -20 -20 -11 -14 -29 -32 -34 -25 -23 -25 -17 -25 -28 -25 -21 -19 -20
DST2210*10RRX020   0 -18 -21 -17 -20 -17 -15  -9  -7  -8 -11 -14 -13 -11 -14 -16 -13 -14 -15 -15 -15 -21 -24 -20 -20 -15
DST2210*11RRX020   0 -22 -21 -21 -22 -20 -19 -16 -14 -10  -5  -5  -3  -6  -9  -7  -4  -4  -5  -9 -11  -9 -10 -10  -9 -11
DST2210*12RRX020   0  -9  -9  -7  -5  -4  -2   2   1   0   1   0  -1  -6  -1   0   1  -1  -3  -3  -5  -8 -10 -12 -14  -4
DST2210*13RRX020   0 -17 -17 -16 -13 -10 -10 -10  -9  -4   1   0  -3  -3  -4  -5  -5  -5  -4  -3  -5  -7  -9  -9  -9  -7
DST2210*14RRX020   0  -7  -3  -3  -2  -7 -11 -10 -13 -28 -48 -62 -53 -33 -33 -40 -31 -23 -21 -19 -17 -17 -17 -14 -17 -22
DST2210*15RRX020   0 -25 -11  -4  -7 -15 -13  -6  -3   1  -6  -7  -6  -4  -3  -3  -1  -5  -7  -7  -2 -11 -11 -10 -11  -7
DST2210*16RRX020   0 -12 -13 -11 -10  -7  -7  -5 -12 -11  -3  -7  -1  -6 -16 -11 -10 -11 -10  -6  -2  -6 -12 -13 -15  -9
DST2210*17RRX020   0 -15 -18 -19 -20 -17 -11  -4   0   0   6   7   5   6   4   0   0  -3  -4  -1   2  -1  -2  -3  -3  -4
DST2210*18RRX020   0  -1   0   3   4   5   5   9  10   9  12  13  11   7   8   8   8   5   3   8   9   7   4   3   7   7
DST2210*19RRX020   0   3   1  -2  -3  -4  -6  -3  -1   0   3   3   3   1  -2  -4  -2   1   1   2   2   3   4   5   5   0
DST2210*20RRX020   0   5   2   0   1   1   4   8  10  10  10   8   9   7   2  -3  -3   0   3   1   6   9   7   7   8   5
DST2210*21RRX020   0  11   8   8   6   6   6   5   6   5   5   7   5   6   8   9  12  11  11  10   9  11  13  14  12   9
DST2210*22RRX020   0   9   7  11   8   9  10  13  10   4  -2  -8 -13 -28 -43 -50 -51 -64 -70 -76 -76 -65 -57 -53 -49 -26
DST2210*23RRX020   0 -43 -36 -33 -31 -29 -32 -29 -23 -18 -14 -15 -13 -13 -13  -9 -10 -20 -17  -9 -15 -22 -21 -14  -8 -20
DST2210*24RRX020   0 -10 -13 -17 -17 -18 -19 -16 -12 -10  -4  -2  -6 -11 -11  -8  -3  -3  -6  -7  -5  -5  -5  -3  -4  -9
DST2210*25RRX020   0  -4  -3  -1  -1   0  -1  -3  -6  -5   0   1   4   4   5   7   1   1  -1  -2  -2  -1   0   2   4   0
DST2210*26RRX020   0   5   4   4   3   2   3   8   8  10  14  18  20  19  14  13  12   9   7   7   6   2  -4  -5  -5   7
DST2210*27RRX020   0  -3  -4  -1   2   4   5   9   8   4  11  14  15   6  -4 -16 -20 -12  -8  -8  -6  -1   2  -1  -1   0
DST2210*28RRX020   0   0  -1  -1  -4   1  -1   1  -3  -1   4   9  10   5   4  10   5 -10 -20 -22 -23 -21 -24 -23 -16  -5
DST2210*29RRX020   0 -12 -17 -28 -28 -34 -37 -33 -35 -43 -31 -23 -26 -29 -27 -27 -26 -26 -22 -17 -11 -11 -12  -8  -8 -24
DST2210*30RRX020   0 -11 -10 -11 -15 -13 -17 -16 -19 -23 -21 -16 -12 -11 -13 -14 -13 -12 -11  -9 -11 -14 -14 -12  -9 -14
DST2210*31RRX020   0  -8  -7 -11 -16 -17 -18 -17 -16 -14  -5  -7 -15 -21 -19 -17 -18 -17 -18 -20 -22 -23 -19 -18 -16 -16

[Created at Tue Jan 31 15:05:59 UTC 2023]
