DST2301*01RRX020   0 -23 -21 -23 -26 -26 -23 -19 -17 -16 -15 -19 -19 -17 -16 -20 -18 -19 -16 -19 -22 -24 -19 -12 -17 -19
DST2301*02RRX020   0 -17 -20 -20 -18 -15 -19 -18 -13  -9  -6  -8 -12 -10 -10 -15 -13 -15 -15 -11  -8  -9 -10  -8  -9 -13
DST2301*03RRX020   0  -8 -10 -13 -12  -6  -5  -5  -4  -4  -5  -2  -6 -10 -10  -9  -9 -13 -15 -16 -14  -8   3  10   0  -7
DST2301*04RRX020   0  -7  -5 -12 -27 -36 -39 -45 -53 -58 -61 -50 -46 -43 -39 -29 -15  -9  -9  -7  -2  -2  -1  -2  -2 -25
DST2301*05RRX020   0   1   1  -1   3   8  10  11  15  16  13  11   9   1  -4 -10  -8 -15 -18 -20 -22 -24 -26 -26 -23  -4
DST2301*06RRX020   0 -19 -16 -17 -17 -20 -21 -17 -12 -11  -9  -8  -9  -9  -8  -9  -8  -8 -10  -9  -8  -2   0   4   3 -10
DST2301*07RRX020   0   2  -1  -3  -3  -3  -4  -1   2   4   6   5   2   1   2   4   6   6  -2  -3  -1   1   1   3   3   1
DST2301*08RRX020   0   3  -2  -9 -11 -16 -19 -15  -3   6   8   7  -3  -6  -9  -8  -7 -11 -11  -8  -1   3   5   4  -1  -4
DST2301*09RRX020   0  -3  -3  -4  -3   3   5   4   4   3   4   7   9   8   4   2   2  -1  -2  -6  -8  -5  -2  -1   1   1
DST2301*10RRX020   0   2   1   1   4   7   9   9  10  12  12  13  10   9  11  12   3  -2  -4  -5  -4  -2  -3  -3  -5   4
DST2301*11RRX020   0  -5  -8  -6  -3  -2  -7  -3  -2   3   8   4  -6  -6  -5  -4   1   3   2  -1  -3  -3  -3  -3  -9  -2
DST2301*12RRX020   0  -7   0   4   4   6   5   3   2  -1   3   1   0   3   5   4   5   3   0  -2  -3  -5  -7 -10 -12   0
DST2301*13RRX020   0 -13 -12  -7  -4  -2  -2  -9 -11 -10 -16 -23 -24 -28 -23 -15 -11  -9  -9  -9  -5 -21 -27 -34 -37 -15
DST2301*14RRX020   0 -38 -37 -33 -32 -30 -30 -22 -19 -20 -22 -22 -25 -23 -22 -20 -15 -18 -20 -19 -20 -20 -22 -32 -42 -25
DST2301*15RRX020   0 -46 -39 -34 -35 -36 -37 -39 -29 -40 -49 -39 -45 -51 -58 -50 -38 -42 -40 -32 -35 -38 -41 -42 -32 -40
DST2301*16RRX020   0 -18 -10  -7 -14 -15 -14 -12 -17 -22 -27 -29 -30 -25 -18 -15 -17 -13 -12 -14 -13 -13 -16 -16 -14 -17
DST2301*17RRX020   0 -14 -12 -11 -10  -8  -4  -6  -5  -3  -1  -6 -10 -12 -12  -9  -6  -7  -8  -6  -2   1   5  18   3  -5
DST2301*18RRX020   0 -19 -24 -32 -29 -30 -25 -20 -14 -12 -12 -12 -14 -16 -18 -18 -13 -10 -12 -14 -15 -14 -14 -13 -14 -17
DST2301*19RRX020   0 -15 -16 -17 -13  -8  -8 -18 -22 -18 -10 -18 -21 -15 -11  -8  -7  -8 -11 -16 -16 -15 -10  -6  -8 -13
DST2301*20RRX020   0 -11 -11 -11  -7  -2  -1   0   1   1   1  -1  -2   4   3   1  -5 -11  -7  -5  -3  -3  -3   0  -1  -3
DST2301*21RRX020   0   4  -1   0   1  -2 -18 -27 -18 -11 -20 -22 -19 -12  -7  -7  -6 -13 -14 -16 -12 -11 -10  -3  -2 -10
DST2301*22RRX020   0   0   1  -2  -4  -5  -7  -8  -6  -5 -11 -12 -12 -16 -12  -8  -8  -7  -9 -14 -10  -8 -12 -10 -12  -8
DST2301*23RRX020   0 -13 -13 -10  -3   7   6   6   5   3  -2  -1  -2  -6  -6  -7 -15 -24 -27 -24 -21 -23 -24 -15 -15  -9
DST2301*24RRX020   0 -12  -9  -6  -7  -6  -3  -4  -4  -5  -6  -8  -9  -8  -9  -7  -4  -5  -4  -3  -2   0   3   2   0  -5
DST2301*25RRX020   0  -1  -1  -3  -3  -1   2   3   4   4   2   1  -7  -6  -8 -15 -17 -21 -13  -3  -1   3   2   2  -3  -3
DST2301*26RRX020   0  -5   0   2   1   3   7   6   5   1  -3 -11 -12  -4  -3  -1   3   1   0  -4  -1   0   0  -3  -8  -1
DST2301*27RRX020   0  -9 -10  -8  -6   0   3   1   1   0  -6 -16 -19 -10  -5  -8  -5  -4  -1   1   4   3   0   3  -3  -4
DST2301*28RRX020   0 -14 -21 -22 -15  -8 -10 -11  -8  -6  -5  -6  -6  -4   1   5   7   4   2   2   1   4   3   1  -1  -4
DST2301*29RRX020   0  -2  -1  -1   2   3   2   4   4   3   5   3   3   4   5   1  -4  -1   3   5   4   4   5   8   7   3
DST2301*30RRX020   0   8   9   9   7   6   7   6   6   8   7   6   8   8  12  18  23  24  21  23  25  18   7   1   0  11
DST2301*31RRX020   0  -1   1   4   7   3  -3  -6  -9 -11 -13  -9   0   3   4   0  -5 -11 -15 -20 -20 -16 -16 -10  -9  -6

[Created at Thu Apr 20 15:05:48 UTC 2023]
