DST2304*01RRX020   0  -8  -5  -3   0   3   4   5   7   8  11   3  -7  -4  -4  -7  -9 -13 -20 -16 -13  -9  -7 -12 -27  -5
DST2304*02RRX020   0 -31 -24 -13 -15 -11 -12 -16 -12 -15 -21 -19 -14 -14 -13 -13 -11 -12 -12 -12 -12 -11 -14 -17 -11 -15
DST2304*03RRX020   0 -11 -16 -13  -8  -4  -4  -8  -2  -2  -3   0  -2  -2   0  -5  -7  -8 -12 -16 -21 -15 -15 -16 -18  -9
DST2304*04RRX020   0 -19 -17  -4   2   1  -4 -10  -4  -1   6   8   4   5   6   7  10   8   7   5   5  -3  -3  -9 -12  -1
DST2304*05RRX020   0 -12 -11  -5  -7  -5  -1  -2  -1  -2   0   1  -5  -2   1   3   0  -6 -10  -5  -5  -6 -10 -10  -8  -5
DST2304*06RRX020   0  -4  -2   0   6  12  16  17  17  10   8   3   1   6   8   7   8   6   1  -1   1   8   8   5   2   6
DST2304*07RRX020   0  -5  -7  -4  -2  -3  -6  -8  -9  -7  -3  -3  -1   0   6   8   7   7   7   9  10   4   2   1   4   0
DST2304*08RRX020   0   6   5   9  16  18  16   9   4  -3  -2   2   3   4   7   9   9  10  13  15  12  10   7   2   0   8
DST2304*09RRX020   0  -2  -6   0  10  16  16  15  13  11   9   8   9   8   4   5   5   6   5   5   5   5   2   4  11   7
DST2304*10RRX020   0  15  16  15  17  16  13   1  -9 -23 -21 -12  -8  -5   2   1   1   0   4   6   5   4   0  -3   0   1
DST2304*11RRX020   0   4   7  11  19  25  27  21  13  12  16  17  16  15  16  16  17  16  18  18  17  20  16  12  12  16
DST2304*12RRX020   0  13  13  16  19  24  27  25  26  23  25  23  21  22  23  23  21  23  24  24  21  21  21  19  21  22
DST2304*13RRX020   0  20  16  11  19  24  27  26  25  24  26  24  20  19  20  19  22  22  22  21  17  14  13   9   8  20
DST2304*14RRX020   0  11  11  18  24  30  33  34  33  29  23  16  13  15  14  11  12  15  13  12  13  11  11  10   7  17
DST2304*15RRX020   0   8   9  16  19  19  17  18  14   4  -2  -4   2   9  11   6   6   7   7   3  -1  -2  -2   1   3   7
DST2304*16RRX020   0   8   9  10  11  14  14  14  14  13  11  14  14  14  15  18  23  23  24  22  19  16  15  12  11  15
DST2304*17RRX020   0  16  20  23  30  34  35  31  28  24  19  17  16  16  16  13  11   9  13  15  13  12  10   8   7  18
DST2304*18RRX020   0  15  19  22  24  26  25  27  25  24  25  22  19  17  16  37  40  45  43  38  37  23  17   7   6  25
DST2304*19RRX020   0  10  12  15  19  22  24  27  33  32  29  16   1 -15 -20 -21 -13 -11  -7  -8  -7  -5  -3  -3  -1   5
DST2304*20RRX020   0   4  10  15  16  19  21  18  22  17  17  16  13  11  13  13  15  14  13  13   7   5   4   4   4  13
DST2304*21RRX020   0   7  129999999999999999999999999999999999999999999999999999999999999999999999999999999999999999  10
DST2304*22RRX020   09999999999999999999999999999999999999999999999999999999999999999999999999999999999999999999999999999
DST2304*23RRX020   09999999999999999999999999999999999999999999999999999999999999999999999999999999999999999999999999999
DST2304*24RRX020   09999999999999999999999999999999999999999999999999999999999999999999999999999999999999999999999999999
DST2304*25RRX020   09999999999999999999999999999999999999999999999999999999999999999999999999999999999999999999999999999
DST2304*26RRX020   09999999999999999999999999999999999999999999999999999999999999999999999999999999999999999999999999999
DST2304*27RRX020   09999999999999999999999999999999999999999999999999999999999999999999999999999999999999999999999999999
DST2304*28RRX020   09999999999999999999999999999999999999999999999999999999999999999999999999999999999999999999999999999
DST2304*29RRX020   09999999999999999999999999999999999999999999999999999999999999999999999999999999999999999999999999999
DST2304*30RRX020   09999999999999999999999999999999999999999999999999999999999999999999999999999999999999999999999999999

[Created at Fri Apr 21 01:30:11 UTC 2023]
