DST2302*01RRX020   0 -19 -18 -16 -10 -10  -8  -6  -4  -3   2   5   6   7  11  14  13  14  14  10  -2 -14 -11 -15 -16  -2
DST2302*02RRX020   0 -21 -23 -20 -15 -13 -11 -10  -7  -2   0  -2  -2  -1  -1  -3  -6  -9 -10  -9  -6  -5  -2  -2  -2  -8
DST2302*03RRX020   0   4   3   0   0  -1   3   5   4   6  10  13  16  18  16  12   7  -3 -10 -18 -24 -17 -11  -6  -4   1
DST2302*04RRX020   0  -3  -4  -3  -3  -5  -8 -11 -12 -10  -9 -10  -8  -8  -9  -9  -7  -5  -7  -5  -2   0   1   2   0  -6
DST2302*05RRX020   0   0   2   2   2   2   4   6   6   5   7  11  12  13  11  13  16  14  12  13  16  18  21  24  26  11
DST2302*06RRX020   0  24  11   7   5   4  -1  -5   2   3 -11 -16  -7  -1  -4  -6  -7  -5  -4  -3  -4  -2 -13 -13 -10  -2
DST2302*07RRX020   0 -18 -18 -15 -18 -27 -26 -22 -17 -23 -21 -23 -27 -25 -23 -26 -30 -30 -29 -29 -25 -21 -20 -20 -20 -23
DST2302*08RRX020   0 -19 -23 -18 -16 -20 -20 -14  -8  -7 -13 -11 -17 -18 -19 -17 -16 -13 -17 -16 -17 -15 -14 -14 -15 -16
DST2302*09RRX020   0 -21 -21 -22 -17 -28 -20 -19 -18 -24 -24 -21 -21 -24 -24 -23 -19 -20 -18 -14 -18 -26 -37 -38 -31 -23
DST2302*10RRX020   0 -36 -43 -47 -43 -39 -35 -31 -30 -24 -17 -19 -19 -20 -27 -22 -18 -20 -20 -21 -21 -23 -23 -24 -31 -27
DST2302*11RRX020   0 -31 -32 -29 -26 -26 -19 -13 -11 -15 -26 -31 -24 -17 -15 -14 -15 -12 -12 -11 -12  -9  -8 -10 -13 -18
DST2302*12RRX020   0 -16 -19 -22 -19 -22 -19 -17 -14 -10 -11 -12 -10  -9  -7  -8 -11 -12 -12 -12 -12 -11 -14 -14 -12 -14
DST2302*13RRX020   0 -11  -8  -8  -5  -4  -1   1   2   3   2   2   3   7   6   3   4  10  11  13  10   7   0  -2  -3   2
DST2302*14RRX020   0   0   7   8   6   5   7  11   6   3   0   1   6   3  -3  -5  -6  -7  -9 -10  -7  -3  -5  -9  -4   0
DST2302*15RRX020   0 -10  -9  -9  -4  -2  -3 -20 -38 -48 -50 -52 -54 -58 -64 -67 -64 -69 -72 -67 -67 -69 -71 -69 -48 -45
DST2302*16RRX020   0 -41 -28 -24 -18 -19 -30 -53 -50 -38 -38 -41 -37 -28 -35 -52 -52 -53 -45 -42 -42 -39 -37 -35 -33 -38
DST2302*17RRX020   0 -30 -29 -31 -35 -37 -30 -26 -26 -26 -24 -20 -18 -20 -21 -22 -22 -18 -19 -20 -18 -17 -15 -16 -17 -23
DST2302*18RRX020   0 -17 -17 -15 -13 -16 -12 -10  -6  -4  -3  -3  -1  -3  -4  -5  -3  -1  -3  -6 -13 -10  -9  -8 -11  -8
DST2302*19RRX020   0 -12 -10  -9  -7  -7  -7  -7  -4   0   0  -3  -9  -7  -4  -5 -10 -11  -8  -9 -12 -10 -10 -10  -9  -8
DST2302*20RRX020   0  -5  -3  -3   0   1   2   4   7   9  10  15  19  13  14  14   7  10   3   1  -4  -7  -3   0   4   5
DST2302*21RRX020   0   4  -2  -5  -1  -1  -8  -9 -16 -25 -40 -47 -50 -39 -30 -22 -23 -25 -24 -24 -21 -18 -15 -13 -13 -19
DST2302*22RRX020   0  -7  -5  -4  -5  -9  -6  -5  -3  -4  -5  -7 -10 -20 -15 -12 -16 -12 -12 -12 -16 -16 -13  -7  -1  -9
DST2302*23RRX020   0   2  -1 -10  -2  -6 -13 -12 -15 -18 -16 -19 -25 -19 -15 -14 -20 -24 -27 -21 -25 -26 -26 -18 -12 -16
DST2302*24RRX020   0 -13  -8  -2   3   5   3   0   0  -1   3   0  -5 -10  -6  -3  -2  -1  -3  -4  -4  -2  -5  -8  -9  -3
DST2302*25RRX020   0 -10  -8  -6  -4  -4  -4  -4  -2  -4  -3  -2   4   6  11   8   1  -3  -9 -20 -30 -34 -35 -26 -31  -9
DST2302*26RRX020   0 -26 -18 -14 -14  -4   0   3   9   3  -7 -17 -14 -12  -7  -3  -7  -1   2   2  16   4 -38 -65 -57 -11
DST2302*27RRX020   0 -53 -59 -68 -61 -50 -71 -86 -84 -94-109 -99-110-132-105 -84 -83 -96-108 -97 -84 -92-111-109-104 -90
DST2302*28RRX020   0 -99-100 -96 -91 -84 -79 -77 -78 -72 -74 -68 -60 -55 -56 -55 -54 -53 -53 -51 -57 -59 -54 -53 -50 -68

[Created at Thu Apr 20 15:05:37 UTC 2023]
