DST2303*01RRX020   0 -29 -27 -22 -20 -20 -23 -23 -23 -24 -16 -14  -9  -8  -8 -12 -11 -12 -10  -4   2   3   2   3   3 -13
DST2303*02RRX020   0   5   3   2   0   2   0  -5  -8 -12 -12  -9  -4   0   4  -3  -3   2   2  -2 -12 -21 -31 -37 -39  -7
DST2303*03RRX020   0 -33 -27 -18 -17 -17 -21 -28 -27 -21 -22 -29 -23 -22 -31 -24 -20 -14 -13  -8 -13 -13 -12 -10 -15 -20
DST2303*04RRX020   0 -20  -9   0   0  -3  -5  -9 -19 -21 -19 -17 -13 -15 -10  -7  -7  -6  -6  -5  -7  -6  -8 -11  -4  -9
DST2303*05RRX020   0   0   3   7   5   3   1  -1  -4 -11 -20 -25 -16 -14 -19 -19 -22 -18 -18 -19 -23 -24 -22 -23 -25 -13
DST2303*06RRX020   0 -25 -19 -15 -10 -12 -10  -8 -11  -9  -8  -9  -4  -2  -4  -5  -7 -14  -8  -4 -13 -17 -17 -18 -16 -11
DST2303*07RRX020   0 -11  -5  -6  -7  -5  -5 -12 -12 -20 -25 -22 -18 -10 -10 -12  -9  -6  -6  -4  -3  -6 -10 -12  -8 -10
DST2303*08RRX020   0  -3   2   9  11   7   0  -5  -5  -6  -6 -10  -6   0   1  -2  -3  -2   2   0  -4  -8  -5  -5  -8  -2
DST2303*09RRX020   0  -4   1   2   0  -3  -1  -8 -19 -34 -36 -23 -15 -19 -14 -12  -9  -7  -2  -5  -5 -12 -16 -22 -24 -12
DST2303*10RRX020   0 -17 -12  -3  -2   1   5   3   0   0   8   9   7   5   6   2   1  -5 -15 -17 -15  -9  -7 -15 -18  -4
DST2303*11RRX020   0 -23 -25 -19 -17 -15 -12 -12  -8  -3   1  -2  -5  -3  -1  -1   2   4   6   9   6   7   8   7   6  -4
DST2303*12RRX020   0   4   2   4   9   8   9   7  10   0  -2   1   6  12   9   7   8   8   9  10  12  11  12  12  16   8
DST2303*13RRX020   0  16  18  19  21  21  20  18  19  17  16  15  14  14  17  19  21  22  26  28  30  32  33  32  30  22
DST2303*14RRX020   0  28  27  18  11   5  13  13   6   9  15   8   3  -2  -3  -3 -10  -7  -8  -9  -8 -11 -16  -9 -20   2
DST2303*15RRX020   0 -28 -30 -27 -23  -5   5  -8  -9 -21 -13 -15 -13  -5  -4  -8  -7  -4   0   7   5   3  -3 -38 -35 -12
DST2303*16RRX020   0 -12 -14 -22 -24 -22 -23 -23 -20 -17 -16 -18 -16 -12 -10 -11 -10 -10 -10  -8  -8  -7  -8  -6  -7 -14
DST2303*17RRX020   0  -4  -2   1   2   1  -3  -3  -2  -4  -6  -2   2  -1  -7  -8  -3  -1   1   3   4   4   2   3   1  -1
DST2303*18RRX020   0  -2   0   5   6   6   1   1   4   4   3   5   5   5   7   8   7   5   4   0  -1  -5  -3   0   0   3
DST2303*19RRX020   0   3   8   7   5   4   1  -5  -1   3   9  13  16  16  14  10  11   9   7   7   0  -3   2   3  -1   6
DST2303*20RRX020   0  -2  -7  -2   6  11   9   8   9   9  12  12   8   6   0   3  -1  -7 -11  -3  -1  -1   0   1  -2   2
DST2303*21RRX020   0   3   8  12  15  17  18  18  18  14  15  16  16  17  18  15  11  11  12  14  15  12  11  11   7  14
DST2303*22RRX020   0  -1   2   7   4   2  -4  -4  -1  -4  -2  -4  -2   0   4   4   5   5   5   6   8  14  12  10   8   3
DST2303*23RRX020   0   9   9  12  14  14  20  23  24  20  12   3 -14 -35 -47 -50 -56 -56 -48 -46 -50 -73 -86-102-126 -26
DST2303*24RRX020   0-135-152-163-144-142-155-143-127-132-109-101 -94 -86 -82 -78 -73 -74 -69 -64 -66 -68 -65 -69 -64-102
DST2303*25RRX020   0 -56 -50 -43 -45 -45 -44 -43 -37 -39 -39 -42 -34 -32 -34 -33 -31 -28 -28 -26 -23 -23 -25 -29 -33 -36
DST2303*26RRX020   0 -33 -29 -24 -21 -17 -23 -22 -17 -15 -15 -20 -20 -18 -16 -15 -15 -14 -14 -15 -15 -14 -15 -18 -19 -19
DST2303*27RRX020   0 -18 -19 -17 -14 -11  -9 -11 -10 -13 -11 -11 -11 -11  -8  -6  -4  -4  -4  -5  -6  -7  -9 -12 -12 -10
DST2303*28RRX020   0 -12 -15 -15 -13 -11 -10  -6  -4  -3  -3  -3  -5  -3   0  -2  -7  -9 -10 -11 -13 -12  -9  -9  -9  -8
DST2303*29RRX020   0  -9  -9  -3  -1   1   4   4   3   3   5   5   4   5   4   2   0   0  -4  -6  -4  -4  -3   0   5   0
DST2303*30RRX020   0  11  19  13  13   8   8   9   7  11  13   2   0  -4  -5  -8 -19 -23 -20 -15 -19 -14 -10 -16 -22  -3
DST2303*31RRX020   0 -17 -11 -14 -23 -23 -20 -18 -21 -25 -24 -20 -19 -18 -14 -17 -22 -21 -19 -17 -13  -9  -9  -9  -7 -17

[Created at Thu Apr 20 15:05:24 UTC 2023]
