DST0008*01  X220   0 -29 -27 -30 -31 -32 -32 -27 -24 -21 -19 -17 -16 -21 -23 -24 -28 -34 -37 -30 -22 -17 -22 -25 -30 -26
DST0008*02  X220   0 -31 -23 -19 -28 -36 -39 -34 -28 -22 -20 -17 -13 -14 -11 -12 -15 -14 -16 -19 -18 -16 -16 -16 -19 -21
DST0008*03  X220   0 -21 -16 -17 -22 -24 -20 -16 -12 -10 -11 -11 -10  -5  -6 -12 -12 -11  -9  -9  -5  -5  -4  -9 -11 -12
DST0008*04  X220   0 -12 -16 -21 -28 -29 -29 -28 -26 -23 -20 -21 -16 -18 -24 -27 -27 -29 -29 -24 -22 -19 -20 -24 -27 -23
DST0008*05  X220   0 -22 -16 -15 -14 -11  -4  -5 -11 -17 -40 -29 -22 -27 -35 -43 -43 -43 -38 -31 -23 -22 -27 -27 -30 -25
DST0008*06  X220   0 -35 -39 -41 -49 -53 -55 -45 -38 -32 -26 -25 -28 -26 -29 -28 -31 -28 -24 -26 -22 -20 -20 -20 -16 -32
DST0008*07  X220   0 -13 -16 -23 -28 -26 -20 -16 -11 -12 -15 -17 -22 -26 -23 -21 -22 -22 -19 -17 -13 -13 -12 -14 -13 -18
DST0008*08  X220   0 -10  -8 -11 -14 -14 -12  -9  -8 -10  -6  -6 -10 -19 -16 -11 -10 -12 -10  -5  -8  -6  -2   0  -2  -9
DST0008*09  X220   0  -8 -12 -15 -16 -13 -11  -8  -6  -7  -9  -9  -9 -12 -11  -8  -8  -6  -4  -2   1   5   1  -1   2  -7
DST0008*10  X220   0   3   4   4   0  -4   0 -14 -25 -24 -23 -18 -15 -27 -29 -21 -19 -23 -27 -26 -26 -24 -39 -61 -64 -21
DST0008*11  X220   0 -67 -78 -80 -97 -90 -93-105 -94 -86 -79 -84 -78 -83 -77 -74 -67 -65 -61 -53 -45 -52 -49 -49 -36 -73
DST0008*12  X220   0 -23 -20 -29 -70 -92 -86-115-196-203-234-224-191-177-159-162-151-154-142-136-106-101-103-102 -91-128
DST0008*13  X220   0 -78 -83 -72 -57 -55 -54 -61 -59 -60 -62 -63 -70 -75 -71 -65 -58 -53 -49 -43 -40 -39 -41 -46 -49 -58
DST0008*14  X220   0 -47 -48 -48 -49 -47 -42 -39 -37 -36 -34 -32 -31 -31 -29 -31 -29 -29 -23 -27 -30 -23 -17  -8 -14 -33
DST0008*15  X220   0 -17 -12 -11 -18 -30 -27 -25 -24 -23 -24 -23 -16 -23 -27 -26 -22 -22 -18 -13 -15 -15 -15 -18 -19 -20
DST0008*16  X220   0 -22 -21 -23 -26 -20 -20 -12 -16 -19 -19 -21 -23 -21 -18 -16 -14  -9  -6  -3  -9 -16 -17 -23 -19 -17
DST0008*17  X220   0 -15 -16 -13 -15 -13  -8  -8 -16 -17 -10  -8  -7 -11 -13 -17 -17 -14 -12 -10  -6  -6  -5  -3  -2 -11
DST0008*18  X220   0  -4  -9 -13 -12  -9  -9  -8  -9  -6  -2  -1  -2  -3  -2  -2  -2  -6  -6  -7  -7  -4  -5  -5  -5  -6
DST0008*19  X220   0  -4  -3  -1  -1  -5  -4  -1   1   0   1   3   1   2   4   4   6   5   6   3  -3  -3  -5  -7  -5   0
DST0008*20  X220   0  -3  -1  -2  -3  -5  -3  -3  -1   2   4   7   4   7  10  10   8   6  10  14  18  18  13   5  -1   5
DST0008*21  X220   0  -4  -2  -7 -16 -26 -30 -28 -26 -25 -20 -16 -12 -16 -18 -22 -28 -29 -33 -34 -35 -37 -37 -31 -28 -23
DST0008*22  X220   0 -26 -25 -25 -25 -21 -21 -17 -12 -10  -9  -7  -6  -4  -4  -2  -1   2   2   5   6   7   5   3   0  -8
DST0008*23  X220   0  -1  -2  -4  -6  -5  -5  -6  -4   0  -4 -12 -31 -26 -19 -12  -6  -3  -7 -20 -18 -16 -13 -13 -13 -10
DST0008*24  X220   0 -13 -11  -9  -7 -12 -18 -18 -11 -11 -10 -10 -10  -8  -7  -8  -7  -6  -1  -1  -3  -1  -3  -6  -9  -8
DST0008*25  X220   0  -9  -7  -7  -5  -2  -3  -4  -5  -4  -3  -3  -2   2   3   1  -3  -2   0   2   3   2   1   1   0  -2
DST0008*26  X220   0  -2  -3  -2  -1   0  -4  -9 -15 -21 -24 -19 -11 -10 -13 -13 -13  -9  -7  -8  -7  -3  -2  -2  -2  -8
DST0008*27  X220   0  -3  -4  -3  -3  -4  -3  -3  -6  -4   0   0   1   4   8  12   7   6   9  11   9  14  13  13  11   4
DST0008*28  X220   0  12  12  10   5   5   8   9  13  17  10  -1  -8  -8 -11  -9  -6  -6 -10 -24 -17 -14 -15 -34 -42  -4
DST0008*29  X220   0 -45 -39 -41 -36 -46 -49 -59 -56 -46 -35 -32 -31 -23 -21 -20 -21 -24 -20 -23 -26 -27 -24 -27 -31 -33
DST0008*30  X220   0 -37 -36 -36 -31 -30 -30 -29 -26 -27 -27 -19 -18 -15 -17 -16 -14  -9  -4   0   1   2  -7 -11 -13 -19
DST0008*31  X220   0 -11 -14 -21 -17 -15 -14 -13 -15 -15 -13 -19 -21 -19 -23 -24 -22 -17 -18 -20 -19 -19 -17 -19 -19 -18

