DST0012*01  X220   0 -19 -24 -28 -36 -43 -38 -34 -30 -21 -18 -19 -22 -24 -20 -25 -31 -34 -36 -33 -30 -27 -24 -22 -18 -27
DST0012*02  X220   0 -19 -22 -25 -27 -27 -24 -23 -19 -14 -12 -11 -11  -9  -8 -10 -11 -17 -15 -14 -11 -10 -10 -11 -11 -15
DST0012*03  X220   0 -11 -16 -18 -17  -5   1  -4  -8  -6  -2  -3  -3  -2   0  -5  -4  -6  -9 -15 -15 -15 -14 -16 -19  -9
DST0012*04  X220   0 -21 -21 -27 -31 -33 -29 -28 -26 -26 -23 -19 -13 -11 -13 -11  -9  -9  -7  -6  -5 -11 -13 -16 -15 -18
DST0012*05  X220   0 -22 -28 -31 -32 -33 -29 -28 -22 -17 -11  -7  -3  -1  -3  -4  -4  -6  -2   3   5   5   6   7   9 -10
DST0012*06  X220   0  10   7   3   0   0  -3  -4  -4   0   4   3   8   9   2  -6  -9 -13 -15  -6  -2  -3  -8  -4   0  -1
DST0012*07  X220   0   0  -8 -13 -17 -18 -18 -20 -10  -5 -16   1   7   4   1   2  -2  -9 -10  -9  -6  -6 -11  -3   3  -7
DST0012*08  X220   0  13  15  -2  -3   1   2  -1   3   0 -11  -9  -5   9  -2  -3  -9 -11 -10 -13 -15 -14 -20 -12  -7  -4
DST0012*09  X220   0  -7  -9 -10 -13 -12 -24 -16 -11  -8 -11 -13 -11  -4  -2  -3  -8  -9 -15 -15 -16 -10 -10 -11  -8 -11
DST0012*10  X220   0  -4  -3  -9 -16 -16 -17 -16 -12 -12 -13  -5   0   1   3   4   4   4   0  -6  -9 -10  -7  -8  -5  -6
DST0012*11  X220   0  -4  -4  -4  -7  -9  -9  -7 -11 -10  -6  -1  10  11  15  14   9  -2  -3   0   5   6   7   7   5   1
DST0012*12  X220   0   4   0  -3  -5  -6  -9 -10 -13 -10 -10  -7  -5   0   5   7   3  -2  -1   3   6   7   7   8  14  -1
DST0012*13  X220   0  14   9   4   2   0   0  -1  -2   0  -2  -4  -1   2   5   6   4   0   5   8  13  14  15  15  16   5
DST0012*14  X220   0  14  13  11   9   5   0   1   2   4   9  10   9  11  12  10   6   4   6   7   7   8   9   9   9   8
DST0012*15  X220   0   9  10   8   5   4   5   5   6   4   3   1   4   6   9  14  13  11  11  13  12  12  13  12  13   8
DST0012*16  X220   0  12  12  15  15  13  10   7   3   3   6   7   9  11  11  16  19  17  17  18  16  18  13  11   8  12
DST0012*17  X220   0   7   5   1   0   2   4   1  -2  -2  -3 -10 -15 -16  -8  -8 -12 -13 -15 -16  -7  -3  -4  -4  -3  -5
DST0012*18  X220   0  -3  -4 -11 -11 -11 -11 -14 -13 -18 -19 -21 -20 -14 -10  -3  -4  -7  -9 -10 -14 -24 -24 -23 -19 -13
DST0012*19  X220   0 -15 -14 -14 -15 -16 -13 -11  -9  -3   2   2   6   4   2  -1  -7 -11 -11  -8  -5  -3  -7 -10  -8  -7
DST0012*20  X220   0  -8 -10  -6  -2  -1  -1  -1  -1   2   3   3   5   7   6   4  -1  -8 -11 -10  -9 -10 -10 -12  -9  -3
DST0012*21  X220   0  -6  -4  -3  -2   1   4   6   6   3   2   3   5   4   4   4   7   5  10  14  13  15  21  20  17   6
DST0012*22  X220   0  13  10   4   1   0   3   2   1  -1   3   6  10  11  13  15  13   9   9  15  20  24  19   2 -10   8
DST0012*23  X220   0 -23 -32 -44 -55 -62 -57 -53 -50 -49 -48 -47 -49 -43 -38 -34 -37 -35 -34 -29 -28 -23 -18 -10  -8 -38
DST0012*24  X220   0 -10 -15 -23 -28 -32 -29 -26 -23 -24 -19 -17 -12 -13 -14  -8  -3  -4  -4   0  -4  -3   2   9  22 -12
DST0012*25  X220   0  29  24  21  19  23  26  20  19  14  11   6   7   1   7   4  -9  -7  -4  -1   1   4   9   9   9  10
DST0012*26  X220   0  10   9   4   0  -3  -6  -8  -8 -10 -13 -15 -10  -6  -4  -2   2   5   7   4   4  -2  -1   3   5  -1
DST0012*27  X220   0   7   7   9  12  12  13  10  15  11   6   3   8   7   2  -6 -11 -13 -18 -17 -22 -23 -17 -13 -12  -1
DST0012*28  X220   0 -10 -12 -13 -11 -11 -11 -14 -18 -19 -17 -15 -10  -5   1   9  12   7   5   7   7   3   1   3  10  -4
DST0012*29  X220   0  13  12  11   4  -2  -4  -9 -14 -18 -19 -15 -12 -10  -8  -4   1   9  14  16  12   8   3  -1   1  -1
DST0012*30  X220   0   1   1   3   5   6   4   2   0  -2  -4  -7  -5 -12 -16 -16  -9  -1   1   2   3   3   5   6   1  -1
DST0012*31  X220   0  -2   0   1   2   2   4   5   8   7   8   3   1  -1  -3  -1   2   3   4   7   8   7   8  10   8   4

