DST1511*01PPX120   0 -16 -14 -13 -13 -13 -17 -24 -32 -29 -26 -34 -43 -42 -34 -33 -33 -33 -31 -28 -21 -16 -13 -11  -9 -24
DST1511*02PPX120   0  -7  -6   1   1  -3  -5  -5  -4  -5  -4  -5  -9  -5  -4 -12 -15 -12 -11  -9  -8  -5  -3   0   9  -5
DST1511*03PPX120   0  11  24  30  21  23  12  24  34 -21 -39 -38 -43 -55 -46 -41 -38 -35 -33 -35 -48 -44 -37 -38 -39 -19
DST1511*04PPX120   0 -45 -45 -43 -35 -15 -28 -37 -40 -37 -40 -42 -54 -60 -55 -44 -40 -33 -26 -26 -19 -24 -30 -26 -25 -36
DST1511*05PPX120   0 -25 -27 -24 -22 -25 -28 -27 -32 -35 -36 -36 -36 -36 -32 -32 -31 -32 -32 -35 -35 -32 -33 -35 -34 -31
DST1511*06PPX120   0 -32 -27 -25 -26 -27 -29 -27 -26 -29 -26 -26 -26 -24 -22 -19 -14 -13 -16  -1   2  -8 -13 -17 -18 -20
DST1511*07PPX120   0 -32 -30 -27 -44 -67 -85 -89 -84 -74 -82 -72 -65 -79 -77 -69 -69 -69 -65 -61 -53 -48 -45 -40 -37 -61
DST1511*08PPX120   0 -33 -30 -24 -25 -30 -28 -25 -25 -26 -29 -31 -31 -41 -43 -43 -45 -44 -42 -43 -48 -47 -47 -48 -49 -37
DST1511*09PPX120   0 -48 -47 -46 -50 -50 -48 -47 -45 -44 -49 -49 -45 -48 -50 -52 -55 -54 -49 -43 -39 -31 -32 -35 -28 -45
DST1511*10PPX120   0 -26 -28 -31 -36 -43 -41 -38 -49 -56 -51 -42 -43 -56 -58 -54 -47 -48 -48 -45 -44 -34 -34 -32 -32 -42
DST1511*11PPX120   0 -32 -27 -23 -23 -27 -33 -34 -35 -32 -33 -29 -32 -29 -30 -28 -30 -30 -34 -37 -36 -33 -31 -32 -32 -31
DST1511*12PPX120   0 -30 -27 -24 -26 -24 -22 -21 -26 -29 -34 -36 -37 -36 -33 -30 -30 -27 -25 -24 -24 -24 -23 -21 -23 -27
DST1511*13PPX120   0 -26 -24 -20 -18 -16 -15 -13 -14 -16 -15 -12 -10  -9  -6 -19 -32 -24 -24 -24 -23 -20 -19 -25 -29 -19
DST1511*14PPX120   0 -27 -25 -24 -27 -29 -29 -28 -32 -29 -29 -30 -26 -28 -24 -26 -24 -19 -18 -18 -14 -15  -9  -7 -11 -23
DST1511*15PPX120   0 -13 -12 -10 -10 -13 -13 -11 -14 -17 -16 -15 -12 -11  -9  -8  -5  -4  -7  -5  -4  -5 -10 -17 -20 -11
DST1511*16PPX120   0 -24 -27 -28 -29 -30 -28 -29 -25 -26 -24 -28 -28 -31 -34 -38 -39 -38 -35 -34 -29 -26 -27 -25 -24 -29
DST1511*17PPX120   0 -22 -17 -15 -16 -18 -18 -16 -16 -17 -16 -14 -12 -13 -15 -15 -18 -18 -20 -16 -10  -7  -5  -6  -9 -15
DST1511*18PPX120   0 -11  -8  -6 -10  -5  -1   1  -1 -10 -22 -27 -30 -27 -22 -25 -29 -28 -24 -19 -16  -5 -13 -25 -36 -17
DST1511*19PPX120   0 -24 -21 -26 -27 -26 -27 -23 -21 -25 -26 -27 -34 -35 -28 -23 -20 -19 -18 -15 -13 -11  -9 -10 -12 -22
DST1511*20PPX120   0 -10  -6  -5  -6 -10  -8  -8   5  -2 -12 -12 -10  -9  -8  -6  -7  -7  -6  -1   4   8   9   6   4  -4
DST1511*21PPX120   0  -3 -10 -15 -15 -13 -11  -8  -8  -9  -7  -6  -8  -9  -8  -5  -3  -4  -5  -7  -7  -6  -5  -3  -4  -7
DST1511*22PPX120   0  -6  -5  -6  -8  -9  -7  -7  -7  -5  -4  -5  -6  -7  -9 -12 -10  -9  -6  -3  -2  -2  -1  -1  -2  -6
DST1511*23PPX120   0  -1  -1  -1   0  -2  -4  -6  -6  -6  -4  -2  -3  -4  -4  -3  -4  -4  -3  -4  -3  -1  -1   0   1  -3
DST1511*24PPX120   0   1   1   1   0   0   1   1  -1  -2  -2  -3  -4  -2  -2  -2  -1   1   1   2   4   4   2   1   1   0
DST1511*25PPX120   0   0   2   3   4   4   5   5   5   5   4   4   6   9  10  10   8   8   9   9  10   8  10   9   9   7
DST1511*26PPX120   0   9   9   8  10  12  12  13  12  11   9   8   8   6   6   9   7   4  -1  -5  -9  -9 -12 -12 -12   4
DST1511*27PPX120   0 -13 -14 -13 -11 -12 -11  -7  -4  -7  -9  -4  -2  -7  -8  -7  -4  -7  -9  -7  -2  -3  -3  -3  -3  -7
DST1511*28PPX120   0  -2   5   9  10  11  11  10  12  12  10  10   5  -7 -12  -8  -3   3   3   6   7   0 -14 -17 -17   2
DST1511*29PPX120   0 -13 -11 -11 -10  -5   3   6   5   4  -4 -11  -6  -3  -2  -4  -6  -7  -6  -1   3  -5 -14 -20 -20  -6
DST1511*30PPX120   0 -16 -16 -13  -8  -4  -1   8   1 -16 -25 -32 -42 -39 -38 -35 -31 -31 -27 -22 -20 -22 -22 -19 -17 -20

[Created at Sat May 6 05:37:18 UTC 2017]
