DST1508*01PPX120   0  -7  -2   0  -1  -1   1   0   0  -3  -7  -5   2   9  11  12  10   3  -2  -3   4   5   6   7   6   2
DST1508*02PPX120   0   0  -3  -9  -7  -3  -2  -6  -7  -9  -9  -3   2   3  -2  -5  -7  -4   2   9   9   5   4   0   1  -2
DST1508*03PPX120   0   4   4   6   7   9   6   4   1   0   0   3   7   7   2  -1  -1  -2   2   7  10  10   8   4   6   4
DST1508*04PPX120   0   8   6   6   5   7   7   5   1   3   3   9  13  15  16  13   8   6   9  11  12   9   6   5   8   8
DST1508*05PPX120   0   8   8   7   5   4   3   4   5   4   3   7  13  14  17  17  13  13  15  16  12  11   8   7   8   9
DST1508*06PPX120   0   9   9  12  15  17  16  14  13   7  -4 -11  -8  -1   1   5   4   1   2   1   2   6   4   4   3   5
DST1508*07PPX120   0  -1  -4  -6  -4  -4  -4   3  -7  -9 -13 -11 -12 -14 -10  -9 -13  -8   6   7   7   2  -1  -3  -5  -5
DST1508*08PPX120   0  -6  -2   2   2   4   4  -4  -7  -9 -17 -18 -25 -21 -20 -11  -8  -9 -10  -8  -7 -15 -18 -11  -4  -9
DST1508*09PPX120   0  -1  -3  -1  -3  -5 -11  -4  -7 -13 -16  -9  -4   1   8   7   3   1  -4  -6  -7  -5  -5   1   3  -3
DST1508*10PPX120   0   2   2   2   0  -5  -3  -3  -8 -15 -17 -13  -9  -4  -3  -2   0   2   2  -4 -12 -12  -4   0   0  -4
DST1508*11PPX120   0   5   1  -5  -3  -4  -3  -5  -7  -9 -11 -11  -5  -3  -3  -3  -3   0  -2  -3   0  -2   1   4   7  -3
DST1508*12PPX120   0  10   9   8   5   4  -2  -2  -3  -4  -1   2   3   4   3  -1  -6  -2  -2  -5 -14 -14  -8  -9 -13  -2
DST1508*13PPX120   0 -19 -22 -22 -17 -17 -14 -11 -16 -18 -19 -16 -15 -16 -15 -14 -12 -13 -17 -20 -22 -24 -20 -15  -8 -17
DST1508*14PPX120   0  -1   4   5   2   1   1   0  -2  -3  -3   0   1   2   3   2   2   2   0   2   7   8   9   9   7   2
DST1508*15PPX120   0   9   5   1   6   7   7   4   6  22  27  16 -22 -56 -43 -53 -48 -49 -51 -54 -57 -52 -43 -41 -45 -21
DST1508*16PPX120   0 -54 -57 -56 -56 -57 -63 -76 -84 -78 -68 -50 -39 -32 -29 -31 -32 -29 -28 -24 -29 -38 -40 -36 -34 -47
DST1508*17PPX120   0 -28 -25 -28 -26 -30 -34 -33 -38 -36 -37 -36 -37 -33 -30 -32 -34 -38 -37 -33 -26 -33 -29 -24 -20 -32
DST1508*18PPX120   0 -18 -19 -21 -24 -24 -18 -21 -20 -17 -20 -19 -15 -14 -16 -16 -17 -15 -15 -14 -12 -11 -11 -13 -12 -17
DST1508*19PPX120   0 -21 -30 -30 -33 -39 -45 -50 -48 -47 -41 -33 -25 -21 -19 -19 -10 -13 -11 -15 -15 -19 -19 -19 -14 -27
DST1508*20PPX120   0 -14 -14 -11  -9  -9 -11 -10  -9 -11 -15 -10  -4  -6  -6  -2  -4  -5 -11 -13 -12 -13 -11 -13  -9 -10
DST1508*21PPX120   0  -2  -2  -5  -9 -10 -10  -8  -5  -1   0   3   0  -2  -4  -5  -4   0   0  -2  -3  -1   0   2   0  -3
DST1508*22PPX120   0  -1   0   1  -3  -4  -1   2   0  -1  -9 -10  -6 -14 -17 -20 -21 -17 -15 -13 -10  -7  -3   4   5  -7
DST1508*23PPX120   0   6   2  10   9   8  10   7 -13 -43 -43 -33 -28 -21 -22 -26 -30 -29 -29 -29 -26 -24 -22 -20 -15 -17
DST1508*24PPX120   0 -15 -15 -12 -10 -10 -13 -15 -19 -22 -18 -16 -13 -12 -12  -9  -6  -5  -4  -4  -8 -13 -10  -7  -5 -11
DST1508*25PPX120   0  -1  -1  -1  -5  -9 -11 -13 -14 -13 -11  -8  -7  -5  -5  -8  -8  -6  -9 -14 -18 -20 -11  -4  -5  -9
DST1508*26PPX120   0  -8 -10 -11 -11 -11  -5  -7 -20 -26 -37 -26 -21 -24 -22 -32 -39 -47 -53 -55 -62 -68 -68 -59 -46 -32
DST1508*27PPX120   0 -42 -49 -62 -60 -68 -77 -71 -72 -68 -59 -58 -56 -56 -57 -51 -50 -57 -69 -78 -89 -92 -90 -85 -72 -66
DST1508*28PPX120   0 -52 -43 -41 -54 -65 -73 -78 -81 -86 -89 -85 -72 -61 -54 -54 -66 -67 -72 -76 -71 -64 -51 -41 -36 -64
DST1508*29PPX120   0 -33 -36 -30 -30 -29 -24 -26 -27 -28 -25 -24 -19 -14 -12 -13 -15 -17 -17 -19 -18 -17 -15 -14 -16 -22
DST1508*30PPX120   0 -16 -17 -15 -11  -8  -8 -11 -12 -12 -10  -9  -9  -8  -9  -8  -5  -6  -6  -4  -2  -4  -5  -6  -9  -9
DST1508*31PPX120   0 -11 -11 -10  -9  -7  -6  -4  -3  -3  -3  -2  -1  -3  -3  -3  -4  -4  -5  -3  -3  -1  -1  -3  -2  -4

[Created at Sat May 6 05:37:02 UTC 2017]
