DST1504*01PPX120   0  -1   3   9  10  10   8   8   6   6   6  10  12   7   8   7   9   7   4   3   8   7   7   3   4   7
DST1504*02PPX120   0   4   8  12  18  10  10   7   6  -8 -15 -12 -11  -8  -8  -8  -5  -6  -9  -6  -3  -2 -21 -21 -14  -3
DST1504*03PPX120   0 -11  -9 -12 -15 -11 -10  -9  -5  -5  -5  -8  -6  -4  -2  -8  -7  -5  -6  -7  -7  -8 -10 -13 -20  -8
DST1504*04PPX120   0 -22 -19 -16 -16 -15 -11 -13 -11  -8  -6  -8  -8  -7  -7  -4  -9  -9 -12 -11  -3  -1   2   3   0  -9
DST1504*05PPX120   0  -3  -6  -5  -4  -5  -8  -8  -9  -5  -1   0   1   0   0  -1  -2   0   2   3   7   9   6  -3  -2  -1
DST1504*06PPX120   0  -5  -7  -8  -5  -2   2  -2  -5  -5  -3  -2  -2  -3  -7  -8  -5  -2  -1   1   4   2   0  -1  -6  -3
DST1504*07PPX120   0  -8  -8  -5  -3  -4  -2  -1   2   4   6   6   5   4   1  -2  -1   2   4   8   7  10  11  12   7   2
DST1504*08PPX120   0   4   5   5   5   5   5   4   6   9  10   9   7   8   9   9   7   6   4   4   7   9  12  13   8   7
DST1504*09PPX120   0   5   3   8   5  -1  -3  -3  -4  -7  -5   4   1   4   5   3   7   9   9  11  17  22  23  23  15   6
DST1504*10PPX120   0 -16 -33 -28 -32 -51 -47 -35 -37 -39 -44 -39 -34 -28 -27 -20 -15 -13 -16 -22 -27 -26 -26 -31 -32 -30
DST1504*11PPX120   0 -39 -47 -52 -54 -60 -64 -69 -73 -72 -75 -68 -57 -53 -58 -58 -60 -58 -51 -47 -44 -36 -31 -26 -22 -53
DST1504*12PPX120   0 -20 -20 -20 -20 -19 -18 -18 -17 -16 -15 -14 -16 -15 -14 -14 -11 -10  -9 -11 -11 -11 -10 -11 -12 -15
DST1504*13PPX120   0  -9 -12 -18 -20 -14  -3   3  -5  -8 -11 -11  -6   0   2   1   0  -1  -2   1   6   6   7   7   5  -3
DST1504*14PPX120   0   2   0   3   7   8   9  11  10  12  12  10   6   9   9   0  -7  -8 -25 -26 -15 -13 -19 -37 -36  -3
DST1504*15PPX120   0 -29 -24 -21 -17 -21 -18  -8  -1   3   0 -19 -42 -37 -36 -36 -31 -30 -32 -45 -51 -56 -44 -42 -43 -28
DST1504*16PPX120   0 -43 -36 -44 -47 -47 -55 -59 -71 -60 -54 -51 -41 -41 -47 -44 -42 -37 -42 -47 -52 -48 -52 -75 -79 -51
DST1504*17PPX120   0 -70 -65 -58 -54 -57 -60 -59 -55 -53 -48 -42 -42 -43 -47 -43 -40 -36 -35 -40 -40 -35 -32 -33 -33 -47
DST1504*18PPX120   0 -35 -35 -28 -25 -25 -24 -21 -16 -17 -14 -11  -9  -9 -10 -14 -20 -21 -24 -21 -24 -24 -28 -29 -29 -21
DST1504*19PPX120   0 -30 -28 -23 -23 -22 -19 -21 -19 -19 -22 -26 -23 -17 -17 -21 -21 -17 -14 -16 -19 -18 -17 -20 -23 -21
DST1504*20PPX120   0 -25 -25 -20 -16 -19 -13 -12 -11 -10  -6  -1  -4  -2   3  10  14  16  20  14  12   5  12  -1  -6  -3
DST1504*21PPX120   0  -8 -16  -9 -11 -20 -23 -25 -27 -25 -17 -18 -16 -20 -18 -19 -25 -23 -18 -18 -13 -13 -17 -24 -22 -19
DST1504*22PPX120   0 -20 -15 -14 -12 -13 -14 -18 -20 -20 -20 -17 -11 -10 -11 -11  -8  -9  -5  -3  -3  -2  -1  -6 -10 -11
DST1504*23PPX120   0 -11 -10 -10 -15 -20 -13  -8  -6  -6  -8  -6  -2   2   3   2   1   2   2   0   0  -1  -4  -7  -7  -5
DST1504*24PPX120   0  -6  -9  -7  -8 -14 -16 -12  -9 -10 -10  -9  -8  -9  -8  -7  -6  -7  -8  -7  -5  -2  -1  -3  -2  -8
DST1504*25PPX120   0  -1   0   1   2   2   2   4   4   5   5   4   4   4   5   6   6   4   2   0   0   3   6   8   8   4
DST1504*26PPX120   0   7   9  11  13  12  13  12  10   9   9   9  10   9   7   7   6   6   8   8   7   7   9   7   6   9
DST1504*27PPX120   0   4   4   8   8   4   4   3   7  10   7   4   5   0  -4  -6  -7  -7 -11 -18 -21 -20 -17 -21 -28  -4
DST1504*28PPX120   0 -31 -26 -18 -13 -14 -15 -15 -13  -7  -9 -16 -17 -12 -12 -13 -13 -15 -16 -10   0   6   3   1  -1 -12
DST1504*29PPX120   0  -5  -4  -1  -1  -3  -4  -2   0   1  -1  -2   1   1   1   2   1   0   2   2  -2  -8 -13 -16 -12  -3
DST1504*30PPX120   0  -6   1   6   8   9   8   5   1   1   2   2   4   6   7   5   5   6   7   6   2   3   5   5   2   4

[Created at Sat May 6 05:36:38 UTC 2017]
