00120100    93
00120101    51
00120102    60
00120103    67
00120104   134
00120105    95
00120106    30
00120107    15
00120108    34
00120109    73
00120110   171
00120111   198
00120112   124
00120113   293
00120114   375
00120115   441
00120116   469
00120117   307
00120118   144
00120119    80
00120120    46
00120121    31
00120122    25
00120123    27
00120200    24
00120201    28
00120202    28
00120203    25
00120204    23
00120205    31
00120206    37
00120207    52
00120208    79
00120209    97
00120210    74
00120211   118
00120212   126
00120213   118
00120214   198
00120215   342
00120216   110
00120217   105
00120218    42
00120219    57
00120220    52
00120221    78
00120222    88
00120223    41
00120300    26
00120301    34
00120302    66
00120303   110
00120304    64
00120305    52
00120306   175
00120307   305
00120308   289
00120309   240
00120310   216
00120311   326
00120312   181
00120313   205
00120314   424
00120315   475
00120316   269
00120317   277
00120318   514
00120319   122
00120320   104
00120321    84
00120322   126
00120323   169
00120400   215
00120401   243
00120402   290
00120403   342
00120404   322
00120405   305
00120406   180
00120407   181
00120408   372
00120409   238
00120410   150
00120411   288
00120412   265
00120413    92
00120414    49
00120415    44
00120416    29
00120417    31
00120418    27
00120419    54
00120420   242
00120421   227
00120422   224
00120423   302
00120500   177
00120501   180
00120502   209
00120503   233
00120504   189
00120505   140
00120506    71
00120507    66
00120508    45
00120509    42
00120510    45
00120511    98
00120512   110
00120513   167
00120514   115
00120515    63
00120516   152
00120517    80
00120518    31
00120519    31
00120520    21
00120521    23
00120522    22
00120523    21
00120600    19
00120601    23
00120602    30
00120603    27
00120604    30
00120605    28
00120606   166
00120607   143
00120608   135
00120609   170
00120610    82
00120611    94
00120612   236
00120613   296
00120614   312
00120615   431
00120616   557
00120617   226
00120618    78
00120619    60
00120620   123
00120621   307
00120622    95
00120623   192
00120700   294
00120701   302
00120702   330
00120703   385
00120704   327
00120705   376
00120706   241
00120707    79
00120708   246
00120709   289
00120710   231
00120711   282
00120712   408
00120713   266
00120714    99
00120715    73
00120716    56
00120717   222
00120718   400
00120719   237
00120720   254
00120721   278
00120722   463
00120723   323
00120800   151
00120801   169
00120802   311
00120803   333
00120804   184
00120805    55
00120806   137
00120807   181
00120808   275
00120809   225
00120810   185
00120811   271
00120812   190
00120813   215
00120814   709
00120815   433
00120816   296
00120817   237
00120818   318
00120819   269
00120820   262
00120821   347
00120822   217
00120823   167
00120900   168
00120901   341
00120902   197
00120903    90
00120904   176
00120905   333
00120906   234
00120907   228
00120908   226
00120909   383
00120910   301
00120911   285
00120912   262
00120913   182
00120914   151
00120915   424
00120916   340
00120917   278
00120918   287
00120919   329
00120920   298
00120921   538
00120922   395
00120923   209
00121000   371
00121001   374
00121002   293
00121003   277
00121004   180
00121005   106
00121006   141
00121007    80
00121008   150
00121009   314
00121010   118
00121011    91
00121012    89
00121013    78
00121014    52
00121015    50
00121016    95
00121017   189
00121018   369
00121019   192
00121020   163
00121021   189
00121022   174
00121023    81
00121100    86
00121101   168
00121102   241
00121103   133
00121104    89
00121105   119
00121106   122
00121107   205
00121108   166
00121109    84
00121110    81
00121111   175
00121112   117
00121113    40
00121114    29
00121115    35
00121116    37
00121117   103
00121118    85
00121119    60
00121120    33
00121121   162
00121122   137
00121123    74
00121200    58
00121201    36
00121202    36
00121203    46
00121204    38
00121205    38
00121206    40
00121207    35
00121208    48
00121209    57
00121210   196
00121211   323
00121212   191
00121213    46
00121214    41
00121215    50
00121216   127
00121217    75
00121218    43
00121219   220
00121220   153
00121221    71
00121222    36
00121223    53
00121300    61
00121301    76
00121302   156
00121303    54
00121304    26
00121305    21
00121306    40
00121307    40
00121308    39
00121309    72
00121310    50
00121311   102
00121312    83
00121313    43
00121314    34
00121315    23
00121316    27
00121317    23
00121318    17
00121319    30
00121320   113
00121321    66
00121322    40
00121323    25
00121400    19
00121401    18
00121402    27
00121403    26
00121404    17
00121405    24
00121406    45
00121407    40
00121408    33
00121409    53
00121410    93
00121411    57
00121412    40
00121413    28
00121414    26
00121415    41
00121416    50
00121417    65
00121418    59
00121419    44
00121420    28
00121421    25
00121422    36
00121423    73
00121500    27
00121501    40
00121502    39
00121503    28
00121504    29
00121505    29
00121506    27
00121507    30
00121508    34
00121509    32
00121510    27
00121511    97
00121512    65
00121513    33
00121514    71
00121515    51
00121516    39
00121517    94
00121518    76
00121519    33
00121520    17
00121521    17
00121522    19
00121523    19
00121600    18
00121601    16
00121602    17
00121603    17
00121604    18
00121605    20
00121606    19
00121607    27
00121608    29
00121609    44
00121610    24
00121611    25
00121612    37
00121613    63
00121614   101
00121615    60
00121616    42
00121617   181
00121618   344
00121619   312
00121620   191
00121621    60
00121622    47
00121623    48
00121700    45
00121701    89
00121702   129
00121703   138
00121704    66
00121705    96
00121706   220
00121707   102
00121708   143
00121709   160
00121710   290
00121711   384
00121712   270
00121713   394
00121714   589
00121715   424
00121716   357
00121717   415
00121718   446
00121719   211
00121720    46
00121721    40
00121722    37
00121723    42
00121800    42
00121801    79
00121802    79
00121803   186
00121804   212
00121805   270
00121806   244
00121807   109
00121808    86
00121809   304
00121810   444
00121811   300
00121812   256
00121813    67
00121814    35
00121815   105
00121816   393
00121817   354
00121818   297
00121819   488
00121820   525
00121821   216
00121822   175
00121823   135
00121900   265
00121901   183
00121902    70
00121903    81
00121904    69
00121905    45
00121906    29
00121907    37
00121908    52
00121909    45
00121910   165
00121911   188
00121912   127
00121913    66
00121914    48
00121915    51
00121916    50
00121917   186
00121918   198
00121919    56
00121920    42
00121921    28
00121922    25
00121923    21
00122000    28
00122001    19
00122002    35
00122003    16
00122004    15
00122005    14
00122006    17
00122007    59
00122008    78
00122009    46
00122010   136
00122011    42
00122012    34
00122013    31
00122014    26
00122015    33
00122016    95
00122017    58
00122018    50
00122019    67
00122020    89
00122021    59
00122022    29
00122023    22
00122100    28
00122101    15
00122102    17
00122103    20
00122104    20
00122105    19
00122106    18
00122107    23
00122108    41
00122109   127
00122110    38
00122111    42
00122112    73
00122113    99
00122114   133
00122115   221
00122116    77
00122117    51
00122118    30
00122119    69
00122120    60
00122121    25
00122122   109
00122123    69
00122200    26
00122201    36
00122202    80
00122203   125
00122204   105
00122205    84
00122206   102
00122207    95
00122208   164
00122209   114
00122210    42
00122211    46
00122212   104
00122213    45
00122214   119
00122215   199
00122216    86
00122217    48
00122218    42
00122219    27
00122220    47
00122221   118
00122222   316
00122223   334
00122300   299
00122301   242
00122302   390
00122303   545
00122304   551
00122305   773
00122306   402
00122307   409
00122308   435
00122309   407
00122310   538
00122311   523
00122312   490
00122313   355
00122314   255
00122315   197
00122316   172
00122317   303
00122318   377
00122319   181
00122320    66
00122321    50
00122322   153
00122323   187
00122400   175
00122401   186
00122402   113
00122403   218
00122404   249
00122405   138
00122406    82
00122407    85
00122408    66
00122409    33
00122410    31
00122411    31
00122412    24
00122413    22
00122414    26
00122415    24
00122416    25
00122417    28
00122418    33
00122419    25
00122420    19
00122421    17
00122422    21
00122423    25
00122500    23
00122501    28
00122502    20
00122503    17
00122504    19
00122505    17
00122506    20
00122507    17
00122508    16
00122509    17
00122510    14
00122511    27
00122512    76
00122513   315
00122514   360
00122515   203
00122516    51
00122517    31
00122518    25
00122519    28
00122520    43
00122521    76
00122522   170
00122523   171
00122600    97
00122601    58
00122602    48
00122603    51
00122604    44
00122605    28
00122606    35
00122607    34
00122608    58
00122609    25
00122610   148
00122611    56
00122612    30
00122613    27
00122614    29
00122615    43
00122616    26
00122617    54
00122618   121
00122619   221
00122620   238
00122621   286
00122622    79
00122623    45
00122700    90
00122701    72
00122702    32
00122703    53
00122704    64
00122705    69
00122706    60
00122707    54
00122708    56
00122709    42
00122710    73
00122711   132
00122712    78
00122713   290
00122714   370
00122715   487
00122716   569
00122717   563
00122718   369
00122719   368
00122720   118
00122721    68
00122722    86
00122723    31
00122800    76
00122801    98
00122802    99
00122803    54
00122804    54
00122805    49
00122806    52
00122807    33
00122808    66
00122809   142
00122810    78
00122811    60
00122812    70
00122813   112
00122814   124
00122815    61
00122816    93
00122817   233
00122818   196
00122819    99
00122820    62
00122821    32
00122822    30
00122823    39
00122900    41
00122901    26
00122902    57
00122903   125
00122904   221
00122905   175
00122906   190
00122907   176
00122908   288
00122909   212
00122910   145
00122911   137
00122912    84
00122913    60
00122914    82
00122915   152
00122916   155
00122917   129
00122918    77
00122919    38
00122920   139
00122921   249
00122922   184
00122923    88
00123000    76
00123001    85
00123002    62
00123003    28
00123004    20
00123005    16
00123006    14
00123007    14
00123008    17
00123009    23
00123010    85
00123011   103
00123012   141
00123013   267
00123014   187
00123015    69
00123016    37
00123017    29
00123018    26
00123019    24
00123020    16
00123021    23
00123022    62
00123023    80
00123100    67
00123101    39
00123102    30
00123103    26
00123104    22
00123105    25
00123106    24
00123107    28
00123108    24
00123109    92
00123110   100
00123111    54
00123112    35
00123113    26
00123114    24
00123115    30
00123116    29
00123117    26
00123118    18
00123119    14
00123120    14
00123121    19
00123122    21
00123123    19

Fri Ju 2
