00060100   531
00060101   163
00060102   269
00060103   422
00060104   580
00060105   394
00060106   487
00060107   449
00060108   107
00060109    54
00060110    47
00060111    85
00060112   115
00060113   222
00060114   317
00060115   153
00060116   149
00060117   121
00060118    59
00060119    53
00060120    72
00060121   125
00060122   269
00060123   183
00060200   157
00060201   204
00060202   170
00060203   256
00060204   324
00060205   259
00060206   372
00060207   401
00060208   144
00060209    59
00060210    54
00060211   198
00060212   341
00060213   467
00060214   259
00060215   142
00060216   198
00060217   175
00060218    78
00060219   104
00060220   196
00060221   239
00060222   266
00060223   104
00060300   179
00060301   400
00060302   568
00060303   540
00060304   507
00060305   302
00060306   233
00060307   183
00060308   207
00060309   273
00060310   251
00060311   655
00060312   561
00060313   125
00060314    69
00060315    78
00060316   173
00060317   237
00060318   385
00060319   392
00060320   154
00060321   169
00060322    82
00060323    74
00060400    68
00060401    60
00060402    99
00060403   126
00060404   212
00060405   301
00060406   283
00060407   395
00060408    85
00060409    55
00060410    64
00060411    63
00060412    80
00060413    74
00060414    53
00060415    66
00060416    66
00060417    86
00060418   134
00060419   240
00060420   544
00060421   509
00060422   695
00060423   606
00060500  1039
00060501   634
00060502   500
00060503   385
00060504   291
00060505   411
00060506   800
00060507   495
00060508   524
00060509   403
00060510   682
00060511   835
00060512   748
00060513   433
00060514   152
00060515   132
00060516    81
00060517    65
00060518    61
00060519    51
00060520    68
00060521    64
00060522   143
00060523   317
00060600   236
00060601   282
00060602   161
00060603   136
00060604   110
00060605    72
00060606    65
00060607   131
00060608   139
00060609   242
00060610   380
00060611   513
00060612   425
00060613   388
00060614   270
00060615   344
00060616   265
00060617   132
00060618   120
00060619    54
00060620    58
00060621    68
00060622    63
00060623    62
00060700   172
00060701   104
00060702    92
00060703   117
00060704   126
00060705   110
00060706   133
00060707   233
00060708   617
00060709   423
00060710   238
00060711   253
00060712   190
00060713   129
00060714   122
00060715   123
00060716   125
00060717   103
00060718   184
00060719   341
00060720   494
00060721   655
00060722   698
00060723   475
00060800   291
00060801    92
00060802   173
00060803   509
00060804   770
00060805   865
00060806   953
00060807   874
00060808   302
00060809   846
00060810  1245
00060811   725
00060812   698
00060813  1038
00060814  1334
00060815   813
00060816  1081
00060817   868
00060818  1023
00060819  1186
00060820   815
00060821   544
00060822   382
00060823   110
00060900    61
00060901    71
00060902    90
00060903   137
00060904    74
00060905    97
00060906   118
00060907   197
00060908   116
00060909   140
00060910   214
00060911   140
00060912    83
00060913    78
00060914    76
00060915    91
00060916    82
00060917    69
00060918    40
00060919    36
00060920    30
00060921    37
00060922    49
00060923   137
00061000   392
00061001   456
00061002   566
00061003   666
00061004   579
00061005   646
00061006   711
00061007   762
00061008   668
00061009   792
00061010   754
00061011   513
00061012   455
00061013   795
00061014   743
00061015   633
00061016   537
00061017   765
00061018   696
00061019   428
00061020   246
00061021   314
00061022   418
00061023   413
00061100   281
00061101   487
00061102   436
00061103   515
00061104   523
00061105   224
00061106   213
00061107   210
00061108   643
00061109   811
00061110  1025
00061111   936
00061112   975
00061113   640
00061114   448
00061115   644
00061116   772
00061117   457
00061118   261
00061119   464
00061120   206
00061121   141
00061122    58
00061123    79
00061200    67
00061201    53
00061202    80
00061203   109
00061204   262
00061205   220
00061206   198
00061207   277
00061208   222
00061209   106
00061210    57
00061211    62
00061212    89
00061213   305
00061214   552
00061215   442
00061216   534
00061217   668
00061218   306
00061219   118
00061220   133
00061221    90
00061222   127
00061223    81
00061300    84
00061301    81
00061302    56
00061303   130
00061304   361
00061305   450
00061306   510
00061307   518
00061308   614
00061309   697
00061310   624
00061311   628
00061312   456
00061313   607
00061314   397
00061315   188
00061316   136
00061317   133
00061318    86
00061319    78
00061320    92
00061321   260
00061322   291
00061323   563
00061400   502
00061401   574
00061402   287
00061403   218
00061404   302
00061405   493
00061406   364
00061407   319
00061408   595
00061409   241
00061410   146
00061411    99
00061412    87
00061413    63
00061414   117
00061415   206
00061416   170
00061417   152
00061418   204
00061419   540
00061420   491
00061421   370
00061422   264
00061423   202
00061500   263
00061501   178
00061502   270
00061503   329
00061504   476
00061505   283
00061506   221
00061507   119
00061508   175
00061509   323
00061510   299
00061511   218
00061512   473
00061513   462
00061514   323
00061515   153
00061516   216
00061517   404
00061518   544
00061519   583
00061520   566
00061521   446
00061522   404
00061523   435
00061600   533
00061601   343
00061602    87
00061603    45
00061604    55
00061605    41
00061606    64
00061607    71
00061608   107
00061609   125
00061610   100
00061611    73
00061612    46
00061613    56
00061614    48
00061615    46
00061616    49
00061617    67
00061618    81
00061619   104
00061620   105
00061621   186
00061622   300
00061623   209
00061700   135
00061701    99
00061702    68
00061703    52
00061704    49
00061705    46
00061706    51
00061707    45
00061708    72
00061709    99
00061710   128
00061711   185
00061712   196
00061713   235
00061714   181
00061715   195
00061716   221
00061717    93
00061718    96
00061719    77
00061720   106
00061721   157
00061722   184
00061723    86
00061800    68
00061801   107
00061802    82
00061803    63
00061804    71
00061805    70
00061806    82
00061807    91
00061808   176
00061809   363
00061810   482
00061811   224
00061812   108
00061813   107
00061814   223
00061815   352
00061816   404
00061817   746
00061818   761
00061819   257
00061820   406
00061821   472
00061822   329
00061823   342
00061900   130
00061901   225
00061902   306
00061903   225
00061904    39
00061905    47
00061906    39
00061907    39
00061908    32
00061909    45
00061910    60
00061911    64
00061912    86
00061913   105
00061914   104
00061915    77
00061916    77
00061917    55
00061918    70
00061919    82
00061920    54
00061921    66
00061922    69
00061923    97
00062000   226
00062001   354
00062002   217
00062003    61
00062004    84
00062005    60
00062006    69
00062007   119
00062008   205
00062009   504
00062010   503
00062011   432
00062012   373
00062013   233
00062014    97
00062015    78
00062016    63
00062017    78
00062018    55
00062019    58
00062020    47
00062021    65
00062022    84
00062023    97
00062100    52
00062101    96
00062102    97
00062103    89
00062104    87
00062105    90
00062106   113
00062107   126
00062108   143
00062109   150
00062110   199
00062111   192
00062112   258
00062113   159
00062114   133
00062115   124
00062116   132
00062117    84
00062118    79
00062119   129
00062120   182
00062121   345
00062122   532
00062123   559
00062200   495
00062201   287
00062202   113
00062203    83
00062204    63
00062205   120
00062206   219
00062207   228
00062208   201
00062209   112
00062210   104
00062211    95
00062212   151
00062213   199
00062214   158
00062215    99
00062216   115
00062217   142
00062218   112
00062219   116
00062220   159
00062221   167
00062222   162
00062223   119
00062300   126
00062301   153
00062302   330
00062303   200
00062304   359
00062305   648
00062306   389
00062307   150
00062308    61
00062309    49
00062310    77
00062311    98
00062312   119
00062313   743
00062314   786
00062315   390
00062316   237
00062317   383
00062318  1048
00062319  1423
00062320   579
00062321   601
00062322   736
00062323   557
00062400   695
00062401   478
00062402   192
00062403    89
00062404   288
00062405   365
00062406   548
00062407   282
00062408   233
00062409   193
00062410   175
00062411    93
00062412    80
00062413    55
00062414    70
00062415    71
00062416    78
00062417    83
00062418    97
00062419    90
00062420    96
00062421   124
00062422   196
00062423   159
00062500    83
00062501   101
00062502    70
00062503    70
00062504    61
00062505    81
00062506    68
00062507    57
00062508    53
00062509    40
00062510    61
00062511    71
00062512    84
00062513    95
00062514    85
00062515   168
00062516   127
00062517   136
00062518   161
00062519   120
00062520   133
00062521   210
00062522   162
00062523   283
00062600   269
00062601   198
00062602   407
00062603   586
00062604   821
00062605   878
00062606   721
00062607   559
00062608   847
00062609   826
00062610   828
00062611   564
00062612   802
00062613   855
00062614   864
00062615  1042
00062616  1135
00062617  1091
00062618   971
00062619   926
00062620   706
00062621   725
00062622   562
00062623   504
00062700   559
00062701   342
00062702   406
00062703   359
00062704   190
00062705   229
00062706   352
00062707   361
00062708   377
00062709   291
00062710   383
00062711   269
00062712   512
00062713   322
00062714   428
00062715   188
00062716    77
00062717   327
00062718   452
00062719   330
00062720   246
00062721   333
00062722   658
00062723   705
00062800   733
00062801   626
00062802   589
00062803   668
00062804   291
00062805    96
00062806    98
00062807   128
00062808   157
00062809   200
00062810   182
00062811   107
00062812   129
00062813   121
00062814   127
00062815   239
00062816   309
00062817   234
00062818   135
00062819   180
00062820   496
00062821   699
00062822   511
00062823   590
00062900   558
00062901   712
00062902   591
00062903   610
00062904   611
00062905   535
00062906   537
00062907   471
00062908   180
00062909   127
00062910   196
00062911   220
00062912   258
00062913   298
00062914   217
00062915    96
00062916    72
00062917    65
00062918    58
00062919    86
00062920    97
00062921   149
00062922   148
00062923   197
00063000   135
00063001    76
00063002    49
00063003    45
00063004    47
00063005    56
00063006    49
00063007    45
00063008    57
00063009   161
00063010   286
00063011   364
00063012   264
00063013   250
00063014   279
00063015   220
00063016   189
00063017   108
00063018   128
00063019   186
00063020   353
00063021   285
00063022   247
00063023   350

Fri Ju 2
