00100100   133
00100101   176
00100102   159
00100103   275
00100104   278
00100105   411
00100106   454
00100107   311
00100108   234
00100109   210
00100110   302
00100111   300
00100112   221
00100113   156
00100114   101
00100115    69
00100116   106
00100117   300
00100118    85
00100119    43
00100120    66
00100121    37
00100122    47
00100123    42
00100200    32
00100201    30
00100202    27
00100203    21
00100204    29
00100205    34
00100206    50
00100207    42
00100208   234
00100209   379
00100210   478
00100211   537
00100212   473
00100213   372
00100214   265
00100215   426
00100216   941
00100217   728
00100218   326
00100219   247
00100220   336
00100221   336
00100222   322
00100223   449
00100300   384
00100301   439
00100302   458
00100303   870
00100304   507
00100305   479
00100306   605
00100307   748
00100308   894
00100309   718
00100310   721
00100311   765
00100312   608
00100313  1016
00100314   522
00100315   342
00100316   180
00100317    91
00100318    49
00100319    41
00100320    37
00100321    33
00100322    31
00100323    46
00100400    41
00100401    43
00100402    78
00100403    92
00100404   305
00100405   530
00100406   805
00100407   862
00100408   888
00100409   569
00100410   805
00100411   536
00100412   968
00100413   657
00100414  1047
00100415   945
00100416   837
00100417   565
00100418   981
00100419   587
00100420   640
00100421   560
00100422   782
00100423   443
00100500   408
00100501   346
00100502   664
00100503   639
00100504   826
00100505   709
00100506  1263
00100507   678
00100508   290
00100509   267
00100510   223
00100511  1061
00100512  1456
00100513   633
00100514   541
00100515  1042
00100516  1179
00100517   782
00100518   525
00100519   419
00100520   327
00100521   490
00100522   459
00100523   279
00100600   215
00100601   152
00100602    77
00100603    66
00100604    42
00100605    58
00100606    66
00100607    41
00100608    26
00100609    31
00100610    71
00100611    48
00100612    52
00100613    92
00100614    83
00100615    47
00100616    47
00100617    49
00100618    51
00100619    43
00100620    59
00100621    36
00100622    27
00100623    24
00100700    21
00100701    22
00100702    41
00100703    42
00100704    86
00100705    75
00100706   101
00100707   159
00100708   185
00100709    58
00100710    69
00100711   194
00100712   224
00100713   221
00100714   217
00100715   135
00100716    66
00100717   115
00100718   153
00100719    34
00100720    43
00100721    41
00100722    35
00100723    35
00100800    32
00100801    35
00100802    39
00100803    60
00100804    45
00100805    24
00100806    20
00100807    26
00100808    36
00100809    63
00100810    49
00100811    50
00100812    56
00100813    61
00100814    74
00100815    74
00100816   105
00100817    44
00100818    36
00100819    41
00100820    66
00100821    64
00100822   129
00100823   243
00100900    96
00100901    62
00100902    46
00100903    39
00100904    31
00100905    20
00100906    15
00100907    35
00100908    50
00100909    41
00100910    44
00100911    49
00100912    53
00100913    70
00100914    72
00100915   132
00100916   210
00100917   321
00100918   363
00100919   318
00100920   111
00100921    63
00100922   110
00100923   193
00101000   243
00101001   180
00101002   216
00101003   232
00101004   227
00101005   255
00101006   355
00101007   376
00101008   306
00101009   623
00101010   528
00101011   539
00101012   373
00101013   237
00101014   335
00101015   332
00101016   451
00101017   338
00101018    72
00101019    62
00101020    43
00101021   107
00101022   131
00101023    55
00101100   127
00101101   499
00101102   382
00101103   269
00101104   649
00101105   640
00101106   488
00101107   388
00101108   283
00101109   192
00101110   231
00101111   237
00101112   467
00101113   363
00101114   177
00101115    97
00101116    89
00101117   118
00101118   261
00101119   359
00101120   174
00101121   146
00101122   120
00101123   130
00101200   253
00101201    75
00101202    50
00101203    37
00101204    43
00101205   126
00101206   110
00101207   108
00101208   174
00101209   174
00101210   242
00101211   192
00101212    91
00101213   168
00101214   271
00101215   226
00101216   207
00101217    75
00101218    92
00101219    46
00101220    45
00101221    33
00101222    58
00101223   102
00101300   437
00101301  1133
00101302   848
00101303   667
00101304   967
00101305   669
00101306   181
00101307   102
00101308    66
00101309   101
00101310    84
00101311    71
00101312   121
00101313    89
00101314   103
00101315   130
00101316   183
00101317   230
00101318   517
00101319   357
00101320   181
00101321   248
00101322   320
00101323   329
00101400   330
00101401   429
00101402   547
00101403   526
00101404   832
00101405   776
00101406   663
00101407   790
00101408   641
00101409   480
00101410   853
00101411   490
00101412   502
00101413   657
00101414   840
00101415   895
00101416   835
00101417   913
00101418   800
00101419   185
00101420    91
00101421   297
00101422   513
00101423   334
00101500    76
00101501    93
00101502    69
00101503   125
00101504    57
00101505   122
00101506    57
00101507    39
00101508    34
00101509    42
00101510    51
00101511    55
00101512    77
00101513   198
00101514   145
00101515   104
00101516    67
00101517   159
00101518    71
00101519    79
00101520   133
00101521   150
00101522   144
00101523   114
00101600   239
00101601   533
00101602   300
00101603    89
00101604    54
00101605    53
00101606    36
00101607    44
00101608    46
00101609    71
00101610    61
00101611    72
00101612    57
00101613   137
00101614   122
00101615   106
00101616   286
00101617   326
00101618   216
00101619   128
00101620    83
00101621   197
00101622   147
00101623    98
00101700    80
00101701   295
00101702   333
00101703   228
00101704    93
00101705    81
00101706    54
00101707    47
00101708   103
00101709   268
00101710   167
00101711    87
00101712    52
00101713    64
00101714   118
00101715   126
00101716    94
00101717    65
00101718    46
00101719   137
00101720   402
00101721   237
00101722   111
00101723   195
00101800   184
00101801    87
00101802   115
00101803   183
00101804   238
00101805   211
00101806   125
00101807    69
00101808    72
00101809    81
00101810   335
00101811   366
00101812   258
00101813   342
00101814   296
00101815    98
00101816   120
00101817    92
00101818   168
00101819   147
00101820   166
00101821   289
00101822   399
00101823   132
00101900    65
00101901   129
00101902   304
00101903   196
00101904    86
00101905   239
00101906   188
00101907   227
00101908   247
00101909   135
00101910   123
00101911   132
00101912    66
00101913   156
00101914   199
00101915   119
00101916   141
00101917   104
00101918    79
00101919    50
00101920    50
00101921    71
00101922   146
00101923    61
00102000    27
00102001    21
00102002    43
00102003    35
00102004    45
00102005    84
00102006    49
00102007    45
00102008    35
00102009    38
00102010    44
00102011    38
00102012    42
00102013    51
00102014    48
00102015    54
00102016    60
00102017    63
00102018    46
00102019    40
00102020    28
00102021    29
00102022    25
00102023    24
00102100    31
00102101    30
00102102    29
00102103    26
00102104    20
00102105    24
00102106    31
00102107    37
00102108    43
00102109    41
00102110    42
00102111    42
00102112    48
00102113    88
00102114   176
00102115    90
00102116    50
00102117   112
00102118   174
00102119    85
00102120    43
00102121    39
00102122    26
00102123    26
00102200    25
00102201    22
00102202    23
00102203    25
00102204    26
00102205    31
00102206    38
00102207    30
00102208    41
00102209    94
00102210   145
00102211   454
00102212   471
00102213   335
00102214   689
00102215   448
00102216   502
00102217   682
00102218   913
00102219   696
00102220   509
00102221   244
00102222   323
00102223   376
00102300   412
00102301   367
00102302   261
00102303   143
00102304   193
00102305   330
00102306   446
00102307   465
00102308   233
00102309   174
00102310   510
00102311   533
00102312   359
00102313   310
00102314   137
00102315    65
00102316    80
00102317    52
00102318    88
00102319   164
00102320    76
00102321   151
00102322   333
00102323   250
00102400   319
00102401   399
00102402   223
00102403   142
00102404    66
00102405    41
00102406    65
00102407   176
00102408   426
00102409   524
00102410   621
00102411   712
00102412   456
00102413   371
00102414   147
00102415    86
00102416    71
00102417   134
00102418   202
00102419   121
00102420    94
00102421   130
00102422   233
00102423   135
00102500    76
00102501    62
00102502    50
00102503    48
00102504    45
00102505    56
00102506    66
00102507   213
00102508   371
00102509   290
00102510   441
00102511   481
00102512   680
00102513   549
00102514   133
00102515    91
00102516    50
00102517   209
00102518   391
00102519   204
00102520    68
00102521    54
00102522   145
00102523   213
00102600   173
00102601   214
00102602   271
00102603   319
00102604   401
00102605   422
00102606   532
00102607   476
00102608   383
00102609   279
00102610   308
00102611   525
00102612   334
00102613   416
00102614   187
00102615   152
00102616   136
00102617    66
00102618    68
00102619    63
00102620   180
00102621   363
00102622   413
00102623   249
00102700   247
00102701   203
00102702    51
00102703    34
00102704    33
00102705    51
00102706    90
00102707   124
00102708    93
00102709    97
00102710   252
00102711   316
00102712   295
00102713   107
00102714    45
00102715    44
00102716   177
00102717    72
00102718    42
00102719    47
00102720    53
00102721    60
00102722    69
00102723    57
00102800    79
00102801    49
00102802    36
00102803    37
00102804    46
00102805    67
00102806   227
00102807   225
00102808    99
00102809   108
00102810   659
00102811   719
00102812   455
00102813   404
00102814   408
00102815   153
00102816    71
00102817    61
00102818    37
00102819    98
00102820   269
00102821   305
00102822   221
00102823   341
00102900   640
00102901   307
00102902   498
00102903   437
00102904   631
00102905   405
00102906   387
00102907   533
00102908   530
00102909   430
00102910   588
00102911   358
00102912   434
00102913   604
00102914   544
00102915   839
00102916   800
00102917   739
00102918   718
00102919   496
00102920   435
00102921   115
00102922   129
00102923   276
00103000   261
00103001   273
00103002   544
00103003   181
00103004   104
00103005   122
00103006   112
00103007    80
00103008   115
00103009   339
00103010   442
00103011   250
00103012   277
00103013   252
00103014   153
00103015   248
00103016   144
00103017    64
00103018   184
00103019   237
00103020   226
00103021    89
00103022    63
00103023    42
00103100    42
00103101    86
00103102   319
00103103   246
00103104    50
00103105    44
00103106   102
00103107    92
00103108   182
00103109   173
00103110   375
00103111   344
00103112   141
00103113    85
00103114   131
00103115   231
00103116   210
00103117   395
00103118   340
00103119   460
00103120   451
00103121   425
00103122   438
00103123   435

Fri Ju 2
