00050100   124
00050101   129
00050102   162
00050103   494
00050104   418
00050105   326
00050106   413
00050107   374
00050108   258
00050109    88
00050110    65
00050111   298
00050112   483
00050113   172
00050114   324
00050115   262
00050116   284
00050117   638
00050118   528
00050119   637
00050120   497
00050121   482
00050122   346
00050123   379
00050200   419
00050201   342
00050202   132
00050203   125
00050204    98
00050205    58
00050206   221
00050207   351
00050208   358
00050209   389
00050210   673
00050211   613
00050212   405
00050213   310
00050214   474
00050215   461
00050216   301
00050217   409
00050218   585
00050219   708
00050220   761
00050221   588
00050222   809
00050223   408
00050300    87
00050301    76
00050302    71
00050303    96
00050304   151
00050305   296
00050306   365
00050307   245
00050308   118
00050309   136
00050310   117
00050311    68
00050312    60
00050313    63
00050314    98
00050315   234
00050316   410
00050317   437
00050318   901
00050319   799
00050320   774
00050321   643
00050322   665
00050323   436
00050400   137
00050401    77
00050402    85
00050403    66
00050404    47
00050405    78
00050406    55
00050407    53
00050408   169
00050409   365
00050410   211
00050411   296
00050412   363
00050413   340
00050414   381
00050415   331
00050416   230
00050417   186
00050418   156
00050419   199
00050420   303
00050421   392
00050422   361
00050423   337
00050500   200
00050501   101
00050502    74
00050503   179
00050504   310
00050505   415
00050506   629
00050507   264
00050508   157
00050509   267
00050510   354
00050511   498
00050512   552
00050513   558
00050514   438
00050515   122
00050516    67
00050517    68
00050518   102
00050519   163
00050520   156
00050521   281
00050522   208
00050523   218
00050600   415
00050601   670
00050602   620
00050603   620
00050604   642
00050605   455
00050606   318
00050607   215
00050608   230
00050609   310
00050610   155
00050611   234
00050612   284
00050613   445
00050614   379
00050615   267
00050616   169
00050617   218
00050618   296
00050619   199
00050620   205
00050621   145
00050622   209
00050623   509
00050700   467
00050701   290
00050702   293
00050703   244
00050704   307
00050705   218
00050706    82
00050707    64
00050708    54
00050709    61
00050710    55
00050711    43
00050712    47
00050713    50
00050714    49
00050715    60
00050716    59
00050717    63
00050718    62
00050719    69
00050720    55
00050721    72
00050722    61
00050723    57
00050800    58
00050801    60
00050802    54
00050803    57
00050804    58
00050805    54
00050806    46
00050807    50
00050808    55
00050809    56
00050810    61
00050811    73
00050812    69
00050813   102
00050814   125
00050815    85
00050816    56
00050817    68
00050818    89
00050819    71
00050820   110
00050821   148
00050822   172
00050823    72
00050900    68
00050901    62
00050902   133
00050903   227
00050904   290
00050905   337
00050906   222
00050907   201
00050908   256
00050909   219
00050910   264
00050911   388
00050912   346
00050913   347
00050914   370
00050915   247
00050916   264
00050917   533
00050918   772
00050919   490
00050920   286
00050921   405
00050922   579
00050923   430
00051000   465
00051001   446
00051002   318
00051003   380
00051004   313
00051005   168
00051006   144
00051007    98
00051008   181
00051009   296
00051010   280
00051011   349
00051012   383
00051013   385
00051014   309
00051015   311
00051016   333
00051017   270
00051018   190
00051019   241
00051020   292
00051021   230
00051022   258
00051023   252
00051100   242
00051101   191
00051102   267
00051103   236
00051104   176
00051105   210
00051106   387
00051107   222
00051108   114
00051109   141
00051110   148
00051111   143
00051112   146
00051113   182
00051114   197
00051115   123
00051116    80
00051117    77
00051118    66
00051119   135
00051120   190
00051121   221
00051122   315
00051123   214
00051200   114
00051201    97
00051202   244
00051203   474
00051204   637
00051205   788
00051206   692
00051207   701
00051208   853
00051209   844
00051210   400
00051211   315
00051212   437
00051213   343
00051214   194
00051215   109
00051216   124
00051217    89
00051218    92
00051219   386
00051220   340
00051221   423
00051222   228
00051223   298
00051300   496
00051301   475
00051302   284
00051303   150
00051304    98
00051305    83
00051306    49
00051307    52
00051308   107
00051309   181
00051310   128
00051311   105
00051312   148
00051313   155
00051314   174
00051315   200
00051316   284
00051317   321
00051318   603
00051319   528
00051320   226
00051321   115
00051322   111
00051323    99
00051400    87
00051401   143
00051402   414
00051403   167
00051404    69
00051405    61
00051406    53
00051407    64
00051408   136
00051409   312
00051410   454
00051411   426
00051412   359
00051413   403
00051414   128
00051415    92
00051416    70
00051417    69
00051418   128
00051419   440
00051420   547
00051421   329
00051422   183
00051423   116
00051500   249
00051501   472
00051502   504
00051503   146
00051504    97
00051505    67
00051506    64
00051507   154
00051508   209
00051509   475
00051510   612
00051511   350
00051512   154
00051513    90
00051514    67
00051515   124
00051516   245
00051517   290
00051518   283
00051519   203
00051520   179
00051521   134
00051522   197
00051523    63
00051600   142
00051601   296
00051602   646
00051603   807
00051604   614
00051605   482
00051606   194
00051607   176
00051608   338
00051609   646
00051610   479
00051611   251
00051612   321
00051613   273
00051614   149
00051615    81
00051616   168
00051617   308
00051618   548
00051619   411
00051620   365
00051621   545
00051622   481
00051623   376
00051700   534
00051701   813
00051702   842
00051703   640
00051704   541
00051705   587
00051706   211
00051707   100
00051708    89
00051709    75
00051710   107
00051711   209
00051712   215
00051713    93
00051714    58
00051715    56
00051716    69
00051717    71
00051718   117
00051719   200
00051720   414
00051721   302
00051722   186
00051723   282
00051800   293
00051801   172
00051802   270
00051803   344
00051804   123
00051805    78
00051806   255
00051807   434
00051808   396
00051809   277
00051810   334
00051811   202
00051812   106
00051813    79
00051814    87
00051815   108
00051816   110
00051817    82
00051818    90
00051819    84
00051820   114
00051821   129
00051822   168
00051823   100
00051900   156
00051901   194
00051902   137
00051903   137
00051904   192
00051905   111
00051906    57
00051907    53
00051908    98
00051909   289
00051910   196
00051911    52
00051912   107
00051913   118
00051914    75
00051915    94
00051916    75
00051917    79
00051918    85
00051919    70
00051920    89
00051921    75
00051922    99
00051923    94
00052000   118
00052001    75
00052002    70
00052003    56
00052004    91
00052005   192
00052006   172
00052007    71
00052008    56
00052009    85
00052010   208
00052011   252
00052012   244
00052013   233
00052014   303
00052015   224
00052016   191
00052017   187
00052018   252
00052019   292
00052020   278
00052021   172
00052022   129
00052023   273
00052100   380
00052101   351
00052102   228
00052103    83
00052104   169
00052105   399
00052106   310
00052107   142
00052108   165
00052109   163
00052110   101
00052111   107
00052112    56
00052113    47
00052114    70
00052115    74
00052116    87
00052117    68
00052118   106
00052119    92
00052120   151
00052121   131
00052122   130
00052123   200
00052200   102
00052201    63
00052202    64
00052203   168
00052204   347
00052205   399
00052206   203
00052207    98
00052208   113
00052209   380
00052210   693
00052211   709
00052212   597
00052213   407
00052214   149
00052215    65
00052216    92
00052217    71
00052218   107
00052219   130
00052220    75
00052221    73
00052222   109
00052223   102
00052300    70
00052301    70
00052302   100
00052303    90
00052304   206
00052305   238
00052306   195
00052307    78
00052308   208
00052309   323
00052310   219
00052311   102
00052312    74
00052313    94
00052314   108
00052315    70
00052316    58
00052317   132
00052318   106
00052319   445
00052320   308
00052321   491
00052322   462
00052323   712
00052400   960
00052401   512
00052402   997
00052403  1336
00052404  1217
00052405   353
00052406   267
00052407   664
00052408   915
00052409   696
00052410   555
00052411   446
00052412   249
00052413   208
00052414   209
00052415    97
00052416   274
00052417   672
00052418   897
00052419   605
00052420   481
00052421   221
00052422   243
00052423   398
00052500   628
00052501   698
00052502   765
00052503   650
00052504   565
00052505   594
00052506   561
00052507   638
00052508   651
00052509   581
00052510   554
00052511   553
00052512   602
00052513   610
00052514   532
00052515   638
00052516   805
00052517   643
00052518   574
00052519   506
00052520   412
00052521   382
00052522   468
00052523   742
00052600   619
00052601   595
00052602   527
00052603   498
00052604   533
00052605   293
00052606   285
00052607   510
00052608   519
00052609   778
00052610   456
00052611   521
00052612   554
00052613   417
00052614   587
00052615   604
00052616   374
00052617   569
00052618   126
00052619    77
00052620    49
00052621    55
00052622    69
00052623    64
00052700    59
00052701    56
00052702    48
00052703    80
00052704   106
00052705   238
00052706   126
00052707   157
00052708   282
00052709   382
00052710   402
00052711   268
00052712   144
00052713   251
00052714   287
00052715   279
00052716   394
00052717   441
00052718   284
00052719   237
00052720   437
00052721   447
00052722   148
00052723   109
00052800   100
00052801    77
00052802   161
00052803   137
00052804   329
00052805   436
00052806   280
00052807   282
00052808   251
00052809    84
00052810   241
00052811   337
00052812   624
00052813   434
00052814   156
00052815   161
00052816   274
00052817   524
00052818   546
00052819   502
00052820   615
00052821   415
00052822   443
00052823   476
00052900   421
00052901   142
00052902   171
00052903   277
00052904   606
00052905   619
00052906   567
00052907   498
00052908   289
00052909   207
00052910   178
00052911   172
00052912   157
00052913   138
00052914   294
00052915   478
00052916   569
00052917   871
00052918   659
00052919   505
00052920   616
00052921   407
00052922   687
00052923   549
00053000   479
00053001   709
00053002   476
00053003   266
00053004   162
00053005   375
00053006   778
00053007   481
00053008   468
00053009   304
00053010   283
00053011   549
00053012   566
00053013   827
00053014   520
00053015   366
00053016   375
00053017   593
00053018   175
00053019   224
00053020   336
00053021   723
00053022   418
00053023   420
00053100   319
00053101   256
00053102   244
00053103   694
00053104   547
00053105   522
00053106   249
00053107   203
00053108   161
00053109   136
00053110    79
00053111    57
00053112    37
00053113    40
00053114    67
00053115    83
00053116    54
00053117    76
00053118   117
00053119   116
00053120   178
00053121   291
00053122   164
00053123   313

Fri Ju 2
