00070100   329
00070101   501
00070102   359
00070103   159
00070104    79
00070105   147
00070106   281
00070107   303
00070108   257
00070109   243
00070110   204
00070111   150
00070112    89
00070113    58
00070114    64
00070115    48
00070116    42
00070117    44
00070118    40
00070119    49
00070120    62
00070121    64
00070122    57
00070123    65
00070200    60
00070201    62
00070202    69
00070203    81
00070204    65
00070205    60
00070206    67
00070207    73
00070208    89
00070209    88
00070210    80
00070211    56
00070212    57
00070213    57
00070214    56
00070215    67
00070216   100
00070217   124
00070218   135
00070219   124
00070220   110
00070221    90
00070222   111
00070223   115
00070300   158
00070301   215
00070302   195
00070303   143
00070304   131
00070305   154
00070306   203
00070307   139
00070308   128
00070309   230
00070310   485
00070311   486
00070312   676
00070313   371
00070314   132
00070315   129
00070316    81
00070317   107
00070318   188
00070319   145
00070320   107
00070321   176
00070322   275
00070323   450
00070400   450
00070401   202
00070402   178
00070403   230
00070404    92
00070405   111
00070406    96
00070407    89
00070408    71
00070409    70
00070410   152
00070411   247
00070412   201
00070413   143
00070414   151
00070415   108
00070416   131
00070417   150
00070418   140
00070419   195
00070420   171
00070421   133
00070422    93
00070423    98
00070500   146
00070501   134
00070502    75
00070503    81
00070504    65
00070505   148
00070506   291
00070507   534
00070508   740
00070509   588
00070510   697
00070511   412
00070512   305
00070513   544
00070514   544
00070515   287
00070516   209
00070517   136
00070518   138
00070519   121
00070520    76
00070521    61
00070522    84
00070523   100
00070600   113
00070601   106
00070602   110
00070603   147
00070604   224
00070605   172
00070606   131
00070607   166
00070608   265
00070609   267
00070610   276
00070611   230
00070612   173
00070613   209
00070614   255
00070615   140
00070616    93
00070617   105
00070618   135
00070619   251
00070620   149
00070621    84
00070622    84
00070623   138
00070700   123
00070701   166
00070702   144
00070703   178
00070704   117
00070705   163
00070706   134
00070707   115
00070708    99
00070709   302
00070710   117
00070711    89
00070712    72
00070713    82
00070714   115
00070715   182
00070716   178
00070717    90
00070718   128
00070719   115
00070720   182
00070721   239
00070722   146
00070723   151
00070800   166
00070801    95
00070802    91
00070803   188
00070804   139
00070805   216
00070806   194
00070807    96
00070808    88
00070809   100
00070810   144
00070811   221
00070812   216
00070813   197
00070814   215
00070815   379
00070816   325
00070817   233
00070818   202
00070819    96
00070820    79
00070821    61
00070822    54
00070823    55
00070900    68
00070901    41
00070902    50
00070903    69
00070904    81
00070905    84
00070906   293
00070907   360
00070908   157
00070909   120
00070910   193
00070911   181
00070912   232
00070913   231
00070914   177
00070915    69
00070916    84
00070917    75
00070918   157
00070919   192
00070920   172
00070921   107
00070922   211
00070923   342
00071000   348
00071001   152
00071002    54
00071003    62
00071004    91
00071005   485
00071006   696
00071007  1020
00071008   628
00071009   266
00071010   162
00071011   176
00071012   203
00071013    90
00071014    95
00071015   208
00071016   122
00071017   200
00071018   214
00071019   273
00071020   114
00071021    77
00071022    81
00071023   144
00071100   114
00071101    88
00071102   173
00071103   289
00071104   476
00071105   485
00071106   448
00071107   522
00071108   532
00071109   371
00071110   542
00071111   448
00071112   381
00071113   369
00071114   439
00071115   602
00071116   169
00071117    86
00071118   320
00071119   702
00071120   742
00071121   556
00071122   507
00071123   786
00071200   906
00071201   652
00071202   264
00071203   133
00071204   214
00071205   173
00071206   126
00071207   127
00071208   126
00071209   129
00071210   100
00071211    97
00071212    86
00071213    52
00071214    35
00071215    48
00071216    75
00071217    90
00071218    77
00071219    78
00071220    71
00071221    59
00071222    55
00071223    46
00071300    53
00071301    41
00071302    33
00071303    36
00071304    47
00071305    92
00071306   106
00071307   337
00071308   197
00071309   166
00071310   872
00071311   811
00071312   877
00071313   745
00071314   575
00071315   773
00071316   350
00071317   174
00071318   153
00071319   164
00071320   279
00071321   412
00071322   474
00071323   508
00071400   513
00071401   409
00071402   377
00071403   264
00071404   229
00071405   515
00071406   441
00071407   274
00071408   190
00071409   336
00071410   933
00071411   854
00071412   526
00071413   312
00071414   356
00071415   665
00071416   698
00071417  1248
00071418  1657
00071419  1312
00071420   874
00071421   622
00071422   403
00071423   319
00071500   288
00071501   232
00071502   252
00071503   461
00071504   488
00071505   197
00071506   160
00071507   531
00071508   844
00071509  1090
00071510  1046
00071511  1187
00071512  1422
00071513  1453
00071514  1561
00071515  1225
00071516  1278
00071517  1509
00071518  1927
00071519  2023
00071520  1501
00071521   993
00071522  1133
00071523  1210
00071600   832
00071601   797
00071602   481
00071603   308
00071604   562
00071605   345
00071606   287
00071607   261
00071608   226
00071609   280
00071610   182
00071611   182
00071612   168
00071613   168
00071614   117
00071615    92
00071616    61
00071617    55
00071618    81
00071619    62
00071620    77
00071621    63
00071622    83
00071623    73
00071700   123
00071701   353
00071702   229
00071703   196
00071704   182
00071705    84
00071706    43
00071707    30
00071708    56
00071709   164
00071710   134
00071711   101
00071712    77
00071713   101
00071714    93
00071715    77
00071716    93
00071717   101
00071718   100
00071719   105
00071720    82
00071721    88
00071722   102
00071723   119
00071800   159
00071801   192
00071802   253
00071803   225
00071804   380
00071805   531
00071806   240
00071807    86
00071808    74
00071809    89
00071810   119
00071811   169
00071812   228
00071813   240
00071814   266
00071815   195
00071816   359
00071817   438
00071818   202
00071819   180
00071820   346
00071821   403
00071822   366
00071823   267
00071900   464
00071901   255
00071902   166
00071903   105
00071904    65
00071905   104
00071906   110
00071907    89
00071908   115
00071909   120
00071910   159
00071911   142
00071912   141
00071913   187
00071914   232
00071915   290
00071916   350
00071917   130
00071918   192
00071919   284
00071920   160
00071921   626
00071922   836
00071923   458
00072000   217
00072001   290
00072002   664
00072003   943
00072004   844
00072005   749
00072006  1039
00072007   912
00072008   670
00072009   875
00072010   814
00072011   842
00072012   694
00072013   880
00072014   324
00072015   106
00072016   112
00072017    77
00072018    94
00072019   175
00072020   264
00072021   384
00072022   415
00072023   348
00072100   570
00072101   303
00072102   186
00072103   226
00072104   138
00072105    56
00072106    36
00072107    75
00072108    88
00072109    95
00072110   183
00072111   294
00072112   449
00072113   370
00072114   201
00072115   200
00072116   193
00072117   203
00072118   161
00072119    98
00072120    79
00072121   132
00072122   200
00072123   287
00072200   359
00072201   346
00072202   341
00072203   417
00072204   477
00072205   313
00072206   371
00072207   490
00072208   766
00072209   951
00072210   832
00072211   848
00072212   705
00072213   827
00072214   924
00072215   977
00072216  1064
00072217   980
00072218   666
00072219   354
00072220   213
00072221   104
00072222   107
00072223   182
00072300   279
00072301   222
00072302   206
00072303   260
00072304   329
00072305   246
00072306   165
00072307   110
00072308    95
00072309   106
00072310   128
00072311   133
00072312   243
00072313   387
00072314   499
00072315   775
00072316   982
00072317   853
00072318   865
00072319  1008
00072320   884
00072321   812
00072322   690
00072323   506
00072400   416
00072401   259
00072402   190
00072403   189
00072404   315
00072405   242
00072406   205
00072407   192
00072408   144
00072409   153
00072410   131
00072411   156
00072412   112
00072413   114
00072414   134
00072415    94
00072416   123
00072417    91
00072418    90
00072419    94
00072420   106
00072421   140
00072422   159
00072423   169
00072500    84
00072501   115
00072502   132
00072503   154
00072504    95
00072505    63
00072506    64
00072507    43
00072508    40
00072509    85
00072510   126
00072511    96
00072512   110
00072513   153
00072514   279
00072515   211
00072516   337
00072517   364
00072518   255
00072519   179
00072520   152
00072521    91
00072522    91
00072523   157
00072600   269
00072601   140
00072602   108
00072603    81
00072604    98
00072605   131
00072606   355
00072607   789
00072608  1004
00072609   829
00072610   750
00072611   495
00072612   433
00072613   575
00072614   822
00072615   659
00072616   495
00072617   602
00072618   600
00072619   779
00072620   822
00072621   421
00072622   435
00072623   934
00072700   671
00072701   566
00072702   433
00072703   203
00072704   110
00072705   121
00072706    60
00072707    50
00072708    46
00072709    48
00072710    48
00072711    55
00072712    58
00072713    57
00072714    64
00072715   107
00072716   121
00072717   117
00072718    91
00072719    78
00072720   119
00072721   286
00072722   265
00072723   203
00072800   332
00072801   517
00072802   505
00072803   611
00072804   741
00072805   750
00072806   771
00072807   945
00072808   786
00072809   345
00072810   358
00072811   318
00072812   335
00072813   381
00072814   572
00072815   740
00072816  1166
00072817  1129
00072818   405
00072819   145
00072820    74
00072821    80
00072822    91
00072823   198
00072900   306
00072901   517
00072902   374
00072903   292
00072904   388
00072905   791
00072906   838
00072907   583
00072908   467
00072909   642
00072910   694
00072911   729
00072912   798
00072913   325
00072914   241
00072915   209
00072916   123
00072917    75
00072918    80
00072919   228
00072920   211
00072921   274
00072922   289
00072923   151
00073000   277
00073001   317
00073002   508
00073003   646
00073004   413
00073005   118
00073006    72
00073007    53
00073008    45
00073009    69
00073010    85
00073011   205
00073012   185
00073013   313
00073014   362
00073015   229
00073016   121
00073017    73
00073018    90
00073019   171
00073020   197
00073021   116
00073022    88
00073023   136
00073100    96
00073101   151
00073102   197
00073103   434
00073104   534
00073105   479
00073106   180
00073107   252
00073108   465
00073109   602
00073110   593
00073111   626
00073112   563
00073113   496
00073114   504
00073115   250
00073116   361
00073117   507
00073118   822
00073119   753
00073120   369
00073121   468
00073122   851
00073123   177

Fri Ju 2
