00090100   257
00090101   381
00090102   402
00090103   213
00090104   293
00090105   338
00090106   432
00090107   716
00090108   242
00090109    94
00090110   227
00090111   614
00090112   105
00090113   181
00090114   142
00090115   139
00090116   242
00090117   445
00090118   575
00090119   599
00090120   110
00090121    51
00090122    65
00090123   273
00090200   347
00090201   276
00090202   582
00090203   609
00090204   468
00090205   398
00090206   512
00090207   715
00090208   541
00090209   627
00090210   641
00090211   681
00090212   635
00090213   600
00090214   511
00090215   575
00090216   618
00090217   344
00090218    97
00090219    55
00090220    49
00090221    60
00090222   138
00090223   127
00090300    57
00090301    40
00090302    40
00090303    44
00090304    55
00090305    50
00090306    48
00090307    44
00090308    42
00090309    40
00090310    45
00090311    48
00090312    45
00090313    53
00090314    61
00090315    63
00090316    47
00090317    99
00090318    89
00090319   128
00090320   421
00090321   574
00090322   276
00090323   112
00090400   112
00090401   166
00090402    81
00090403    42
00090404    39
00090405    46
00090406    53
00090407   201
00090408   343
00090409   401
00090410   229
00090411    74
00090412    66
00090413    67
00090414    59
00090415    47
00090416    62
00090417   424
00090418   799
00090419  1018
00090420   742
00090421   569
00090422   463
00090423   225
00090500   113
00090501    73
00090502   102
00090503   215
00090504   184
00090505   143
00090506    95
00090507    68
00090508    66
00090509    52
00090510    58
00090511    53
00090512    73
00090513    91
00090514   211
00090515   267
00090516   152
00090517   429
00090518   584
00090519   376
00090520   209
00090521   270
00090522    64
00090523    49
00090600    28
00090601    38
00090602    76
00090603    37
00090604    37
00090605    50
00090606    63
00090607    80
00090608    89
00090609    84
00090610    58
00090611    53
00090612    46
00090613   102
00090614    85
00090615   204
00090616   139
00090617   176
00090618   126
00090619   150
00090620   126
00090621   246
00090622    88
00090623    43
00090700    88
00090701   152
00090702   345
00090703   399
00090704   285
00090705   334
00090706   289
00090707   375
00090708   431
00090709   442
00090710   319
00090711   469
00090712   391
00090713   371
00090714   310
00090715   353
00090716   576
00090717   544
00090718   509
00090719   510
00090720   408
00090721   401
00090722   506
00090723   544
00090800   300
00090801   223
00090802   167
00090803   125
00090804    54
00090805   200
00090806   293
00090807   359
00090808   421
00090809   525
00090810   661
00090811   503
00090812   415
00090813   370
00090814   870
00090815   469
00090816   324
00090817   349
00090818   517
00090819   266
00090820   235
00090821   419
00090822   404
00090823   487
00090900   198
00090901    87
00090902    50
00090903    40
00090904    51
00090905    50
00090906   109
00090907    66
00090908    57
00090909    52
00090910    49
00090911    82
00090912    71
00090913    56
00090914    51
00090915    52
00090916    45
00090917    38
00090918    38
00090919    43
00090920    43
00090921    41
00090922    39
00090923    36
00091000    38
00091001    35
00091002    31
00091003    35
00091004    42
00091005    48
00091006    48
00091007    31
00091008    35
00091009    44
00091010   128
00091011   210
00091012   223
00091013   100
00091014    46
00091015    37
00091016    90
00091017    32
00091018    44
00091019    80
00091020   162
00091021   163
00091022    50
00091023    40
00091100    33
00091101    29
00091102    36
00091103    39
00091104    42
00091105    33
00091106    32
00091107    31
00091108    35
00091109    38
00091110    42
00091111    40
00091112    35
00091113    38
00091114    45
00091115    46
00091116    76
00091117   114
00091118   171
00091119    64
00091120    28
00091121    37
00091122    58
00091123    51
00091200    88
00091201    74
00091202   106
00091203   221
00091204   445
00091205   463
00091206   199
00091207   113
00091208    78
00091209   310
00091210   661
00091211   625
00091212   556
00091213   916
00091214   858
00091215   872
00091216   871
00091217   898
00091218   900
00091219   803
00091220   619
00091221   705
00091222   282
00091223   270
00091300   422
00091301   584
00091302   380
00091303   531
00091304   490
00091305   336
00091306   137
00091307    69
00091308    63
00091309    50
00091310    65
00091311    53
00091312    93
00091313   111
00091314   146
00091315   158
00091316   182
00091317   186
00091318   108
00091319    52
00091320    82
00091321   190
00091322   222
00091323   203
00091400   116
00091401    84
00091402   137
00091403   154
00091404   243
00091405   312
00091406   251
00091407   299
00091408   318
00091409   285
00091410   143
00091411    65
00091412    62
00091413    56
00091414    62
00091415   101
00091416   211
00091417   267
00091418   232
00091419   149
00091420    91
00091421   158
00091422   103
00091423    83
00091500    72
00091501    48
00091502    46
00091503    83
00091504   133
00091505   195
00091506    85
00091507    61
00091508    61
00091509    43
00091510    47
00091511    47
00091512    49
00091513    42
00091514    51
00091515   113
00091516    79
00091517    44
00091518    45
00091519   143
00091520   336
00091521   755
00091522   409
00091523   536
00091600   529
00091601   449
00091602   383
00091603   222
00091604   124
00091605    99
00091606   134
00091607   272
00091608   379
00091609   165
00091610   209
00091611   643
00091612   578
00091613   512
00091614   550
00091615   457
00091616   524
00091617   528
00091618   479
00091619   552
00091620   397
00091621  1009
00091622   791
00091623   501
00091700   402
00091701   578
00091702   431
00091703   372
00091704   235
00091705    95
00091706   150
00091707   182
00091708   162
00091709   126
00091710   170
00091711   307
00091712   383
00091713   873
00091714   390
00091715   173
00091716   357
00091717   215
00091718   165
00091719   310
00091720   752
00091721   896
00091722  1013
00091723   657
00091800   858
00091801   476
00091802   159
00091803   148
00091804   178
00091805   176
00091806   114
00091807   170
00091808   142
00091809   146
00091810   223
00091811   178
00091812   153
00091813   159
00091814   240
00091815   713
00091816   214
00091817   150
00091818   334
00091819   460
00091820   280
00091821   243
00091822   321
00091823   218
00091900   175
00091901   206
00091902   189
00091903    95
00091904   197
00091905   110
00091906    72
00091907    67
00091908   102
00091909   336
00091910   501
00091911   618
00091912   800
00091913   864
00091914   681
00091915   383
00091916   207
00091917   334
00091918   254
00091919   130
00091920   191
00091921   399
00091922   383
00091923   456
00092000   366
00092001   205
00092002   177
00092003   386
00092004   292
00092005   129
00092006    51
00092007    31
00092008    36
00092009    34
00092010    77
00092011   153
00092012   603
00092013   310
00092014   201
00092015    93
00092016   151
00092017   212
00092018   123
00092019    73
00092020    61
00092021    48
00092022    87
00092023   147
00092100    62
00092101   107
00092102    94
00092103   163
00092104   220
00092105   292
00092106    88
00092107    61
00092108   211
00092109   477
00092110   436
00092111   251
00092112   142
00092113   175
00092114   145
00092115   128
00092116    34
00092117    63
00092118   137
00092119   250
00092120   154
00092121   106
00092122    83
00092123   202
00092200   258
00092201   263
00092202   166
00092203    73
00092204   170
00092205   146
00092206   126
00092207    95
00092208    60
00092209    55
00092210    60
00092211   131
00092212   194
00092213    77
00092214    62
00092215   139
00092216   102
00092217   101
00092218   186
00092219   159
00092220    53
00092221    46
00092222    73
00092223    67
00092300    87
00092301   109
00092302   161
00092303   219
00092304   168
00092305   183
00092306    90
00092307    64
00092308    49
00092309    51
00092310    57
00092311    85
00092312   108
00092313    97
00092314    63
00092315   176
00092316   222
00092317   287
00092318   157
00092319    56
00092320    57
00092321   102
00092322    63
00092323    65
00092400    53
00092401    53
00092402    51
00092403    62
00092404    60
00092405    55
00092406    65
00092407    87
00092408    68
00092409    40
00092410    42
00092411    47
00092412    49
00092413    45
00092414    82
00092415   151
00092416   320
00092417   413
00092418   391
00092419   583
00092420   713
00092421   542
00092422   370
00092423   279
00092500   202
00092501   248
00092502   176
00092503   119
00092504   130
00092505   230
00092506   265
00092507   337
00092508   427
00092509   327
00092510   555
00092511   325
00092512   274
00092513   278
00092514   448
00092515   561
00092516   744
00092517   811
00092518   657
00092519   547
00092520   681
00092521   601
00092522   633
00092523   432
00092600   564
00092601   549
00092602   498
00092603   233
00092604   179
00092605   318
00092606   418
00092607   187
00092608   311
00092609   569
00092610   627
00092611   549
00092612   630
00092613   314
00092614   758
00092615   472
00092616   446
00092617   443
00092618   355
00092619   412
00092620   475
00092621   483
00092622   233
00092623   333
00092700   374
00092701   302
00092702   105
00092703    84
00092704   172
00092705   281
00092706   328
00092707   209
00092708    82
00092709   199
00092710   307
00092711   113
00092712    78
00092713   180
00092714   220
00092715   214
00092716   186
00092717   257
00092718   232
00092719   149
00092720   160
00092721   265
00092722   430
00092723   258
00092800   186
00092801   258
00092802   340
00092803   470
00092804   489
00092805   283
00092806   210
00092807   229
00092808   505
00092809   547
00092810   574
00092811   660
00092812   533
00092813   456
00092814   566
00092815   566
00092816   408
00092817   228
00092818    96
00092819    75
00092820    94
00092821    71
00092822    61
00092823    56
00092900    48
00092901    45
00092902   135
00092903   175
00092904    72
00092905    54
00092906    33
00092907    38
00092908    37
00092909    38
00092910   105
00092911   174
00092912   250
00092913   217
00092914   320
00092915   405
00092916   379
00092917   342
00092918   267
00092919   220
00092920   295
00092921   338
00092922   233
00092923   318
00093000   412
00093001   442
00093002   498
00093003   458
00093004   492
00093005   552
00093006   781
00093007   741
00093008   694
00093009   750
00093010   568
00093011  1290
00093012   881
00093013   593
00093014   687
00093015   617
00093016   365
00093017   676
00093018   160
00093019   291
00093020   786
00093021   904
00093022   779
00093023   620

Fri Ju 2
