00080100    84
00080101    82
00080102   226
00080103   283
00080104   383
00080105   355
00080106   460
00080107   298
00080108   199
00080109   349
00080110   390
00080111   397
00080112   420
00080113   431
00080114   439
00080115   522
00080116   978
00080117   938
00080118   465
00080119   159
00080120   106
00080121   360
00080122   565
00080123   651
00080200   498
00080201   214
00080202   296
00080203   609
00080204   708
00080205   452
00080206   200
00080207   105
00080208   104
00080209   291
00080210   464
00080211   342
00080212   244
00080213    61
00080214    65
00080215    70
00080216    95
00080217   264
00080218   416
00080219   474
00080220   376
00080221   148
00080222   130
00080223   257
00080300   429
00080301   174
00080302   254
00080303   368
00080304   220
00080305   314
00080306   309
00080307   121
00080308   230
00080309   531
00080310   488
00080311   220
00080312   167
00080313   190
00080314   216
00080315   160
00080316   145
00080317   295
00080318   325
00080319   383
00080320   138
00080321   128
00080322    84
00080323    62
00080400   240
00080401   657
00080402   668
00080403   636
00080404   445
00080405   470
00080406   390
00080407   779
00080408   278
00080409   373
00080410   364
00080411   217
00080412   476
00080413   642
00080414   381
00080415   479
00080416   428
00080417   632
00080418   640
00080419   301
00080420   142
00080421    83
00080422   239
00080423   443
00080500   172
00080501    55
00080502   162
00080503    91
00080504   152
00080505   320
00080506   401
00080507   466
00080508   810
00080509   900
00080510   266
00080511   267
00080512   287
00080513   636
00080514   694
00080515   715
00080516   678
00080517   482
00080518   232
00080519   127
00080520   286
00080521   371
00080522   613
00080523   598
00080600   641
00080601   460
00080602   653
00080603   818
00080604   609
00080605   572
00080606   189
00080607    99
00080608   117
00080609   218
00080610   299
00080611   259
00080612   191
00080613   387
00080614   375
00080615   447
00080616   167
00080617   330
00080618   192
00080619   199
00080620   221
00080621   362
00080622   327
00080623    80
00080700    66
00080701   151
00080702    70
00080703    55
00080704    89
00080705   185
00080706   307
00080707   201
00080708   412
00080709   361
00080710   498
00080711   761
00080712   414
00080713   179
00080714   103
00080715    84
00080716    64
00080717   194
00080718   315
00080719   324
00080720   190
00080721   163
00080722   253
00080723   229
00080800   129
00080801   123
00080802    95
00080803   129
00080804    83
00080805    64
00080806    61
00080807   188
00080808   421
00080809   163
00080810   124
00080811   198
00080812   325
00080813   303
00080814   102
00080815   160
00080816   228
00080817   127
00080818   178
00080819   288
00080820   192
00080821   104
00080822    91
00080823   210
00080900   291
00080901   128
00080902    91
00080903   183
00080904   100
00080905    71
00080906    62
00080907   115
00080908   221
00080909   130
00080910   138
00080911   115
00080912   134
00080913   108
00080914    63
00080915    42
00080916    54
00080917    88
00080918    96
00080919   140
00080920   241
00080921   346
00080922   202
00080923    64
00081000    51
00081001    57
00081002    42
00081003   184
00081004   377
00081005   564
00081006   755
00081007   895
00081008   509
00081009   537
00081010   541
00081011   439
00081012   512
00081013   363
00081014   151
00081015   266
00081016   336
00081017   478
00081018   359
00081019   355
00081020   374
00081021  1107
00081022   932
00081023   844
00081100   607
00081101   563
00081102   728
00081103   610
00081104   881
00081105   903
00081106   805
00081107   756
00081108  1007
00081109   800
00081110   795
00081111   825
00081112   565
00081113   534
00081114   751
00081115   534
00081116   404
00081117   480
00081118   650
00081119   694
00081120   695
00081121   817
00081122   669
00081123   382
00081200   152
00081201   235
00081202   409
00081203  1072
00081204  1644
00081205   604
00081206   678
00081207   372
00081208   749
00081209   918
00081210   537
00081211   972
00081212   851
00081213   986
00081214  1239
00081215  1724
00081216  1112
00081217   935
00081218   596
00081219   572
00081220   403
00081221   287
00081222   161
00081223   264
00081300   347
00081301    59
00081302   125
00081303   241
00081304   121
00081305   124
00081306   103
00081307    80
00081308    75
00081309    67
00081310    77
00081311   105
00081312    77
00081313    84
00081314    55
00081315    53
00081316    84
00081317    81
00081318    70
00081319    83
00081320   112
00081321   103
00081322   144
00081323   128
00081400    42
00081401    41
00081402    33
00081403    45
00081404    53
00081405    46
00081406    41
00081407    44
00081408    54
00081409    66
00081410    68
00081411   120
00081412   185
00081413   254
00081414   216
00081415   301
00081416   335
00081417   201
00081418   451
00081419   656
00081420   138
00081421   202
00081422   297
00081423   369
00081500   170
00081501   129
00081502   170
00081503   216
00081504   271
00081505   107
00081506    54
00081507    64
00081508    84
00081509   219
00081510   396
00081511   354
00081512   237
00081513   141
00081514    61
00081515    62
00081516    64
00081517   118
00081518   146
00081519   159
00081520   123
00081521    81
00081522    64
00081523   106
00081600   187
00081601   159
00081602   141
00081603   166
00081604   222
00081605   326
00081606   202
00081607   132
00081608   313
00081609   382
00081610   373
00081611   365
00081612   385
00081613   330
00081614   269
00081615   129
00081616    95
00081617    86
00081618   103
00081619   168
00081620   171
00081621   195
00081622   181
00081623    85
00081700    76
00081701    60
00081702   158
00081703   164
00081704    85
00081705   407
00081706   531
00081707   439
00081708   334
00081709   447
00081710   234
00081711   170
00081712   136
00081713    79
00081714    59
00081715    59
00081716   100
00081717   155
00081718   180
00081719   165
00081720    91
00081721    65
00081722    89
00081723    75
00081800    97
00081801   103
00081802    86
00081803    68
00081804    38
00081805    39
00081806    59
00081807    68
00081808    71
00081809    77
00081810    78
00081811    74
00081812    72
00081813    70
00081814    71
00081815    75
00081816   113
00081817   161
00081818   132
00081819    86
00081820    56
00081821    48
00081822    52
00081823    51
00081900    56
00081901    96
00081902    51
00081903    53
00081904    52
00081905    42
00081906    48
00081907    52
00081908    75
00081909   101
00081910    85
00081911    57
00081912    59
00081913    53
00081914    48
00081915    90
00081916   157
00081917   141
00081918   105
00081919   130
00081920    68
00081921    58
00081922   108
00081923    72
00082000    39
00082001    29
00082002    37
00082003    39
00082004    47
00082005    43
00082006    47
00082007    48
00082008    44
00082009    54
00082010   116
00082011    79
00082012    62
00082013    54
00082014    43
00082015   108
00082016   205
00082017   218
00082018    90
00082019    93
00082020    70
00082021   107
00082022   210
00082023   235
00082100   216
00082101   170
00082102   250
00082103   516
00082104   648
00082105   507
00082106   414
00082107   405
00082108   331
00082109   404
00082110   316
00082111   608
00082112   394
00082113   365
00082114   521
00082115   439
00082116   477
00082117   565
00082118   562
00082119   569
00082120   465
00082121   526
00082122   639
00082123   425
00082200   234
00082201    90
00082202    66
00082203    45
00082204    87
00082205   130
00082206    72
00082207    46
00082208    45
00082209    47
00082210    50
00082211    51
00082212    51
00082213    42
00082214    32
00082215    37
00082216    32
00082217    32
00082218    39
00082219    43
00082220    39
00082221    46
00082222    48
00082223    37
00082300    40
00082301    40
00082302    36
00082303    34
00082304    39
00082305    35
00082306    39
00082307    60
00082308   127
00082309   283
00082310   434
00082311   685
00082312   628
00082313   580
00082314   317
00082315   118
00082316    86
00082317   130
00082318    71
00082319    73
00082320    89
00082321    94
00082322    73
00082323    48
00082400    55
00082401    60
00082402    75
00082403   121
00082404   233
00082405   490
00082406   460
00082407   269
00082408    87
00082409   119
00082410    71
00082411    70
00082412    78
00082413   180
00082414   149
00082415   175
00082416    98
00082417    41
00082418    42
00082419    48
00082420    53
00082421    49
00082422    54
00082423    69
00082500    42
00082501    31
00082502    33
00082503    74
00082504    40
00082505    22
00082506    24
00082507    32
00082508    36
00082509    39
00082510    42
00082511    37
00082512    37
00082513    23
00082514    24
00082515    67
00082516   111
00082517    85
00082518    60
00082519    73
00082520   156
00082521    94
00082522    32
00082523    86
00082600   128
00082601    46
00082602    29
00082603    32
00082604    68
00082605   173
00082606   280
00082607   317
00082608   293
00082609   241
00082610   226
00082611   211
00082612   294
00082613   307
00082614   254
00082615   141
00082616    90
00082617   101
00082618    57
00082619    72
00082620    49
00082621    58
00082622    75
00082623   111
00082700   153
00082701   158
00082702    77
00082703    77
00082704    63
00082705    59
00082706    49
00082707    41
00082708    32
00082709    37
00082710    68
00082711   119
00082712    76
00082713    75
00082714   236
00082715   234
00082716   154
00082717   104
00082718   130
00082719   184
00082720   161
00082721    93
00082722   146
00082723   124
00082800   281
00082801   281
00082802   232
00082803   114
00082804    60
00082805    89
00082806   113
00082807    56
00082808   124
00082809   366
00082810   574
00082811   557
00082812   432
00082813   702
00082814   279
00082815   136
00082816   288
00082817   897
00082818   911
00082819   272
00082820   295
00082821   377
00082822   660
00082823   570
00082900   902
00082901   581
00082902   594
00082903   657
00082904   482
00082905   472
00082906   827
00082907   329
00082908   461
00082909   623
00082910   314
00082911   681
00082912   302
00082913    80
00082914   103
00082915   392
00082916   790
00082917   409
00082918   837
00082919   927
00082920   486
00082921   229
00082922   267
00082923   386
00083000   611
00083001   452
00083002   501
00083003   409
00083004   192
00083005   106
00083006   284
00083007   163
00083008   237
00083009   501
00083010   314
00083011   190
00083012   143
00083013   224
00083014   292
00083015   132
00083016    78
00083017    54
00083018    63
00083019    82
00083020   192
00083021   348
00083022   297
00083023   258
00083100   110
00083101   256
00083102   453
00083103   310
00083104   117
00083105    47
00083106    58
00083107   207
00083108   431
00083109   422
00083110   704
00083111   447
00083112   392
00083113   355
00083114   322
00083115   296
00083116   327
00083117   495
00083118   379
00083119   364
00083120   330
00083121   415
00083122   592
00083123   296

Fri Ju 2
