01040100   138
01040101    80
01040102    97
01040103   238
01040104   126
01040105   446
01040106   842
01040107   874
01040108   406
01040109   185
01040110   156
01040111    89
01040112    91
01040113    70
01040114   161
01040115   243
01040116   308
01040117   426
01040118   590
01040119   637
01040120   562
01040121   682
01040122   690
01040123   563
01040200   433
01040201   443
01040202   510
01040203   470
01040204   514
01040205   305
01040206   437
01040207   480
01040208   527
01040209   455
01040210   239
01040211   222
01040212   124
01040213   308
01040214   427
01040215   428
01040216   392
01040217   463
01040218   557
01040219   435
01040220   317
01040221   158
01040222   100
01040223    99
01040300    94
01040301    99
01040302    64
01040303    42
01040304    60
01040305    76
01040306   147
01040307    95
01040308   100
01040309    73
01040310    74
01040311    67
01040312    62
01040313    71
01040314    75
01040315   166
01040316   241
01040317   400
01040318   171
01040319    52
01040320    62
01040321    50
01040322    50
01040323   185
01040400   197
01040401   273
01040402   131
01040403   230
01040404   276
01040405   177
01040406    90
01040407    90
01040408   165
01040409   166
01040410    94
01040411    73
01040412    82
01040413    80
01040414   127
01040415   352
01040416   408
01040417   580
01040418   895
01040419   331
01040420   205
01040421   113
01040422    72
01040423    56
01040500    58
01040501    93
01040502   246
01040503   172
01040504    86
01040505    44
01040506   388
01040507   799
01040508   552
01040509   402
01040510   848
01040511   820
01040512   235
01040513    98
01040514    86
01040515   102
01040516   204
01040517   685
01040518   565
01040519   117
01040520    57
01040521   164
01040522   425
01040523   214
01040600   143
01040601   121
01040602    71
01040603    40
01040604    30
01040605    29
01040606   137
01040607   379
01040608   507
01040609   244
01040610    90
01040611   208
01040612   293
01040613   107
01040614   109
01040615   156
01040616   364
01040617   361
01040618   311
01040619   516
01040620   563
01040621   587
01040622   319
01040623   229
01040700   206
01040701   510
01040702   394
01040703   325
01040704   514
01040705   554
01040706   337
01040707   349
01040708   344
01040709   365
01040710   386
01040711   395
01040712   435
01040713   241
01040714   243
01040715   308
01040716   287
01040717   529
01040718   963
01040719   560
01040720   572
01040721   402
01040722   327
01040723   194
01040800   160
01040801   262
01040802   238
01040803   127
01040804    83
01040805   224
01040806   326
01040807   538
01040808   692
01040809   500
01040810   496
01040811   910
01040812   492
01040813   539
01040814   996
01040815   480
01040816   310
01040817   198
01040818   136
01040819   283
01040820  1153
01040821   900
01040822   336
01040823   159
01040900   136
01040901   313
01040902   161
01040903   123
01040904   369
01040905   634
01040906   502
01040907   688
01040908   547
01040909   303
01040910   187
01040911   415
01040912   199
01040913   229
01040914   492
01040915   906
01040916   622
01040917   441
01040918   444
01040919   725
01040920   498
01040921   206
01040922   170
01040923    95
01041000   206
01041001   388
01041002   262
01041003    59
01041004    42
01041005    39
01041006   141
01041007   196
01041008   252
01041009   309
01041010   111
01041011   107
01041012   340
01041013   519
01041014   251
01041015   200
01041016   394
01041017   531
01041018   150
01041019    45
01041020    50
01041021    93
01041022   114
01041023   376
01041100   404
01041101   427
01041102   262
01041103   313
01041104   224
01041105   298
01041106   401
01041107   298
01041108   363
01041109   319
01041110   314
01041111   158
01041112   106
01041113   407
01041114   743
01041115   886
01041116  1699
01041117   956
01041118   869
01041119  1227
01041120  1537
01041121   799
01041122  1302
01041123   821
01041200   715
01041201   963
01041202   603
01041203   567
01041204   756
01041205   718
01041206   606
01041207   812
01041208   517
01041209   552
01041210   358
01041211   247
01041212   195
01041213   123
01041214   143
01041215   133
01041216    74
01041217    83
01041218    54
01041219    49
01041220    40
01041221    56
01041222    45
01041223    44
01041300    27
01041301    35
01041302    36
01041303    34
01041304    45
01041305   106
01041306    86
01041307   174
01041308   279
01041309   410
01041310  1282
01041311   815
01041312   355
01041313   775
01041314   775
01041315   453
01041316   600
01041317   967
01041318  1154
01041319   921
01041320   840
01041321   752
01041322   505
01041323   446
01041400   477
01041401   395
01041402   377
01041403   402
01041404   289
01041405   274
01041406   173
01041407   379
01041408   383
01041409   533
01041410   525
01041411   246
01041412   375
01041413   401
01041414   523
01041415   367
01041416   266
01041417   510
01041418   243
01041419    66
01041420    50
01041421    58
01041422   136
01041423   315
01041500   299
01041501   211
01041502   196
01041503   455
01041504   520
01041505   299
01041506   368
01041507   396
01041508   378
01041509   300
01041510   352
01041511   313
01041512   424
01041513   369
01041514   322
01041515   254
01041516   239
01041517    91
01041518   147
01041519   416
01041520   431
01041521   388
01041522   495
01041523   504
01041600   497
01041601   514
01041602   516
01041603   203
01041604    99
01041605    98
01041606    59
01041607    62
01041608    69
01041609   138
01041610   287
01041611   185
01041612   118
01041613   151
01041614   199
01041615   130
01041616   291
01041617   313
01041618   160
01041619   139
01041620   189
01041621    71
01041622   187
01041623   344
01041700   304
01041701   272
01041702   196
01041703   207
01041704   309
01041705   353
01041706   281
01041707   148
01041708   150
01041709   201
01041710   140
01041711   210
01041712   180
01041713   143
01041714   179
01041715   138
01041716   331
01041717   476
01041718   423
01041719   527
01041720   505
01041721   310
01041722   336
01041723   461
01041800   509
01041801  1399
01041802  1058
01041803   940
01041804   961
01041805   818
01041806   740
01041807   419
01041808   288
01041809   227
01041810   132
01041811   107
01041812   111
01041813    98
01041814    79
01041815   234
01041816   406
01041817   431
01041818   441
01041819   301
01041820   374
01041821   281
01041822   301
01041823   496
01041900   588
01041901   481
01041902   367
01041903   292
01041904   116
01041905   117
01041906   128
01041907   209
01041908   108
01041909    58
01041910    89
01041911   126
01041912    81
01041913   121
01041914   122
01041915   105
01041916    49
01041917    34
01041918    36
01041919    44
01041920    60
01041921   107
01041922   240
01041923    96
01042000    75
01042001   148
01042002   262
01042003   160
01042004   286
01042005   277
01042006   163
01042007   103
01042008    73
01042009   162
01042010   166
01042011   224
01042012   195
01042013   239
01042014   105
01042015    73
01042016    68
01042017    77
01042018    74
01042019    49
01042020    51
01042021    51
01042022    59
01042023    64
01042100    63
01042101    43
01042102    50
01042103   173
01042104   125
01042105   101
01042106    47
01042107    54
01042108    61
01042109    75
01042110   132
01042111   242
01042112   218
01042113   271
01042114   240
01042115   173
01042116   188
01042117   153
01042118   112
01042119   147
01042120   268
01042121   253
01042122   173
01042123   137
01042200    84
01042201    71
01042202   182
01042203   350
01042204   341
01042205   435
01042206   652
01042207   646
01042208   783
01042209   597
01042210   795
01042211   818
01042212   845
01042213   751
01042214   899
01042215   895
01042216   982
01042217   842
01042218   898
01042219   832
01042220   923
01042221   966
01042222   769
01042223   574
01042300   491
01042301   510
01042302   687
01042303   879
01042304   729
01042305   456
01042306   450
01042307   566
01042308   661
01042309   658
01042310   423
01042311   118
01042312    82
01042313    72
01042314   160
01042315   168
01042316    89
01042317    57
01042318    82
01042319    76
01042320    54
01042321    78
01042322    54
01042323    44
01042400    42
01042401    50
01042402    37
01042403    49
01042404   112
01042405   327
01042406   328
01042407   241
01042408   295
01042409   115
01042410    91
01042411    69
01042412    63
01042413    75
01042414    62
01042415    84
01042416    83
01042417    58
01042418    55
01042419    50
01042420    38
01042421    37
01042422    57
01042423    64
01042500    71
01042501    78
01042502    52
01042503    54
01042504    49
01042505    57
01042506    53
01042507    70
01042508    60
01042509   130
01042510   149
01042511    96
01042512   106
01042513   171
01042514   282
01042515   169
01042516   171
01042517   193
01042518   162
01042519   136
01042520   119
01042521   114
01042522    71
01042523    68
01042600    56
01042601    46
01042602    37
01042603    51
01042604   137
01042605   269
01042606   232
01042607   222
01042608   295
01042609   209
01042610   131
01042611   103
01042612    64
01042613    57
01042614    53
01042615    68
01042616    66
01042617    45
01042618    48
01042619   111
01042620   167
01042621   195
01042622    87
01042623    69
01042700    63
01042701    52
01042702   108
01042703    68
01042704    33
01042705    34
01042706    32
01042707    37
01042708    69
01042709    65
01042710    82
01042711    93
01042712    96
01042713    83
01042714   126
01042715   157
01042716   173
01042717   198
01042718   117
01042719   129
01042720   118
01042721    64
01042722    57
01042723    64
01042800    55
01042801    51
01042802   101
01042803    40
01042804    42
01042805   626
01042806   514
01042807   298
01042808   387
01042809   354
01042810   544
01042811   576
01042812   506
01042813   734
01042814  1195
01042815   604
01042816   284
01042817   183
01042818    90
01042819   220
01042820   194
01042821   138
01042822   167
01042823   164
01042900   176
01042901   655
01042902   760
01042903   461
01042904   276
01042905   160
01042906   240
01042907   117
01042908    77
01042909    85
01042910    91
01042911    84
01042912    65
01042913    80
01042914    60
01042915    49
01042916    70
01042917    53
01042918    66
01042919    57
01042920    46
01042921    57
01042922    58
01042923    63
01043000    65
01043001    55
01043002    48
01043003    36
01043004    27
01043005    23
01043006    26
01043007    31
01043008    43
01043009    49
01043010    52
01043011    39
01043012    29
01043013    27
01043014    38
01043015    61
01043016    59
01043017    43
01043018    23
01043019    35
01043020    25
01043021    37
01043022    57
01043023    73

Fri Ju 2
