01050100    91
01050101    86
01050102    77
01050103    59
01050104    44
01050105    26
01050106    30
01050107    55
01050108   121
01050109    86
01050110    58
01050111    55
01050112    65
01050113    64
01050114    52
01050115    51
01050116    58
01050117    62
01050118    57
01050119   130
01050120    76
01050121    59
01050122    80
01050123    93
01050200    81
01050201    73
01050202    68
01050203    54
01050204    31
01050205    29
01050206    60
01050207   261
01050208   139
01050209   115
01050210   141
01050211   215
01050212   111
01050213    48
01050214    76
01050215    92
01050216    70
01050217   114
01050218    74
01050219    41
01050220    49
01050221    47
01050222    69
01050223    71
01050300    69
01050301    89
01050302    94
01050303    50
01050304    33
01050305    63
01050306    82
01050307   142
01050308    92
01050309   152
01050310   482
01050311   444
01050312   156
01050313    88
01050314   117
01050315   266
01050316   161
01050317    41
01050318    35
01050319    91
01050320    52
01050321   164
01050322    62
01050323    81
01050400    71
01050401    58
01050402    63
01050403   120
01050404   250
01050405   258
01050406   162
01050407   152
01050408   375
01050409   307
01050410   182
01050411   116
01050412    86
01050413    78
01050414    84
01050415    61
01050416    64
01050417    42
01050418    91
01050419   188
01050420   272
01050421   130
01050422    78
01050423    81
01050500    87
01050501    73
01050502    49
01050503    33
01050504    28
01050505    39
01050506    55
01050507   106
01050508   113
01050509   149
01050510   105
01050511    88
01050512    76
01050513    75
01050514    73
01050515    85
01050516   118
01050517   167
01050518   196
01050519   191
01050520   138
01050521   126
01050522    75
01050523    88
01050600    99
01050601    81
01050602    55
01050603    30
01050604    23
01050605    28
01050606    48
01050607    84
01050608   152
01050609   129
01050610   107
01050611    99
01050612   138
01050613   159
01050614   177
01050615   207
01050616   106
01050617    53
01050618    67
01050619    68
01050620    91
01050621   127
01050622   172
01050623   123
01050700   176
01050701   376
01050702   641
01050703   720
01050704   672
01050705   317
01050706   171
01050707   492
01050708   719
01050709   554
01050710   207
01050711   127
01050712   193
01050713   435
01050714   387
01050715   453
01050716   382
01050717   420
01050718   488
01050719   469
01050720   292
01050721    88
01050722    66
01050723    74
01050800    95
01050801   147
01050802   166
01050803   140
01050804   152
01050805   228
01050806   226
01050807   321
01050808   448
01050809   389
01050810   520
01050811   606
01050812   662
01050813   317
01050814   390
01050815   535
01050816   381
01050817   499
01050818   731
01050819   780
01050820   576
01050821   529
01050822   900
01050823   929
01050900   780
01050901   876
01050902   629
01050903   739
01050904   780
01050905   705
01050906   344
01050907   151
01050908   389
01050909   662
01050910   333
01050911   279
01050912   875
01050913   713
01050914  1113
01050915  1172
01050916   829
01050917   922
01050918   826
01050919   848
01050920   929
01050921   809
01050922   694
01050923   439
01051000   533
01051001   840
01051002   900
01051003   742
01051004   705
01051005   684
01051006   706
01051007   588
01051008   685
01051009   609
01051010   651
01051011   543
01051012   304
01051013   215
01051014   223
01051015    95
01051016   279
01051017   419
01051018   519
01051019   455
01051020   395
01051021   336
01051022   270
01051023   300
01051100   271
01051101   343
01051102   240
01051103   158
01051104   113
01051105   219
01051106   236
01051107   280
01051108   152
01051109   313
01051110   299
01051111   263
01051112   216
01051113   270
01051114   281
01051115   228
01051116   321
01051117   467
01051118   559
01051119   530
01051120   576
01051121   611
01051122   675
01051123   606
01051200   493
01051201   292
01051202   164
01051203   192
01051204   175
01051205   223
01051206   427
01051207   856
01051208  1001
01051209   952
01051210   853
01051211   837
01051212   895
01051213   704
01051214   419
01051215   722
01051216   540
01051217   332
01051218   397
01051219   816
01051220   584
01051221   879
01051222   831
01051223   862
01051300   665
01051301   520
01051302   344
01051303   376
01051304   605
01051305   410
01051306   276
01051307   150
01051308   147
01051309   175
01051310   406
01051311   446
01051312   378
01051313   476
01051314   493
01051315   725
01051316   595
01051317   423
01051318   656
01051319   814
01051320   962
01051321   863
01051322   650
01051323   702
01051400   561
01051401   496
01051402   446
01051403   334
01051404   104
01051405   201
01051406   374
01051407   480
01051408   266
01051409   114
01051410    78
01051411    57
01051412    51
01051413    68
01051414    49
01051415   113
01051416   150
01051417   253
01051418   289
01051419   115
01051420    41
01051421    54
01051422    60
01051423    83
01051500   126
01051501   126
01051502   159
01051503   229
01051504   530
01051505   497
01051506   423
01051507   539
01051508   486
01051509   539
01051510   866
01051511   327
01051512   178
01051513   153
01051514   129
01051515    92
01051516   203
01051517   370
01051518   564
01051519   640
01051520   422
01051521   139
01051522   285
01051523   508
01051600   432
01051601   243
01051602   266
01051603   177
01051604   364
01051605   408
01051606   300
01051607   407
01051608   359
01051609   579
01051610   324
01051611   111
01051612    72
01051613    55
01051614    45
01051615    54
01051616    55
01051617    32
01051618    26
01051619    35
01051620    48
01051621    89
01051622   199
01051623   294
01051700   244
01051701   109
01051702   135
01051703   294
01051704   310
01051705   175
01051706   108
01051707    69
01051708   110
01051709   215
01051710   156
01051711    84
01051712    90
01051713    96
01051714    85
01051715    84
01051716   101
01051717   189
01051718    87
01051719   133
01051720   258
01051721   228
01051722   173
01051723   239
01051800   458
01051801   428
01051802   464
01051803   310
01051804   117
01051805    77
01051806   133
01051807   131
01051808    95
01051809    87
01051810   109
01051811   130
01051812   157
01051813   159
01051814   101
01051815    92
01051816    96
01051817    68
01051818    49
01051819    37
01051820    57
01051821   175
01051822   337
01051823   317
01051900   630
01051901   878
01051902   659
01051903   615
01051904   399
01051905   193
01051906   134
01051907   101
01051908   150
01051909   111
01051910    88
01051911    69
01051912   110
01051913   230
01051914   121
01051915    73
01051916    69
01051917    33
01051918    86
01051919   178
01051920   192
01051921    73
01051922    64
01051923    69
01052000    72
01052001    65
01052002    86
01052003   111
01052004   116
01052005   223
01052006   254
01052007    95
01052008    92
01052009   132
01052010   138
01052011   133
01052012   124
01052013    76
01052014   116
01052015   126
01052016    82
01052017    49
01052018    50
01052019    52
01052020    55
01052021    63
01052022    75
01052023   101
01052100    73
01052101    77
01052102    57
01052103    55
01052104    45
01052105    47
01052106   112
01052107   109
01052108   119
01052109   140
01052110   177
01052111   106
01052112    93
01052113   189
01052114   205
01052115    88
01052116   155
01052117   103
01052118    65
01052119    49
01052120    58
01052121    56
01052122    60
01052123    68
01052200    61
01052201    69
01052202    57
01052203    89
01052204   127
01052205   251
01052206   244
01052207   137
01052208   110
01052209   150
01052210   222
01052211   209
01052212   168
01052213    93
01052214    78
01052215    86
01052216   204
01052217   134
01052218    59
01052219    47
01052220    65
01052221    76
01052222   111
01052223   133
01052300   236
01052301   159
01052302    73
01052303    66
01052304    74
01052305    63
01052306    96
01052307    70
01052308   100
01052309    88
01052310   110
01052311   140
01052312   129
01052313   103
01052314    99
01052315   136
01052316   101
01052317   270
01052318   148
01052319   119
01052320   144
01052321   179
01052322   112
01052323    90
01052400   143
01052401   338
01052402   148
01052403    84
01052404    46
01052405    62
01052406    68
01052407    77
01052408   106
01052409   138
01052410   124
01052411   126
01052412   115
01052413    85
01052414    51
01052415    87
01052416   156
01052417    66
01052418    64
01052419    70
01052420    82
01052421    67
01052422    82
01052423    57
01052500    79
01052501    63
01052502    47
01052503    40
01052504    34
01052505    54
01052506    61
01052507   126
01052508   107
01052509   106
01052510   143
01052511   229
01052512   286
01052513    86
01052514   167
01052515   293
01052516   149
01052517   148
01052518   415
01052519   145
01052520    84
01052521    65
01052522    61
01052523    70
01052600    67
01052601    76
01052602   120
01052603   217
01052604   304
01052605   153
01052606   166
01052607   255
01052608   303
01052609   193
01052610   118
01052611    56
01052612    74
01052613    72
01052614    55
01052615    37
01052616    38
01052617    55
01052618    62
01052619    58
01052620    94
01052621    62
01052622    66
01052623    52
01052700    42
01052701    52
01052702    46
01052703    37
01052704    41
01052705    54
01052706    56
01052707    50
01052708    71
01052709    81
01052710    72
01052711    92
01052712    63
01052713    63
01052714    68
01052715   338
01052716   183
01052717    84
01052718   106
01052719   165
01052720   168
01052721    61
01052722    65
01052723    66
01052800   119
01052801   135
01052802   120
01052803   176
01052804   243
01052805   151
01052806   134
01052807   143
01052808   137
01052809   374
01052810   716
01052811   781
01052812   570
01052813   818
01052814  1030
01052815   872
01052816   852
01052817   592
01052818   485
01052819   510
01052820   375
01052821   215
01052822   359
01052823   646
01052900   564
01052901   151
01052902   115
01052903   169
01052904    48
01052905    96
01052906    65
01052907    79
01052908   119
01052909    76
01052910    59
01052911   124
01052912   219
01052913   383
01052914   347
01052915   210
01052916   258
01052917   256
01052918   118
01052919    68
01052920    76
01052921    58
01052922    50
01052923    67
01053000    25
01053001    43
01053002    34
01053003    31
01053004    33
01053005    41
01053006    50
01053007    58
01053008    50
01053009    51
01053010    49
01053011    48
01053012    34
01053013    33
01053014    33
01053015    44
01053016    62
01053017    79
01053018   139
01053019    89
01053020    65
01053021    57
01053022    62
01053023    41
01053100    36
01053101    50
01053102    42
01053103    45
01053104    53
01053105    52
01053106    54
01053107    58
01053108    66
01053109    60
01053110    60
01053111    54
01053112    52
01053113    66
01053114    87
01053115    35
01053116    41
01053117    55
01053118    56
01053119    66
01053120    58
01053121    71
01053122    44
01053123    29

Fri Ju 2
