01120100    39
01120101    44
01120102    35
01120103    32
01120104    40
01120105    55
01120106    78
01120107   187
01120108   164
01120109    87
01120110    64
01120111    44
01120112    38
01120113    41
01120114    40
01120115    42
01120116    45
01120117    40
01120118    26
01120119    25
01120120    33
01120121    31
01120122    25
01120123    29
01120200    23
01120201    23
01120202    26
01120203    29
01120204    33
01120205    41
01120206    38
01120207    38
01120208    37
01120209    39
01120210    41
01120211    35
01120212    28
01120213    30
01120214    39
01120215    49
01120216    60
01120217    65
01120218    35
01120219    67
01120220    71
01120221    86
01120222   116
01120223    45
01120300    23
01120301    26
01120302    27
01120303    28
01120304    40
01120305    56
01120306    38
01120307    30
01120308    30
01120309    27
01120310    30
01120311    33
01120312    30
01120313    39
01120314    55
01120315    55
01120316    68
01120317   210
01120318   366
01120319   416
01120320   379
01120321   268
01120322    80
01120323    95
01120400   166
01120401   200
01120402   148
01120403    97
01120404    86
01120405    59
01120406    60
01120407    45
01120408    28
01120409    54
01120410   104
01120411   259
01120412   268
01120413    91
01120414    59
01120415    73
01120416    54
01120417    39
01120418    55
01120419   216
01120420   380
01120421    99
01120422    86
01120423   175
01120500   340
01120501   421
01120502   248
01120503   201
01120504   151
01120505   215
01120506    78
01120507    78
01120508   105
01120509   243
01120510   117
01120511    82
01120512    47
01120513    45
01120514    57
01120515   179
01120516   139
01120517    54
01120518    80
01120519   100
01120520   255
01120521   106
01120522    94
01120523   115
01120600   136
01120601   181
01120602    72
01120603    69
01120604    36
01120605    43
01120606    43
01120607    94
01120608   129
01120609   135
01120610   293
01120611   369
01120612   362
01120613   202
01120614   108
01120615   226
01120616   398
01120617   465
01120618   326
01120619    74
01120620   122
01120621   295
01120622   156
01120623    95
01120700   167
01120701    84
01120702    45
01120703    45
01120704    40
01120705    21
01120706    16
01120707    24
01120708    65
01120709   105
01120710   172
01120711   116
01120712    85
01120713   227
01120714   256
01120715   381
01120716   344
01120717   278
01120718    75
01120719    57
01120720    43
01120721    30
01120722    57
01120723   104
01120800   234
01120801    83
01120802    38
01120803    42
01120804    30
01120805    33
01120806    36
01120807    60
01120808   153
01120809   161
01120810    75
01120811    35
01120812   195
01120813   326
01120814   265
01120815    95
01120816    63
01120817    50
01120818    54
01120819    29
01120820    25
01120821    23
01120822    23
01120823    48
01120900    51
01120901    28
01120902    19
01120903    20
01120904    23
01120905    42
01120906    32
01120907    26
01120908    25
01120909    19
01120910    23
01120911   106
01120912    62
01120913    34
01120914    31
01120915    31
01120916    34
01120917    33
01120918    31
01120919    37
01120920    56
01120921   126
01120922   140
01120923    32
01121000    31
01121001    29
01121002    29
01121003    22
01121004    30
01121005    33
01121006    37
01121007   176
01121008   127
01121009    87
01121010    69
01121011    47
01121012    50
01121013   185
01121014   206
01121015   102
01121016    65
01121017    66
01121018    68
01121019    43
01121020    36
01121021    47
01121022    79
01121023    40
01121100    60
01121101    53
01121102    34
01121103    41
01121104    52
01121105    72
01121106    38
01121107    62
01121108    97
01121109    89
01121110    89
01121111    69
01121112    72
01121113    80
01121114   112
01121115   102
01121116   122
01121117   211
01121118   203
01121119   246
01121120    89
01121121    45
01121122    93
01121123   194
01121200    70
01121201    72
01121202    85
01121203    90
01121204   125
01121205   149
01121206   194
01121207   236
01121208   239
01121209   425
01121210   877
01121211   523
01121212   252
01121213   314
01121214   230
01121215   324
01121216   400
01121217   509
01121218   491
01121219   409
01121220   447
01121221   402
01121222   429
01121223   273
01121300   251
01121301   258
01121302   275
01121303   212
01121304   167
01121305   122
01121306   107
01121307    92
01121308    61
01121309    22
01121310    23
01121311    25
01121312    26
01121313    23
01121314    35
01121315    37
01121316    48
01121317    42
01121318    32
01121319    21
01121320    19
01121321    14
01121322    16
01121323    19
01121400    20
01121401    17
01121402    16
01121403    32
01121404    39
01121405    31
01121406    21
01121407    25
01121408    24
01121409    91
01121410    84
01121411   204
01121412   360
01121413   254
01121414   235
01121415   246
01121416   145
01121417   179
01121418   176
01121419   189
01121420   163
01121421   133
01121422   161
01121423   151
01121500    84
01121501   160
01121502   185
01121503   374
01121504   172
01121505    38
01121506    37
01121507    74
01121508   266
01121509   337
01121510   153
01121511    99
01121512   118
01121513   198
01121514   215
01121515    66
01121516    53
01121517    46
01121518    29
01121519    24
01121520    23
01121521    30
01121522    37
01121523    32
01121600    75
01121601   120
01121602   152
01121603   130
01121604   216
01121605   180
01121606   112
01121607   186
01121608   224
01121609   254
01121610   153
01121611   263
01121612   322
01121613   184
01121614   237
01121615   217
01121616   133
01121617   257
01121618   173
01121619   134
01121620    41
01121621    79
01121622   156
01121623   160
01121700    60
01121701    95
01121702   229
01121703   371
01121704   276
01121705   299
01121706   291
01121707   389
01121708   261
01121709   497
01121710   662
01121711   554
01121712   511
01121713   513
01121714   460
01121715   752
01121716   811
01121717   874
01121718   319
01121719    97
01121720   156
01121721   101
01121722   129
01121723   117
01121800   199
01121801   257
01121802   218
01121803    75
01121804    75
01121805    65
01121806   138
01121807   131
01121808   144
01121809    97
01121810   424
01121811   444
01121812   480
01121813   305
01121814   206
01121815   164
01121816   240
01121817   147
01121818    56
01121819    60
01121820    37
01121821    34
01121822    94
01121823    87
01121900    56
01121901   183
01121902   208
01121903    69
01121904    67
01121905   112
01121906   179
01121907   191
01121908   140
01121909   229
01121910   457
01121911   196
01121912   104
01121913    95
01121914   106
01121915   185
01121916    84
01121917    78
01121918   124
01121919   116
01121920   212
01121921    76
01121922    86
01121923   102
01122000    39
01122001    38
01122002    30
01122003    27
01122004    37
01122005    31
01122006    71
01122007    73
01122008    98
01122009   147
01122010   318
01122011   216
01122012    81
01122013    86
01122014   182
01122015   127
01122016    52
01122017    52
01122018    72
01122019    61
01122020    36
01122021   136
01122022   145
01122023    84
01122100    47
01122101    40
01122102    33
01122103    53
01122104   160
01122105   174
01122106   211
01122107   185
01122108   155
01122109   251
01122110   285
01122111   462
01122112   169
01122113   111
01122114    82
01122115   297
01122116   729
01122117   602
01122118   560
01122119   479
01122120   614
01122121   507
01122122   378
01122123   225
01122200   112
01122201    66
01122202   237
01122203   274
01122204   129
01122205   139
01122206   217
01122207   332
01122208   288
01122209   242
01122210   417
01122211   370
01122212   272
01122213   145
01122214    89
01122215    65
01122216    47
01122217    57
01122218   184
01122219   302
01122220   155
01122221    24
01122222    37
01122223    33
01122300    54
01122301    96
01122302    63
01122303    80
01122304    74
01122305    74
01122306   108
01122307   160
01122308   198
01122309   330
01122310   217
01122311   239
01122312   178
01122313   135
01122314   109
01122315   155
01122316   260
01122317   145
01122318    39
01122319    48
01122320    25
01122321    28
01122322    29
01122323    60
01122400    68
01122401    71
01122402    58
01122403   102
01122404   152
01122405   259
01122406   217
01122407   400
01122408   641
01122409   572
01122410   280
01122411   237
01122412   267
01122413   811
01122414   738
01122415   667
01122416   609
01122417   421
01122418   412
01122419   310
01122420   133
01122421   258
01122422   211
01122423   153
01122500   225
01122501   253
01122502   279
01122503   127
01122504    97
01122505    53
01122506    90
01122507    86
01122508    67
01122509    77
01122510   301
01122511   272
01122512   183
01122513    83
01122514    55
01122515    71
01122516   170
01122517   167
01122518    66
01122519    51
01122520    50
01122521   175
01122522   311
01122523   248
01122600   167
01122601   130
01122602    80
01122603    59
01122604    27
01122605    28
01122606    22
01122607    32
01122608    22
01122609    22
01122610    37
01122611    31
01122612    94
01122613    33
01122614    39
01122615    65
01122616   130
01122617   271
01122618   191
01122619   165
01122620   197
01122621   218
01122622   238
01122623   110
01122700   160
01122701   179
01122702    99
01122703    94
01122704    56
01122705    32
01122706    91
01122707    70
01122708    58
01122709   180
01122710   124
01122711    83
01122712   200
01122713   197
01122714   141
01122715   210
01122716   190
01122717   268
01122718   298
01122719   276
01122720   337
01122721   134
01122722    60
01122723    51
01122800    44
01122801    48
01122802    46
01122803    38
01122804    44
01122805    56
01122806    54
01122807    62
01122808    52
01122809    75
01122810    49
01122811    51
01122812    30
01122813    40
01122814    54
01122815    46
01122816    38
01122817    39
01122818    31
01122819    23
01122820    20
01122821    28
01122822    32
01122823    32
01122900    38
01122901    26
01122902    23
01122903    24
01122904    20
01122905    46
01122906    44
01122907    35
01122908    37
01122909    21
01122910    34
01122911    41
01122912    36
01122913    45
01122914    50
01122915    38
01122916    69
01122917    77
01122918    91
01122919    64
01122920   110
01122921    61
01122922    89
01122923   181
01123000   436
01123001   253
01123002   245
01123003   394
01123004   429
01123005   506
01123006   477
01123007   242
01123008    73
01123009    80
01123010    96
01123011    54
01123012   139
01123013   194
01123014   108
01123015   107
01123016    70
01123017    46
01123018    44
01123019    36
01123020   123
01123021   233
01123022   372
01123023   464
01123100   349
01123101   230
01123102   129
01123103   182
01123104   130
01123105   135
01123106   101
01123107    73
01123108    70
01123109    97
01123110   131
01123111    90
01123112   112
01123113   116
01123114   114
01123115   247
01123116   552
01123117   448
01123118   613
01123119   677
01123120   666
01123121   549
01123122   470
01123123   205

Fri Ju 2
