01110100   615
01110101   586
01110102   420
01110103   463
01110104   471
01110105   512
01110106   368
01110107   364
01110108   546
01110109   495
01110110   516
01110111   423
01110112   670
01110113   359
01110114   317
01110115   442
01110116   630
01110117   529
01110118   389
01110119   130
01110120    86
01110121    57
01110122    51
01110123    36
01110200    38
01110201    43
01110202    23
01110203    23
01110204    15
01110205    65
01110206    58
01110207    31
01110208    22
01110209    27
01110210    33
01110211    31
01110212    41
01110213   285
01110214   357
01110215    92
01110216    56
01110217    44
01110218    35
01110219    26
01110220    25
01110221    29
01110222    22
01110223    19
01110300    21
01110301    41
01110302    30
01110303    42
01110304    27
01110305    21
01110306    20
01110307    18
01110308    26
01110309    32
01110310    34
01110311    38
01110312    39
01110313    43
01110314    54
01110315    52
01110316    38
01110317    32
01110318   126
01110319    78
01110320    28
01110321    31
01110322    26
01110323    21
01110400    25
01110401    20
01110402    22
01110403    25
01110404    19
01110405    38
01110406    71
01110407   200
01110408   256
01110409   207
01110410   344
01110411   382
01110412   288
01110413   465
01110414   442
01110415   171
01110416    86
01110417   115
01110418   130
01110419    63
01110420    25
01110421    26
01110422    22
01110423    21
01110500    16
01110501    20
01110502    27
01110503    23
01110504    30
01110505    35
01110506    52
01110507    56
01110508    70
01110509    72
01110510    50
01110511    89
01110512    96
01110513    71
01110514   115
01110515   232
01110516   324
01110517   169
01110518   270
01110519   496
01110520   727
01110521  1101
01110522  1122
01110523  1245
01110600   979
01110601  1140
01110602  1609
01110603  1039
01110604  1991
01110605  1756
01110606   838
01110607   780
01110608   720
01110609   433
01110610   403
01110611   552
01110612   445
01110613   515
01110614   566
01110615   524
01110616   543
01110617   694
01110618   653
01110619   674
01110620   877
01110621   629
01110622   718
01110623   664
01110700   368
01110701   442
01110702   338
01110703   242
01110704   229
01110705   183
01110706   104
01110707   112
01110708    49
01110709   115
01110710   378
01110711   483
01110712   258
01110713   129
01110714   103
01110715   218
01110716   151
01110717   221
01110718   230
01110719   100
01110720    71
01110721   266
01110722    85
01110723    72
01110800    69
01110801   176
01110802    58
01110803    90
01110804    93
01110805   112
01110806    89
01110807   133
01110808   141
01110809   189
01110810    72
01110811    65
01110812    51
01110813    48
01110814    50
01110815    55
01110816    49
01110817    39
01110818    36
01110819    37
01110820    34
01110821    43
01110822    72
01110823    47
01110900    36
01110901    41
01110902    46
01110903    57
01110904    78
01110905    51
01110906    25
01110907    21
01110908    30
01110909    49
01110910    41
01110911    50
01110912    43
01110913    46
01110914    51
01110915    46
01110916    43
01110917   117
01110918   182
01110919   250
01110920   299
01110921   125
01110922    57
01110923    44
01111000    56
01111001    55
01111002    45
01111003    51
01111004    43
01111005    27
01111006    21
01111007    24
01111008    21
01111009    38
01111010    28
01111011   103
01111012   138
01111013   167
01111014   120
01111015    97
01111016    59
01111017    54
01111018    40
01111019    55
01111020   100
01111021   234
01111022   573
01111023   304
01111100   217
01111101   177
01111102   224
01111103   152
01111104    56
01111105    47
01111106    37
01111107    39
01111108    47
01111109    67
01111110   316
01111111   107
01111112    33
01111113    36
01111114    34
01111115    48
01111116    38
01111117    45
01111118    34
01111119    33
01111120    52
01111121    41
01111122    40
01111123    41
01111200    55
01111201    45
01111202    57
01111203    41
01111204    42
01111205    33
01111206    23
01111207    26
01111208    36
01111209    42
01111210    43
01111211    45
01111212    47
01111213    53
01111214    48
01111215    63
01111216    44
01111217    60
01111218    46
01111219    31
01111220    29
01111221    27
01111222    26
01111223    30
01111300    29
01111301    31
01111302    35
01111303    40
01111304    43
01111305    16
01111306    17
01111307    13
01111308    16
01111309    26
01111310    27
01111311    33
01111312    38
01111313    37
01111314    41
01111315    73
01111316    83
01111317   222
01111318   327
01111319   312
01111320   261
01111321   200
01111322    92
01111323    56
01111400    31
01111401    24
01111402    32
01111403    25
01111404    28
01111405    39
01111406    27
01111407    93
01111408    58
01111409    42
01111410    38
01111411    37
01111412    39
01111413    53
01111414    67
01111415    49
01111416    47
01111417    46
01111418    43
01111419    43
01111420    31
01111421    40
01111422    36
01111423    34
01111500    41
01111501    37
01111502    37
01111503    30
01111504    26
01111505    16
01111506    15
01111507    25
01111508    40
01111509    55
01111510    98
01111511    82
01111512    52
01111513    35
01111514    32
01111515    47
01111516   130
01111517   467
01111518   998
01111519   805
01111520   234
01111521    62
01111522    42
01111523    51
01111600    59
01111601    94
01111602   223
01111603   147
01111604   152
01111605   227
01111606   194
01111607   253
01111608   304
01111609   280
01111610   269
01111611   270
01111612   257
01111613   154
01111614   332
01111615   233
01111616    64
01111617    49
01111618    39
01111619    30
01111620    25
01111621   100
01111622    67
01111623    93
01111700   160
01111701    97
01111702   236
01111703   287
01111704   242
01111705   153
01111706   129
01111707    75
01111708   111
01111709   233
01111710   267
01111711   493
01111712   441
01111713   783
01111714   473
01111715   100
01111716   111
01111717   411
01111718   501
01111719   143
01111720    47
01111721    74
01111722   182
01111723   212
01111800   143
01111801    51
01111802   133
01111803   214
01111804   260
01111805   206
01111806   170
01111807   176
01111808   145
01111809    89
01111810   122
01111811   234
01111812   307
01111813   215
01111814   211
01111815   456
01111816   371
01111817   418
01111818   386
01111819   285
01111820   111
01111821   102
01111822   188
01111823   478
01111900   360
01111901   293
01111902   237
01111903   216
01111904   109
01111905   221
01111906   278
01111907   179
01111908   126
01111909   230
01111910   415
01111911   304
01111912   487
01111913   400
01111914   460
01111915   579
01111916   560
01111917   725
01111918   521
01111919   554
01111920   831
01111921   432
01111922   224
01111923   237
01112000   616
01112001   564
01112002   259
01112003   195
01112004   363
01112005   415
01112006   649
01112007   277
01112008   149
01112009    92
01112010    42
01112011    56
01112012    37
01112013    39
01112014    52
01112015    55
01112016    58
01112017    55
01112018    37
01112019    23
01112020    24
01112021    27
01112022    28
01112023    30
01112100    30
01112101    50
01112102    31
01112103    30
01112104    25
01112105    37
01112106    78
01112107   260
01112108   145
01112109   120
01112110    85
01112111   151
01112112   330
01112113   248
01112114    46
01112115    77
01112116    99
01112117   285
01112118   121
01112119    37
01112120    27
01112121    29
01112122    30
01112123    30
01112200    60
01112201    35
01112202    39
01112203    63
01112204   213
01112205   233
01112206   145
01112207   131
01112208   176
01112209   252
01112210   321
01112211   330
01112212   105
01112213    62
01112214   107
01112215   108
01112216   196
01112217   195
01112218    68
01112219   203
01112220   530
01112221   422
01112222   289
01112223   254
01112300   278
01112301   161
01112302   128
01112303    74
01112304   202
01112305   332
01112306   314
01112307   225
01112308   238
01112309   339
01112310   314
01112311   347
01112312   599
01112313   330
01112314   181
01112315   584
01112316   718
01112317   301
01112318   247
01112319   217
01112320   319
01112321   543
01112322   560
01112323   488
01112400   508
01112401   263
01112402   172
01112403   415
01112404   482
01112405   444
01112406  2006
01112407  1728
01112408   558
01112409   407
01112410   512
01112411  1070
01112412   849
01112413  1385
01112414  1206
01112415   914
01112416   352
01112417   292
01112418   156
01112419   113
01112420    92
01112421   100
01112422   213
01112423   154
01112500    84
01112501    66
01112502    71
01112503    73
01112504    49
01112505    52
01112506    85
01112507    69
01112508   102
01112509   102
01112510    85
01112511    67
01112512    82
01112513    67
01112514    67
01112515    65
01112516    64
01112517    77
01112518    37
01112519    31
01112520    24
01112521    24
01112522    39
01112523    36
01112600    47
01112601    80
01112602    55
01112603    41
01112604    33
01112605    31
01112606    72
01112607   155
01112608   123
01112609    67
01112610    52
01112611    33
01112612    33
01112613    31
01112614    64
01112615    63
01112616    38
01112617    29
01112618    28
01112619    25
01112620    35
01112621    36
01112622    28
01112623    31
01112700    44
01112701    42
01112702    28
01112703    26
01112704    18
01112705    19
01112706    21
01112707    31
01112708    37
01112709    39
01112710    35
01112711    41
01112712    39
01112713    29
01112714    22
01112715    30
01112716    55
01112717    62
01112718    42
01112719    37
01112720    30
01112721    25
01112722    33
01112723    37
01112800    37
01112801    34
01112802    25
01112803    16
01112804    14
01112805    12
01112806    12
01112807    13
01112808    19
01112809    31
01112810    28
01112811    33
01112812    41
01112813    48
01112814    60
01112815    44
01112816    44
01112817    52
01112818    37
01112819    35
01112820    24
01112821    27
01112822    48
01112823    56
01112900    32
01112901    26
01112902    31
01112903    37
01112904    49
01112905    46
01112906    36
01112907    70
01112908    97
01112909    75
01112910    42
01112911    29
01112912    28
01112913    35
01112914    61
01112915    46
01112916    48
01112917    30
01112918    25
01112919    22
01112920    26
01112921    30
01112922    26
01112923    32
01113000    28
01113001    29
01113002    25
01113003    27
01113004    34
01113005    34
01113006    38
01113007    40
01113008    32
01113009    32
01113010    32
01113011    32
01113012    24
01113013    25
01113014    23
01113015    31
01113016    31
01113017    28
01113018    39
01113019    33
01113020    33
01113021    33
01113022    33
01113023    30

Fri Ju 2
