01100100   447
01100101   638
01100102   760
01100103   783
01100104   863
01100105   900
01100106   580
01100107   883
01100108   678
01100109   806
01100110   633
01100111   498
01100112   804
01100113   752
01100114   537
01100115   580
01100116   580
01100117   549
01100118   321
01100119   205
01100120   424
01100121   472
01100122   544
01100123   518
01100200   321
01100201   409
01100202   532
01100203   594
01100204   646
01100205   751
01100206   852
01100207  1011
01100208   808
01100209   615
01100210   651
01100211   967
01100212   654
01100213   466
01100214   152
01100215   435
01100216   925
01100217  1061
01100218   877
01100219   850
01100220   796
01100221   585
01100222   753
01100223   945
01100300   488
01100301   146
01100302    91
01100303   125
01100304   245
01100305   349
01100306   463
01100307   593
01100308   569
01100309   760
01100310   985
01100311   938
01100312   784
01100313   810
01100314   758
01100315  1176
01100316   987
01100317   466
01100318   241
01100319   274
01100320   206
01100321   318
01100322   527
01100323   461
01100400   584
01100401   185
01100402    80
01100403    64
01100404    53
01100405   114
01100406   361
01100407   623
01100408   722
01100409   500
01100410   210
01100411   617
01100412   326
01100413   132
01100414    92
01100415   151
01100416   220
01100417   226
01100418   134
01100419   132
01100420   208
01100421   192
01100422    54
01100423    42
01100500    89
01100501    65
01100502    40
01100503    65
01100504    48
01100505    31
01100506    46
01100507    75
01100508   126
01100509   234
01100510   206
01100511    90
01100512    70
01100513    66
01100514    64
01100515    73
01100516   245
01100517   503
01100518   234
01100519    57
01100520    60
01100521    45
01100522    44
01100523    44
01100600    45
01100601    42
01100602    74
01100603   165
01100604   173
01100605    88
01100606   124
01100607   254
01100608   251
01100609   159
01100610   132
01100611   185
01100612   153
01100613    53
01100614    50
01100615    47
01100616    49
01100617    42
01100618    51
01100619   100
01100620   294
01100621    86
01100622    52
01100623    45
01100700    39
01100701    35
01100702    31
01100703    34
01100704    29
01100705    33
01100706    36
01100707    39
01100708    48
01100709   102
01100710    59
01100711    46
01100712    53
01100713    60
01100714    70
01100715    56
01100716    54
01100717    39
01100718    30
01100719    36
01100720    45
01100721    64
01100722   132
01100723    71
01100800    52
01100801    88
01100802   137
01100803   141
01100804   192
01100805   224
01100806   143
01100807   276
01100808   206
01100809   255
01100810   318
01100811   359
01100812   336
01100813   430
01100814   578
01100815   462
01100816   489
01100817   287
01100818   226
01100819   160
01100820   114
01100821   249
01100822   583
01100823   473
01100900   475
01100901   283
01100902   172
01100903   162
01100904   192
01100905   159
01100906    96
01100907   165
01100908   586
01100909   621
01100910   208
01100911   225
01100912   596
01100913   771
01100914   817
01100915   641
01100916   247
01100917   106
01100918    70
01100919    81
01100920    62
01100921    49
01100922    39
01100923    32
01101000    30
01101001   104
01101002   128
01101003   106
01101004   146
01101005   178
01101006   181
01101007   196
01101008   230
01101009   246
01101010   281
01101011   264
01101012   385
01101013   518
01101014   260
01101015   275
01101016   245
01101017   354
01101018   608
01101019   264
01101020   136
01101021   113
01101022   159
01101023   154
01101100   165
01101101   300
01101102   159
01101103   176
01101104   322
01101105   297
01101106   344
01101107   115
01101108    56
01101109    51
01101110    63
01101111   173
01101112   447
01101113   421
01101114   341
01101115   376
01101116   547
01101117  1389
01101118  1210
01101119   929
01101120   414
01101121   186
01101122   105
01101123   107
01101200   125
01101201   113
01101202   466
01101203   675
01101204   257
01101205   216
01101206   397
01101207   231
01101208   126
01101209   332
01101210   460
01101211   599
01101212   371
01101213   929
01101214   516
01101215   342
01101216   306
01101217   376
01101218   246
01101219   107
01101220   286
01101221   332
01101222   129
01101223   127
01101300   151
01101301   216
01101302   398
01101303   381
01101304   259
01101305   212
01101306   419
01101307   284
01101308   257
01101309   123
01101310   196
01101311   211
01101312   190
01101313   188
01101314    87
01101315    97
01101316    66
01101317   130
01101318   118
01101319   108
01101320    93
01101321    81
01101322    37
01101323    42
01101400    40
01101401    40
01101402    84
01101403   119
01101404   125
01101405   115
01101406   244
01101407   260
01101408   240
01101409   135
01101410   135
01101411   113
01101412   193
01101413   215
01101414   160
01101415   126
01101416   234
01101417   335
01101418   479
01101419   550
01101420   605
01101421   330
01101422   207
01101423   209
01101500   104
01101501   142
01101502   107
01101503   190
01101504   418
01101505   351
01101506   268
01101507    59
01101508    40
01101509    54
01101510    50
01101511    47
01101512    59
01101513    55
01101514    62
01101515    64
01101516    51
01101517    55
01101518    57
01101519    54
01101520    39
01101521    40
01101522    45
01101523   105
01101600   163
01101601   182
01101602   190
01101603    79
01101604    88
01101605   157
01101606   184
01101607   199
01101608   156
01101609   266
01101610   235
01101611   138
01101612   294
01101613   329
01101614   174
01101615    99
01101616   107
01101617   109
01101618   100
01101619    38
01101620    92
01101621    97
01101622    88
01101623   101
01101700   189
01101701   193
01101702   271
01101703   112
01101704    51
01101705    53
01101706    86
01101707    79
01101708    79
01101709    67
01101710    83
01101711    76
01101712    72
01101713    56
01101714    47
01101715    58
01101716    44
01101717    42
01101718    41
01101719    44
01101720    46
01101721    41
01101722    38
01101723    36
01101800    33
01101801    34
01101802    38
01101803    38
01101804    38
01101805    32
01101806    27
01101807    30
01101808    30
01101809    32
01101810    38
01101811    39
01101812    48
01101813    59
01101814    70
01101815    67
01101816    60
01101817    84
01101818   111
01101819    90
01101820    93
01101821    47
01101822    47
01101823    43
01101900    39
01101901    43
01101902    42
01101903    38
01101904    36
01101905    30
01101906    32
01101907    44
01101908   134
01101909   189
01101910   108
01101911   167
01101912   215
01101913   384
01101914   445
01101915   443
01101916   554
01101917   623
01101918   627
01101919   588
01101920   487
01101921   394
01101922   128
01101923    94
01102000    86
01102001    76
01102002    89
01102003    76
01102004   103
01102005   299
01102006   229
01102007   175
01102008    76
01102009   175
01102010   627
01102011   272
01102012   118
01102013   381
01102014   479
01102015   399
01102016   413
01102017   283
01102018   299
01102019   315
01102020   263
01102021   297
01102022   279
01102023   352
01102100   325
01102101   319
01102102   306
01102103   318
01102104   158
01102105    78
01102106    83
01102107   230
01102108   271
01102109   280
01102110   274
01102111   235
01102112   183
01102113   330
01102114   302
01102115   213
01102116   396
01102117  1307
01102118   840
01102119   894
01102120   669
01102121   490
01102122   391
01102123   609
01102200   841
01102201   301
01102202   131
01102203   199
01102204   419
01102205   256
01102206   145
01102207   289
01102208   219
01102209   289
01102210   377
01102211   796
01102212   903
01102213   547
01102214   983
01102215  1291
01102216   687
01102217   916
01102218   783
01102219   973
01102220   644
01102221   469
01102222   442
01102223   562
01102300   335
01102301   446
01102302   241
01102303   225
01102304   435
01102305   307
01102306   189
01102307   185
01102308   138
01102309    54
01102310    46
01102311    44
01102312   113
01102313   186
01102314   247
01102315   156
01102316   152
01102317   141
01102318    49
01102319    57
01102320    74
01102321    59
01102322    41
01102323    34
01102400    36
01102401    26
01102402    39
01102403    32
01102404    25
01102405    32
01102406    25
01102407    39
01102408    38
01102409    35
01102410    56
01102411    43
01102412    41
01102413    39
01102414    38
01102415    41
01102416    44
01102417    38
01102418    37
01102419    37
01102420    43
01102421    44
01102422    40
01102423    28
01102500    27
01102501    27
01102502    33
01102503    34
01102504    33
01102505    42
01102506    38
01102507    42
01102508    48
01102509    98
01102510   105
01102511    55
01102512    52
01102513    56
01102514    74
01102515    86
01102516    52
01102517    54
01102518   133
01102519   344
01102520   414
01102521   331
01102522   173
01102523   134
01102600   124
01102601    75
01102602    48
01102603    40
01102604    42
01102605    47
01102606    52
01102607    70
01102608   136
01102609   233
01102610   233
01102611    80
01102612    50
01102613    44
01102614    37
01102615    35
01102616    37
01102617    75
01102618   154
01102619    43
01102620    28
01102621    42
01102622   161
01102623   142
01102700    86
01102701    69
01102702    64
01102703   176
01102704   393
01102705   123
01102706    96
01102707   141
01102708   145
01102709   154
01102710   184
01102711   250
01102712   177
01102713   141
01102714   263
01102715   133
01102716    48
01102717    96
01102718    50
01102719    22
01102720    34
01102721    27
01102722    44
01102723    46
01102800   131
01102801   318
01102802   245
01102803   703
01102804   950
01102805   718
01102806   381
01102807   478
01102808   466
01102809   356
01102810   606
01102811   559
01102812   524
01102813   679
01102814   532
01102815   245
01102816   364
01102817   666
01102818   772
01102819   620
01102820   314
01102821   494
01102822   315
01102823   196
01102900   240
01102901   337
01102902   336
01102903    99
01102904    79
01102905   229
01102906   385
01102907   180
01102908   123
01102909   146
01102910   349
01102911   471
01102912   341
01102913   453
01102914   635
01102915   428
01102916   361
01102917   380
01102918   403
01102919   308
01102920    66
01102921    48
01102922   147
01102923   178
01103000   130
01103001   152
01103002   180
01103003   187
01103004   326
01103005   171
01103006   131
01103007   231
01103008   356
01103009   297
01103010   332
01103011   259
01103012   155
01103013    68
01103014    44
01103015    96
01103016   228
01103017   109
01103018    72
01103019    45
01103020    46
01103021    43
01103022    36
01103023    62
01103100    29
01103101    27
01103102    96
01103103    48
01103104    28
01103105    31
01103106    47
01103107   105
01103108    60
01103109    45
01103110    39
01103111    37
01103112    71
01103113    90
01103114   257
01103115   340
01103116   364
01103117   353
01103118   294
01103119   246
01103120   594
01103121   676
01103122   534
01103123   285

Fri Ju 2
