01020100   115
01020101   212
01020102    93
01020103   352
01020104   463
01020105   592
01020106   518
01020107   382
01020108   235
01020109    74
01020110    49
01020111   102
01020112    88
01020113    46
01020114    72
01020115   103
01020116   147
01020117   143
01020118   151
01020119   114
01020120    49
01020121   112
01020122    61
01020123    43
01020200    87
01020201   239
01020202   320
01020203   125
01020204    60
01020205    28
01020206    20
01020207    46
01020208    53
01020209   130
01020210   123
01020211    36
01020212    27
01020213    34
01020214    38
01020215    45
01020216    60
01020217    70
01020218    74
01020219    50
01020220    37
01020221    32
01020222    23
01020223    55
01020300    27
01020301    19
01020302    16
01020303     7
01020304     7
01020305    12
01020306    20
01020307    21
01020308    22
01020309    28
01020310    32
01020311    30
01020312    33
01020313    38
01020314    44
01020315    40
01020316    38
01020317    35
01020318    31
01020319    27
01020320    21
01020321    20
01020322    16
01020323    13
01020400    12
01020401    11
01020402    14
01020403    18
01020404    17
01020405    15
01020406    24
01020407    24
01020408    23
01020409    24
01020410    24
01020411    25
01020412    30
01020413    34
01020414    34
01020415    38
01020416    39
01020417    47
01020418    71
01020419    66
01020420    19
01020421    17
01020422    16
01020423    17
01020500    18
01020501    17
01020502    16
01020503    21
01020504    20
01020505    23
01020506    29
01020507    31
01020508    33
01020509    48
01020510    29
01020511    23
01020512    27
01020513    44
01020514   113
01020515    79
01020516    37
01020517    37
01020518    35
01020519    32
01020520    34
01020521    22
01020522    21
01020523   123
01020600   229
01020601   114
01020602    97
01020603   105
01020604   158
01020605   109
01020606    78
01020607   342
01020608   474
01020609   276
01020610   162
01020611   283
01020612    95
01020613    42
01020614    35
01020615    42
01020616   137
01020617   194
01020618   313
01020619   132
01020620   196
01020621   309
01020622   147
01020623   169
01020700   321
01020701   136
01020702   125
01020703   225
01020704   318
01020705    73
01020706    55
01020707    33
01020708    69
01020709   110
01020710    70
01020711    29
01020712    23
01020713    25
01020714    35
01020715    26
01020716    27
01020717   138
01020718   208
01020719   124
01020720    98
01020721    77
01020722    32
01020723    21
01020800    17
01020801    17
01020802    45
01020803   113
01020804   138
01020805   117
01020806    58
01020807    40
01020808    97
01020809   131
01020810   164
01020811    57
01020812    34
01020813    23
01020814    23
01020815    28
01020816    49
01020817   181
01020818   226
01020819   289
01020820   140
01020821   165
01020822   238
01020823   190
01020900    30
01020901    22
01020902    19
01020903    18
01020904    23
01020905    32
01020906    16
01020907    21
01020908    38
01020909    31
01020910    33
01020911    87
01020912   156
01020913   195
01020914    97
01020915    86
01020916   141
01020917    65
01020918   106
01020919   117
01020920   262
01020921   196
01020922    32
01020923    28
01021000    37
01021001    35
01021002    33
01021003   111
01021004   103
01021005    60
01021006    72
01021007    83
01021008   115
01021009    47
01021010   101
01021011   163
01021012    55
01021013    33
01021014   111
01021015   275
01021016   429
01021017   259
01021018    83
01021019    43
01021020    34
01021021    26
01021022    22
01021023    23
01021100    67
01021101    97
01021102    83
01021103   153
01021104    30
01021105    33
01021106    68
01021107   211
01021108   312
01021109   224
01021110   112
01021111   180
01021112   100
01021113    39
01021114    43
01021115    47
01021116    41
01021117    32
01021118    42
01021119    72
01021120    49
01021121    60
01021122    50
01021123    40
01021200    95
01021201    50
01021202    66
01021203    51
01021204    56
01021205    37
01021206    37
01021207    36
01021208    35
01021209    37
01021210    59
01021211    33
01021212    52
01021213    50
01021214   111
01021215    80
01021216    96
01021217    89
01021218    82
01021219   119
01021220   330
01021221   401
01021222   305
01021223   151
01021300   179
01021301   163
01021302   277
01021303   150
01021304   193
01021305   365
01021306   352
01021307   177
01021308   265
01021309   532
01021310   332
01021311   222
01021312   164
01021313   405
01021314   404
01021315   105
01021316   531
01021317   302
01021318   695
01021319   972
01021320   818
01021321   629
01021322   652
01021323   283
01021400   291
01021401   428
01021402   460
01021403   330
01021404   435
01021405   425
01021406   326
01021407   151
01021408    99
01021409   208
01021410   633
01021411   478
01021412   500
01021413   712
01021414   728
01021415   814
01021416   618
01021417   417
01021418   471
01021419   171
01021420    81
01021421   142
01021422   312
01021423    99
01021500    62
01021501    99
01021502    33
01021503    22
01021504    48
01021505    50
01021506   138
01021507   116
01021508    70
01021509   340
01021510   240
01021511   146
01021512    99
01021513    71
01021514    70
01021515    48
01021516    80
01021517    66
01021518    41
01021519    29
01021520    50
01021521    29
01021522    33
01021523    25
01021600    27
01021601    27
01021602    29
01021603    35
01021604    25
01021605    17
01021606    19
01021607    14
01021608    20
01021609    34
01021610    29
01021611    65
01021612    65
01021613    46
01021614    51
01021615    66
01021616    80
01021617    71
01021618    98
01021619    44
01021620    26
01021621    63
01021622    44
01021623    38
01021700    33
01021701    40
01021702    44
01021703    24
01021704    15
01021705    13
01021706    26
01021707    20
01021708    28
01021709    41
01021710    76
01021711    92
01021712    50
01021713    47
01021714    43
01021715    61
01021716   240
01021717   233
01021718    59
01021719    22
01021720    23
01021721    30
01021722    41
01021723    38
01021800    50
01021801    31
01021802    24
01021803    25
01021804    22
01021805    35
01021806    38
01021807    49
01021808    56
01021809    40
01021810    35
01021811    24
01021812    19
01021813    21
01021814    77
01021815   173
01021816   176
01021817   127
01021818    43
01021819    22
01021820    22
01021821    40
01021822    55
01021823    61
01021900    40
01021901    40
01021902    35
01021903    58
01021904    68
01021905   109
01021906   152
01021907   199
01021908   139
01021909   174
01021910   107
01021911    48
01021912    37
01021913    86
01021914   108
01021915   174
01021916   112
01021917    79
01021918    76
01021919   149
01021920    63
01021921    37
01021922    26
01021923    27
01022000    32
01022001    29
01022002    57
01022003    96
01022004    90
01022005    80
01022006    49
01022007    34
01022008    35
01022009    53
01022010   183
01022011   460
01022012   223
01022013    57
01022014    38
01022015    23
01022016    16
01022017    18
01022018    32
01022019    33
01022020   121
01022021    96
01022022    80
01022023   157
01022100   181
01022101   179
01022102   118
01022103   116
01022104    90
01022105    51
01022106    47
01022107    64
01022108    61
01022109   207
01022110   260
01022111   131
01022112   224
01022113   411
01022114    85
01022115    53
01022116    53
01022117    54
01022118    53
01022119    29
01022120    45
01022121   164
01022122    43
01022123    48
01022200    31
01022201    29
01022202    22
01022203    20
01022204    35
01022205    49
01022206   144
01022207    95
01022208   141
01022209   138
01022210    43
01022211    25
01022212    25
01022213    26
01022214    61
01022215   136
01022216   315
01022217   336
01022218   369
01022219   331
01022220   378
01022221   379
01022222   316
01022223   343
01022300   423
01022301   264
01022302   106
01022303   267
01022304   266
01022305   198
01022306   139
01022307   531
01022308   401
01022309   374
01022310   374
01022311   359
01022312   270
01022313   363
01022314   148
01022315   153
01022316   250
01022317   193
01022318    85
01022319    88
01022320   153
01022321   236
01022322   208
01022323   131
01022400    69
01022401    81
01022402    95
01022403   220
01022404   116
01022405    36
01022406    34
01022407    36
01022408    44
01022409    37
01022410   116
01022411   106
01022412   122
01022413   231
01022414   145
01022415   112
01022416    70
01022417    31
01022418    21
01022419    20
01022420    22
01022421    20
01022422    15
01022423    15
01022500    15
01022501    17
01022502    20
01022503    21
01022504    39
01022505    33
01022506    54
01022507    75
01022508    53
01022509   104
01022510    50
01022511    48
01022512    46
01022513    44
01022514    42
01022515    47
01022516    38
01022517    30
01022518    36
01022519   206
01022520   118
01022521    33
01022522    30
01022523    40
01022600    63
01022601   135
01022602    54
01022603    68
01022604    52
01022605    52
01022606   103
01022607   150
01022608   194
01022609   164
01022610   118
01022611    65
01022612    70
01022613   113
01022614   141
01022615   216
01022616   747
01022617   318
01022618   152
01022619   356
01022620   598
01022621   712
01022622   549
01022623   445
01022700   480
01022701   278
01022702   156
01022703   165
01022704   344
01022705   428
01022706   430
01022707   488
01022708   405
01022709   404
01022710   241
01022711   322
01022712   185
01022713    86
01022714    68
01022715    82
01022716   177
01022717   147
01022718    64
01022719    37
01022720    40
01022721    26
01022722    31
01022723    34
01022800    29
01022801    31
01022802    24
01022803    23
01022804    29
01022805    39
01022806    60
01022807    37
01022808    31
01022809    35
01022810    47
01022811   183
01022812   102
01022813   123
01022814   394
01022815   268
01022816    62
01022817   141
01022818   353
01022819   268
01022820    92
01022821   107
01022822    70
01022823   128

Fri Ju 2
