01090100    84
01090101    98
01090102   119
01090103   116
01090104    53
01090105    74
01090106   133
01090107   163
01090108   216
01090109   121
01090110    69
01090111   164
01090112    74
01090113    56
01090114    53
01090115    52
01090116    65
01090117    52
01090118    82
01090119   102
01090120    68
01090121    46
01090122    53
01090123    54
01090200    49
01090201    43
01090202    36
01090203    28
01090204    18
01090205    28
01090206    34
01090207    36
01090208    50
01090209    50
01090210    91
01090211   186
01090212   210
01090213   127
01090214   156
01090215   263
01090216   385
01090217   644
01090218   396
01090219   184
01090220    59
01090221    88
01090222   126
01090223   270
01090300   145
01090301    96
01090302   111
01090303   163
01090304   184
01090305   105
01090306   176
01090307   210
01090308   261
01090309   367
01090310   329
01090311   268
01090312   376
01090313   290
01090314   180
01090315   302
01090316   298
01090317   241
01090318   272
01090319   460
01090320   335
01090321   488
01090322   379
01090323   503
01090400   632
01090401   441
01090402   296
01090403   489
01090404   728
01090405   396
01090406   358
01090407   364
01090408   451
01090409   163
01090410    66
01090411   242
01090412   238
01090413    48
01090414    53
01090415   114
01090416   312
01090417   497
01090418   206
01090419   214
01090420   203
01090421   133
01090422    99
01090423   282
01090500   356
01090501   460
01090502   528
01090503   216
01090504    45
01090505    31
01090506    31
01090507    83
01090508   109
01090509    53
01090510    54
01090511    59
01090512    75
01090513   171
01090514   316
01090515   389
01090516   221
01090517   397
01090518   450
01090519   266
01090520    64
01090521    73
01090522    76
01090523    62
01090600    86
01090601   156
01090602    61
01090603    43
01090604    30
01090605    29
01090606   171
01090607   246
01090608   180
01090609   195
01090610   380
01090611   272
01090612   156
01090613   129
01090614    99
01090615   101
01090616    53
01090617    50
01090618    38
01090619   110
01090620   231
01090621   398
01090622   109
01090623    68
01090700    62
01090701    60
01090702    49
01090703    37
01090704    28
01090705    27
01090706    34
01090707    44
01090708    49
01090709    56
01090710    57
01090711    61
01090712    65
01090713    66
01090714    60
01090715    60
01090716    53
01090717    65
01090718    39
01090719    49
01090720    58
01090721    50
01090722   101
01090723   267
01090800   184
01090801   297
01090802   312
01090803   306
01090804   290
01090805   247
01090806   173
01090807   211
01090808   201
01090809   137
01090810    70
01090811   120
01090812   113
01090813   126
01090814   188
01090815   248
01090816   305
01090817   259
01090818   246
01090819   193
01090820   151
01090821    63
01090822    49
01090823    47
01090900    57
01090901    48
01090902    39
01090903    31
01090904    74
01090905    71
01090906    35
01090907    38
01090908   101
01090909   161
01090910   151
01090911   143
01090912    67
01090913    63
01090914    88
01090915   139
01090916    62
01090917    34
01090918    35
01090919    51
01090920    53
01090921    45
01090922    33
01090923    31
01091000    27
01091001    33
01091002    33
01091003    32
01091004    28
01091005    32
01091006    37
01091007    44
01091008    78
01091009    59
01091010    58
01091011    46
01091012    60
01091013    56
01091014    45
01091015    47
01091016    72
01091017    80
01091018    97
01091019    70
01091020    69
01091021    89
01091022   154
01091023   168
01091100    81
01091101    58
01091102    52
01091103    29
01091104    44
01091105    52
01091106    44
01091107    39
01091108    36
01091109    36
01091110    37
01091111    50
01091112    63
01091113    94
01091114   278
01091115   346
01091116   415
01091117   559
01091118   833
01091119   622
01091120   335
01091121   219
01091122   294
01091123   361
01091200   275
01091201   416
01091202   355
01091203   192
01091204   327
01091205   397
01091206   526
01091207   472
01091208   679
01091209   204
01091210   172
01091211   212
01091212   157
01091213   296
01091214   296
01091215   297
01091216   113
01091217    48
01091218   128
01091219   169
01091220   379
01091221   304
01091222   447
01091223   389
01091300    97
01091301    61
01091302   119
01091303   498
01091304   673
01091305   756
01091306   725
01091307   487
01091308   142
01091309   169
01091310   475
01091311   297
01091312   101
01091313    71
01091314   256
01091315   510
01091316   258
01091317   119
01091318   222
01091319   105
01091320    45
01091321    43
01091322    31
01091323    34
01091400    23
01091401    41
01091402    56
01091403    49
01091404    54
01091405    47
01091406    48
01091407    55
01091408    54
01091409    56
01091410    60
01091411    51
01091412    50
01091413    54
01091414    42
01091415    34
01091416    35
01091417    33
01091418    36
01091419    33
01091420    33
01091421    41
01091422    52
01091423   273
01091500   428
01091501   363
01091502   174
01091503    90
01091504   105
01091505   193
01091506    82
01091507    97
01091508   102
01091509   245
01091510   205
01091511   130
01091512   291
01091513   226
01091514   124
01091515   280
01091516   588
01091517   445
01091518   405
01091519   575
01091520   465
01091521   218
01091522   125
01091523   302
01091600   357
01091601   168
01091602    90
01091603    67
01091604    93
01091605    83
01091606    65
01091607    74
01091608    69
01091609    64
01091610    52
01091611    51
01091612   103
01091613   113
01091614    70
01091615    56
01091616   187
01091617   464
01091618   429
01091619   188
01091620   104
01091621   288
01091622   158
01091623    49
01091700    35
01091701    52
01091702    40
01091703    68
01091704   174
01091705   116
01091706   117
01091707   238
01091708   239
01091709   121
01091710    84
01091711   283
01091712   145
01091713    79
01091714    44
01091715    51
01091716    46
01091717    66
01091718    63
01091719    69
01091720    59
01091721    99
01091722   244
01091723    93
01091800    44
01091801    41
01091802    72
01091803   122
01091804    94
01091805   111
01091806    94
01091807    60
01091808    70
01091809    66
01091810    56
01091811    60
01091812    64
01091813    69
01091814    88
01091815    60
01091816    59
01091817   114
01091818   315
01091819   690
01091820   248
01091821    63
01091822    49
01091823    41
01091900    31
01091901    31
01091902    63
01091903   107
01091904   223
01091905   247
01091906   252
01091907   148
01091908    48
01091909   101
01091910    79
01091911    64
01091912    56
01091913    70
01091914    58
01091915    62
01091916    63
01091917    60
01091918    68
01091919   114
01091920    85
01091921   156
01091922   164
01091923   143
01092000    99
01092001    82
01092002    68
01092003    57
01092004    62
01092005    80
01092006    93
01092007    37
01092008    84
01092009   111
01092010   137
01092011   154
01092012   103
01092013    52
01092014    50
01092015    53
01092016    42
01092017    53
01092018    64
01092019    91
01092020    46
01092021    52
01092022    93
01092023   124
01092100    75
01092101    43
01092102    37
01092103    37
01092104    34
01092105    27
01092106    16
01092107    26
01092108    51
01092109    56
01092110    58
01092111    61
01092112    60
01092113    56
01092114    54
01092115    53
01092116    55
01092117    50
01092118    45
01092119    41
01092120    55
01092121    71
01092122    94
01092123    90
01092200    94
01092201    68
01092202    43
01092203    46
01092204    39
01092205    40
01092206   116
01092207   153
01092208   224
01092209   153
01092210   147
01092211   433
01092212   397
01092213   353
01092214   401
01092215   309
01092216   259
01092217   149
01092218    83
01092219    45
01092220    33
01092221    34
01092222    36
01092223    38
01092300    37
01092301    38
01092302    60
01092303   106
01092304   266
01092305   368
01092306   750
01092307   618
01092308   200
01092309   123
01092310   216
01092311   383
01092312   569
01092313   817
01092314   943
01092315   803
01092316   971
01092317  1260
01092318  1007
01092319   874
01092320   573
01092321   136
01092322   234
01092323   652
01092400   349
01092401   154
01092402   108
01092403   180
01092404   175
01092405    74
01092406    35
01092407    18
01092408    28
01092409    33
01092410    43
01092411    50
01092412    55
01092413    71
01092414    86
01092415    86
01092416    95
01092417   121
01092418   129
01092419   166
01092420    42
01092421    31
01092422    33
01092423    33
01092500    35
01092501    41
01092502    41
01092503    59
01092504   150
01092505   284
01092506   314
01092507   170
01092508    70
01092509   106
01092510    72
01092511    79
01092512    74
01092513    97
01092514    97
01092515    39
01092516    28
01092517    41
01092518   107
01092519   159
01092520   737
01092521  1207
01092522  1753
01092523  1406
01092600   662
01092601   703
01092602   417
01092603   613
01092604   499
01092605   624
01092606   857
01092607   829
01092608   773
01092609  1040
01092610   550
01092611   207
01092612   167
01092613   191
01092614   195
01092615   201
01092616   345
01092617   335
01092618   178
01092619   317
01092620   140
01092621   112
01092622   115
01092623   218
01092700   215
01092701   193
01092702   124
01092703   106
01092704    90
01092705    55
01092706    51
01092707    44
01092708    88
01092709    93
01092710   273
01092711   201
01092712    61
01092713    60
01092714   139
01092715   635
01092716   629
01092717   715
01092718   616
01092719   530
01092720   244
01092721   279
01092722   220
01092723   387
01092800   386
01092801   459
01092802   193
01092803    84
01092804   127
01092805   410
01092806   455
01092807   496
01092808   126
01092809    94
01092810    92
01092811   243
01092812   380
01092813   661
01092814   628
01092815   304
01092816   317
01092817   375
01092818   154
01092819   103
01092820   369
01092821   435
01092822   269
01092823   327
01092900   484
01092901   498
01092902   407
01092903   356
01092904   403
01092905   189
01092906   392
01092907   529
01092908   496
01092909   460
01092910   755
01092911   560
01092912   226
01092913   104
01092914    50
01092915   121
01092916   431
01092917   714
01092918   709
01092919   787
01092920   944
01092921   731
01092922   821
01092923   605
01093000   475
01093001   416
01093002   254
01093003   136
01093004   192
01093005   342
01093006   297
01093007   226
01093008   187
01093009   154
01093010   148
01093011   151
01093012   147
01093013   179
01093014   603
01093015   806
01093016   760
01093017   883
01093018   866
01093019   759
01093020   577
01093021   578
01093022    97
01093023    79

Fri Ju 2
