01030100   330
01030101   166
01030102   125
01030103    80
01030104    43
01030105    57
01030106    53
01030107    65
01030108    61
01030109    53
01030110    64
01030111    48
01030112    46
01030113    42
01030114    35
01030115    49
01030116    55
01030117   162
01030118    89
01030119    89
01030120    65
01030121    49
01030122    43
01030123    47
01030200    55
01030201    64
01030202    70
01030203    41
01030204    53
01030205    71
01030206   244
01030207   128
01030208    70
01030209    73
01030210   150
01030211   123
01030212   179
01030213   116
01030214    97
01030215   100
01030216   316
01030217   444
01030218   611
01030219   270
01030220    93
01030221   160
01030222   371
01030223   300
01030300   361
01030301   277
01030302   316
01030303   241
01030304   174
01030305   169
01030306    86
01030307    38
01030308    38
01030309    51
01030310    87
01030311   623
01030312   704
01030313   385
01030314    83
01030315   184
01030316   409
01030317   271
01030318   294
01030319   828
01030320   450
01030321   115
01030322    81
01030323   172
01030400   280
01030401   395
01030402   263
01030403   147
01030404   142
01030405   346
01030406   361
01030407   171
01030408    49
01030409    87
01030410   445
01030411   676
01030412   457
01030413   510
01030414   367
01030415   292
01030416   297
01030417   381
01030418   562
01030419   655
01030420   908
01030421  1088
01030422   883
01030423   434
01030500   547
01030501   517
01030502   487
01030503   290
01030504   166
01030505   199
01030506   148
01030507   327
01030508   467
01030509   282
01030510   416
01030511   193
01030512   134
01030513    51
01030514    93
01030515    87
01030516    95
01030517   192
01030518    74
01030519    37
01030520    39
01030521    48
01030522    35
01030523    37
01030600    35
01030601    94
01030602   122
01030603    75
01030604   106
01030605    87
01030606   105
01030607    30
01030608    45
01030609    73
01030610    45
01030611    45
01030612    98
01030613    51
01030614    94
01030615    77
01030616    56
01030617   102
01030618   144
01030619   328
01030620   399
01030621   162
01030622    52
01030623    48
01030700    85
01030701   169
01030702    89
01030703    63
01030704   123
01030705   280
01030706   217
01030707   113
01030708    77
01030709    58
01030710   204
01030711   327
01030712   202
01030713    60
01030714    70
01030715    70
01030716   483
01030717   451
01030718   189
01030719    61
01030720    54
01030721    45
01030722    41
01030723    43
01030800    36
01030801    40
01030802    43
01030803    35
01030804    32
01030805    73
01030806   198
01030807   253
01030808   170
01030809   274
01030810   202
01030811    58
01030812    47
01030813    40
01030814    63
01030815    53
01030816   118
01030817   177
01030818   157
01030819   331
01030820   238
01030821   335
01030822   264
01030823   110
01030900   119
01030901   129
01030902    40
01030903    38
01030904    38
01030905    99
01030906   148
01030907    49
01030908    52
01030909    42
01030910    73
01030911    86
01030912   138
01030913   193
01030914   263
01030915   248
01030916    85
01030917    43
01030918    42
01030919    44
01030920    46
01030921    35
01030922    32
01030923    31
01031000    28
01031001    33
01031002    43
01031003    43
01031004   150
01031005    87
01031006    60
01031007    51
01031008    86
01031009   109
01031010    86
01031011   113
01031012   123
01031013   100
01031014    68
01031015    63
01031016    67
01031017   129
01031018   230
01031019   210
01031020    86
01031021    43
01031022    59
01031023    52
01031100    42
01031101    34
01031102    50
01031103   150
01031104    61
01031105    33
01031106    41
01031107    41
01031108    42
01031109    65
01031110    75
01031111    55
01031112    50
01031113   126
01031114    58
01031115    64
01031116    76
01031117    64
01031118    60
01031119    49
01031120    48
01031121    43
01031122    39
01031123    38
01031200    33
01031201    36
01031202    35
01031203    33
01031204    33
01031205    26
01031206    40
01031207   101
01031208   142
01031209   203
01031210   222
01031211   461
01031212   429
01031213   190
01031214    94
01031215    73
01031216   117
01031217   446
01031218   510
01031219   567
01031220   510
01031221   477
01031222   451
01031223   438
01031300   386
01031301   179
01031302   192
01031303   179
01031304    69
01031305    72
01031306   206
01031307   186
01031308   134
01031309   175
01031310   503
01031311   503
01031312   213
01031313    72
01031314    56
01031315    46
01031316    83
01031317    94
01031318   109
01031319    60
01031320    87
01031321   273
01031322   166
01031323   137
01031400   350
01031401   211
01031402   133
01031403   159
01031404   187
01031405   207
01031406   223
01031407   232
01031408   321
01031409   313
01031410   155
01031411   124
01031412   249
01031413   175
01031414    41
01031415    36
01031416    67
01031417   165
01031418   240
01031419    91
01031420    68
01031421    93
01031422   103
01031423    42
01031500    42
01031501    37
01031502    36
01031503    29
01031504    32
01031505    46
01031506    57
01031507   136
01031508   127
01031509    91
01031510    75
01031511    51
01031512    46
01031513    48
01031514    54
01031515    68
01031516    49
01031517    42
01031518    34
01031519    42
01031520   107
01031521    85
01031522    47
01031523    48
01031600    43
01031601    34
01031602    25
01031603    23
01031604    22
01031605    28
01031606    36
01031607    37
01031608    37
01031609    44
01031610    52
01031611    48
01031612    48
01031613    48
01031614    51
01031615   121
01031616   150
01031617   106
01031618    36
01031619    33
01031620    67
01031621   172
01031622    54
01031623    40
01031700    29
01031701    22
01031702    25
01031703    33
01031704    31
01031705    31
01031706    34
01031707    40
01031708    41
01031709    43
01031710    45
01031711    46
01031712    56
01031713    95
01031714    71
01031715    56
01031716    85
01031717   267
01031718   165
01031719   222
01031720   280
01031721    64
01031722    70
01031723    47
01031800   140
01031801   267
01031802   235
01031803    77
01031804   162
01031805   240
01031806   237
01031807   144
01031808    81
01031809    83
01031810   247
01031811   213
01031812   322
01031813   253
01031814   148
01031815    71
01031816    96
01031817   215
01031818    88
01031819    30
01031820    56
01031821   214
01031822   352
01031823   235
01031900   269
01031901   188
01031902   281
01031903   240
01031904   231
01031905   233
01031906   314
01031907   279
01031908    91
01031909   177
01031910   334
01031911   160
01031912   369
01031913   629
01031914   332
01031915   183
01031916   756
01031917  1099
01031918   979
01031919   918
01031920  1044
01031921   615
01031922   585
01031923   589
01032000   317
01032001   590
01032002   518
01032003   495
01032004   713
01032005   634
01032006   616
01032007   691
01032008   543
01032009  1090
01032010   936
01032011   773
01032012   808
01032013   616
01032014  1372
01032015  1026
01032016   900
01032017  1184
01032018   964
01032019   719
01032020   575
01032021   327
01032022   272
01032023   394
01032100   450
01032101   328
01032102   378
01032103   313
01032104   177
01032105   135
01032106   155
01032107   263
01032108   136
01032109   159
01032110   123
01032111   158
01032112   152
01032113    86
01032114    91
01032115    63
01032116    53
01032117    48
01032118    37
01032119    29
01032120    23
01032121    23
01032122    26
01032123    32
01032200    30
01032201    29
01032202    28
01032203    30
01032204    32
01032205    26
01032206    25
01032207    33
01032208    39
01032209    44
01032210    51
01032211    55
01032212    55
01032213    68
01032214    60
01032215    74
01032216   566
01032217   618
01032218   466
01032219   296
01032220   434
01032221   527
01032222   274
01032223   175
01032300   188
01032301   378
01032302   483
01032303   305
01032304   619
01032305   374
01032306   370
01032307   532
01032308   566
01032309   566
01032310   492
01032311   603
01032312   547
01032313   450
01032314   668
01032315   779
01032316   712
01032317   368
01032318   382
01032319   463
01032320   726
01032321   349
01032322   114
01032323    75
01032400    68
01032401    55
01032402    80
01032403    56
01032404    67
01032405   349
01032406   442
01032407   429
01032408   268
01032409   254
01032410   130
01032411   152
01032412   297
01032413   474
01032414   413
01032415   302
01032416   129
01032417   219
01032418   269
01032419   105
01032420    44
01032421    34
01032422    52
01032423    62
01032500    60
01032501    53
01032502    61
01032503   183
01032504   209
01032505   105
01032506   152
01032507   194
01032508   327
01032509   240
01032510   374
01032511   194
01032512   174
01032513   158
01032514    88
01032515    62
01032516    68
01032517    69
01032518    47
01032519    58
01032520   144
01032521    70
01032522    61
01032523    59
01032600    50
01032601    47
01032602    41
01032603    38
01032604    39
01032605    35
01032606    40
01032607    42
01032608    48
01032609    56
01032610    71
01032611   107
01032612   254
01032613   134
01032614    63
01032615    58
01032616    81
01032617    65
01032618    96
01032619   164
01032620    93
01032621    37
01032622    48
01032623    61
01032700    80
01032701   295
01032702   350
01032703   284
01032704   100
01032705    79
01032706   149
01032707   206
01032708   122
01032709   269
01032710   243
01032711   120
01032712   106
01032713   110
01032714    97
01032715    71
01032716    88
01032717   239
01032718   246
01032719   249
01032720   425
01032721  1227
01032722   837
01032723   205
01032800   219
01032801   171
01032802   122
01032803    94
01032804    91
01032805    74
01032806    81
01032807   126
01032808   486
01032809   776
01032810   495
01032811   440
01032812   646
01032813   717
01032814   900
01032815   619
01032816   552
01032817   600
01032818   200
01032819   163
01032820    94
01032821   229
01032822   315
01032823   341
01032900   423
01032901   466
01032902   424
01032903   337
01032904   382
01032905   504
01032906   523
01032907   555
01032908   509
01032909   324
01032910   259
01032911   361
01032912   220
01032913   260
01032914   198
01032915   351
01032916   212
01032917   330
01032918   206
01032919    91
01032920   125
01032921   176
01032922   199
01032923   250
01033000   184
01033001   153
01033002   128
01033003   137
01033004    82
01033005    97
01033006   147
01033007   174
01033008   213
01033009   260
01033010   251
01033011   234
01033012   320
01033013   222
01033014   125
01033015   120
01033016   246
01033017   247
01033018   247
01033019    54
01033020    57
01033021    91
01033022   111
01033023   251
01033100   405
01033101   689
01033102   417
01033103   936
01033104   946
01033105   668
01033106   492
01033107   792
01033108   753
01033109   302
01033110   200
01033111   243
01033112   286
01033113   751
01033114   481
01033115   537
01033116  1524
01033117  1124
01033118  1503
01033119   641
01033120  1055
01033121   960
01033122   742
01033123   332

Fri Ju 2
