01080100   461
01080101   407
01080102   236
01080103   205
01080104   135
01080105   132
01080106   248
01080107   114
01080108   144
01080109   127
01080110   425
01080111   511
01080112   156
01080113    79
01080114    96
01080115   158
01080116   345
01080117   377
01080118   138
01080119    95
01080120    92
01080121   107
01080122    94
01080123    85
01080200    58
01080201    56
01080202    54
01080203    44
01080204    40
01080205   150
01080206   421
01080207   239
01080208    62
01080209    58
01080210   102
01080211   110
01080212   182
01080213   161
01080214    58
01080215   108
01080216   135
01080217   201
01080218    78
01080219    61
01080220    74
01080221    67
01080222    78
01080223   110
01080300   269
01080301   291
01080302   146
01080303   265
01080304   243
01080305   416
01080306   432
01080307   526
01080308   552
01080309   302
01080310   369
01080311   297
01080312   216
01080313   253
01080314   232
01080315   152
01080316   114
01080317    50
01080318    58
01080319   117
01080320   313
01080321   249
01080322   144
01080323   152
01080400   143
01080401    76
01080402    54
01080403   110
01080404   122
01080405   138
01080406   127
01080407    45
01080408    79
01080409    59
01080410   119
01080411   208
01080412   364
01080413   359
01080414   404
01080415   470
01080416   560
01080417   475
01080418   421
01080419   436
01080420   371
01080421   209
01080422   180
01080423   102
01080500   277
01080501   434
01080502   209
01080503    94
01080504    98
01080505   239
01080506   564
01080507   678
01080508   493
01080509   854
01080510   483
01080511   509
01080512   488
01080513   802
01080514  1204
01080515   395
01080516   183
01080517    94
01080518   106
01080519   263
01080520   350
01080521   159
01080522    62
01080523    78
01080600    65
01080601   126
01080602   155
01080603   317
01080604   413
01080605   205
01080606   198
01080607   207
01080608   234
01080609   720
01080610   604
01080611   554
01080612   723
01080613   723
01080614   672
01080615   542
01080616   705
01080617   578
01080618   455
01080619   413
01080620   208
01080621   176
01080622   427
01080623   168
01080700   117
01080701   277
01080702   465
01080703   343
01080704   282
01080705   315
01080706   304
01080707   168
01080708   159
01080709   410
01080710   323
01080711   204
01080712   222
01080713   149
01080714    67
01080715    83
01080716    60
01080717    74
01080718    72
01080719    83
01080720    73
01080721    80
01080722    95
01080723   143
01080800   202
01080801   279
01080802   343
01080803   151
01080804    36
01080805    58
01080806   243
01080807   183
01080808   193
01080809   125
01080810   274
01080811   303
01080812   175
01080813   173
01080814   158
01080815    82
01080816    67
01080817    52
01080818    49
01080819    69
01080820    56
01080821    53
01080822    43
01080823    45
01080900    66
01080901    65
01080902    77
01080903   140
01080904   303
01080905   248
01080906    66
01080907    76
01080908    41
01080909    66
01080910    58
01080911    84
01080912   118
01080913   194
01080914   208
01080915   236
01080916   299
01080917   134
01080918   141
01080919   208
01080920   133
01080921    97
01080922   108
01080923   107
01081000    70
01081001    57
01081002    78
01081003    51
01081004    50
01081005   105
01081006   151
01081007   192
01081008   147
01081009   129
01081010    87
01081011    76
01081012    73
01081013    76
01081014    64
01081015    73
01081016   110
01081017   144
01081018   101
01081019   188
01081020   343
01081021   313
01081022   262
01081023   484
01081100   577
01081101   238
01081102    85
01081103    68
01081104    50
01081105    50
01081106    61
01081107    74
01081108    88
01081109    99
01081110    67
01081111    54
01081112    59
01081113    50
01081114    51
01081115    51
01081116    54
01081117    85
01081118   107
01081119   109
01081120    80
01081121   102
01081122   257
01081123   433
01081200   245
01081201   129
01081202   117
01081203   128
01081204   136
01081205    95
01081206   124
01081207   185
01081208   104
01081209    94
01081210    81
01081211    93
01081212    82
01081213    63
01081214    65
01081215   144
01081216   310
01081217   598
01081218   522
01081219   340
01081220   180
01081221   224
01081222   160
01081223   299
01081300   412
01081301   167
01081302   501
01081303   889
01081304   589
01081305   100
01081306   147
01081307   273
01081308   220
01081309   130
01081310   318
01081311   140
01081312   166
01081313   359
01081314   119
01081315    88
01081316   112
01081317   173
01081318   553
01081319   247
01081320    96
01081321   122
01081322   218
01081323   188
01081400   155
01081401   122
01081402   217
01081403   154
01081404   166
01081405   177
01081406   128
01081407   143
01081408   170
01081409   119
01081410   256
01081411   748
01081412   476
01081413   349
01081414   217
01081415   237
01081416   384
01081417   138
01081418   163
01081419   230
01081420   258
01081421   325
01081422   469
01081423   141
01081500   128
01081501   207
01081502   101
01081503    80
01081504   250
01081505   419
01081506   229
01081507   116
01081508   203
01081509   146
01081510    73
01081511   134
01081512    73
01081513    86
01081514    57
01081515   120
01081516   271
01081517   198
01081518   212
01081519   392
01081520   140
01081521   106
01081522   138
01081523   140
01081600    67
01081601    52
01081602    47
01081603    59
01081604    80
01081605    65
01081606    63
01081607    71
01081608    70
01081609    92
01081610   173
01081611    63
01081612    56
01081613    44
01081614   101
01081615    81
01081616   127
01081617    91
01081618    62
01081619    70
01081620   106
01081621    82
01081622    68
01081623    81
01081700    94
01081701    50
01081702   125
01081703    75
01081704    56
01081705    78
01081706   129
01081707   103
01081708   137
01081709   103
01081710    78
01081711   500
01081712  1014
01081713   661
01081714   697
01081715   487
01081716   875
01081717  1106
01081718  1022
01081719  1536
01081720  1342
01081721   888
01081722   372
01081723   215
01081800   115
01081801    90
01081802    83
01081803    84
01081804    69
01081805    53
01081806   122
01081807    50
01081808    38
01081809    40
01081810    41
01081811    45
01081812    68
01081813    58
01081814    99
01081815    89
01081816   114
01081817   111
01081818   115
01081819   100
01081820    80
01081821    70
01081822   116
01081823    85
01081900    37
01081901    65
01081902    39
01081903    30
01081904    37
01081905    58
01081906    80
01081907    67
01081908    62
01081909    76
01081910    89
01081911    89
01081912    96
01081913    78
01081914    48
01081915    51
01081916    33
01081917    66
01081918    74
01081919    91
01081920    53
01081921    44
01081922    36
01081923    40
01082000    42
01082001    61
01082002    45
01082003    31
01082004    37
01082005    30
01082006    22
01082007    33
01082008    52
01082009    81
01082010    89
01082011   154
01082012    89
01082013   110
01082014    97
01082015    67
01082016   112
01082017    81
01082018    65
01082019    76
01082020    86
01082021    81
01082022    66
01082023    69
01082100    68
01082101    80
01082102    79
01082103    49
01082104    34
01082105    26
01082106    38
01082107    43
01082108    87
01082109   103
01082110   358
01082111   461
01082112   124
01082113    74
01082114    92
01082115   224
01082116   464
01082117   245
01082118   415
01082119   139
01082120   208
01082121   238
01082122   133
01082123   123
01082200   122
01082201   112
01082202   108
01082203   212
01082204   341
01082205   409
01082206   195
01082207   228
01082208   106
01082209   204
01082210   544
01082211   602
01082212   516
01082213   387
01082214   666
01082215   641
01082216   608
01082217   468
01082218   830
01082219   647
01082220   704
01082221   728
01082222   497
01082223   389
01082300   429
01082301   356
01082302   459
01082303   216
01082304    87
01082305   209
01082306   488
01082307   262
01082308    76
01082309    50
01082310    78
01082311    88
01082312   146
01082313   157
01082314   173
01082315   178
01082316    97
01082317    74
01082318    57
01082319    83
01082320    79
01082321   105
01082322    86
01082323   101
01082400   102
01082401   107
01082402    90
01082403    73
01082404    53
01082405    36
01082406    20
01082407    36
01082408    52
01082409    61
01082410    79
01082411   100
01082412    94
01082413    99
01082414    91
01082415   106
01082416    73
01082417    68
01082418    49
01082419    72
01082420    85
01082421    97
01082422   100
01082423    98
01082500    88
01082501    98
01082502    90
01082503    84
01082504    68
01082505    48
01082506    36
01082507    59
01082508    60
01082509    80
01082510   133
01082511   252
01082512   269
01082513   139
01082514    82
01082515    90
01082516   131
01082517   389
01082518   631
01082519   403
01082520   361
01082521   195
01082522   233
01082523   564
01082600   453
01082601   419
01082602   162
01082603    83
01082604    65
01082605   118
01082606   204
01082607   561
01082608   452
01082609   134
01082610   309
01082611   230
01082612   397
01082613   208
01082614   106
01082615   100
01082616    87
01082617   184
01082618   134
01082619    76
01082620   298
01082621   408
01082622   156
01082623   133
01082700   110
01082701   130
01082702   145
01082703   248
01082704   508
01082705   277
01082706    93
01082707    48
01082708    52
01082709    95
01082710    97
01082711   130
01082712   266
01082713   499
01082714   417
01082715   145
01082716    96
01082717   209
01082718   328
01082719   359
01082720   464
01082721   196
01082722   236
01082723   370
01082800   532
01082801   340
01082802   553
01082803   255
01082804   196
01082805   366
01082806   184
01082807   158
01082808   240
01082809   287
01082810    93
01082811   141
01082812   400
01082813   307
01082814   167
01082815   150
01082816   178
01082817   193
01082818   289
01082819   103
01082820   125
01082821   111
01082822    97
01082823    93
01082900    78
01082901    91
01082902   103
01082903   174
01082904   142
01082905   142
01082906   124
01082907   245
01082908   211
01082909   147
01082910   371
01082911   328
01082912   103
01082913    90
01082914    97
01082915    88
01082916   112
01082917    85
01082918    78
01082919    65
01082920    89
01082921    83
01082922    74
01082923    91
01083000    82
01083001   100
01083002    90
01083003    79
01083004   118
01083005   316
01083006   296
01083007   510
01083008   424
01083009   490
01083010   339
01083011   274
01083012   240
01083013   323
01083014   377
01083015   752
01083016   432
01083017   154
01083018   214
01083019   405
01083020   142
01083021    93
01083022    84
01083023   102
01083100   115
01083101   259
01083102   355
01083103   462
01083104   364
01083105   276
01083106   415
01083107   529
01083108   537
01083109   603
01083110   583
01083111   285
01083112   288
01083113    59
01083114    54
01083115    45
01083116    43
01083117   169
01083118   137
01083119    95
01083120    98
01083121   120
01083122   125
01083123   106

Fri Ju 2
