01010100    16
01010101    19
01010102    24
01010103    27
01010104    29
01010105    25
01010106   129
01010107    54
01010108    66
01010109    66
01010110    58
01010111   152
01010112    32
01010113    23
01010114    25
01010115    29
01010116    28
01010117    27
01010118    22
01010119    72
01010120    77
01010121    16
01010122    12
01010123    33
01010200    26
01010201    42
01010202    67
01010203    34
01010204    16
01010205    10
01010206    13
01010207    14
01010208    14
01010209    14
01010210    14
01010211    18
01010212    22
01010213    27
01010214    30
01010215    29
01010216    31
01010217    29
01010218    83
01010219    35
01010220    31
01010221    26
01010222   166
01010223    47
01010300    30
01010301    65
01010302    98
01010303   358
01010304   398
01010305   404
01010306   306
01010307   134
01010308    54
01010309    32
01010310   110
01010311   380
01010312   238
01010313   255
01010314    59
01010315    43
01010316    32
01010317    26
01010318    29
01010319    24
01010320    16
01010321    18
01010322    20
01010323    52
01010400    42
01010401   227
01010402    75
01010403    53
01010404    33
01010405    65
01010406   103
01010407   272
01010408   235
01010409   122
01010410    60
01010411    46
01010412    49
01010413    49
01010414    88
01010415   286
01010416   386
01010417   204
01010418   137
01010419    72
01010420    27
01010421   169
01010422    73
01010423    41
01010500    33
01010501    42
01010502    56
01010503    44
01010504    47
01010505    56
01010506    56
01010507    62
01010508   118
01010509    67
01010510    34
01010511    53
01010512   136
01010513    79
01010514    24
01010515    30
01010516    41
01010517    85
01010518    92
01010519    82
01010520    34
01010521    53
01010522   196
01010523   232
01010600   117
01010601   117
01010602    89
01010603    71
01010604    26
01010605    17
01010606    56
01010607    68
01010608    30
01010609    44
01010610    40
01010611    67
01010612   113
01010613    33
01010614    30
01010615    79
01010616    74
01010617    41
01010618    25
01010619    22
01010620    26
01010621    52
01010622    39
01010623    46
01010700    44
01010701    59
01010702   111
01010703   142
01010704    88
01010705    84
01010706   113
01010707   132
01010708    62
01010709    40
01010710    34
01010711    42
01010712    26
01010713    24
01010714    29
01010715    61
01010716    83
01010717    64
01010718    27
01010719    42
01010720    38
01010721    57
01010722    57
01010723    48
01010800    73
01010801    55
01010802    79
01010803    91
01010804    64
01010805    58
01010806    67
01010807    60
01010808    42
01010809    50
01010810   146
01010811    51
01010812    44
01010813    23
01010814    26
01010815    21
01010816    94
01010817   258
01010818   299
01010819   244
01010820   596
01010821   615
01010822   345
01010823   194
01010900    85
01010901    42
01010902    41
01010903    34
01010904    29
01010905    28
01010906    24
01010907    28
01010908    54
01010909    96
01010910   202
01010911   234
01010912   147
01010913   174
01010914    97
01010915    40
01010916    33
01010917    71
01010918   134
01010919    57
01010920    84
01010921    59
01010922    53
01010923    36
01011000    17
01011001    20
01011002    21
01011003    18
01011004    25
01011005    23
01011006    10
01011007    22
01011008    34
01011009    25
01011010    25
01011011    23
01011012    37
01011013    39
01011014    81
01011015   236
01011016   337
01011017   390
01011018    85
01011019    49
01011020    49
01011021    40
01011022    22
01011023    21
01011100    16
01011101    92
01011102    66
01011103    18
01011104    24
01011105    20
01011106    26
01011107    36
01011108    47
01011109    42
01011110    63
01011111   108
01011112   178
01011113   213
01011114   253
01011115   410
01011116   443
01011117   516
01011118   517
01011119   211
01011120    74
01011121    64
01011122    66
01011123   170
01011200   335
01011201   155
01011202   133
01011203   131
01011204   231
01011205   312
01011206   239
01011207    81
01011208    61
01011209   130
01011210   250
01011211   338
01011212   212
01011213   142
01011214   138
01011215    67
01011216    45
01011217    31
01011218    24
01011219    24
01011220    24
01011221    26
01011222    26
01011223    20
01011300    22
01011301    22
01011302    23
01011303    22
01011304    18
01011305    21
01011306    65
01011307    79
01011308   103
01011309   104
01011310   161
01011311   110
01011312   168
01011313   440
01011314   211
01011315    87
01011316    72
01011317    93
01011318    54
01011319    33
01011320    16
01011321    32
01011322   120
01011323   169
01011400   169
01011401    44
01011402    90
01011403   144
01011404   132
01011405   136
01011406   243
01011407   132
01011408   163
01011409   150
01011410   282
01011411   137
01011412    60
01011413    46
01011414    36
01011415    49
01011416    44
01011417    77
01011418    42
01011419    60
01011420   179
01011421   216
01011422   195
01011423    92
01011500    36
01011501    19
01011502    20
01011503    16
01011504    14
01011505    11
01011506    12
01011507    38
01011508   186
01011509   234
01011510   217
01011511   308
01011512   328
01011513   110
01011514   185
01011515   298
01011516   368
01011517   501
01011518   454
01011519   216
01011520   132
01011521   210
01011522   297
01011523   135
01011600    92
01011601    49
01011602    17
01011603    10
01011604    13
01011605    14
01011606    31
01011607    32
01011608   120
01011609   239
01011610   207
01011611   141
01011612   193
01011613   453
01011614   200
01011615   163
01011616   333
01011617   326
01011618   325
01011619   188
01011620    73
01011621    58
01011622    34
01011623    54
01011700   162
01011701   263
01011702   120
01011703    19
01011704    12
01011705    24
01011706    18
01011707    26
01011708    21
01011709    17
01011710    21
01011711    23
01011712    27
01011713    32
01011714    34
01011715    45
01011716    48
01011717    52
01011718   213
01011719   173
01011720   163
01011721   139
01011722    69
01011723    47
01011800    40
01011801    31
01011802    21
01011803    14
01011804     9
01011805    10
01011806    13
01011807    34
01011808    95
01011809    51
01011810   114
01011811    33
01011812    33
01011813    29
01011814    29
01011815    32
01011816    35
01011817    31
01011818    25
01011819    20
01011820    18
01011821    81
01011822    96
01011823   112
01011900    59
01011901    37
01011902    34
01011903    35
01011904    27
01011905    16
01011906     9
01011907     8
01011908    13
01011909    17
01011910    22
01011911    32
01011912   121
01011913   134
01011914    54
01011915    48
01011916    32
01011917    33
01011918    59
01011919   180
01011920   179
01011921   200
01011922   114
01011923    59
01012000    46
01012001    37
01012002    29
01012003    25
01012004    24
01012005    20
01012006    41
01012007   119
01012008   327
01012009   116
01012010    29
01012011    37
01012012    75
01012013   354
01012014   323
01012015   357
01012016   426
01012017   410
01012018   500
01012019   156
01012020    51
01012021   138
01012022   460
01012023   340
01012100   324
01012101   376
01012102   311
01012103   269
01012104   154
01012105    87
01012106   125
01012107   264
01012108   291
01012109   695
01012110   511
01012111   450
01012112   653
01012113   725
01012114   753
01012115   622
01012116   358
01012117   630
01012118   757
01012119   763
01012120   773
01012121   600
01012122   145
01012123   164
01012200   206
01012201   350
01012202   289
01012203   200
01012204    67
01012205   105
01012206   166
01012207   117
01012208    55
01012209    49
01012210   157
01012211   217
01012212   188
01012213    98
01012214   119
01012215   137
01012216   322
01012217   246
01012218   216
01012219   248
01012220    93
01012221   189
01012222   248
01012223   189
01012300    99
01012301    77
01012302    75
01012303   127
01012304    64
01012305    46
01012306    23
01012307    18
01012308    63
01012309   104
01012310   158
01012311   142
01012312   106
01012313   180
01012314   247
01012315   504
01012316   427
01012317   220
01012318   294
01012319   791
01012320   594
01012321   530
01012322   317
01012323   335
01012400   211
01012401   126
01012402   170
01012403   460
01012404   214
01012405   107
01012406    45
01012407    79
01012408    62
01012409   123
01012410   221
01012411   490
01012412   757
01012413   642
01012414   844
01012415   789
01012416   743
01012417   873
01012418   616
01012419   744
01012420   632
01012421   289
01012422   208
01012423   156
01012500    73
01012501    48
01012502    40
01012503    30
01012504    33
01012505    28
01012506    22
01012507    33
01012508    38
01012509    21
01012510    19
01012511    35
01012512    28
01012513    33
01012514    38
01012515    42
01012516    44
01012517   149
01012518   421
01012519   160
01012520   170
01012521   306
01012522   252
01012523    90
01012600   161
01012601   156
01012602    92
01012603   135
01012604   245
01012605   292
01012606   308
01012607   376
01012608   475
01012609   386
01012610   314
01012611   265
01012612   217
01012613   276
01012614   194
01012615   124
01012616   151
01012617   253
01012618   290
01012619   159
01012620   197
01012621   334
01012622    68
01012623    58
01012700    76
01012701    78
01012702   134
01012703    86
01012704   189
01012705   192
01012706   123
01012707    51
01012708    66
01012709    73
01012710    78
01012711    99
01012712    63
01012713    56
01012714    40
01012715    66
01012716    73
01012717    61
01012718    74
01012719    81
01012720    54
01012721    48
01012722    51
01012723    34
01012800    27
01012801    22
01012802    32
01012803    48
01012804    37
01012805    61
01012806    87
01012807   130
01012808   159
01012809   188
01012810   203
01012811   196
01012812   303
01012813   235
01012814    95
01012815   114
01012816   194
01012817   168
01012818   390
01012819   357
01012820   106
01012821    80
01012822   158
01012823   187
01012900   166
01012901   152
01012902   591
01012903   383
01012904    82
01012905    41
01012906    47
01012907    58
01012908   229
01012909   106
01012910   104
01012911   114
01012912    82
01012913    78
01012914   100
01012915    87
01012916    96
01012917   116
01012918   170
01012919   220
01012920    82
01012921   159
01012922   198
01012923   166
01013000    79
01013001    49
01013002   102
01013003    68
01013004   191
01013005   105
01013006    36
01013007    23
01013008    19
01013009    28
01013010    38
01013011    30
01013012    26
01013013    25
01013014    34
01013015    47
01013016    35
01013017    34
01013018    35
01013019    32
01013020    26
01013021    26
01013022    32
01013023    35
01013100    28
01013101    22
01013102    23
01013103    31
01013104    18
01013105    15
01013106    56
01013107    74
01013108   350
01013109  1016
01013110   700
01013111   466
01013112   385
01013113   290
01013114   264
01013115   522
01013116   580
01013117   804
01013118   717
01013119   702
01013120   273
01013121   264
01013122   313
01013123   165

Fri Ju 2
