02080100    40
02080101    54
02080102   104
02080103   146
02080104   136
02080105   494
02080106   698
02080107   497
02080108   177
02080109    88
02080110   326
02080111   655
02080112   890
02080113   989
02080114   938
02080115   623
02080116   321
02080117   185
02080118   136
02080119    85
02080120    97
02080121    63
02080122    37
02080123   196
02080200   703
02080201   978
02080202   948
02080203  1125
02080204   930
02080205   634
02080206   282
02080207   141
02080208    75
02080209    52
02080210    72
02080211   146
02080212   169
02080213   246
02080214   331
02080215   420
02080216   513
02080217   575
02080218   848
02080219   830
02080220   973
02080221   950
02080222   832
02080223   480
02080300   501
02080301   565
02080302   617
02080303   520
02080304   492
02080305   375
02080306   421
02080307   503
02080308   325
02080309   116
02080310   173
02080311   319
02080312   386
02080313   262
02080314   231
02080315   226
02080316   124
02080317    56
02080318    49
02080319   123
02080320   310
02080321   234
02080322    68
02080323    57
02080400    44
02080401   114
02080402   483
02080403   879
02080404   780
02080405   696
02080406   449
02080407   350
02080408   136
02080409   187
02080410   102
02080411   211
02080412    76
02080413    52
02080414    42
02080415    44
02080416    53
02080417    55
02080418    73
02080419   169
02080420    92
02080421    42
02080422    40
02080423    36
02080500    49
02080501    47
02080502    53
02080503    38
02080504    34
02080505    36
02080506    27
02080507    41
02080508    82
02080509    83
02080510    48
02080511    48
02080512    50
02080513    75
02080514    63
02080515    81
02080516   119
02080517   160
02080518   123
02080519   163
02080520   276
02080521   345
02080522   176
02080523    61
02080600    57
02080601   125
02080602   294
02080603   211
02080604    91
02080605    81
02080606    79
02080607    95
02080608    51
02080609    56
02080610    63
02080611   105
02080612   135
02080613    69
02080614    46
02080615    49
02080616    82
02080617    92
02080618   121
02080619    83
02080620    84
02080621    54
02080622    36
02080623    63
02080700    72
02080701   111
02080702    91
02080703    73
02080704   164
02080705   307
02080706   199
02080707   251
02080708   183
02080709   108
02080710    75
02080711    73
02080712    72
02080713    93
02080714    56
02080715    68
02080716    70
02080717    50
02080718   109
02080719    62
02080720    37
02080721    49
02080722    38
02080723    37
02080800    39
02080801    79
02080802   121
02080803   213
02080804   121
02080805    85
02080806    52
02080807    51
02080808    41
02080809    52
02080810    60
02080811    75
02080812   132
02080813   191
02080814   173
02080815    98
02080816    57
02080817    71
02080818   124
02080819   114
02080820   246
02080821   279
02080822   174
02080823   108
02080900   148
02080901    92
02080902    91
02080903    59
02080904    41
02080905    36
02080906    70
02080907   109
02080908   105
02080909    86
02080910    62
02080911   155
02080912   152
02080913   684
02080914   642
02080915   602
02080916   662
02080917   806
02080918   562
02080919   389
02080920   730
02080921   725
02080922   516
02080923   563
02081000   693
02081001   315
02081002   386
02081003   731
02081004   684
02081005   440
02081006    88
02081007    73
02081008    55
02081009    57
02081010   100
02081011   213
02081012   370
02081013   184
02081014    93
02081015    92
02081016   194
02081017   317
02081018   139
02081019   115
02081020   138
02081021   175
02081022   146
02081023   150
02081100   159
02081101   137
02081102   149
02081103   210
02081104   207
02081105   226
02081106   156
02081107    75
02081108    79
02081109   104
02081110   193
02081111   594
02081112   577
02081113   319
02081114   835
02081115   754
02081116   702
02081117   527
02081118   427
02081119   428
02081120   284
02081121   308
02081122   449
02081123   193
02081200   174
02081201   259
02081202   407
02081203   252
02081204   417
02081205   351
02081206   318
02081207   149
02081208   372
02081209    87
02081210   267
02081211   609
02081212   582
02081213   616
02081214   554
02081215   360
02081216   189
02081217   232
02081218    94
02081219   188
02081220   121
02081221    71
02081222   125
02081223   409
02081300   326
02081301   536
02081302   440
02081303   300
02081304   525
02081305   336
02081306   346
02081307   348
02081308   281
02081309   286
02081310   477
02081311   365
02081312   280
02081313   176
02081314   117
02081315   122
02081316   146
02081317   131
02081318   102
02081319   279
02081320   184
02081321   110
02081322   163
02081323   221
02081400   112
02081401   141
02081402   202
02081403   253
02081404   221
02081405   174
02081406   298
02081407   300
02081408   306
02081409   387
02081410   514
02081411   538
02081412   196
02081413   178
02081414   669
02081415   699
02081416   495
02081417   557
02081418   449
02081419   574
02081420   602
02081421   392
02081422   526
02081423   324
02081500   393
02081501   300
02081502   161
02081503   115
02081504   101
02081505   146
02081506   397
02081507   408
02081508   461
02081509   688
02081510   289
02081511   395
02081512   429
02081513   357
02081514   621
02081515   364
02081516   303
02081517   521
02081518   490
02081519   812
02081520   964
02081521  1181
02081522   460
02081523   252
02081600   362
02081601   435
02081602   305
02081603   174
02081604   142
02081605   439
02081606   802
02081607   691
02081608   775
02081609   244
02081610   113
02081611   297
02081612   251
02081613   243
02081614   431
02081615   169
02081616   113
02081617   161
02081618   129
02081619   110
02081620    77
02081621    77
02081622    65
02081623    58
02081700    37
02081701    38
02081702    46
02081703   161
02081704   442
02081705   285
02081706   559
02081707   595
02081708   373
02081709   422
02081710   273
02081711   250
02081712   325
02081713   379
02081714   370
02081715   262
02081716   155
02081717   207
02081718   358
02081719   373
02081720   252
02081721   184
02081722   205
02081723   500
02081800   629
02081801   545
02081802   547
02081803   312
02081804   450
02081805   565
02081806   285
02081807   235
02081808   191
02081809   147
02081810   124
02081811   119
02081812   209
02081813   329
02081814   269
02081815   178
02081816   124
02081817   126
02081818   215
02081819   536
02081820   113
02081821   372
02081822   767
02081823  1095
02081900   862
02081901   391
02081902   373
02081903   537
02081904   387
02081905   359
02081906   856
02081907  1054
02081908   650
02081909   371
02081910   283
02081911   150
02081912   122
02081913   268
02081914   235
02081915   149
02081916   268
02081917   426
02081918   373
02081919   508
02081920   849
02081921   972
02081922   878
02081923   991
02082000   573
02082001   451
02082002   366
02082003   376
02082004   682
02082005   574
02082006   399
02082007   220
02082008   171
02082009   267
02082010   127
02082011    77
02082012    77
02082013   108
02082014   113
02082015    94
02082016   216
02082017   621
02082018   998
02082019  1146
02082020  1101
02082021   939
02082022   654
02082023   855
02082100   640
02082101   509
02082102   770
02082103   679
02082104   893
02082105   824
02082106   789
02082107   712
02082108  1034
02082109   565
02082110   564
02082111   564
02082112   598
02082113   695
02082114   464
02082115   177
02082116   171
02082117   244
02082118   273
02082119   277
02082120   352
02082121   247
02082122   204
02082123   208
02082200   249
02082201   323
02082202   395
02082203   375
02082204   139
02082205    64
02082206    62
02082207   138
02082208   107
02082209   102
02082210    56
02082211    76
02082212    59
02082213    43
02082214    40
02082215    36
02082216    35
02082217    45
02082218    42
02082219    60
02082220    56
02082221    58
02082222    48
02082223    53
02082300    46
02082301    58
02082302    50
02082303    41
02082304    39
02082305    52
02082306   145
02082307   185
02082308   209
02082309   148
02082310    85
02082311    73
02082312    73
02082313    67
02082314    72
02082315    87
02082316    77
02082317    87
02082318   116
02082319   182
02082320   312
02082321   326
02082322   260
02082323   194
02082400   191
02082401   231
02082402    88
02082403    78
02082404    55
02082405    59
02082406    47
02082407    92
02082408   127
02082409   110
02082410   100
02082411   110
02082412    81
02082413   171
02082414   177
02082415   173
02082416   193
02082417   107
02082418    94
02082419   106
02082420   111
02082421   151
02082422   129
02082423    90
02082500   134
02082501    74
02082502    49
02082503    64
02082504    37
02082505    51
02082506   129
02082507    73
02082508    85
02082509   100
02082510   104
02082511   110
02082512    82
02082513   104
02082514   164
02082515   229
02082516   123
02082517    67
02082518    56
02082519    62
02082520    69
02082521    93
02082522   217
02082523   317
02082600   312
02082601   266
02082602   252
02082603   280
02082604   195
02082605   183
02082606   241
02082607   120
02082608    96
02082609   113
02082610    88
02082611   197
02082612   218
02082613   127
02082614   215
02082615   687
02082616  1166
02082617   654
02082618   783
02082619   589
02082620   347
02082621   403
02082622   291
02082623   252
02082700   228
02082701    97
02082702   181
02082703   357
02082704   812
02082705   627
02082706   303
02082707   201
02082708   106
02082709    68
02082710    78
02082711   176
02082712   226
02082713   167
02082714   397
02082715   237
02082716   192
02082717   163
02082718    58
02082719   104
02082720    94
02082721   167
02082722   269
02082723   334
02082800    74
02082801   130
02082802   121
02082803    79
02082804    75
02082805   102
02082806    78
02082807    98
02082808    83
02082809    69
02082810    86
02082811    59
02082812    61
02082813   118
02082814   125
02082815    65
02082816    52
02082817    52
02082818   112
02082819   274
02082820   397
02082821   494
02082822   437
02082823   384
02082900   239
02082901   359
02082902   151
02082903    54
02082904    34
02082905    29
02082906    19
02082907    27
02082908   102
02082909    88
02082910   108
02082911   119
02082912   185
02082913   415
02082914   181
02082915   378
02082916   508
02082917   249
02082918   183
02082919   203
02082920    74
02082921    76
02082922    62
02082923    40
02083000    27
02083001    36
02083002    97
02083003   322
02083004   453
02083005   572
02083006   528
02083007   325
02083008   256
02083009   183
02083010    89
02083011    81
02083012   111
02083013   153
02083014   337
02083015   408
02083016   347
02083017   371
02083018   418
02083019   261
02083020    73
02083021    64
02083022    60
02083023    59
02083100    61
02083101    66
02083102    86
02083103   104
02083104    96
02083105    88
02083106    90
02083107   187
02083108   226
02083109   223
02083110   304
02083111   460
02083112   624
02083113   444
02083114   453
02083115   431
02083116   256
02083117   398
02083118   320
02083119   118
02083120    77
02083121   151
02083122   516
02083123   571

Fri Ju 2
