02100100    54
02100101    93
02100102    44
02100103    35
02100104    81
02100105   312
02100106   356
02100107   429
02100108   609
02100109   755
02100110   806
02100111   710
02100112   344
02100113   919
02100114  1088
02100115   565
02100116   703
02100117   973
02100118   851
02100119   693
02100120   803
02100121   714
02100122   792
02100123   475
02100200   528
02100201   777
02100202   795
02100203   605
02100204   662
02100205   335
02100206   794
02100207   818
02100208   648
02100209   443
02100210   379
02100211   194
02100212   509
02100213   500
02100214   202
02100215   118
02100216   273
02100217   340
02100218   421
02100219   341
02100220   192
02100221   499
02100222   271
02100223   534
02100300   655
02100301   939
02100302   252
02100303    97
02100304    80
02100305    61
02100306   264
02100307   429
02100308   386
02100309   178
02100310   152
02100311   209
02100312   466
02100313   691
02100314   855
02100315   882
02100316  1080
02100317  1159
02100318   874
02100319   840
02100320  1041
02100321  1048
02100322   766
02100323   722
02100400   771
02100401   734
02100402   995
02100403   863
02100404   762
02100405   671
02100406   419
02100407   676
02100408   699
02100409   620
02100410   489
02100411   557
02100412   505
02100413   649
02100414   476
02100415   921
02100416  1100
02100417   989
02100418   699
02100419   846
02100420   692
02100421   435
02100422   687
02100423   667
02100500   457
02100501   626
02100502   514
02100503   636
02100504   345
02100505    84
02100506    53
02100507    98
02100508   321
02100509   410
02100510   363
02100511   724
02100512   797
02100513   705
02100514   753
02100515  1012
02100516   802
02100517   624
02100518   548
02100519   288
02100520   401
02100521   343
02100522   278
02100523    86
02100600    77
02100601    58
02100602   130
02100603   147
02100604   305
02100605   497
02100606   475
02100607   531
02100608   419
02100609   315
02100610   160
02100611   104
02100612    72
02100613    69
02100614    56
02100615    67
02100616   223
02100617   348
02100618   422
02100619   376
02100620   502
02100621   816
02100622   579
02100623   536
02100700   285
02100701   361
02100702   446
02100703   538
02100704   775
02100705   665
02100706   688
02100707   776
02100708   873
02100709   497
02100710   462
02100711   396
02100712   418
02100713   957
02100714   781
02100715   659
02100716   989
02100717   949
02100718   908
02100719   712
02100720  1067
02100721   713
02100722   641
02100723   717
02100800   562
02100801   522
02100802   663
02100803   828
02100804   684
02100805   547
02100806   542
02100807   615
02100808   603
02100809   490
02100810   632
02100811   657
02100812   525
02100813   614
02100814   550
02100815   223
02100816   130
02100817   551
02100818   296
02100819    97
02100820   134
02100821   245
02100822   248
02100823   262
02100900   118
02100901    86
02100902    49
02100903   156
02100904   348
02100905   328
02100906   411
02100907   628
02100908   788
02100909   559
02100910   322
02100911   389
02100912   636
02100913   461
02100914   494
02100915   576
02100916   554
02100917   615
02100918   700
02100919   541
02100920   482
02100921   557
02100922   377
02100923   347
02101000   421
02101001   393
02101002   405
02101003   500
02101004   565
02101005   508
02101006   416
02101007   517
02101008   977
02101009   560
02101010   537
02101011   814
02101012   581
02101013   440
02101014   338
02101015   358
02101016   272
02101017   166
02101018   222
02101019   266
02101020   173
02101021   124
02101022   148
02101023   376
02101100   234
02101101   160
02101102    93
02101103    68
02101104   173
02101105   154
02101106    98
02101107   255
02101108   182
02101109    65
02101110    73
02101111   286
02101112   393
02101113   222
02101114   145
02101115   205
02101116   240
02101117   197
02101118   108
02101119    65
02101120   216
02101121   242
02101122   205
02101123   281
02101200   248
02101201   227
02101202   165
02101203   171
02101204   185
02101205    82
02101206    60
02101207    88
02101208   260
02101209   347
02101210   560
02101211   499
02101212   353
02101213   157
02101214    72
02101215   158
02101216   413
02101217   256
02101218   107
02101219    39
02101220    55
02101221   161
02101222   127
02101223   117
02101300   163
02101301   175
02101302   105
02101303    74
02101304   101
02101305   291
02101306   215
02101307   148
02101308   144
02101309   196
02101310   135
02101311    87
02101312   296
02101313   154
02101314    89
02101315   132
02101316    95
02101317    86
02101318   159
02101319   135
02101320   108
02101321   156
02101322   211
02101323   166
02101400   153
02101401   180
02101402   259
02101403   259
02101404   347
02101405   361
02101406   735
02101407   795
02101408   650
02101409   714
02101410   773
02101411   593
02101412   660
02101413   638
02101414   647
02101415   359
02101416   174
02101417   289
02101418   150
02101419    88
02101420    97
02101421   148
02101422   114
02101423   210
02101500   200
02101501   122
02101502   113
02101503   203
02101504   154
02101505   132
02101506    74
02101507    73
02101508   135
02101509   288
02101510   272
02101511   215
02101512   186
02101513   135
02101514   146
02101515   150
02101516   517
02101517   754
02101518   850
02101519   369
02101520   141
02101521    75
02101522    83
02101523   110
02101600   233
02101601   149
02101602   106
02101603    66
02101604    47
02101605    38
02101606    30
02101607    34
02101608    47
02101609   165
02101610    94
02101611    48
02101612    46
02101613    80
02101614    95
02101615    50
02101616    52
02101617   212
02101618   729
02101619  1044
02101620   525
02101621   324
02101622   229
02101623   147
02101700   317
02101701   397
02101702   206
02101703   185
02101704   130
02101705   120
02101706   110
02101707    58
02101708    48
02101709    65
02101710    57
02101711    36
02101712    57
02101713    80
02101714   184
02101715   182
02101716   145
02101717    82
02101718    89
02101719   192
02101720   153
02101721   103
02101722   346
02101723   348
02101800   364
02101801   205
02101802   325
02101803   218
02101804   119
02101805   217
02101806   110
02101807    52
02101808    60
02101809    60
02101810    55
02101811    60
02101812    51
02101813    98
02101814   225
02101815   197
02101816   152
02101817   161
02101818   358
02101819   224
02101820   146
02101821   303
02101822   294
02101823   199
02101900   217
02101901   198
02101902   198
02101903   130
02101904   154
02101905   242
02101906   240
02101907   177
02101908    95
02101909   113
02101910   129
02101911    66
02101912    90
02101913   189
02101914    67
02101915    72
02101916    80
02101917   187
02101918   349
02101919   454
02101920   259
02101921   411
02101922   233
02101923   262
02102000   178
02102001   113
02102002    83
02102003    73
02102004   235
02102005   241
02102006    91
02102007    49
02102008    56
02102009    47
02102010    61
02102011   155
02102012   222
02102013   344
02102014   149
02102015   123
02102016   130
02102017    56
02102018    68
02102019    62
02102020    61
02102021    96
02102022   118
02102023    60
02102100    92
02102101    59
02102102   115
02102103   167
02102104   186
02102105   109
02102106    66
02102107   113
02102108   257
02102109   142
02102110    78
02102111    59
02102112    58
02102113    44
02102114   130
02102115   111
02102116    89
02102117   195
02102118    90
02102119    44
02102120    73
02102121   133
02102122    35
02102123    77
02102200   144
02102201    81
02102202    77
02102203   116
02102204   111
02102205    78
02102206    62
02102207    41
02102208    58
02102209   255
02102210   544
02102211   328
02102212   307
02102213   226
02102214   265
02102215    91
02102216    79
02102217    58
02102218    44
02102219   193
02102220   248
02102221    58
02102222    37
02102223    41
02102300    82
02102301    78
02102302    63
02102303    50
02102304    78
02102305   105
02102306   168
02102307    96
02102308    57
02102309    63
02102310   139
02102311   251
02102312   345
02102313   388
02102314   150
02102315    85
02102316   125
02102317   374
02102318   520
02102319   370
02102320   246
02102321   212
02102322   314
02102323   308
02102400   579
02102401   571
02102402   601
02102403   680
02102404   621
02102405   574
02102406   837
02102407   453
02102408   469
02102409   459
02102410   385
02102411  1000
02102412   934
02102413   450
02102414   859
02102415   913
02102416   759
02102417   669
02102418   864
02102419   742
02102420   725
02102421   298
02102422   289
02102423   425
02102500   806
02102501   878
02102502  1009
02102503   523
02102504   612
02102505   607
02102506   718
02102507   614
02102508   553
02102509   471
02102510   287
02102511   742
02102512   535
02102513   776
02102514   374
02102515   202
02102516   128
02102517   223
02102518   285
02102519   132
02102520   162
02102521   385
02102522   491
02102523   410
02102600   295
02102601   138
02102602   226
02102603   466
02102604   405
02102605   260
02102606   226
02102607   434
02102608   376
02102609   571
02102610   370
02102611   283
02102612   314
02102613   875
02102614   947
02102615   642
02102616   690
02102617   633
02102618   740
02102619   694
02102620   246
02102621   194
02102622   199
02102623   313
02102700   367
02102701   276
02102702   194
02102703   297
02102704   445
02102705   330
02102706   316
02102707   581
02102708   510
02102709   213
02102710   100
02102711   184
02102712   299
02102713   315
02102714   797
02102715   962
02102716   694
02102717   651
02102718   652
02102719   332
02102720   402
02102721   356
02102722   389
02102723   435
02102800   542
02102801   454
02102802   555
02102803   403
02102804   476
02102805   551
02102806   261
02102807   194
02102808   169
02102809   376
02102810   444
02102811   366
02102812   283
02102813   269
02102814   314
02102815   134
02102816   164
02102817   104
02102818   289
02102819   241
02102820   307
02102821   193
02102822   344
02102823   309
02102900   148
02102901   197
02102902   485
02102903   313
02102904   219
02102905   161
02102906   225
02102907   245
02102908   188
02102909   316
02102910   773
02102911   285
02102912   144
02102913   195
02102914   374
02102915   234
02102916    57
02102917    40
02102918    56
02102919    77
02102920   266
02102921   268
02102922   178
02102923   160
02103000   103
02103001   131
02103002   165
02103003    99
02103004    90
02103005   236
02103006   474
02103007   444
02103008   863
02103009   484
02103010   307
02103011   179
02103012   118
02103013   100
02103014    81
02103015   291
02103016   287
02103017   468
02103018   549
02103019   384
02103020   573
02103021   295
02103022   112
02103023   177
02103100   450
02103101   459
02103102   363
02103103   327
02103104   243
02103105   271
02103106   426
02103107   316
02103108   266
02103109   395
02103110   496
02103111   410
02103112   601
02103113   397
02103114   787
02103115   337
02103116   266
02103117   684
02103118   316
02103119   301
02103120   170
02103121   144
02103122   134
02103123   272

Fri Ju 2
