02050100    50
02050101    54
02050102    42
02050103    60
02050104    71
02050105    61
02050106   103
02050107    84
02050108    51
02050109    71
02050110   109
02050111    86
02050112    74
02050113   104
02050114   186
02050115    72
02050116    54
02050117    45
02050118    41
02050119    29
02050120    35
02050121    33
02050122    31
02050123    33
02050200    76
02050201   110
02050202   126
02050203    76
02050204    30
02050205    39
02050206    46
02050207    43
02050208    44
02050209    52
02050210    55
02050211    68
02050212   100
02050213    92
02050214    98
02050215   217
02050216   150
02050217    60
02050218    53
02050219    44
02050220    54
02050221    48
02050222    51
02050223    49
02050300    48
02050301    53
02050302    99
02050303   253
02050304   370
02050305   297
02050306    95
02050307    59
02050308    68
02050309    44
02050310    45
02050311    48
02050312    55
02050313    65
02050314    51
02050315    56
02050316    86
02050317   100
02050318   109
02050319    57
02050320    77
02050321    44
02050322    53
02050323    60
02050400    53
02050401    48
02050402    56
02050403   113
02050404    73
02050405    66
02050406   181
02050407   287
02050408   169
02050409   103
02050410    64
02050411    69
02050412    75
02050413    65
02050414    53
02050415    47
02050416    54
02050417   125
02050418   148
02050419   123
02050420    98
02050421   130
02050422    66
02050423    79
02050500    79
02050501   102
02050502    92
02050503    87
02050504    58
02050505    57
02050506    64
02050507    68
02050508   103
02050509    88
02050510    72
02050511    61
02050512    65
02050513    62
02050514    64
02050515    65
02050516    61
02050517    87
02050518    63
02050519    62
02050520    67
02050521    63
02050522    58
02050523    65
02050600    63
02050601    69
02050602    68
02050603    61
02050604    48
02050605    48
02050606    55
02050607    65
02050608    68
02050609    89
02050610   111
02050611   180
02050612   155
02050613   152
02050614   183
02050615   386
02050616   625
02050617   793
02050618   837
02050619   498
02050620   399
02050621   449
02050622   244
02050623   198
02050700   276
02050701    99
02050702    76
02050703    74
02050704   151
02050705   114
02050706    85
02050707    64
02050708    92
02050709   104
02050710   143
02050711    62
02050712    71
02050713    95
02050714   202
02050715   257
02050716   334
02050717   323
02050718   536
02050719   280
02050720    67
02050721    63
02050722   128
02050723   375
02050800   393
02050801   374
02050802   405
02050803   420
02050804   413
02050805   287
02050806   274
02050807   117
02050808    79
02050809    69
02050810    74
02050811   184
02050812   216
02050813   185
02050814   203
02050815   258
02050816   394
02050817   244
02050818   102
02050819    67
02050820   121
02050821   127
02050822   123
02050823   178
02050900   380
02050901   155
02050902    61
02050903    79
02050904    59
02050905   133
02050906   154
02050907   135
02050908   258
02050909   179
02050910   216
02050911   171
02050912    79
02050913    50
02050914    59
02050915    86
02050916    62
02050917    68
02050918   104
02050919   109
02050920    87
02050921    98
02050922   163
02050923   171
02051000    89
02051001   109
02051002   141
02051003   125
02051004   131
02051005   242
02051006   280
02051007   376
02051008   484
02051009   228
02051010   242
02051011   233
02051012   160
02051013    81
02051014    79
02051015    85
02051016   149
02051017    80
02051018   195
02051019   203
02051020   209
02051021   467
02051022   886
02051023   392
02051100   156
02051101    97
02051102    68
02051103    52
02051104    46
02051105    69
02051106   166
02051107   459
02051108   377
02051109   294
02051110   959
02051111  1287
02051112   532
02051113   704
02051114   697
02051115  1155
02051116   819
02051117   746
02051118   807
02051119  1138
02051120   758
02051121   652
02051122   766
02051123   756
02051200   550
02051201   454
02051202   563
02051203   218
02051204   209
02051205   221
02051206   379
02051207   591
02051208   498
02051209   198
02051210    81
02051211   136
02051212   210
02051213   520
02051214   651
02051215   360
02051216   163
02051217    55
02051218    52
02051219    96
02051220    93
02051221   119
02051222   221
02051223   430
02051300   413
02051301   405
02051302   636
02051303   369
02051304   454
02051305   379
02051306   194
02051307    69
02051308    40
02051309    53
02051310   136
02051311   134
02051312    87
02051313   157
02051314    86
02051315    88
02051316    57
02051317    66
02051318    62
02051319    45
02051320    57
02051321    65
02051322    77
02051323    65
02051400   125
02051401   253
02051402   479
02051403   737
02051404   523
02051405   565
02051406   662
02051407   689
02051408   733
02051409   645
02051410   732
02051411   471
02051412   341
02051413   529
02051414   359
02051415   352
02051416   728
02051417   922
02051418   939
02051419   740
02051420   670
02051421   737
02051422   336
02051423   510
02051500   476
02051501   545
02051502   576
02051503   682
02051504   705
02051505   408
02051506   188
02051507   113
02051508   239
02051509   479
02051510   345
02051511    68
02051512    47
02051513    88
02051514   191
02051515   214
02051516   237
02051517   126
02051518   207
02051519   395
02051520   270
02051521   151
02051522   192
02051523   233
02051600   234
02051601   237
02051602   111
02051603   195
02051604   409
02051605   231
02051606   158
02051607   198
02051608   236
02051609   342
02051610   266
02051611   403
02051612   347
02051613   197
02051614   155
02051615    93
02051616   172
02051617   224
02051618   295
02051619   390
02051620   240
02051621   123
02051622   215
02051623   322
02051700   122
02051701    81
02051702    80
02051703    49
02051704    40
02051705    42
02051706   109
02051707   215
02051708   276
02051709    95
02051710    55
02051711   112
02051712   246
02051713   113
02051714    86
02051715   126
02051716    91
02051717    68
02051718   144
02051719    96
02051720    55
02051721    55
02051722   185
02051723   439
02051800   203
02051801    70
02051802    67
02051803    77
02051804    94
02051805    80
02051806    57
02051807    77
02051808    69
02051809    56
02051810    76
02051811    93
02051812   148
02051813   113
02051814   148
02051815   124
02051816   125
02051817   148
02051818   113
02051819    96
02051820   557
02051821   627
02051822   602
02051823   394
02051900   317
02051901   220
02051902   207
02051903   292
02051904   546
02051905   701
02051906   546
02051907   637
02051908   356
02051909   111
02051910    63
02051911    73
02051912    57
02051913    44
02051914    35
02051915    36
02051916    45
02051917    46
02051918    36
02051919    38
02051920    41
02051921    47
02051922    49
02051923    48
02052000    44
02052001    45
02052002    37
02052003    56
02052004    53
02052005    73
02052006   145
02052007   122
02052008   120
02052009   162
02052010   570
02052011   421
02052012   262
02052013   181
02052014   222
02052015   150
02052016   163
02052017   135
02052018    97
02052019    57
02052020    38
02052021    58
02052022    44
02052023   320
02052100   661
02052101   659
02052102   381
02052103    92
02052104    64
02052105    44
02052106   267
02052107   538
02052108   478
02052109   160
02052110    60
02052111    56
02052112    59
02052113    71
02052114    50
02052115    37
02052116    42
02052117    40
02052118    36
02052119    48
02052120    48
02052121    61
02052122    85
02052123    58
02052200    53
02052201    85
02052202    73
02052203    86
02052204   184
02052205   242
02052206   183
02052207   147
02052208   216
02052209   517
02052210   581
02052211   681
02052212   326
02052213   209
02052214   148
02052215   163
02052216   188
02052217   157
02052218   200
02052219   155
02052220   151
02052221    87
02052222    57
02052223    95
02052300   176
02052301    95
02052302    80
02052303    90
02052304   135
02052305   361
02052306   307
02052307   234
02052308    96
02052309   169
02052310   149
02052311   661
02052312   608
02052313   463
02052314   278
02052315   413
02052316   868
02052317  1480
02052318   582
02052319   138
02052320   383
02052321   335
02052322   214
02052323   233
02052400    84
02052401    79
02052402    52
02052403    40
02052404    34
02052405    64
02052406    72
02052407    72
02052408    40
02052409    59
02052410    62
02052411    43
02052412    57
02052413    43
02052414    47
02052415    50
02052416    58
02052417    51
02052418    57
02052419    47
02052420    42
02052421    51
02052422    43
02052423    54
02052500    54
02052501    45
02052502    47
02052503    40
02052504    34
02052505    33
02052506    30
02052507    41
02052508    50
02052509    61
02052510    72
02052511    75
02052512    75
02052513    84
02052514    89
02052515   113
02052516   178
02052517   176
02052518    86
02052519    50
02052520    73
02052521    50
02052522    59
02052523    68
02052600    57
02052601    61
02052602    64
02052603    53
02052604    35
02052605    90
02052606   215
02052607   228
02052608   217
02052609    76
02052610    99
02052611   210
02052612   295
02052613   312
02052614   294
02052615   271
02052616   240
02052617    91
02052618    82
02052619   182
02052620   164
02052621   179
02052622   396
02052623   251
02052700   356
02052701   638
02052702   387
02052703   129
02052704    54
02052705   249
02052706   587
02052707   952
02052708   943
02052709  1111
02052710   520
02052711   186
02052712   197
02052713   370
02052714   668
02052715   826
02052716   657
02052717   197
02052718    88
02052719   201
02052720   137
02052721   250
02052722   301
02052723   250
02052800   154
02052801   106
02052802   101
02052803    71
02052804   179
02052805   289
02052806   119
02052807   120
02052808   143
02052809    82
02052810    74
02052811    67
02052812   150
02052813   170
02052814   199
02052815   128
02052816   117
02052817   106
02052818   156
02052819   246
02052820   358
02052821   307
02052822   237
02052823   151
02052900   105
02052901   182
02052902   445
02052903   191
02052904    94
02052905   114
02052906   184
02052907   125
02052908   128
02052909   192
02052910   181
02052911   203
02052912   132
02052913    88
02052914   109
02052915    78
02052916    83
02052917    51
02052918    45
02052919    73
02052920   147
02052921   121
02052922   136
02052923    90
02053000    70
02053001    63
02053002    62
02053003    45
02053004    54
02053005    44
02053006   107
02053007   170
02053008   270
02053009   144
02053010   182
02053011   261
02053012   276
02053013   159
02053014   335
02053015   231
02053016   133
02053017    68
02053018    56
02053019    58
02053020    66
02053021    87
02053022    88
02053023    69
02053100    47
02053101    47
02053102    85
02053103    63
02053104    61
02053105    78
02053106   112
02053107   100
02053108    88
02053109    77
02053110    77
02053111    72
02053112    95
02053113    90
02053114    53
02053115    81
02053116    80
02053117    39
02053118    45
02053119    53
02053120    77
02053121    87
02053122    46
02053123    47

Fri Ju 2
