02110100   164
02110101   184
02110102   140
02110103   145
02110104   106
02110105   114
02110106   103
02110107    62
02110108    51
02110109    49
02110110   279
02110111   292
02110112   198
02110113    59
02110114    68
02110115    69
02110116   188
02110117   368
02110118   190
02110119    91
02110120    63
02110121    52
02110122    84
02110123   238
02110200   566
02110201   388
02110202   427
02110203   197
02110204   200
02110205   250
02110206   391
02110207   407
02110208   619
02110209   616
02110210   532
02110211   552
02110212   360
02110213   335
02110214   416
02110215   300
02110216   272
02110217   730
02110218   621
02110219   502
02110220   669
02110221   521
02110222   334
02110223   303
02110300   322
02110301   415
02110302   442
02110303   385
02110304   443
02110305   668
02110306   725
02110307   615
02110308   535
02110309   593
02110310   435
02110311   329
02110312   405
02110313   710
02110314   384
02110315   364
02110316   568
02110317   865
02110318   685
02110319   605
02110320   635
02110321   481
02110322   508
02110323   579
02110400   373
02110401   199
02110402   289
02110403   485
02110404   411
02110405   392
02110406   208
02110407   420
02110408   599
02110409   300
02110410   476
02110411   414
02110412   614
02110413   533
02110414   394
02110415   387
02110416   552
02110417   662
02110418   490
02110419   591
02110420   272
02110421   327
02110422   810
02110423   669
02110500   273
02110501   196
02110502   273
02110503   630
02110504   309
02110505   253
02110506   443
02110507   371
02110508   417
02110509   360
02110510   212
02110511   600
02110512   458
02110513   213
02110514   533
02110515   489
02110516   335
02110517   294
02110518   319
02110519   418
02110520   396
02110521   450
02110522   311
02110523   264
02110600   445
02110601   515
02110602   191
02110603   115
02110604   253
02110605   293
02110606   151
02110607   314
02110608   331
02110609   598
02110610   420
02110611   250
02110612   343
02110613   758
02110614   366
02110615   351
02110616   621
02110617   804
02110618   598
02110619   586
02110620   406
02110621   467
02110622   396
02110623   222
02110700   193
02110701   170
02110702   320
02110703   148
02110704    59
02110705   108
02110706   218
02110707   363
02110708   303
02110709   366
02110710   281
02110711   223
02110712   466
02110713   285
02110714   161
02110715   193
02110716   189
02110717   363
02110718   265
02110719   305
02110720   248
02110721    91
02110722    89
02110723    70
02110800    52
02110801    58
02110802    32
02110803    88
02110804   178
02110805   178
02110806    94
02110807    63
02110808   104
02110809    61
02110810    64
02110811    85
02110812   180
02110813   123
02110814    54
02110815    85
02110816    94
02110817   115
02110818   166
02110819   166
02110820    58
02110821    39
02110822    27
02110823    23
02110900    25
02110901    27
02110902    12
02110903    16
02110904    20
02110905    19
02110906    31
02110907    47
02110908    96
02110909    46
02110910    91
02110911    60
02110912    37
02110913    44
02110914    40
02110915    52
02110916    57
02110917    53
02110918    53
02110919    50
02110920    43
02110921    45
02110922   152
02110923   257
02111000   138
02111001   170
02111002   208
02111003   152
02111004   251
02111005   431
02111006   673
02111007   357
02111008   153
02111009    64
02111010    36
02111011    33
02111012    49
02111013    47
02111014    74
02111015    63
02111016    72
02111017    49
02111018    60
02111019    59
02111020    45
02111021    53
02111022    44
02111023    50
02111100    28
02111101    43
02111102    97
02111103   126
02111104    98
02111105   105
02111106   106
02111107    68
02111108   224
02111109   225
02111110   301
02111111   209
02111112   134
02111113   171
02111114   174
02111115   133
02111116   107
02111117    64
02111118    43
02111119    69
02111120   104
02111121   150
02111122    85
02111123    71
02111200    40
02111201    34
02111202    35
02111203    78
02111204    40
02111205    59
02111206   143
02111207   225
02111208   111
02111209   103
02111210   146
02111211   363
02111212   571
02111213   212
02111214    84
02111215    71
02111216    69
02111217   108
02111218   182
02111219   193
02111220   433
02111221   298
02111222   393
02111223   394
02111300   218
02111301   242
02111302   253
02111303   185
02111304   130
02111305    88
02111306    63
02111307    48
02111308   125
02111309   161
02111310   126
02111311    94
02111312   256
02111313   338
02111314    96
02111315    68
02111316   143
02111317    85
02111318    77
02111319   132
02111320   120
02111321    71
02111322    63
02111323   172
02111400   410
02111401   268
02111402   114
02111403   122
02111404   145
02111405   111
02111406    67
02111407    31
02111408    29
02111409    28
02111410    24
02111411    53
02111412    91
02111413   334
02111414   146
02111415    76
02111416   141
02111417   368
02111418   254
02111419   147
02111420    46
02111421    37
02111422    78
02111423    73
02111500   116
02111501   205
02111502   135
02111503   117
02111504    65
02111505    42
02111506    52
02111507    74
02111508   294
02111509   251
02111510   259
02111511   405
02111512   127
02111513    90
02111514   135
02111515    83
02111516    65
02111517   132
02111518   350
02111519   286
02111520   287
02111521   441
02111522   382
02111523   217
02111600   231
02111601   220
02111602   131
02111603    58
02111604    40
02111605    39
02111606    48
02111607    33
02111608    35
02111609    32
02111610    35
02111611    38
02111612    51
02111613    90
02111614    59
02111615    43
02111616    41
02111617    32
02111618    43
02111619    85
02111620   133
02111621   113
02111622   102
02111623   184
02111700   330
02111701   179
02111702    90
02111703    80
02111704    41
02111705    41
02111706    41
02111707    48
02111708    50
02111709    34
02111710    29
02111711    27
02111712    32
02111713    49
02111714   113
02111715   125
02111716    99
02111717   120
02111718    28
02111719    67
02111720    94
02111721   349
02111722   318
02111723   224
02111800   339
02111801   359
02111802   241
02111803   183
02111804   154
02111805   225
02111806   184
02111807   178
02111808   219
02111809   241
02111810   259
02111811   195
02111812   353
02111813   206
02111814   296
02111815   285
02111816   289
02111817   358
02111818   674
02111819   497
02111820   359
02111821   460
02111822   296
02111823   326
02111900   344
02111901   219
02111902    92
02111903   106
02111904   219
02111905   148
02111906   147
02111907   347
02111908   243
02111909   163
02111910   280
02111911   186
02111912    61
02111913    90
02111914    90
02111915    58
02111916    96
02111917    27
02111918   167
02111919   428
02111920   450
02111921   107
02111922   241
02111923   468
02112000   324
02112001   217
02112002   124
02112003   145
02112004    71
02112005    39
02112006    51
02112007    41
02112008    39
02112009    53
02112010    81
02112011   299
02112012   129
02112013    46
02112014    37
02112015    54
02112016   136
02112017   551
02112018  1013
02112019   625
02112020   670
02112021   475
02112022   447
02112023   309
02112100   216
02112101   134
02112102   184
02112103   296
02112104   563
02112105   880
02112106   674
02112107   611
02112108   758
02112109   625
02112110   534
02112111   788
02112112   686
02112113   351
02112114   663
02112115   753
02112116   523
02112117   510
02112118   438
02112119   537
02112120   589
02112121   443
02112122   322
02112123   743
02112200   565
02112201   267
02112202   433
02112203   327
02112204   174
02112205   168
02112206   127
02112207   216
02112208   523
02112209   274
02112210   524
02112211   663
02112212   557
02112213   491
02112214   666
02112215   637
02112216   552
02112217   399
02112218   260
02112219   146
02112220   326
02112221   390
02112222   500
02112223   535
02112300   550
02112301   530
02112302   406
02112303   619
02112304   425
02112305   195
02112306   231
02112307   341
02112308   446
02112309   345
02112310   341
02112311   221
02112312   238
02112313   304
02112314   381
02112315   480
02112316   555
02112317   363
02112318   284
02112319   219
02112320   100
02112321   135
02112322   155
02112323   202
02112400   226
02112401   263
02112402   187
02112403   159
02112404   307
02112405   460
02112406   215
02112407   176
02112408   174
02112409   141
02112410   317
02112411   510
02112412   422
02112413   651
02112414   495
02112415   510
02112416   611
02112417   580
02112418   689
02112419   426
02112420   351
02112421   202
02112422   272
02112423   199
02112500   224
02112501   137
02112502   149
02112503   189
02112504   245
02112505   333
02112506   271
02112507   397
02112508   531
02112509   399
02112510   540
02112511   437
02112512   373
02112513   354
02112514   235
02112515   604
02112516   527
02112517   284
02112518   233
02112519   196
02112520   111
02112521   279
02112522   245
02112523   155
02112600   320
02112601   246
02112602   136
02112603   220
02112604   131
02112605   128
02112606   189
02112607   239
02112608   189
02112609   183
02112610   271
02112611   227
02112612   276
02112613   181
02112614   301
02112615   258
02112616   149
02112617   137
02112618   340
02112619   306
02112620    92
02112621   107
02112622   721
02112623   659
02112700   990
02112701   571
02112702   709
02112703   663
02112704   664
02112705   604
02112706   403
02112707   466
02112708   670
02112709   642
02112710   647
02112711   489
02112712   512
02112713   343
02112714   342
02112715   173
02112716   173
02112717   140
02112718   129
02112719   217
02112720   555
02112721   454
02112722   225
02112723   165
02112800   146
02112801   112
02112802   295
02112803   246
02112804   264
02112805   343
02112806   262
02112807   132
02112808    92
02112809    68
02112810    92
02112811   266
02112812   217
02112813   443
02112814   575
02112815   238
02112816   232
02112817   474
02112818   266
02112819   412
02112820   637
02112821   111
02112822   124
02112823   123
02112900   129
02112901   307
02112902   225
02112903   183
02112904   131
02112905   166
02112906   191
02112907   385
02112908   176
02112909    56
02112910    70
02112911   117
02112912    98
02112913   134
02112914   301
02112915   173
02112916   128
02112917   551
02112918   526
02112919   365
02112920   218
02112921   119
02112922   217
02112923   408
02113000   399
02113001   211
02113002   190
02113003   249
02113004   306
02113005   232
02113006   202
02113007   388
02113008   500
02113009   252
02113010   319
02113011   346
02113012   343
02113013   550
02113014   568
02113015   387
02113016   290
02113017   365
02113018   573
02113019   379
02113020   189
02113021   307
02113022   356
02113023   259

Fri Ju 2
