02060100    63
02060101    55
02060102    48
02060103    37
02060104    34
02060105    50
02060106    95
02060107   121
02060108   113
02060109    92
02060110    94
02060111    93
02060112    73
02060113    58
02060114    67
02060115    74
02060116    83
02060117    49
02060118    60
02060119    81
02060120    85
02060121    81
02060122   127
02060123   315
02060200   737
02060201   690
02060202   305
02060203   572
02060204   553
02060205   482
02060206   162
02060207    74
02060208    40
02060209    78
02060210   116
02060211   173
02060212   241
02060213   327
02060214   370
02060215   669
02060216   731
02060217   638
02060218   724
02060219   366
02060220   280
02060221   301
02060222   514
02060223   786
02060300   782
02060301   382
02060302   221
02060303   242
02060304    98
02060305   211
02060306   414
02060307   288
02060308   401
02060309   317
02060310   321
02060311   248
02060312   228
02060313   192
02060314   155
02060315   100
02060316   115
02060317   140
02060318   242
02060319   337
02060320   365
02060321   190
02060322   222
02060323   263
02060400   417
02060401   594
02060402   444
02060403   526
02060404   561
02060405   467
02060406   578
02060407   776
02060408   611
02060409   554
02060410   383
02060411   351
02060412   443
02060413   286
02060414    95
02060415    63
02060416   201
02060417   205
02060418   279
02060419   301
02060420   167
02060421    88
02060422    73
02060423   108
02060500   191
02060501   299
02060502   508
02060503   308
02060504   175
02060505    72
02060506   143
02060507   112
02060508   126
02060509    94
02060510   111
02060511    74
02060512   100
02060513   116
02060514   214
02060515   241
02060516   221
02060517   131
02060518   118
02060519   137
02060520   263
02060521   222
02060522   113
02060523    98
02060600   121
02060601   102
02060602   182
02060603   285
02060604   238
02060605   118
02060606   141
02060607   112
02060608   175
02060609   267
02060610   204
02060611   141
02060612    98
02060613    84
02060614   147
02060615   212
02060616   208
02060617   275
02060618   181
02060619   135
02060620   103
02060621    87
02060622    84
02060623   143
02060700    91
02060701    54
02060702    64
02060703    97
02060704   134
02060705   190
02060706   250
02060707   140
02060708    77
02060709    72
02060710    74
02060711    52
02060712   106
02060713   115
02060714    74
02060715    53
02060716    88
02060717   140
02060718   185
02060719   179
02060720   217
02060721   346
02060722   155
02060723    82
02060800    63
02060801    58
02060802    41
02060803    31
02060804    27
02060805    52
02060806    58
02060807    83
02060808   129
02060809   119
02060810    85
02060811    96
02060812   280
02060813   181
02060814   183
02060815   118
02060816   219
02060817   359
02060818   236
02060819   238
02060820   459
02060821   650
02060822   360
02060823   364
02060900   369
02060901   465
02060902   398
02060903   395
02060904   581
02060905   462
02060906   447
02060907   374
02060908   266
02060909   267
02060910   399
02060911   356
02060912   438
02060913   361
02060914   273
02060915   223
02060916   236
02060917   325
02060918   382
02060919   273
02060920   407
02060921   288
02060922   160
02060923    93
02061000    97
02061001   171
02061002   191
02061003   345
02061004   322
02061005   103
02061006   173
02061007   262
02061008   146
02061009   219
02061010   470
02061011   862
02061012   891
02061013  1119
02061014  1090
02061015   925
02061016   635
02061017   632
02061018   519
02061019   587
02061020   466
02061021   223
02061022   367
02061023   410
02061100   407
02061101   248
02061102   310
02061103   219
02061104   168
02061105   114
02061106   157
02061107   406
02061108   478
02061109   425
02061110   347
02061111   392
02061112   364
02061113   316
02061114   213
02061115   293
02061116   329
02061117   327
02061118   417
02061119   488
02061120   373
02061121   285
02061122   215
02061123   213
02061200   357
02061201   150
02061202   177
02061203   325
02061204   315
02061205   154
02061206    43
02061207    43
02061208    72
02061209   110
02061210   202
02061211   237
02061212   197
02061213   185
02061214   270
02061215   346
02061216   233
02061217   144
02061218   118
02061219   296
02061220   168
02061221   138
02061222   157
02061223   308
02061300   108
02061301   109
02061302   184
02061303   421
02061304   584
02061305   620
02061306   435
02061307   114
02061308    77
02061309    83
02061310   140
02061311   138
02061312    85
02061313   120
02061314   113
02061315   234
02061316   304
02061317   443
02061318   444
02061319   376
02061320   174
02061321    80
02061322    91
02061323    97
02061400   143
02061401   212
02061402   280
02061403   146
02061404    33
02061405    76
02061406   110
02061407   146
02061408   208
02061409   117
02061410    63
02061411    49
02061412    70
02061413    98
02061414   159
02061415   179
02061416   171
02061417   224
02061418   211
02061419   166
02061420   135
02061421   147
02061422   112
02061423   217
02061500   174
02061501    76
02061502    71
02061503    69
02061504    60
02061505    57
02061506    80
02061507   121
02061508   142
02061509   150
02061510   168
02061511   129
02061512   160
02061513   213
02061514   169
02061515   106
02061516   118
02061517    64
02061518    91
02061519   129
02061520   249
02061521   267
02061522   197
02061523   129
02061600   159
02061601   158
02061602   209
02061603   133
02061604    53
02061605    55
02061606    67
02061607   141
02061608   305
02061609   202
02061610    72
02061611    78
02061612   164
02061613   198
02061614   271
02061615   190
02061616   131
02061617   107
02061618   141
02061619    78
02061620    59
02061621    93
02061622   162
02061623   326
02061700   447
02061701   431
02061702   294
02061703   274
02061704   242
02061705   192
02061706   152
02061707   109
02061708   103
02061709    92
02061710   201
02061711   219
02061712   131
02061713    48
02061714    58
02061715    80
02061716    69
02061717    52
02061718    50
02061719    49
02061720    52
02061721    64
02061722    67
02061723    63
02061800    55
02061801    49
02061802    45
02061803    38
02061804    65
02061805    76
02061806    35
02061807    48
02061808    83
02061809   161
02061810   139
02061811    74
02061812   296
02061813   296
02061814   357
02061815   216
02061816   254
02061817   315
02061818   698
02061819   486
02061820   197
02061821   144
02061822    71
02061823   190
02061900   361
02061901   352
02061902   204
02061903   170
02061904   380
02061905   263
02061906   484
02061907   383
02061908   242
02061909   129
02061910   253
02061911   320
02061912   143
02061913   168
02061914   186
02061915   200
02061916   254
02061917   155
02061918   275
02061919   183
02061920   317
02061921   481
02061922   346
02061923   319
02062000   383
02062001   281
02062002   337
02062003   457
02062004   503
02062005   307
02062006   188
02062007   178
02062008   272
02062009   289
02062010   250
02062011   244
02062012   155
02062013    66
02062014    92
02062015    66
02062016    90
02062017   146
02062018    71
02062019    48
02062020    67
02062021    90
02062022   116
02062023    73
02062100    67
02062101    58
02062102    91
02062103   390
02062104   497
02062105   503
02062106   211
02062107    68
02062108    72
02062109    58
02062110    81
02062111    63
02062112    78
02062113   148
02062114   348
02062115   223
02062116   157
02062117   232
02062118   284
02062119   106
02062120    94
02062121    83
02062122   133
02062123   130
02062200    97
02062201   113
02062202   103
02062203    62
02062204    58
02062205    55
02062206    77
02062207   110
02062208   104
02062209    79
02062210    97
02062211   138
02062212   136
02062213    63
02062214    78
02062215   112
02062216   220
02062217   345
02062218   376
02062219   324
02062220   346
02062221   298
02062222   624
02062223   271
02062300    81
02062301    71
02062302   109
02062303   267
02062304   362
02062305   507
02062306   534
02062307   496
02062308   486
02062309   477
02062310    97
02062311   107
02062312   344
02062313   353
02062314   327
02062315   244
02062316   207
02062317    73
02062318    80
02062319   142
02062320   154
02062321   126
02062322    97
02062323    46
02062400   167
02062401   194
02062402   219
02062403   138
02062404   108
02062405   133
02062406   263
02062407   185
02062408   103
02062409   136
02062410   153
02062411   100
02062412    64
02062413    60
02062414    70
02062415    74
02062416   112
02062417   221
02062418   231
02062419   113
02062420    92
02062421    58
02062422    60
02062423    70
02062500   177
02062501   168
02062502   180
02062503   177
02062504   164
02062505   222
02062506    65
02062507    86
02062508    63
02062509    58
02062510   102
02062511   233
02062512   291
02062513   293
02062514   168
02062515    78
02062516    68
02062517    69
02062518   165
02062519   244
02062520   355
02062521   299
02062522   353
02062523   322
02062600   100
02062601   242
02062602   174
02062603   108
02062604    65
02062605    98
02062606    71
02062607    48
02062608    47
02062609    82
02062610    65
02062611    73
02062612    65
02062613    87
02062614   170
02062615   239
02062616   379
02062617   307
02062618   190
02062619   131
02062620   163
02062621    86
02062622   110
02062623    79
02062700    76
02062701    62
02062702    39
02062703    38
02062704    56
02062705    50
02062706    63
02062707    67
02062708    68
02062709    94
02062710   101
02062711    87
02062712    75
02062713    61
02062714    51
02062715    52
02062716    55
02062717    45
02062718    46
02062719    48
02062720    45
02062721    38
02062722    36
02062723    37
02062800    36
02062801    40
02062802    43
02062803    45
02062804    38
02062805    28
02062806    31
02062807    41
02062808    42
02062809    55
02062810    55
02062811    64
02062812    74
02062813    66
02062814    58
02062815    56
02062816    60
02062817    78
02062818    50
02062819    36
02062820    50
02062821    73
02062822    69
02062823    48
02062900    51
02062901    92
02062902    76
02062903    92
02062904    96
02062905   119
02062906    77
02062907   105
02062908   110
02062909    69
02062910    88
02062911   156
02062912   168
02062913    89
02062914   111
02062915   130
02062916   141
02062917   162
02062918   188
02062919   240
02062920   168
02062921   117
02062922   169
02062923   269
02063000   244
02063001   284
02063002   297
02063003   242
02063004   412
02063005   492
02063006   299
02063007   313
02063008   568
02063009   537
02063010   179
02063011    86
02063012    79
02063013   113
02063014   309
02063015   218
02063016   270
02063017   455
02063018   699
02063019   339
02063020   273
02063021   255
02063022   447
02063023   570

Fri Ju 2
