02120100   205
02120101   403
02120102   538
02120103   165
02120104   335
02120105   281
02120106   238
02120107   208
02120108   398
02120109   321
02120110   269
02120111   607
02120112   556
02120113   543
02120114   536
02120115   347
02120116   470
02120117   510
02120118   238
02120119   116
02120120   101
02120121   378
02120122   243
02120123   307
02120200   146
02120201   109
02120202    87
02120203   155
02120204   249
02120205   192
02120206   188
02120207   233
02120208   170
02120209   119
02120210   283
02120211   355
02120212   383
02120213   240
02120214    99
02120215   112
02120216   519
02120217   440
02120218   352
02120219   211
02120220   251
02120221   235
02120222   286
02120223   154
02120300   232
02120301   203
02120302   108
02120303   322
02120304   427
02120305   176
02120306    95
02120307    49
02120308    63
02120309   213
02120310   468
02120311   295
02120312   184
02120313   456
02120314   424
02120315   152
02120316   251
02120317   287
02120318   155
02120319   215
02120320   337
02120321   135
02120322    38
02120323    44
02120400    51
02120401    54
02120402    71
02120403    59
02120404    38
02120405    49
02120406    72
02120407   325
02120408   319
02120409   205
02120410   191
02120411   218
02120412   191
02120413   305
02120414   350
02120415   276
02120416   374
02120417   720
02120418   431
02120419    88
02120420   119
02120421   147
02120422    60
02120423   153
02120500   103
02120501    64
02120502   221
02120503   238
02120504   160
02120505   117
02120506    95
02120507   164
02120508   288
02120509   228
02120510   359
02120511    98
02120512    54
02120513   100
02120514   196
02120515    91
02120516   233
02120517   353
02120518   213
02120519    48
02120520    32
02120521    45
02120522    56
02120523    98
02120600    72
02120601    25
02120602    86
02120603   135
02120604   180
02120605    79
02120606   100
02120607   243
02120608   187
02120609   107
02120610    66
02120611    90
02120612   142
02120613    95
02120614   123
02120615   155
02120616   121
02120617   204
02120618   228
02120619   149
02120620   149
02120621   266
02120622   322
02120623   431
02120700   333
02120701   381
02120702   233
02120703   210
02120704   126
02120705   219
02120706   181
02120707   244
02120708   178
02120709   216
02120710   181
02120711   299
02120712   311
02120713   110
02120714   144
02120715   229
02120716   113
02120717   124
02120718   354
02120719   452
02120720   435
02120721   378
02120722   258
02120723   232
02120800    81
02120801    92
02120802    80
02120803   164
02120804   321
02120805   173
02120806    97
02120807    44
02120808    57
02120809    24
02120810    28
02120811    33
02120812    42
02120813   109
02120814   167
02120815   560
02120816   310
02120817   447
02120818   471
02120819   200
02120820    73
02120821    46
02120822    93
02120823   196
02120900   262
02120901    61
02120902    33
02120903    31
02120904    16
02120905    39
02120906    38
02120907    29
02120908    38
02120909    41
02120910    38
02120911    29
02120912    96
02120913    59
02120914    74
02120915   237
02120916   259
02120917   151
02120918    88
02120919    59
02120920    39
02120921    45
02120922    39
02120923    34
02121000    69
02121001    51
02121002    59
02121003    36
02121004    54
02121005    57
02121006    42
02121007    29
02121008    30
02121009    35
02121010   103
02121011   146
02121012    81
02121013    40
02121014    71
02121015    88
02121016   169
02121017   123
02121018    58
02121019    49
02121020   141
02121021   139
02121022    34
02121023    50
02121100    21
02121101    23
02121102    26
02121103    31
02121104    69
02121105    54
02121106    29
02121107    14
02121108    29
02121109    36
02121110    82
02121111    99
02121112    66
02121113    44
02121114   108
02121115    93
02121116    47
02121117    32
02121118    25
02121119    22
02121120    26
02121121    38
02121122    32
02121123    29
02121200    27
02121201    24
02121202    26
02121203    23
02121204    40
02121205    28
02121206    14
02121207    13
02121208    20
02121209    82
02121210    88
02121211   101
02121212    59
02121213    37
02121214    36
02121215    69
02121216   106
02121217    67
02121218    44
02121219    49
02121220    26
02121221    22
02121222    29
02121223    70
02121300    94
02121301    68
02121302    49
02121303    63
02121304    72
02121305    48
02121306    40
02121307    30
02121308    26
02121309    26
02121310    17
02121311    22
02121312    30
02121313    28
02121314    34
02121315    70
02121316   116
02121317    48
02121318    32
02121319    34
02121320    29
02121321    38
02121322   102
02121323   138
02121400   154
02121401   115
02121402   141
02121403   103
02121404    95
02121405    66
02121406    50
02121407    52
02121408    61
02121409   139
02121410   187
02121411   350
02121412   291
02121413   112
02121414    74
02121415   165
02121416   395
02121417   738
02121418   606
02121419   314
02121420   285
02121421   329
02121422   300
02121423   260
02121500   216
02121501   298
02121502   169
02121503   112
02121504    85
02121505    74
02121506    85
02121507   117
02121508    67
02121509    49
02121510    87
02121511    64
02121512    66
02121513   151
02121514   143
02121515   108
02121516   141
02121517    47
02121518    38
02121519    73
02121520   198
02121521    57
02121522    40
02121523    64
02121600    76
02121601    96
02121602    37
02121603    29
02121604    51
02121605    44
02121606    39
02121607    51
02121608   199
02121609   127
02121610    42
02121611    43
02121612    59
02121613    58
02121614    48
02121615    91
02121616    59
02121617    60
02121618    32
02121619    22
02121620    22
02121621    32
02121622    86
02121623    51
02121700    35
02121701    68
02121702    23
02121703    26
02121704    24
02121705    27
02121706    20
02121707    21
02121708    26
02121709    36
02121710    37
02121711    33
02121712    32
02121713    63
02121714    37
02121715    38
02121716    46
02121717    66
02121718    42
02121719    30
02121720    46
02121721    31
02121722    20
02121723    19
02121800    14
02121801    13
02121802    16
02121803    13
02121804    13
02121805    19
02121806    13
02121807    14
02121808    10
02121809    11
02121810    12
02121811    15
02121812    17
02121813    18
02121814    19
02121815    24
02121816    22
02121817    22
02121818    18
02121819    16
02121820    19
02121821    17
02121822    15
02121823    16
02121900    16
02121901    22
02121902    58
02121903    54
02121904    98
02121905   137
02121906   203
02121907   194
02121908   360
02121909   330
02121910   533
02121911   591
02121912   234
02121913   225
02121914   519
02121915   379
02121916   683
02121917   837
02121918   746
02121919   521
02121920   332
02121921   100
02121922    56
02121923   112
02122000   194
02122001   193
02122002   288
02122003   387
02122004   477
02122005   277
02122006    69
02122007    67
02122008    68
02122009    79
02122010    82
02122011   230
02122012   204
02122013   186
02122014   379
02122015   292
02122016   226
02122017   280
02122018   681
02122019   779
02122020   412
02122021   359
02122022   648
02122023   842
02122100   601
02122101   532
02122102   550
02122103   685
02122104   874
02122105   301
02122106   137
02122107    82
02122108    76
02122109    61
02122110    53
02122111   142
02122112    97
02122113   114
02122114   180
02122115   383
02122116   265
02122117   174
02122118   247
02122119   153
02122120    90
02122121   161
02122122   193
02122123   294
02122200   275
02122201   134
02122202    91
02122203    64
02122204    89
02122205    76
02122206    68
02122207    93
02122208    88
02122209    65
02122210    55
02122211    65
02122212   129
02122213   194
02122214   113
02122215    44
02122216    37
02122217    45
02122218    49
02122219    35
02122220    52
02122221    70
02122222   100
02122223    84
02122300   135
02122301   129
02122302   392
02122303   245
02122304   184
02122305   269
02122306   571
02122307   633
02122308   707
02122309   647
02122310   790
02122311   688
02122312   613
02122313   254
02122314   150
02122315   131
02122316   113
02122317   327
02122318   730
02122319   219
02122320   360
02122321   218
02122322   360
02122323   649
02122400   284
02122401   119
02122402    48
02122403    46
02122404    56
02122405    44
02122406    92
02122407    81
02122408   225
02122409   253
02122410   252
02122411   519
02122412   539
02122413   335
02122414   859
02122415   608
02122416   650
02122417   539
02122418   287
02122419   302
02122420   496
02122421   343
02122422   140
02122423   103
02122500   150
02122501   278
02122502   313
02122503   100
02122504    58
02122505    70
02122506    88
02122507   196
02122508   311
02122509   288
02122510   221
02122511   359
02122512   455
02122513   704
02122514   358
02122515   217
02122516   303
02122517   315
02122518   366
02122519   545
02122520   331
02122521   118
02122522    77
02122523    59
02122600    46
02122601   146
02122602    58
02122603    67
02122604    94
02122605   139
02122606   158
02122607   131
02122608   190
02122609   278
02122610   779
02122611   647
02122612   458
02122613   357
02122614   634
02122615   550
02122616   405
02122617   349
02122618   298
02122619   174
02122620    51
02122621    89
02122622   433
02122623   430
02122700   490
02122701   459
02122702   241
02122703   497
02122704   877
02122705   749
02122706   351
02122707   264
02122708   533
02122709   475
02122710   775
02122711   658
02122712   536
02122713   760
02122714   384
02122715   801
02122716   572
02122717   335
02122718   326
02122719   376
02122720   212
02122721   172
02122722   169
02122723   450
02122800   194
02122801   193
02122802   369
02122803   419
02122804   256
02122805   209
02122806   204
02122807   395
02122808   463
02122809   470
02122810   500
02122811   411
02122812   254
02122813   146
02122814   373
02122815   143
02122816   191
02122817   282
02122818   139
02122819    70
02122820    40
02122821    43
02122822    80
02122823    76
02122900   130
02122901   245
02122902   200
02122903    47
02122904    23
02122905    51
02122906   103
02122907   254
02122908   359
02122909   148
02122910   437
02122911   268
02122912   353
02122913   245
02122914   148
02122915   133
02122916   311
02122917   531
02122918   233
02122919    89
02122920    52
02122921   126
02122922   308
02122923   139
02123000    95
02123001   172
02123002   271
02123003    96
02123004    84
02123005   201
02123006   158
02123007   145
02123008   306
02123009   252
02123010    69
02123011   191
02123012   335
02123013   113
02123014   112
02123015   222
02123016   345
02123017   286
02123018   113
02123019   248
02123020   268
02123021   231
02123022    88
02123023   128
02123100   272
02123101   378
02123102    97
02123103    93
02123104   127
02123105   124
02123106   132
02123107    67
02123108   122
02123109    50
02123110   258
02123111   350
02123112   193
02123113    93
02123114    46
02123115    34
02123116    42
02123117    28
02123118    19
02123119    13
02123120    15
02123121    24
02123122    29
02123123    18

Fri Ju 2
