02020100   352
02020101   412
02020102   185
02020103    83
02020104   120
02020105   130
02020106   135
02020107   186
02020108   227
02020109   330
02020110   268
02020111   265
02020112   178
02020113   405
02020114   464
02020115   265
02020116   361
02020117   198
02020118    41
02020119    30
02020120    80
02020121   131
02020122   128
02020123    41
02020200    56
02020201   113
02020202   183
02020203   190
02020204   385
02020205   385
02020206   542
02020207   570
02020208   528
02020209   367
02020210   297
02020211   323
02020212   483
02020213   347
02020214   217
02020215    99
02020216   212
02020217   260
02020218    56
02020219    45
02020220    44
02020221    37
02020222   126
02020223   121
02020300    44
02020301    56
02020302   175
02020303   142
02020304    79
02020305    53
02020306    45
02020307    45
02020308    33
02020309    74
02020310   142
02020311    55
02020312    58
02020313    93
02020314   120
02020315   145
02020316   166
02020317    67
02020318    49
02020319    39
02020320    36
02020321    32
02020322    32
02020323    32
02020400    33
02020401    20
02020402    37
02020403    47
02020404    97
02020405    78
02020406    55
02020407    30
02020408    30
02020409    32
02020410    31
02020411    31
02020412    42
02020413    52
02020414    87
02020415   157
02020416   101
02020417   146
02020418   223
02020419   171
02020420    95
02020421   115
02020422   201
02020423   169
02020500   218
02020501   271
02020502   252
02020503   192
02020504   139
02020505    95
02020506   194
02020507   199
02020508    74
02020509    49
02020510    87
02020511   167
02020512   222
02020513   196
02020514    46
02020515    77
02020516   131
02020517   384
02020518   858
02020519   758
02020520   531
02020521   497
02020522   507
02020523   175
02020600   236
02020601   319
02020602   400
02020603   218
02020604   343
02020605   285
02020606   451
02020607   322
02020608   443
02020609   369
02020610   439
02020611   660
02020612   416
02020613   255
02020614   618
02020615   304
02020616   288
02020617   250
02020618   170
02020619   360
02020620   413
02020621   135
02020622   151
02020623   201
02020700   181
02020701   153
02020702    71
02020703   139
02020704   179
02020705   296
02020706   126
02020707   111
02020708   242
02020709   176
02020710   138
02020711   350
02020712   554
02020713   163
02020714    87
02020715    71
02020716    90
02020717   106
02020718   208
02020719    52
02020720    70
02020721   264
02020722   219
02020723   373
02020800   448
02020801   176
02020802    99
02020803    70
02020804   143
02020805   175
02020806   225
02020807   139
02020808    83
02020809   122
02020810   211
02020811   184
02020812   251
02020813   566
02020814   288
02020815   301
02020816   601
02020817   444
02020818   292
02020819    89
02020820   119
02020821   218
02020822   132
02020823    44
02020900    90
02020901   135
02020902   170
02020903   235
02020904   299
02020905   269
02020906   147
02020907    92
02020908   196
02020909   217
02020910   287
02020911   327
02020912   263
02020913   123
02020914    95
02020915   102
02020916    77
02020917    62
02020918    31
02020919    96
02020920   422
02020921   541
02020922   312
02020923    80
02021000    61
02021001   214
02021002   291
02021003   152
02021004    86
02021005   108
02021006   228
02021007   100
02021008   101
02021009   153
02021010    34
02021011    39
02021012    96
02021013   281
02021014    93
02021015    74
02021016   138
02021017   127
02021018    68
02021019    31
02021020    36
02021021    49
02021022    63
02021023    89
02021100    56
02021101   190
02021102    58
02021103   107
02021104   133
02021105   153
02021106    78
02021107    53
02021108   312
02021109   207
02021110   315
02021111   518
02021112   322
02021113    71
02021114   132
02021115    95
02021116   219
02021117   500
02021118   314
02021119   189
02021120   126
02021121   164
02021122   222
02021123   387
02021200   292
02021201   416
02021202   352
02021203   164
02021204    90
02021205    91
02021206   189
02021207   115
02021208    64
02021209    53
02021210    36
02021211    37
02021212    31
02021213    29
02021214    41
02021215    74
02021216    75
02021217    50
02021218    36
02021219    32
02021220    48
02021221    66
02021222   133
02021223   373
02021300   160
02021301   148
02021302    82
02021303   107
02021304   107
02021305    68
02021306    43
02021307   103
02021308   394
02021309   248
02021310   262
02021311   180
02021312   314
02021313   472
02021314   155
02021315   243
02021316   481
02021317   182
02021318    69
02021319    40
02021320    40
02021321    33
02021322    38
02021323    28
02021400    24
02021401    24
02021402    24
02021403    19
02021404    20
02021405    38
02021406    58
02021407    80
02021408   144
02021409    99
02021410    60
02021411    49
02021412    31
02021413    40
02021414    50
02021415    45
02021416    52
02021417    47
02021418    36
02021419    31
02021420    35
02021421    35
02021422    38
02021423    30
02021500    25
02021501    25
02021502    26
02021503    30
02021504    26
02021505    34
02021506    50
02021507    26
02021508    26
02021509    33
02021510    33
02021511    30
02021512    42
02021513    43
02021514    42
02021515    41
02021516    43
02021517    34
02021518    34
02021519    37
02021520    68
02021521    51
02021522    45
02021523    40
02021600    34
02021601    48
02021602   138
02021603   113
02021604    47
02021605    28
02021606    48
02021607    74
02021608    58
02021609    49
02021610    42
02021611    40
02021612    79
02021613   212
02021614   123
02021615   134
02021616   286
02021617   153
02021618    51
02021619    52
02021620    37
02021621    29
02021622    34
02021623    36
02021700    67
02021701    74
02021702    96
02021703   151
02021704   144
02021705    74
02021706   331
02021707   320
02021708    52
02021709    47
02021710    43
02021711    74
02021712   225
02021713   151
02021714   142
02021715   226
02021716   210
02021717    75
02021718   121
02021719    85
02021720   131
02021721   207
02021722   286
02021723   186
02021800    71
02021801    57
02021802    56
02021803    75
02021804   106
02021805   137
02021806   158
02021807   128
02021808   120
02021809    77
02021810    61
02021811    55
02021812    48
02021813    42
02021814    42
02021815    61
02021816   201
02021817   249
02021818   348
02021819   587
02021820   621
02021821   557
02021822   351
02021823   135
02021900   101
02021901    50
02021902    41
02021903    22
02021904    16
02021905    14
02021906    21
02021907    78
02021908   100
02021909    62
02021910    26
02021911    30
02021912    37
02021913    38
02021914    36
02021915    36
02021916    42
02021917    73
02021918    49
02021919    60
02021920    70
02021921    48
02021922    43
02021923    43
02022000   119
02022001    36
02022002    28
02022003    23
02022004    19
02022005    25
02022006    55
02022007   168
02022008   253
02022009    57
02022010    43
02022011    83
02022012   256
02022013   218
02022014   113
02022015    53
02022016    69
02022017    40
02022018    45
02022019    48
02022020    76
02022021   108
02022022   176
02022023   118
02022100    35
02022101    39
02022102    45
02022103   107
02022104    72
02022105    62
02022106   112
02022107    73
02022108   112
02022109   124
02022110    60
02022111    43
02022112    57
02022113   166
02022114   235
02022115    94
02022116    72
02022117   200
02022118   102
02022119   125
02022120    79
02022121   117
02022122   188
02022123   113
02022200    58
02022201    50
02022202   136
02022203   233
02022204    84
02022205    49
02022206    47
02022207    53
02022208    32
02022209    43
02022210    42
02022211    40
02022212    43
02022213   116
02022214   121
02022215    45
02022216    68
02022217   108
02022218   154
02022219   361
02022220   171
02022221   193
02022222   210
02022223   174
02022300   211
02022301   196
02022302   103
02022303   140
02022304   102
02022305    61
02022306    89
02022307    92
02022308    52
02022309    30
02022310    37
02022311    39
02022312    61
02022313    53
02022314    43
02022315    44
02022316    52
02022317    45
02022318    27
02022319    27
02022320    43
02022321   103
02022322    88
02022323    52
02022400    54
02022401    85
02022402   131
02022403    91
02022404    56
02022405    52
02022406    66
02022407    49
02022408    70
02022409    95
02022410    82
02022411    87
02022412   269
02022413   221
02022414    65
02022415    36
02022416    26
02022417    21
02022418    28
02022419   123
02022420   154
02022421    59
02022422    64
02022423    99
02022500   154
02022501    90
02022502    57
02022503    35
02022504    30
02022505    36
02022506    68
02022507   102
02022508   166
02022509    89
02022510    65
02022511   234
02022512   300
02022513   206
02022514   256
02022515   176
02022516    65
02022517    77
02022518   123
02022519   188
02022520   188
02022521   356
02022522   270
02022523   213
02022600   213
02022601   165
02022602   175
02022603   130
02022604   186
02022605   152
02022606   303
02022607   266
02022608   211
02022609   123
02022610   135
02022611   260
02022612   197
02022613   264
02022614   228
02022615    88
02022616    82
02022617   276
02022618   401
02022619   173
02022620   169
02022621   173
02022622   188
02022623   367
02022700   237
02022701   137
02022702    90
02022703    49
02022704    29
02022705    27
02022706    43
02022707   100
02022708    92
02022709   100
02022710    69
02022711    63
02022712    57
02022713   131
02022714   132
02022715    75
02022716    78
02022717    77
02022718    94
02022719    68
02022720    57
02022721    60
02022722    85
02022723   111
02022800    73
02022801    53
02022802    76
02022803    97
02022804    54
02022805   279
02022806   448
02022807   398
02022808   392
02022809   356
02022810   166
02022811   202
02022812   414
02022813   386
02022814   133
02022815    64
02022816    60
02022817    59
02022818    76
02022819   170
02022820   425
02022821  1015
02022822   678
02022823   435

Fri Ju 2
