02030100   384
02030101   216
02030102   388
02030103   184
02030104   112
02030105    72
02030106   203
02030107   204
02030108   269
02030109    94
02030110    84
02030111    63
02030112   172
02030113   142
02030114   101
02030115    37
02030116    47
02030117    71
02030118    98
02030119    30
02030120    32
02030121    30
02030122    30
02030123    30
02030200    31
02030201    47
02030202    27
02030203    24
02030204    28
02030205    29
02030206    37
02030207    34
02030208    35
02030209    41
02030210    44
02030211    49
02030212    50
02030213    45
02030214    45
02030215    52
02030216    46
02030217    69
02030218    35
02030219    78
02030220    37
02030221    33
02030222    45
02030223    59
02030300    58
02030301    40
02030302    31
02030303    34
02030304    51
02030305    71
02030306    68
02030307   128
02030308   342
02030309   367
02030310   231
02030311   198
02030312   226
02030313   308
02030314   422
02030315   436
02030316   493
02030317   497
02030318   632
02030319   689
02030320   653
02030321   573
02030322   534
02030323   357
02030400    95
02030401    92
02030402   229
02030403   121
02030404    60
02030405    65
02030406    65
02030407    75
02030408    75
02030409    84
02030410   112
02030411   100
02030412    95
02030413    60
02030414    63
02030415    76
02030416   101
02030417   113
02030418    71
02030419    91
02030420   149
02030421   139
02030422    93
02030423    76
02030500   176
02030501   300
02030502   396
02030503   461
02030504   191
02030505   371
02030506   277
02030507   215
02030508   164
02030509   202
02030510   130
02030511   184
02030512   339
02030513   192
02030514   266
02030515   409
02030516   363
02030517   461
02030518   540
02030519   382
02030520   182
02030521   263
02030522   257
02030523   107
02030600    73
02030601   156
02030602   121
02030603    74
02030604   117
02030605   365
02030606   325
02030607   114
02030608   114
02030609   200
02030610   286
02030611   371
02030612   378
02030613   448
02030614   523
02030615   274
02030616   292
02030617   816
02030618   773
02030619   465
02030620   201
02030621   145
02030622   260
02030623   220
02030700   181
02030701   147
02030702   114
02030703    54
02030704    32
02030705   127
02030706   243
02030707   273
02030708   125
02030709   136
02030710   358
02030711   475
02030712   690
02030713   280
02030714    88
02030715    65
02030716    52
02030717    48
02030718    37
02030719   136
02030720    59
02030721    83
02030722   197
02030723    85
02030800    49
02030801    32
02030802    25
02030803    54
02030804    42
02030805    84
02030806   160
02030807   182
02030808   323
02030809   281
02030810   329
02030811    78
02030812    41
02030813    38
02030814    36
02030815    39
02030816    34
02030817    30
02030818    25
02030819    25
02030820    26
02030821    25
02030822    30
02030823    30
02030900    29
02030901    27
02030902    31
02030903    27
02030904    28
02030905    30
02030906    44
02030907    51
02030908    67
02030909    74
02030910    70
02030911   217
02030912   185
02030913   248
02030914   378
02030915   451
02030916   452
02030917   392
02030918    96
02030919    46
02030920    74
02030921    47
02030922    47
02030923    28
02031000    23
02031001    22
02031002    24
02031003    33
02031004    45
02031005    46
02031006    22
02031007    52
02031008    48
02031009    70
02031010   222
02031011   649
02031012   541
02031013   415
02031014   241
02031015    84
02031016    61
02031017    66
02031018    40
02031019    48
02031020    61
02031021    65
02031022   321
02031023   604
02031100   500
02031101   343
02031102    78
02031103   163
02031104   351
02031105   278
02031106   137
02031107    95
02031108   107
02031109   102
02031110   182
02031111   179
02031112   126
02031113   266
02031114   125
02031115    55
02031116    41
02031117    54
02031118    38
02031119    31
02031120    79
02031121    84
02031122    84
02031123    48
02031200    58
02031201    39
02031202    40
02031203   101
02031204    45
02031205    50
02031206    69
02031207   129
02031208   309
02031209   309
02031210    86
02031211   158
02031212   363
02031213   145
02031214    93
02031215   285
02031216   411
02031217   348
02031218    91
02031219    61
02031220    91
02031221   180
02031222   287
02031223    84
02031300    95
02031301   104
02031302    30
02031303    32
02031304    35
02031305    73
02031306   132
02031307   153
02031308   156
02031309    87
02031310    75
02031311   115
02031312    60
02031313   145
02031314    60
02031315    48
02031316    49
02031317    69
02031318    74
02031319    36
02031320    30
02031321    32
02031322    37
02031323    37
02031400    30
02031401    30
02031402    29
02031403    34
02031404    34
02031405    31
02031406    20
02031407    39
02031408    54
02031409    52
02031410    45
02031411    38
02031412    41
02031413    64
02031414    55
02031415    55
02031416    98
02031417    96
02031418    94
02031419    43
02031420    39
02031421    36
02031422    46
02031423    41
02031500    36
02031501    28
02031502    26
02031503    36
02031504    46
02031505    70
02031506    78
02031507    73
02031508    69
02031509    65
02031510    48
02031511    43
02031512    45
02031513    51
02031514    53
02031515    64
02031516    52
02031517    49
02031518    41
02031519    50
02031520    73
02031521   147
02031522   160
02031523    80
02031600    65
02031601    50
02031602    50
02031603    50
02031604    48
02031605    41
02031606    40
02031607    55
02031608    50
02031609    54
02031610    60
02031611    62
02031612    77
02031613    80
02031614   196
02031615   265
02031616   140
02031617    63
02031618    42
02031619    45
02031620    34
02031621    35
02031622    42
02031623    38
02031700    34
02031701    33
02031702    36
02031703    39
02031704    35
02031705    40
02031706    50
02031707    63
02031708    81
02031709    81
02031710    66
02031711    60
02031712    64
02031713    68
02031714    74
02031715   136
02031716   126
02031717    96
02031718    78
02031719    96
02031720    55
02031721    44
02031722    46
02031723    54
02031800   108
02031801   170
02031802   199
02031803   133
02031804    71
02031805    60
02031806    99
02031807   106
02031808   161
02031809   167
02031810   263
02031811   131
02031812    94
02031813   145
02031814   146
02031815   125
02031816   109
02031817   117
02031818   228
02031819   332
02031820   244
02031821   158
02031822   111
02031823    97
02031900   343
02031901   422
02031902   235
02031903   324
02031904   692
02031905   589
02031906   182
02031907   132
02031908   187
02031909   124
02031910    89
02031911    62
02031912    45
02031913    36
02031914    42
02031915    56
02031916    54
02031917    37
02031918    36
02031919    24
02031920    40
02031921    40
02031922    46
02031923    40
02032000    42
02032001    37
02032002    36
02032003    37
02032004    44
02032005    36
02032006    45
02032007    41
02032008    47
02032009    44
02032010    37
02032011    68
02032012    63
02032013   105
02032014   265
02032015   713
02032016   633
02032017   236
02032018   104
02032019    58
02032020    46
02032021    49
02032022    53
02032023    95
02032100   102
02032101    98
02032102    66
02032103    76
02032104    73
02032105    57
02032106    82
02032107    89
02032108   334
02032109   336
02032110   139
02032111    86
02032112    70
02032113    52
02032114    55
02032115    39
02032116    41
02032117    30
02032118    45
02032119   121
02032120   137
02032121    59
02032122    63
02032123    88
02032200   116
02032201    85
02032202   141
02032203   266
02032204   144
02032205   237
02032206   194
02032207   208
02032208   115
02032209   211
02032210   262
02032211    65
02032212    51
02032213    47
02032214    38
02032215    35
02032216    34
02032217    26
02032218    33
02032219    22
02032220    22
02032221    37
02032222    37
02032223    40
02032300    48
02032301    50
02032302    47
02032303    41
02032304    34
02032305    30
02032306    39
02032307    49
02032308    61
02032309    49
02032310    51
02032311    71
02032312   267
02032313   180
02032314   247
02032315   509
02032316   467
02032317   542
02032318   589
02032319   480
02032320   563
02032321   483
02032322   603
02032323   576
02032400   516
02032401   367
02032402   747
02032403   725
02032404   622
02032405  1017
02032406   705
02032407   755
02032408   757
02032409   510
02032410   554
02032411   375
02032412   417
02032413   569
02032414   823
02032415  1025
02032416   959
02032417   613
02032418   745
02032419   768
02032420   479
02032421   419
02032422   115
02032423    64
02032500   140
02032501   167
02032502   109
02032503    98
02032504   130
02032505    76
02032506    82
02032507    83
02032508    61
02032509    57
02032510    58
02032511    56
02032512    71
02032513    49
02032514    43
02032515    77
02032516    66
02032517    35
02032518    38
02032519    30
02032520    20
02032521    27
02032522    28
02032523    29
02032600    37
02032601    39
02032602    71
02032603    53
02032604    61
02032605    72
02032606    56
02032607    60
02032608    62
02032609   185
02032610   269
02032611   326
02032612   263
02032613   197
02032614   124
02032615    62
02032616   113
02032617    79
02032618   103
02032619   153
02032620   335
02032621   241
02032622   396
02032623    74
02032700    44
02032701    41
02032702    47
02032703    40
02032704    49
02032705    78
02032706   146
02032707   192
02032708   112
02032709    55
02032710    50
02032711    54
02032712    51
02032713    57
02032714    52
02032715    70
02032716    71
02032717    52
02032718    37
02032719    42
02032720    77
02032721    56
02032722    39
02032723    42
02032800    45
02032801    45
02032802    87
02032803    68
02032804    54
02032805    50
02032806    39
02032807    40
02032808    44
02032809    54
02032810    61
02032811    81
02032812   105
02032813    55
02032814    56
02032815    71
02032816    71
02032817    48
02032818    45
02032819    36
02032820    35
02032821    44
02032822    49
02032823    53
02032900    49
02032901    47
02032902    47
02032903    50
02032904    51
02032905    44
02032906    45
02032907    48
02032908    49
02032909    62
02032910    78
02032911    72
02032912    76
02032913    71
02032914    68
02032915    75
02032916    64
02032917    59
02032918    62
02032919   140
02032920    41
02032921    52
02032922    78
02032923    81
02033000    81
02033001    98
02033002    58
02033003   148
02033004   286
02033005   372
02033006   186
02033007   148
02033008   221
02033009   216
02033010   211
02033011   164
02033012   231
02033013   545
02033014   566
02033015   229
02033016   340
02033017   780
02033018   677
02033019   250
02033020   144
02033021   113
02033022   172
02033023   126
02033100   105
02033101    99
02033102   146
02033103   232
02033104   384
02033105   195
02033106   266
02033107   384
02033108   337
02033109   136
02033110   177
02033111   250
02033112   286
02033113   361
02033114   310
02033115   255
02033116   259
02033117   179
02033118   158
02033119   297
02033120   547
02033121   264
02033122   147
02033123   121

Fri Ju 2
