02040100   252
02040101   174
02040102    89
02040103   163
02040104   527
02040105   643
02040106   675
02040107   571
02040108   153
02040109   216
02040110   400
02040111   235
02040112   193
02040113   264
02040114   345
02040115   402
02040116   325
02040117   250
02040118   443
02040119   223
02040120    51
02040121    53
02040122    53
02040123    77
02040200   129
02040201   164
02040202   199
02040203   308
02040204   384
02040205   584
02040206   761
02040207   602
02040208   468
02040209   431
02040210   264
02040211   198
02040212   181
02040213   115
02040214   142
02040215   110
02040216   101
02040217    60
02040218    72
02040219   109
02040220    87
02040221    68
02040222    94
02040223    93
02040300   257
02040301   414
02040302   275
02040303   224
02040304   466
02040305   627
02040306   277
02040307   201
02040308   174
02040309   237
02040310   338
02040311   246
02040312    62
02040313   108
02040314   145
02040315   136
02040316    76
02040317   199
02040318   259
02040319   171
02040320   162
02040321   281
02040322   263
02040323   150
02040400   127
02040401    72
02040402   103
02040403   179
02040404   219
02040405   205
02040406   204
02040407    92
02040408   117
02040409    99
02040410   101
02040411   310
02040412   539
02040413   368
02040414   165
02040415    56
02040416    68
02040417    47
02040418    34
02040419    53
02040420    77
02040421   103
02040422    49
02040423    56
02040500    63
02040501    70
02040502    60
02040503    83
02040504    70
02040505    51
02040506    43
02040507    46
02040508    48
02040509    56
02040510    59
02040511    60
02040512    73
02040513    68
02040514    75
02040515    58
02040516    62
02040517    59
02040518    53
02040519    98
02040520    80
02040521    52
02040522    59
02040523    67
02040600    59
02040601    61
02040602    61
02040603    82
02040604    78
02040605    61
02040606    48
02040607    47
02040608    47
02040609    45
02040610   102
02040611   114
02040612   142
02040613    83
02040614    60
02040615    64
02040616    73
02040617    95
02040618   105
02040619    81
02040620    63
02040621    62
02040622    50
02040623    53
02040700    59
02040701   110
02040702    75
02040703    47
02040704    38
02040705    31
02040706    44
02040707    45
02040708    46
02040709    52
02040710    95
02040711   137
02040712   333
02040713    76
02040714    64
02040715   141
02040716   164
02040717    83
02040718    51
02040719    39
02040720    34
02040721    41
02040722    54
02040723    56
02040800    54
02040801    49
02040802    46
02040803    44
02040804    35
02040805    22
02040806    28
02040807    36
02040808    49
02040809    46
02040810    51
02040811    55
02040812    56
02040813    59
02040814    60
02040815    53
02040816    56
02040817    45
02040818    41
02040819    44
02040820    48
02040821    55
02040822    53
02040823    59
02040900    55
02040901    47
02040902    47
02040903    46
02040904    43
02040905    39
02040906    58
02040907    52
02040908    35
02040909    64
02040910    53
02040911    57
02040912    66
02040913    71
02040914    69
02040915    68
02040916    53
02040917    56
02040918    59
02040919    53
02040920    50
02040921    66
02040922    57
02040923    58
02041000    55
02041001    56
02041002    46
02041003    43
02041004    43
02041005    41
02041006    49
02041007    53
02041008    57
02041009    62
02041010    76
02041011   199
02041012   128
02041013    90
02041014   103
02041015   128
02041016   116
02041017   107
02041018   214
02041019   186
02041020    70
02041021    48
02041022    53
02041023    49
02041100    50
02041101    52
02041102    64
02041103    45
02041104    43
02041105    37
02041106    46
02041107    59
02041108   147
02041109    94
02041110   176
02041111   302
02041112   238
02041113   184
02041114   196
02041115   240
02041116   118
02041117   103
02041118    68
02041119    50
02041120    59
02041121   115
02041122   220
02041123   165
02041200   330
02041201   284
02041202   163
02041203    69
02041204    73
02041205    95
02041206    47
02041207    52
02041208    46
02041209    66
02041210    63
02041211    67
02041212   126
02041213   307
02041214   448
02041215   109
02041216    71
02041217    74
02041218    97
02041219    79
02041220    39
02041221    45
02041222    60
02041223    64
02041300   136
02041301   283
02041302   502
02041303   426
02041304   319
02041305   366
02041306   376
02041307   217
02041308   309
02041309   417
02041310   351
02041311   297
02041312   513
02041313   733
02041314   736
02041315   642
02041316   297
02041317   184
02041318   235
02041319   326
02041320   185
02041321   172
02041322   299
02041323   300
02041400   126
02041401   276
02041402   179
02041403   384
02041404   181
02041405   171
02041406   133
02041407    90
02041408   100
02041409    73
02041410    80
02041411   122
02041412   165
02041413   761
02041414   940
02041415   228
02041416   108
02041417    88
02041418    60
02041419    38
02041420    43
02041421    49
02041422    39
02041423    40
02041500    47
02041501    45
02041502    44
02041503    50
02041504    43
02041505    32
02041506    45
02041507    50
02041508    55
02041509    55
02041510    65
02041511    75
02041512   117
02041513   211
02041514   318
02041515   232
02041516   157
02041517   287
02041518   237
02041519   132
02041520   228
02041521   408
02041522   202
02041523    82
02041600   105
02041601   215
02041602   299
02041603   374
02041604   346
02041605   445
02041606   322
02041607   183
02041608    67
02041609    50
02041610    56
02041611    57
02041612    58
02041613    58
02041614    53
02041615    62
02041616    63
02041617    77
02041618   143
02041619   214
02041620   270
02041621   359
02041622   260
02041623   347
02041700   362
02041701   407
02041702   247
02041703   231
02041704   305
02041705   359
02041706   137
02041707    32
02041708   114
02041709   502
02041710   922
02041711  1117
02041712  1045
02041713   593
02041714  1071
02041715  1356
02041716  1325
02041717  1102
02041718   816
02041719   608
02041720   548
02041721   196
02041722   159
02041723   229
02041800   663
02041801   769
02041802   807
02041803   896
02041804   884
02041805   708
02041806   832
02041807   826
02041808   810
02041809   841
02041810   871
02041811   821
02041812   884
02041813   903
02041814   912
02041815  1066
02041816  1121
02041817  1341
02041818   891
02041819   808
02041820   797
02041821   670
02041822   511
02041823   598
02041900   514
02041901   358
02041902   295
02041903   426
02041904   404
02041905   263
02041906   253
02041907   264
02041908   307
02041909   961
02041910   922
02041911   627
02041912  1148
02041913  1316
02041914   970
02041915  1159
02041916  1639
02041917  1356
02041918   753
02041919   958
02041920  1022
02041921   790
02041922   523
02041923   770
02042000   453
02042001   671
02042002  1056
02042003   783
02042004  1201
02042005  1041
02042006   664
02042007   859
02042008   747
02042009   493
02042010   557
02042011   774
02042012   527
02042013   556
02042014   819
02042015   836
02042016   939
02042017   853
02042018   615
02042019   778
02042020   600
02042021   358
02042022   284
02042023   134
02042100   146
02042101    67
02042102   163
02042103   174
02042104   102
02042105    71
02042106   176
02042107   141
02042108   156
02042109   113
02042110    72
02042111    53
02042112    63
02042113    83
02042114    53
02042115    74
02042116    46
02042117    39
02042118    47
02042119    93
02042120   100
02042121   260
02042122   142
02042123   334
02042200   529
02042201   421
02042202   644
02042203   697
02042204   651
02042205   334
02042206   114
02042207    69
02042208    49
02042209    67
02042210   228
02042211   248
02042212   264
02042213    92
02042214   113
02042215   121
02042216   380
02042217   464
02042218   185
02042219    48
02042220    53
02042221    54
02042222    52
02042223    54
02042300    52
02042301    43
02042302    50
02042303    44
02042304   136
02042305   664
02042306   833
02042307  1136
02042308   914
02042309   242
02042310   132
02042311   117
02042312   255
02042313   370
02042314   405
02042315   494
02042316   646
02042317   306
02042318   157
02042319   157
02042320   264
02042321   426
02042322   468
02042323   267
02042400   401
02042401   409
02042402   156
02042403    75
02042404    84
02042405    86
02042406    97
02042407   117
02042408    92
02042409    89
02042410   137
02042411   193
02042412   223
02042413   140
02042414   122
02042415   198
02042416   303
02042417   267
02042418    87
02042419   106
02042420   129
02042421   222
02042422   110
02042423   101
02042500   161
02042501   165
02042502    60
02042503    41
02042504    85
02042505    49
02042506    43
02042507    57
02042508    48
02042509    51
02042510    59
02042511    60
02042512    96
02042513    62
02042514    46
02042515    51
02042516    80
02042517   118
02042518   121
02042519   118
02042520    65
02042521    38
02042522    38
02042523    40
02042600    44
02042601    35
02042602    38
02042603    41
02042604    31
02042605    37
02042606    48
02042607    53
02042608    61
02042609    59
02042610    59
02042611    58
02042612    55
02042613    52
02042614    41
02042615    45
02042616    46
02042617    43
02042618    40
02042619    52
02042620   117
02042621   107
02042622    78
02042623    71
02042700    73
02042701    82
02042702    69
02042703    54
02042704    58
02042705   100
02042706   123
02042707    88
02042708    91
02042709    94
02042710   201
02042711   156
02042712   111
02042713   116
02042714   202
02042715   250
02042716   243
02042717   219
02042718   188
02042719   189
02042720   281
02042721   325
02042722   250
02042723   296
02042800   579
02042801   282
02042802   290
02042803   272
02042804   735
02042805   555
02042806   396
02042807   339
02042808   719
02042809   399
02042810   373
02042811   552
02042812   286
02042813   290
02042814   113
02042815   129
02042816   101
02042817   335
02042818   360
02042819   215
02042820    91
02042821    96
02042822   105
02042823   115
02042900   110
02042901   162
02042902    94
02042903    73
02042904    38
02042905    56
02042906    62
02042907   133
02042908   130
02042909    91
02042910   120
02042911   427
02042912   411
02042913   202
02042914   131
02042915   207
02042916   236
02042917   451
02042918   418
02042919   260
02042920   362
02042921   252
02042922   122
02042923    98
02043000   106
02043001   277
02043002   164
02043003   107
02043004   114
02043005   243
02043006   129
02043007    79
02043008    66
02043009    74
02043010    68
02043011   149
02043012   407
02043013   157
02043014    77
02043015    52
02043016    50
02043017    97
02043018   107
02043019    65
02043020    69
02043021    81
02043022    90
02043023    94

Fri Ju 2
