03010100    25
03010101    38
03010102    60
03010103    96
03010104    83
03010105    57
03010106   111
03010107   262
03010108   186
03010109   318
03010110   296
03010111   247
03010112   265
03010113   221
03010114    73
03010115    71
03010116    64
03010117    45
03010118    39
03010119    38
03010120    96
03010121   204
03010122   205
03010123   283
03010200    91
03010201    88
03010202   170
03010203    79
03010204    44
03010205    42
03010206    41
03010207    91
03010208    88
03010209   262
03010210   243
03010211    81
03010212    37
03010213    37
03010214   152
03010215   167
03010216    84
03010217   188
03010218   155
03010219    42
03010220    41
03010221    39
03010222    70
03010223    89
03010300   202
03010301    77
03010302    69
03010303    67
03010304    44
03010305    54
03010306    93
03010307   143
03010308    96
03010309   117
03010310    65
03010311    82
03010312   231
03010313   389
03010314   159
03010315   319
03010316   885
03010317   675
03010318   609
03010319   387
03010320   357
03010321   429
03010322   327
03010323   240
03010400   350
03010401   389
03010402   350
03010403   152
03010404   263
03010405   247
03010406    80
03010407    70
03010408    90
03010409    54
03010410    84
03010411   270
03010412   303
03010413   347
03010414   166
03010415   101
03010416   167
03010417   171
03010418   275
03010419   364
03010420   116
03010421    66
03010422   121
03010423   203
03010500    67
03010501    58
03010502    63
03010503    82
03010504    95
03010505   129
03010506    57
03010507   106
03010508   117
03010509   138
03010510    71
03010511    46
03010512    53
03010513    69
03010514   151
03010515   207
03010516   138
03010517    89
03010518   204
03010519   124
03010520    66
03010521   197
03010522    83
03010523    39
03010600    41
03010601    37
03010602    41
03010603    44
03010604    50
03010605    33
03010606    37
03010607    47
03010608    42
03010609    39
03010610    49
03010611    39
03010612    42
03010613    39
03010614    38
03010615    38
03010616    29
03010617    32
03010618    47
03010619    69
03010620    34
03010621    98
03010622   261
03010623   146
03010700    92
03010701    77
03010702    37
03010703    67
03010704    81
03010705   158
03010706   134
03010707   120
03010708    82
03010709   208
03010710   178
03010711    89
03010712   165
03010713   159
03010714    91
03010715    90
03010716   151
03010717   240
03010718   327
03010719   194
03010720    92
03010721   137
03010722   144
03010723   119
03010800    86
03010801    44
03010802    56
03010803    72
03010804    47
03010805    34
03010806    62
03010807   114
03010808   201
03010809    66
03010810    37
03010811    33
03010812    37
03010813    48
03010814    47
03010815    30
03010816    28
03010817    50
03010818    52
03010819    56
03010820    46
03010821    50
03010822    51
03010823    33
03010900    29
03010901    39
03010902    43
03010903    52
03010904    58
03010905    46
03010906    57
03010907    50
03010908    45
03010909    39
03010910    35
03010911    38
03010912    47
03010913    49
03010914    58
03010915    50
03010916    42
03010917    62
03010918   118
03010919   276
03010920   155
03010921    92
03010922    61
03010923    37
03011000    77
03011001    55
03011002   116
03011003   125
03011004    44
03011005    67
03011006    81
03011007    71
03011008    99
03011009   147
03011010   121
03011011    73
03011012   250
03011013   424
03011014   200
03011015   101
03011016   132
03011017   385
03011018   515
03011019   488
03011020   362
03011021   272
03011022   275
03011023   448
03011100   270
03011101   220
03011102   214
03011103   246
03011104   136
03011105    66
03011106    60
03011107    51
03011108    63
03011109    64
03011110    53
03011111    53
03011112   125
03011113    96
03011114   105
03011115    91
03011116    57
03011117   174
03011118   192
03011119   160
03011120    81
03011121   215
03011122   189
03011123    61
03011200   117
03011201   115
03011202   141
03011203   107
03011204   116
03011205   171
03011206   422
03011207   315
03011208    81
03011209   194
03011210   127
03011211    63
03011212   152
03011213   185
03011214   187
03011215   145
03011216    73
03011217   184
03011218   351
03011219   125
03011220    69
03011221    98
03011222    91
03011223    77
03011300   120
03011301   282
03011302   181
03011303   114
03011304   129
03011305    76
03011306    72
03011307    67
03011308   112
03011309   189
03011310   140
03011311    72
03011312    79
03011313    86
03011314    58
03011315    69
03011316   118
03011317    86
03011318    49
03011319    45
03011320    25
03011321    34
03011322    56
03011323   229
03011400   383
03011401   216
03011402   276
03011403   197
03011404   207
03011405   213
03011406   192
03011407   174
03011408   110
03011409   172
03011410   228
03011411   275
03011412   126
03011413    71
03011414   104
03011415    57
03011416    63
03011417    49
03011418    78
03011419    55
03011420    27
03011421    40
03011422    62
03011423    59
03011500    56
03011501   155
03011502   224
03011503    90
03011504    90
03011505   121
03011506   128
03011507    59
03011508    91
03011509   154
03011510   217
03011511    65
03011512    82
03011513   101
03011514   176
03011515   218
03011516   160
03011517    80
03011518    62
03011519    45
03011520    84
03011521    62
03011522    77
03011523    92
03011600    89
03011601   108
03011602    76
03011603    59
03011604    47
03011605    59
03011606    61
03011607    87
03011608    86
03011609    65
03011610    79
03011611   250
03011612   372
03011613   197
03011614    68
03011615    58
03011616    58
03011617    40
03011618   141
03011619   205
03011620   168
03011621   177
03011622   198
03011623   152
03011700   133
03011701    93
03011702   119
03011703   122
03011704    91
03011705   106
03011706    58
03011707   113
03011708   166
03011709   242
03011710   439
03011711   398
03011712   167
03011713    61
03011714    75
03011715    67
03011716    75
03011717   173
03011718   203
03011719    80
03011720    67
03011721    56
03011722    62
03011723    78
03011800    47
03011801    77
03011802   125
03011803    74
03011804    55
03011805   131
03011806   283
03011807   176
03011808   135
03011809   172
03011810   240
03011811   370
03011812   407
03011813   671
03011814   280
03011815    92
03011816   251
03011817   258
03011818   154
03011819   185
03011820   173
03011821   239
03011822   206
03011823   220
03011900   282
03011901   133
03011902    67
03011903    63
03011904    60
03011905   116
03011906   347
03011907   411
03011908   342
03011909   646
03011910   458
03011911   234
03011912   439
03011913   266
03011914   552
03011915   931
03011916   771
03011917   514
03011918   320
03011919   125
03011920   211
03011921   306
03011922   122
03011923    76
03012000   101
03012001   296
03012002   696
03012003   427
03012004   251
03012005   165
03012006   134
03012007   228
03012008   114
03012009    84
03012010   246
03012011   313
03012012   205
03012013   112
03012014   289
03012015   316
03012016   268
03012017   374
03012018   192
03012019   301
03012020   331
03012021   183
03012022   263
03012023   331
03012100   204
03012101   378
03012102   140
03012103   187
03012104   234
03012105   257
03012106   217
03012107   210
03012108   466
03012109   258
03012110   276
03012111   655
03012112   328
03012113   236
03012114   276
03012115   326
03012116   134
03012117   258
03012118   344
03012119   121
03012120    50
03012121    60
03012122   308
03012123   562
03012200   421
03012201   289
03012202   269
03012203   388
03012204   400
03012205   326
03012206   212
03012207   128
03012208   175
03012209   250
03012210   367
03012211   397
03012212   376
03012213   333
03012214   216
03012215   115
03012216   277
03012217   590
03012218   500
03012219   148
03012220   101
03012221   170
03012222   271
03012223   791
03012300   563
03012301   543
03012302   669
03012303   446
03012304   138
03012305   116
03012306    59
03012307    50
03012308    89
03012309   132
03012310   138
03012311   173
03012312   428
03012313   221
03012314   616
03012315   231
03012316   293
03012317   448
03012318   228
03012319   147
03012320   194
03012321   258
03012322   216
03012323   244
03012400   440
03012401   453
03012402   331
03012403   130
03012404    76
03012405    54
03012406    59
03012407   152
03012408   292
03012409   285
03012410   421
03012411   332
03012412   230
03012413   125
03012414   172
03012415   602
03012416   569
03012417   645
03012418   396
03012419   182
03012420   452
03012421   596
03012422   663
03012423   469
03012500   332
03012501   386
03012502   393
03012503   483
03012504   459
03012505   607
03012506   898
03012507   860
03012508   823
03012509   825
03012510   370
03012511   403
03012512   729
03012513   631
03012514   583
03012515   320
03012516   360
03012517   456
03012518   228
03012519   121
03012520   126
03012521    65
03012522   179
03012523   302
03012600   605
03012601   250
03012602   181
03012603   159
03012604   243
03012605   164
03012606   236
03012607   316
03012608   438
03012609   384
03012610   238
03012611   623
03012612   420
03012613   391
03012614   557
03012615   410
03012616   435
03012617   350
03012618   172
03012619   180
03012620   313
03012621   213
03012622   300
03012623   297
03012700   136
03012701   206
03012702   111
03012703    44
03012704    51
03012705    54
03012706    47
03012707    44
03012708    36
03012709    33
03012710    36
03012711    38
03012712    44
03012713    46
03012714    45
03012715    45
03012716    49
03012717    71
03012718    61
03012719    33
03012720    34
03012721   165
03012722   145
03012723   277
03012800   442
03012801   526
03012802   271
03012803   338
03012804   286
03012805   276
03012806   251
03012807   279
03012808   243
03012809   339
03012810   115
03012811   139
03012812    67
03012813    50
03012814    63
03012815    77
03012816    40
03012817    40
03012818    40
03012819    57
03012820   124
03012821   285
03012822   169
03012823    60
03012900    86
03012901    61
03012902    47
03012903    46
03012904    56
03012905   115
03012906   121
03012907    76
03012908    36
03012909    92
03012910   203
03012911   449
03012912   613
03012913   742
03012914   465
03012915   228
03012916   414
03012917   394
03012918   590
03012919   583
03012920   629
03012921   628
03012922   720
03012923   558
03013000   515
03013001   673
03013002   522
03013003   238
03013004   191
03013005   298
03013006   506
03013007   355
03013008   348
03013009   403
03013010   393
03013011   544
03013012   655
03013013   663
03013014   314
03013015   353
03013016   842
03013017   779
03013018   723
03013019   159
03013020    78
03013021    78
03013022    96
03013023   123
03013100   318
03013101   242
03013102   215
03013103   260
03013104   376
03013105   304
03013106   322
03013107   508
03013108   415
03013109   488
03013110   384
03013111   841
03013112   330
03013113   243
03013114   422
03013115   595
03013116   414
03013117   316
03013118   283
03013119   184
03013120   121
03013121   163
03013122   182
03013123    97

Thu Ma 1
