03060100    57
03060101    75
03060102   277
03060103   542
03060104   487
03060105   666
03060106   267
03060107   369
03060108   408
03060109   307
03060110   268
03060111   181
03060112   240
03060113   304
03060114   398
03060115   278
03060116   188
03060117   209
03060118   411
03060119   778
03060120   694
03060121   374
03060122   200
03060123   654
03060200   614
03060201   380
03060202   476
03060203   905
03060204  1103
03060205  1095
03060206   957
03060207   613
03060208   754
03060209   512
03060210   659
03060211   675
03060212   328
03060213   250
03060214   452
03060215   395
03060216   297
03060217   259
03060218   173
03060219   174
03060220   104
03060221   216
03060222   364
03060223   568
03060300   652
03060301   541
03060302   277
03060303   367
03060304   377
03060305   356
03060306   445
03060307   387
03060308   321
03060309   334
03060310  1046
03060311   369
03060312   384
03060313   316
03060314   666
03060315   288
03060316   159
03060317   166
03060318   321
03060319   202
03060320   548
03060321   934
03060322   690
03060323   823
03060400   698
03060401   442
03060402   425
03060403   263
03060404   279
03060405    82
03060406   132
03060407   352
03060408   351
03060409   737
03060410   819
03060411   546
03060412   536
03060413   308
03060414   303
03060415   595
03060416   268
03060417   457
03060418   626
03060419   378
03060420   344
03060421   231
03060422   141
03060423   420
03060500   351
03060501   334
03060502   344
03060503   448
03060504   283
03060505   103
03060506    52
03060507   110
03060508   379
03060509   257
03060510   159
03060511   284
03060512   367
03060513   302
03060514   281
03060515   429
03060516   244
03060517   234
03060518   562
03060519   203
03060520    66
03060521    67
03060522   257
03060523   259
03060600   170
03060601   215
03060602   231
03060603   282
03060604   183
03060605   318
03060606   431
03060607   407
03060608   211
03060609   291
03060610   535
03060611   507
03060612   337
03060613   302
03060614   249
03060615   227
03060616   351
03060617   513
03060618   426
03060619   433
03060620   311
03060621   326
03060622   236
03060623   512
03060700   432
03060701   641
03060702   543
03060703   579
03060704   577
03060705   307
03060706   390
03060707   420
03060708   378
03060709   323
03060710   279
03060711   673
03060712   749
03060713   487
03060714   350
03060715   592
03060716   499
03060717   397
03060718   266
03060719   128
03060720   226
03060721   640
03060722   522
03060723   288
03060800   185
03060801   404
03060802   582
03060803   773
03060804   872
03060805   629
03060806   415
03060807   259
03060808   501
03060809   295
03060810   186
03060811   244
03060812   300
03060813   458
03060814   573
03060815   985
03060816   991
03060817   785
03060818   438
03060819   434
03060820   841
03060821  1066
03060822   665
03060823   367
03060900   347
03060901   182
03060902   210
03060903   604
03060904   556
03060905   538
03060906   579
03060907   317
03060908   208
03060909   340
03060910   637
03060911   516
03060912   304
03060913   250
03060914   265
03060915   173
03060916   231
03060917   271
03060918   266
03060919   233
03060920   467
03060921  1150
03060922  1204
03060923   727
03061000   416
03061001   119
03061002    98
03061003   125
03061004   163
03061005   370
03061006   411
03061007   831
03061008   798
03061009   301
03061010   329
03061011   596
03061012   456
03061013   236
03061014   247
03061015   246
03061016   339
03061017   186
03061018   296
03061019   243
03061020   108
03061021   158
03061022   272
03061023   332
03061100   403
03061101   215
03061102   278
03061103   459
03061104   284
03061105   255
03061106   531
03061107   500
03061108   318
03061109   277
03061110   185
03061111   275
03061112   253
03061113   272
03061114   229
03061115   155
03061116   162
03061117   204
03061118   234
03061119   278
03061120   354
03061121   172
03061122   102
03061123   140
03061200    87
03061201    71
03061202    81
03061203   186
03061204   208
03061205   121
03061206   205
03061207   227
03061208   181
03061209   198
03061210   290
03061211   237
03061212   325
03061213   361
03061214   174
03061215   233
03061216   163
03061217   158
03061218   173
03061219   113
03061220   108
03061221   126
03061222   109
03061223   270
03061300   333
03061301   178
03061302   150
03061303   108
03061304   195
03061305   301
03061306   231
03061307   196
03061308   163
03061309   221
03061310   191
03061311   121
03061312    84
03061313   108
03061314    95
03061315    87
03061316   153
03061317   117
03061318   119
03061319   124
03061320   203
03061321   553
03061322   811
03061323   451
03061400   199
03061401   112
03061402    88
03061403    97
03061404   506
03061405   881
03061406   876
03061407   794
03061408   646
03061409   640
03061410   556
03061411   776
03061412   484
03061413   166
03061414   114
03061415   187
03061416   451
03061417   817
03061418   905
03061419   503
03061420   467
03061421   380
03061422   297
03061423   350
03061500   345
03061501   574
03061502   441
03061503   344
03061504   679
03061505   762
03061506   440
03061507   198
03061508   246
03061509   145
03061510   118
03061511   224
03061512   394
03061513   319
03061514   229
03061515   279
03061516   298
03061517   408
03061518   440
03061519   291
03061520   267
03061521   395
03061522   396
03061523   437
03061600   304
03061601   324
03061602   475
03061603   855
03061604   288
03061605    91
03061606   102
03061607    68
03061608    57
03061609   268
03061610   611
03061611   930
03061612   777
03061613   984
03061614  1050
03061615   963
03061616   887
03061617   713
03061618   900
03061619  1047
03061620  1155
03061621  1136
03061622  1083
03061623   944
03061700   427
03061701   329
03061702   817
03061703   859
03061704   812
03061705  1297
03061706  1144
03061707   939
03061708   911
03061709   728
03061710   839
03061711   468
03061712   322
03061713   352
03061714   448
03061715   462
03061716   229
03061717   140
03061718   129
03061719    77
03061720   274
03061721   442
03061722   650
03061723   653
03061800   782
03061801   739
03061802   795
03061803   737
03061804   864
03061805   913
03061806   967
03061807   951
03061808   718
03061809   937
03061810   390
03061811   196
03061812   230
03061813   269
03061814   568
03061815   406
03061816   709
03061817   363
03061818   635
03061819   532
03061820   399
03061821   569
03061822   528
03061823   451
03061900   598
03061901   557
03061902   653
03061903   350
03061904   270
03061905   550
03061906   569
03061907   441
03061908   346
03061909   261
03061910   382
03061911   223
03061912   163
03061913   197
03061914   182
03061915   301
03061916   337
03061917   385
03061918   430
03061919   390
03061920   200
03061921    74
03061922    80
03061923    73
03062000   143
03062001   127
03062002    94
03062003   114
03062004   138
03062005   205
03062006   251
03062007   193
03062008   133
03062009   201
03062010   325
03062011   261
03062012   213
03062013   238
03062014   326
03062015   553
03062016   357
03062017   197
03062018   160
03062019    92
03062020   167
03062021   212
03062022    92
03062023   144
03062100   496
03062101   743
03062102   761
03062103   415
03062104   413
03062105   595
03062106   778
03062107   985
03062108   664
03062109   549
03062110   327
03062111   173
03062112    44
03062113    55
03062114   150
03062115   206
03062116   722
03062117   502
03062118   117
03062119   163
03062120   356
03062121   578
03062122   487
03062123   320
03062200   163
03062201   307
03062202   259
03062203   273
03062204   170
03062205   276
03062206   467
03062207   593
03062208   598
03062209   570
03062210   292
03062211   342
03062212   131
03062213    76
03062214    56
03062215    80
03062216   160
03062217   479
03062218   797
03062219   528
03062220   282
03062221   305
03062222   428
03062223   433
03062300   492
03062301   756
03062302   369
03062303   140
03062304   289
03062305   636
03062306   355
03062307   141
03062308   195
03062309   601
03062310   755
03062311   321
03062312   178
03062313   231
03062314   236
03062315   177
03062316   209
03062317   315
03062318   437
03062319   270
03062320   353
03062321   506
03062322   339
03062323   324
03062400   311
03062401   433
03062402   852
03062403   758
03062404   643
03062405   754
03062406   951
03062407   804
03062408   747
03062409   754
03062410   729
03062411   735
03062412   939
03062413   588
03062414   529
03062415   326
03062416   203
03062417   153
03062418   198
03062419   258
03062420   266
03062421   281
03062422   298
03062423   173
03062500   164
03062501   118
03062502   128
03062503   156
03062504   291
03062505   257
03062506   616
03062507   431
03062508   224
03062509   310
03062510   316
03062511    85
03062512   120
03062513   281
03062514   214
03062515   255
03062516   377
03062517   588
03062518   323
03062519   495
03062520   335
03062521   240
03062522   510
03062523   412
03062600   491
03062601   537
03062602   313
03062603   315
03062604   397
03062605   272
03062606   506
03062607   364
03062608   450
03062609   690
03062610   680
03062611   265
03062612   406
03062613   236
03062614   184
03062615   142
03062616   157
03062617   168
03062618   152
03062619   112
03062620   129
03062621   169
03062622   243
03062623   311
03062700   302
03062701   603
03062702   354
03062703   402
03062704   603
03062705   324
03062706   816
03062707  1106
03062708   636
03062709   588
03062710   429
03062711   550
03062712   663
03062713   806
03062714   793
03062715   348
03062716   342
03062717   330
03062718   221
03062719   366
03062720   405
03062721   301
03062722   492
03062723   531
03062800   245
03062801   372
03062802   569
03062803   696
03062804  1077
03062805   562
03062806   298
03062807   146
03062808   161
03062809   795
03062810   962
03062811   487
03062812   411
03062813   620
03062814   677
03062815   516
03062816   654
03062817   493
03062818   289
03062819   240
03062820   240
03062821   222
03062822   610
03062823   546
03062900   537
03062901   581
03062902   400
03062903   577
03062904   270
03062905   415
03062906   593
03062907   536
03062908   895
03062909   881
03062910   486
03062911   344
03062912   454
03062913   400
03062914   307
03062915   319
03062916   295
03062917   156
03062918   247
03062919   279
03062920   268
03062921   225
03062922   599
03062923   617
03063000   265
03063001   267
03063002   590
03063003   560
03063004   373
03063005   552
03063006   375
03063007   628
03063008   748
03063009   437
03063010   328
03063011   268
03063012   304
03063013   316
03063014   241
03063015   425
03063016   326
03063017   277
03063018   305
03063019   350
03063020   180
03063021   139
03063022   154
03063023   106

Fri Ju 2
