03120100   261
03120101   245
03120102   204
03120103   251
03120104   226
03120105   165
03120106   111
03120107   153
03120108   342
03120109   234
03120110   100
03120111    92
03120112    80
03120113    87
03120114    72
03120115    75
03120116   178
03120117    71
03120118    70
03120119    29
03120120    19
03120121    19
03120122    91
03120123   297
03120200   151
03120201    60
03120202   107
03120203    74
03120204   112
03120205   156
03120206   204
03120207   148
03120208    88
03120209    95
03120210    58
03120211    75
03120212    43
03120213    46
03120214    36
03120215    44
03120216    44
03120217    40
03120218    25
03120219    35
03120220    92
03120221    62
03120222    34
03120223    30
03120300    36
03120301    63
03120302    56
03120303    67
03120304    68
03120305   103
03120306    67
03120307    71
03120308   119
03120309   128
03120310    68
03120311    35
03120312    46
03120313    38
03120314    44
03120315   121
03120316   235
03120317   238
03120318   137
03120319   105
03120320   103
03120321   154
03120322   181
03120323   177
03120400   106
03120401    66
03120402    63
03120403    79
03120404    62
03120405    34
03120406    83
03120407    71
03120408   111
03120409   242
03120410   218
03120411    74
03120412    41
03120413    54
03120414    71
03120415    93
03120416    74
03120417    82
03120418    58
03120419    91
03120420   358
03120421   131
03120422   121
03120423   423
03120500   270
03120501   229
03120502   254
03120503   197
03120504   319
03120505   740
03120506   765
03120507   527
03120508   513
03120509   696
03120510   395
03120511   453
03120512   735
03120513   209
03120514   966
03120515  1286
03120516   699
03120517   595
03120518   583
03120519   487
03120520   285
03120521   448
03120522   841
03120523   785
03120600   452
03120601   381
03120602   638
03120603   579
03120604   361
03120605   191
03120606   214
03120607   380
03120608   503
03120609   432
03120610   597
03120611   601
03120612   372
03120613   452
03120614   619
03120615   600
03120616   660
03120617   587
03120618   534
03120619   144
03120620    85
03120621   226
03120622   349
03120623   396
03120700   339
03120701   166
03120702   154
03120703   151
03120704   141
03120705   104
03120706   168
03120707   161
03120708   324
03120709    69
03120710    49
03120711   220
03120712   382
03120713   208
03120714   543
03120715   684
03120716   556
03120717   766
03120718   835
03120719   546
03120720   190
03120721   177
03120722   328
03120723   458
03120800   246
03120801   138
03120802   145
03120803   415
03120804   568
03120805   356
03120806   260
03120807   326
03120808   763
03120809   602
03120810   723
03120811   707
03120812   618
03120813   174
03120814   102
03120815   146
03120816   948
03120817   702
03120818   325
03120819   789
03120820   663
03120821   514
03120822   521
03120823   473
03120900   558
03120901   372
03120902   217
03120903   410
03120904   502
03120905   464
03120906   700
03120907   453
03120908   720
03120909   957
03120910   654
03120911   630
03120912   645
03120913   741
03120914   946
03120915   486
03120916   175
03120917   385
03120918   685
03120919   309
03120920   368
03120921   794
03120922   437
03120923   254
03121000   314
03121001   685
03121002   530
03121003   240
03121004   203
03121005   316
03121006   536
03121007   390
03121008   551
03121009   693
03121010   852
03121011   678
03121012   666
03121013   389
03121014   526
03121015   862
03121016  1127
03121017  1118
03121018   585
03121019   545
03121020   755
03121021   680
03121022   610
03121023   339
03121100   705
03121101   482
03121102   249
03121103   247
03121104   540
03121105   449
03121106   425
03121107   316
03121108   581
03121109   872
03121110   441
03121111   618
03121112   570
03121113   878
03121114   620
03121115   764
03121116   554
03121117   391
03121118   255
03121119   369
03121120   258
03121121   268
03121122   509
03121123   529
03121200   434
03121201   290
03121202   361
03121203   339
03121204   377
03121205   480
03121206   377
03121207   415
03121208   365
03121209   533
03121210   423
03121211   205
03121212   439
03121213   364
03121214   547
03121215   427
03121216   411
03121217   447
03121218   290
03121219   141
03121220   312
03121221   610
03121222   444
03121223   566
03121300   476
03121301   393
03121302   394
03121303   293
03121304   338
03121305   414
03121306   330
03121307   402
03121308   394
03121309   622
03121310   515
03121311   641
03121312   481
03121313   317
03121314   779
03121315   773
03121316   564
03121317   434
03121318   392
03121319   287
03121320   294
03121321   475
03121322   534
03121323   517
03121400   536
03121401   257
03121402   160
03121403   294
03121404   250
03121405   155
03121406   113
03121407   166
03121408   102
03121409   331
03121410   543
03121411   445
03121412   641
03121413   606
03121414   222
03121415   491
03121416   996
03121417   857
03121418   892
03121419   592
03121420   313
03121421   158
03121422   320
03121423   640
03121500   607
03121501   488
03121502   727
03121503   425
03121504   326
03121505   402
03121506   311
03121507   202
03121508   582
03121509   603
03121510   596
03121511   518
03121512   462
03121513   502
03121514   450
03121515   185
03121516   378
03121517   525
03121518   227
03121519   102
03121520   277
03121521   217
03121522   110
03121523   120
03121600   219
03121601   162
03121602   156
03121603   253
03121604   112
03121605    52
03121606   123
03121607   204
03121608   335
03121609   320
03121610   182
03121611   352
03121612   200
03121613    82
03121614    59
03121615   258
03121616   498
03121617   344
03121618   125
03121619   107
03121620   200
03121621   164
03121622   177
03121623   129
03121700   124
03121701    71
03121702    93
03121703   209
03121704   190
03121705   151
03121706   213
03121707   106
03121708    46
03121709    38
03121710    69
03121711    78
03121712    42
03121713    46
03121714    68
03121715   228
03121716   106
03121717   173
03121718   211
03121719    66
03121720    35
03121721    34
03121722    30
03121723    29
03121800    39
03121801    41
03121802    40
03121803    36
03121804    95
03121805   192
03121806    90
03121807    38
03121808    39
03121809    49
03121810    73
03121811    62
03121812    42
03121813    40
03121814    30
03121815    89
03121816    52
03121817    47
03121818    57
03121819    51
03121820    28
03121821    23
03121822    24
03121823    22
03121900    24
03121901    24
03121902    27
03121903    32
03121904    26
03121905    29
03121906    27
03121907    42
03121908   111
03121909    84
03121910   109
03121911    84
03121912    47
03121913    35
03121914    35
03121915    24
03121916    30
03121917    41
03121918    65
03121919    32
03121920    35
03121921    20
03121922    18
03121923    22
03122000    20
03122001    23
03122002    30
03122003    46
03122004    28
03122005    31
03122006    37
03122007    77
03122008    87
03122009   250
03122010   437
03122011   388
03122012   140
03122013   124
03122014   146
03122015   220
03122016   267
03122017   640
03122018   326
03122019   312
03122020   335
03122021   335
03122022   373
03122023   465
03122100   325
03122101   373
03122102   450
03122103   265
03122104   143
03122105   126
03122106    99
03122107   174
03122108   442
03122109   380
03122110   366
03122111   201
03122112   161
03122113   259
03122114   239
03122115   535
03122116   510
03122117   365
03122118   244
03122119   192
03122120   477
03122121   271
03122122   210
03122123   198
03122200   330
03122201   385
03122202   267
03122203   200
03122204   193
03122205   152
03122206   180
03122207   134
03122208   282
03122209   330
03122210   315
03122211   551
03122212   361
03122213   145
03122214   106
03122215   127
03122216   340
03122217   557
03122218   363
03122219   328
03122220   234
03122221   278
03122222   208
03122223   242
03122300   161
03122301   100
03122302   108
03122303    77
03122304    46
03122305    36
03122306    40
03122307    48
03122308   108
03122309   187
03122310   222
03122311   171
03122312    57
03122313    50
03122314   138
03122315   273
03122316   272
03122317   223
03122318   139
03122319   276
03122320   209
03122321   124
03122322    99
03122323    99
03122400    65
03122401    59
03122402    62
03122403    83
03122404    81
03122405    52
03122406    63
03122407    26
03122408    32
03122409    45
03122410    20
03122411    25
03122412    85
03122413   132
03122414    71
03122415    68
03122416   308
03122417   408
03122418    79
03122419    65
03122420    43
03122421   296
03122422   282
03122423   218
03122500    79
03122501    63
03122502    49
03122503    39
03122504    30
03122505    30
03122506    34
03122507    23
03122508    43
03122509    29
03122510    90
03122511   152
03122512   166
03122513    77
03122514   224
03122515   222
03122516   187
03122517    63
03122518    35
03122519    17
03122520    18
03122521    24
03122522    40
03122523    39
03122600   122
03122601   214
03122602   164
03122603   157
03122604   177
03122605   216
03122606   111
03122607    36
03122608    27
03122609    37
03122610   105
03122611   305
03122612   209
03122613    79
03122614    52
03122615    48
03122616    85
03122617   120
03122618    50
03122619    28
03122620    34
03122621    31
03122622   129
03122623   321
03122700    74
03122701    61
03122702   143
03122703   270
03122704   258
03122705   168
03122706    49
03122707    28
03122708    31
03122709    50
03122710   157
03122711   133
03122712   137
03122713    63
03122714    56
03122715   145
03122716   241
03122717   111
03122718    57
03122719    27
03122720   102
03122721   497
03122722   763
03122723   611
03122800   293
03122801   116
03122802    78
03122803   104
03122804   308
03122805   294
03122806    98
03122807    49
03122808    45
03122809   124
03122810   308
03122811   215
03122812   164
03122813   110
03122814   183
03122815   139
03122816   108
03122817   245
03122818   489
03122819   311
03122820   205
03122821    99
03122822    76
03122823    96
03122900    52
03122901    55
03122902    38
03122903    32
03122904    42
03122905    37
03122906    36
03122907    55
03122908    50
03122909    85
03122910   116
03122911   119
03122912    54
03122913    49
03122914    83
03122915   308
03122916   408
03122917   162
03122918    66
03122919    52
03122920    37
03122921    75
03122922    72
03122923    66
03123000    71
03123001    49
03123002    72
03123003    39
03123004    56
03123005    50
03123006    87
03123007   159
03123008   113
03123009    54
03123010    24
03123011    21
03123012    21
03123013    64
03123014   155
03123015   133
03123016    65
03123017   115
03123018   413
03123019   507
03123020   226
03123021   143
03123022   119
03123023   157
03123100   182
03123101   107
03123102   133
03123103    61
03123104    94
03123105   118
03123106    46
03123107    75
03123108   141
03123109   405
03123110   594
03123111   581
03123112   309
03123113   328
03123114   230
03123115   252
03123116   978
03123117   687
03123118   650
03123119   561
03123120   380
03123121   694
03123122   432
03123123   232

Fri Ju 2
