03030100   591
03030101   306
03030102   197
03030103    77
03030104    50
03030105    69
03030106    64
03030107    55
03030108   148
03030109   323
03030110   313
03030111   410
03030112   272
03030113   174
03030114   169
03030115   220
03030116   283
03030117    85
03030118   167
03030119   568
03030120   516
03030121   429
03030122   255
03030123    72
03030200   155
03030201    97
03030202   252
03030203   309
03030204   156
03030205   224
03030206   315
03030207   200
03030208    95
03030209    71
03030210   198
03030211   403
03030212   419
03030213   370
03030214   155
03030215   217
03030216   131
03030217   121
03030218   204
03030219   524
03030220   333
03030221   197
03030222   443
03030223   533
03030300   663
03030301   357
03030302   175
03030303   146
03030304    88
03030305    63
03030306    54
03030307    90
03030308   420
03030309   358
03030310   201
03030311   170
03030312   180
03030313   226
03030314   196
03030315   234
03030316   687
03030317   748
03030318   685
03030319   388
03030320   293
03030321   213
03030322   716
03030323   651
03030400   376
03030401   370
03030402   416
03030403   458
03030404   388
03030405   347
03030406   419
03030407   493
03030408   410
03030409   521
03030410   309
03030411   519
03030412   457
03030413   177
03030414   213
03030415   721
03030416   328
03030417   136
03030418   283
03030419   404
03030420   462
03030421   399
03030422   336
03030423   361
03030500   421
03030501   313
03030502   167
03030503   285
03030504   295
03030505   207
03030506    39
03030507   160
03030508   333
03030509   468
03030510   293
03030511   266
03030512   407
03030513   478
03030514   278
03030515   292
03030516   523
03030517   597
03030518   389
03030519   243
03030520   379
03030521   314
03030522   358
03030523   544
03030600   470
03030601   457
03030602   626
03030603   485
03030604   450
03030605   342
03030606   324
03030607   467
03030608   413
03030609   322
03030610   330
03030611   334
03030612  1002
03030613   816
03030614   969
03030615   828
03030616   614
03030617   637
03030618   252
03030619   383
03030620   587
03030621   450
03030622   348
03030623   297
03030700   222
03030701   528
03030702   632
03030703   308
03030704   154
03030705   193
03030706   357
03030707   220
03030708   260
03030709   500
03030710   617
03030711   217
03030712   134
03030713   109
03030714   188
03030715   152
03030716    74
03030717    55
03030718    68
03030719   209
03030720   153
03030721    92
03030722   220
03030723   277
03030800    66
03030801    58
03030802    40
03030803    76
03030804    63
03030805    59
03030806   104
03030807   177
03030808   115
03030809    66
03030810    52
03030811   103
03030812   284
03030813   296
03030814   199
03030815   116
03030816   540
03030817   699
03030818   594
03030819   365
03030820   308
03030821   290
03030822   249
03030823   393
03030900   260
03030901   165
03030902   217
03030903   247
03030904   298
03030905   367
03030906   319
03030907   299
03030908   188
03030909    47
03030910    47
03030911    68
03030912    61
03030913    68
03030914   165
03030915   188
03030916   210
03030917   250
03030918   315
03030919   271
03030920   313
03030921   262
03030922   509
03030923   154
03031000    81
03031001    46
03031002   134
03031003   205
03031004   294
03031005   196
03031006   250
03031007   429
03031008   269
03031009   233
03031010   223
03031011   203
03031012   500
03031013   677
03031014   464
03031015   417
03031016   548
03031017   442
03031018   400
03031019   333
03031020   340
03031021   481
03031022   278
03031023   271
03031100   421
03031101   271
03031102   230
03031103   153
03031104   171
03031105   256
03031106   325
03031107   373
03031108   170
03031109   289
03031110   335
03031111   162
03031112    68
03031113    73
03031114   181
03031115   233
03031116    95
03031117   124
03031118    59
03031119    59
03031120    55
03031121    52
03031122    51
03031123    51
03031200   180
03031201   225
03031202   107
03031203    89
03031204    92
03031205    70
03031206    62
03031207   168
03031208    62
03031209    34
03031210    85
03031211    92
03031212   155
03031213    74
03031214    59
03031215    53
03031216    48
03031217    47
03031218    38
03031219    31
03031220    53
03031221   308
03031222   380
03031223   165
03031300   380
03031301   596
03031302   408
03031303   306
03031304   232
03031305   428
03031306   237
03031307    76
03031308    38
03031309    61
03031310    77
03031311   337
03031312   479
03031313   389
03031314   176
03031315    84
03031316    61
03031317    49
03031318    69
03031319    42
03031320    46
03031321    52
03031322    58
03031323    35
03031400    69
03031401    65
03031402   112
03031403   216
03031404   159
03031405    67
03031406    99
03031407   253
03031408   424
03031409   504
03031410   397
03031411   384
03031412   822
03031413   905
03031414   339
03031415   118
03031416    92
03031417   131
03031418   463
03031419   677
03031420   344
03031421   315
03031422   358
03031423   171
03031500   585
03031501   606
03031502   611
03031503   389
03031504   246
03031505   150
03031506   177
03031507   569
03031508   590
03031509   458
03031510   432
03031511   310
03031512   406
03031513   460
03031514   188
03031515   246
03031516   594
03031517   692
03031518   558
03031519   288
03031520   269
03031521   432
03031522   287
03031523   379
03031600   172
03031601   170
03031602   323
03031603   321
03031604   237
03031605   161
03031606    97
03031607   130
03031608   199
03031609   271
03031610   187
03031611   806
03031612   883
03031613   800
03031614   839
03031615   742
03031616   190
03031617   456
03031618   632
03031619   797
03031620   755
03031621   574
03031622   574
03031623   250
03031700   291
03031701   212
03031702   172
03031703   383
03031704   690
03031705   900
03031706   497
03031707   660
03031708   861
03031709   636
03031710   458
03031711   477
03031712   386
03031713   751
03031714  1517
03031715   904
03031716   387
03031717   125
03031718   100
03031719   110
03031720   389
03031721  1043
03031722   837
03031723   516
03031800   578
03031801   541
03031802   432
03031803   169
03031804   576
03031805   447
03031806   533
03031807   533
03031808   600
03031809   708
03031810   608
03031811   439
03031812   215
03031813   627
03031814   721
03031815   211
03031816   195
03031817    89
03031818   220
03031819   169
03031820   123
03031821   283
03031822   303
03031823   324
03031900   200
03031901   476
03031902   456
03031903   331
03031904   470
03031905   442
03031906   206
03031907   157
03031908   146
03031909    69
03031910    99
03031911   297
03031912   443
03031913   276
03031914   116
03031915   107
03031916   156
03031917   171
03031918   101
03031919    57
03031920    90
03031921   172
03031922    96
03031923    48
03032000    32
03032001    34
03032002    29
03032003    32
03032004    47
03032005   178
03032006   354
03032007   432
03032008   416
03032009   245
03032010   720
03032011   975
03032012   628
03032013   578
03032014   791
03032015   790
03032016   939
03032017  1168
03032018  1051
03032019  1115
03032020   743
03032021   515
03032022   491
03032023   537
03032100   518
03032101   692
03032102   200
03032103    99
03032104   300
03032105   693
03032106   232
03032107   250
03032108   409
03032109   517
03032110   893
03032111   665
03032112   566
03032113   533
03032114   144
03032115    64
03032116    57
03032117    75
03032118   110
03032119   350
03032120   102
03032121   373
03032122   684
03032123   638
03032200   484
03032201   181
03032202   129
03032203   154
03032204   562
03032205   527
03032206   447
03032207   211
03032208   155
03032209   242
03032210   404
03032211   205
03032212   285
03032213   264
03032214   133
03032215    66
03032216    56
03032217    53
03032218    61
03032219    56
03032220    77
03032221   522
03032222   272
03032223   166
03032300   237
03032301   588
03032302   331
03032303   146
03032304   114
03032305   227
03032306   358
03032307   638
03032308   318
03032309   495
03032310   761
03032311   391
03032312    96
03032313   163
03032314   311
03032315   229
03032316   107
03032317   316
03032318   592
03032319   356
03032320   142
03032321   122
03032322   417
03032323   440
03032400   157
03032401    95
03032402   112
03032403   271
03032404   168
03032405   126
03032406   174
03032407   344
03032408   387
03032409   390
03032410   123
03032411    69
03032412    54
03032413    50
03032414    37
03032415    39
03032416    51
03032417    51
03032418    34
03032419    30
03032420    33
03032421    37
03032422    25
03032423    26
03032500    28
03032501    38
03032502    48
03032503    47
03032504    55
03032505   112
03032506   133
03032507    77
03032508    84
03032509    58
03032510    43
03032511    42
03032512    46
03032513    49
03032514    54
03032515    66
03032516    50
03032517    44
03032518    44
03032519    35
03032520    32
03032521    22
03032522    33
03032523    33
03032600    36
03032601    40
03032602    48
03032603   126
03032604   327
03032605   164
03032606   151
03032607   118
03032608   124
03032609   129
03032610   263
03032611   265
03032612   354
03032613   276
03032614   211
03032615   135
03032616    80
03032617    63
03032618   125
03032619    99
03032620   277
03032621   208
03032622   146
03032623   180
03032700   608
03032701   611
03032702   156
03032703   117
03032704   100
03032705   181
03032706   519
03032707   740
03032708   551
03032709   552
03032710   492
03032711   300
03032712   454
03032713   414
03032714   454
03032715   981
03032716  1221
03032717   676
03032718   284
03032719   142
03032720   307
03032721   469
03032722   673
03032723   726
03032800   473
03032801   412
03032802   349
03032803   488
03032804   417
03032805   235
03032806   372
03032807   716
03032808   317
03032809   127
03032810   113
03032811   116
03032812    57
03032813   151
03032814   226
03032815   259
03032816   738
03032817   803
03032818   740
03032819   680
03032820   583
03032821   587
03032822   890
03032823   493
03032900   386
03032901   806
03032902   558
03032903   652
03032904   713
03032905   419
03032906   318
03032907   348
03032908   331
03032909   180
03032910   182
03032911   305
03032912   386
03032913   504
03032914   698
03032915   910
03032916  1116
03032917   868
03032918   763
03032919   782
03032920   559
03032921   483
03032922   664
03032923   449
03033000   896
03033001   523
03033002   208
03033003   130
03033004   418
03033005   387
03033006   491
03033007   422
03033008   635
03033009   352
03033010   189
03033011   271
03033012   356
03033013   406
03033014   483
03033015   620
03033016   489
03033017   788
03033018   808
03033019   632
03033020   770
03033021   940
03033022   528
03033023   490
03033100   347
03033101   105
03033102   163
03033103   156
03033104    50
03033105    56
03033106   113
03033107   240
03033108   534
03033109   419
03033110   505
03033111   564
03033112   523
03033113   842
03033114  1032
03033115  1264
03033116   605
03033117  1079
03033118  1061
03033119   915
03033120   703
03033121   629
03033122   385
03033123   484

Fri Ju 2
