03020100   142
03020101   190
03020102   170
03020103   174
03020104   112
03020105    68
03020106    71
03020107    87
03020108    86
03020109   114
03020110    98
03020111    59
03020112    77
03020113   203
03020114   196
03020115   251
03020116   292
03020117   172
03020118   101
03020119   270
03020120   994
03020121   791
03020122   649
03020123   552
03020200   501
03020201   881
03020202   529
03020203   327
03020204   432
03020205   440
03020206   527
03020207   809
03020208   533
03020209   433
03020210   443
03020211   502
03020212   406
03020213   705
03020214   775
03020215   944
03020216  1086
03020217   621
03020218   744
03020219  1072
03020220   647
03020221   598
03020222   479
03020223   647
03020300   561
03020301   482
03020302   378
03020303   334
03020304   337
03020305   256
03020306   242
03020307   290
03020308   337
03020309   353
03020310   309
03020311   192
03020312   264
03020313   739
03020314   427
03020315   140
03020316   171
03020317   430
03020318   424
03020319   459
03020320   209
03020321   346
03020322   386
03020323   333
03020400   272
03020401   347
03020402   291
03020403   355
03020404   282
03020405   469
03020406   213
03020407   387
03020408   832
03020409   622
03020410   271
03020411   244
03020412   209
03020413   125
03020414   231
03020415   207
03020416    87
03020417   166
03020418   681
03020419   424
03020420   500
03020421   570
03020422   457
03020423   325
03020500   329
03020501   405
03020502   215
03020503   145
03020504    91
03020505   212
03020506   143
03020507    98
03020508   107
03020509   156
03020510   103
03020511   249
03020512   247
03020513   220
03020514   596
03020515   455
03020516   279
03020517   224
03020518   129
03020519   224
03020520   195
03020521   174
03020522    80
03020523    73
03020600   110
03020601    73
03020602    56
03020603    54
03020604    50
03020605   193
03020606   300
03020607   343
03020608   154
03020609   139
03020610    97
03020611   344
03020612   425
03020613   313
03020614   348
03020615   433
03020616   525
03020617   741
03020618   792
03020619   643
03020620   460
03020621   249
03020622   157
03020623   249
03020700   417
03020701   500
03020702   211
03020703   141
03020704    78
03020705    75
03020706    54
03020707   123
03020708   180
03020709   430
03020710   405
03020711   239
03020712   414
03020713   443
03020714   203
03020715   284
03020716   217
03020717   351
03020718   366
03020719   719
03020720   533
03020721   135
03020722    63
03020723   173
03020800   152
03020801   263
03020802   243
03020803   232
03020804   198
03020805    85
03020806    43
03020807   177
03020808   395
03020809   105
03020810    96
03020811   130
03020812   207
03020813   390
03020814   724
03020815   186
03020816    77
03020817   214
03020818   454
03020819   363
03020820   164
03020821   170
03020822   310
03020823   483
03020900   351
03020901   422
03020902   340
03020903   217
03020904    87
03020905   115
03020906   191
03020907   377
03020908   222
03020909   187
03020910   145
03020911   100
03020912   253
03020913   186
03020914   455
03020915   210
03020916   258
03020917   906
03020918   972
03020919   794
03020920   544
03020921   401
03020922   379
03020923   277
03021000   424
03021001   430
03021002   321
03021003   312
03021004   246
03021005   398
03021006   645
03021007   534
03021008   446
03021009   373
03021010   448
03021011   223
03021012   215
03021013   134
03021014   183
03021015   143
03021016   128
03021017   161
03021018   403
03021019   350
03021020   165
03021021   106
03021022   179
03021023   581
03021100   439
03021101   387
03021102   388
03021103   299
03021104   337
03021105   335
03021106   465
03021107   442
03021108   268
03021109   201
03021110   170
03021111   100
03021112   178
03021113   305
03021114   160
03021115    76
03021116   280
03021117   275
03021118   149
03021119    62
03021120    53
03021121    47
03021122    57
03021123    32
03021200    33
03021201    39
03021202    97
03021203   185
03021204   194
03021205   120
03021206   191
03021207   158
03021208    68
03021209   115
03021210    86
03021211   336
03021212   204
03021213    53
03021214    51
03021215   153
03021216   785
03021217   372
03021218   152
03021219   227
03021220   224
03021221   504
03021222   500
03021223   340
03021300   199
03021301   136
03021302   105
03021303    90
03021304   159
03021305   135
03021306    83
03021307    68
03021308    63
03021309    49
03021310    98
03021311   106
03021312   144
03021313   210
03021314   116
03021315    44
03021316    44
03021317    42
03021318    35
03021319    36
03021320    29
03021321    93
03021322   450
03021323   597
03021400   414
03021401   290
03021402   196
03021403   127
03021404   359
03021405   188
03021406    74
03021407    56
03021408    91
03021409    92
03021410    93
03021411   317
03021412   279
03021413   208
03021414   402
03021415   524
03021416   166
03021417   477
03021418   397
03021419    83
03021420   117
03021421    56
03021422    73
03021423   350
03021500   523
03021501   219
03021502   183
03021503   365
03021504   270
03021505   260
03021506   237
03021507   134
03021508   109
03021509   524
03021510   524
03021511   532
03021512   397
03021513   569
03021514   580
03021515   646
03021516   970
03021517   366
03021518   221
03021519   131
03021520   114
03021521    96
03021522   169
03021523   147
03021600   182
03021601   185
03021602    61
03021603    84
03021604   116
03021605   201
03021606   269
03021607   279
03021608   386
03021609   205
03021610   295
03021611   375
03021612   470
03021613   778
03021614   456
03021615   179
03021616   140
03021617   329
03021618   169
03021619   221
03021620   380
03021621   199
03021622   276
03021623   575
03021700   225
03021701    97
03021702    67
03021703    41
03021704   122
03021705   191
03021706   139
03021707   143
03021708   144
03021709   238
03021710   379
03021711   373
03021712   246
03021713   317
03021714   357
03021715   300
03021716   193
03021717   272
03021718   152
03021719    90
03021720    94
03021721    69
03021722   210
03021723   145
03021800    90
03021801    77
03021802   110
03021803   286
03021804   197
03021805   169
03021806   132
03021807    96
03021808   110
03021809   271
03021810   307
03021811   597
03021812   158
03021813   255
03021814   361
03021815   224
03021816   263
03021817   128
03021818   151
03021819   149
03021820   105
03021821   155
03021822   499
03021823   321
03021900   179
03021901    96
03021902   103
03021903   114
03021904   221
03021905   193
03021906   326
03021907    98
03021908    93
03021909   180
03021910   118
03021911   123
03021912   363
03021913   217
03021914   294
03021915   492
03021916   249
03021917   138
03021918   161
03021919   126
03021920   229
03021921   321
03021922   346
03021923   203
03022000   118
03022001   203
03022002   134
03022003    78
03022004    93
03022005   362
03022006   362
03022007   286
03022008   142
03022009   208
03022010   508
03022011   415
03022012   262
03022013   316
03022014   288
03022015   153
03022016   193
03022017   437
03022018   699
03022019   372
03022020   274
03022021   343
03022022   232
03022023   105
03022100    71
03022101    69
03022102   192
03022103   459
03022104   360
03022105   160
03022106   232
03022107   337
03022108   244
03022109   275
03022110   237
03022111   119
03022112    53
03022113    40
03022114    99
03022115   392
03022116   594
03022117   102
03022118    84
03022119   125
03022120   309
03022121   226
03022122    90
03022123    59
03022200    53
03022201    60
03022202   154
03022203   253
03022204    80
03022205    49
03022206    51
03022207   108
03022208   153
03022209   340
03022210   167
03022211   229
03022212   283
03022213   214
03022214   532
03022215   621
03022216   137
03022217    70
03022218    55
03022219    60
03022220    57
03022221   154
03022222   214
03022223   108
03022300   172
03022301   114
03022302   212
03022303   233
03022304   249
03022305   340
03022306   287
03022307   143
03022308    47
03022309    79
03022310    75
03022311    98
03022312   374
03022313   687
03022314   234
03022315   110
03022316   232
03022317   192
03022318   136
03022319    89
03022320    57
03022321   110
03022322   107
03022323   186
03022400   126
03022401    85
03022402    95
03022403    75
03022404    37
03022405    25
03022406    25
03022407    26
03022408    30
03022409    32
03022410   157
03022411   366
03022412   304
03022413   212
03022414   106
03022415   159
03022416    74
03022417    78
03022418    35
03022419    33
03022420    65
03022421   130
03022422   150
03022423   200
03022500   117
03022501    73
03022502    86
03022503    49
03022504    33
03022505    31
03022506    52
03022507    37
03022508    55
03022509   218
03022510   220
03022511   232
03022512   160
03022513    95
03022514    52
03022515   124
03022516   101
03022517   108
03022518   148
03022519    71
03022520    34
03022521    33
03022522    34
03022523    31
03022600    28
03022601    33
03022602    29
03022603    27
03022604    40
03022605   130
03022606   349
03022607   432
03022608   441
03022609   376
03022610   605
03022611   621
03022612   435
03022613   263
03022614   133
03022615    86
03022616   180
03022617   275
03022618   146
03022619   135
03022620   185
03022621   213
03022622   391
03022623   542
03022700   663
03022701   489
03022702   622
03022703   357
03022704   219
03022705   131
03022706   157
03022707   227
03022708   350
03022709   389
03022710   373
03022711   402
03022712   457
03022713   847
03022714   530
03022715   471
03022716   828
03022717   867
03022718   804
03022719   764
03022720   694
03022721   643
03022722   639
03022723   554
03022800   439
03022801   101
03022802    52
03022803    64
03022804    53
03022805    46
03022806    66
03022807   169
03022808   441
03022809   425
03022810   338
03022811   698
03022812   547
03022813   436
03022814   223
03022815   271
03022816   533
03022817   916
03022818   854
03022819   884
03022820   668
03022821   147
03022822   169
03022823   520

Fri Ju 2
