03100100   262
03100101   376
03100102   261
03100103   145
03100104   170
03100105   217
03100106   304
03100107   318
03100108   219
03100109   145
03100110   309
03100111   175
03100112    83
03100113   137
03100114   148
03100115    80
03100116    36
03100117    30
03100118    34
03100119    93
03100120   366
03100121   753
03100122   581
03100123   228
03100200   170
03100201   146
03100202   104
03100203    88
03100204    64
03100205    37
03100206    27
03100207    36
03100208    39
03100209    29
03100210    32
03100211    35
03100212    81
03100213    54
03100214    40
03100215   137
03100216   172
03100217   162
03100218   142
03100219    96
03100220   257
03100221   409
03100222   200
03100223   305
03100300   326
03100301   287
03100302   297
03100303   218
03100304   675
03100305   485
03100306   177
03100307    60
03100308    66
03100309   103
03100310    57
03100311    40
03100312    56
03100313    79
03100314   103
03100315   213
03100316   254
03100317   591
03100318   220
03100319    82
03100320    46
03100321    92
03100322   100
03100323    47
03100400    42
03100401    53
03100402    77
03100403   102
03100404    62
03100405   151
03100406   289
03100407   186
03100408    79
03100409    36
03100410    35
03100411    89
03100412   302
03100413   206
03100414    35
03100415    29
03100416    25
03100417    19
03100418    22
03100419    19
03100420    22
03100421    25
03100422    23
03100423    25
03100500    19
03100501    20
03100502    24
03100503    42
03100504    75
03100505    43
03100506    30
03100507    37
03100508    31
03100509    35
03100510    33
03100511    37
03100512    62
03100513    41
03100514    28
03100515    33
03100516    21
03100517    63
03100518    62
03100519    60
03100520   158
03100521   158
03100522   386
03100523   361
03100600   135
03100601    54
03100602    41
03100603    33
03100604    38
03100605    36
03100606    61
03100607    48
03100608    50
03100609    47
03100610    39
03100611    37
03100612    37
03100613    77
03100614    63
03100615    62
03100616    69
03100617   103
03100618   477
03100619   338
03100620   281
03100621   214
03100622   409
03100623   382
03100700   352
03100701   468
03100702   244
03100703    86
03100704    72
03100705    33
03100706    53
03100707   107
03100708   125
03100709   313
03100710   328
03100711   390
03100712   290
03100713   303
03100714   226
03100715   136
03100716   175
03100717   437
03100718   291
03100719   130
03100720   144
03100721   158
03100722   196
03100723   301
03100800   113
03100801    49
03100802    44
03100803    42
03100804    60
03100805    43
03100806    44
03100807    78
03100808   210
03100809   297
03100810   144
03100811    77
03100812    53
03100813    70
03100814    55
03100815    38
03100816    27
03100817    24
03100818    92
03100819    75
03100820    96
03100821   374
03100822   166
03100823   284
03100900   449
03100901   334
03100902   212
03100903   119
03100904    75
03100905    94
03100906   115
03100907    86
03100908    53
03100909    81
03100910    52
03100911    44
03100912    60
03100913    43
03100914    40
03100915    31
03100916    38
03100917    36
03100918    21
03100919    30
03100920    26
03100921    24
03100922    22
03100923    18
03101000    21
03101001    20
03101002    21
03101003    23
03101004    27
03101005    28
03101006    26
03101007    27
03101008    32
03101009    35
03101010    37
03101011    38
03101012    43
03101013    36
03101014    40
03101015    47
03101016    43
03101017    42
03101018    34
03101019    32
03101020    36
03101021   106
03101022   178
03101023   125
03101100    71
03101101    46
03101102    49
03101103    33
03101104    24
03101105    25
03101106    44
03101107    75
03101108    54
03101109    45
03101110    40
03101111    39
03101112    38
03101113    43
03101114    36
03101115    39
03101116    37
03101117    37
03101118    48
03101119    49
03101120    34
03101121    35
03101122    35
03101123    65
03101200    38
03101201    30
03101202    27
03101203    31
03101204    22
03101205    16
03101206    22
03101207    32
03101208    60
03101209   126
03101210   235
03101211   187
03101212    81
03101213    57
03101214    69
03101215   116
03101216   125
03101217    88
03101218    84
03101219    58
03101220    42
03101221    54
03101222    69
03101223   117
03101300   196
03101301   211
03101302   374
03101303   312
03101304   257
03101305   193
03101306   145
03101307    74
03101308    51
03101309   101
03101310    90
03101311   212
03101312   292
03101313   196
03101314   364
03101315   603
03101316   535
03101317   264
03101318    83
03101319   109
03101320   385
03101321   643
03101322   284
03101323   474
03101400   468
03101401   208
03101402   118
03101403   157
03101404   410
03101405   652
03101406   771
03101407   691
03101408   848
03101409   842
03101410   611
03101411   630
03101412   683
03101413   453
03101414   735
03101415   177
03101416   474
03101417   543
03101418  1007
03101419   468
03101420   431
03101421  1070
03101422   821
03101423   477
03101500   282
03101501   184
03101502   206
03101503   258
03101504   469
03101505   739
03101506   886
03101507   783
03101508  1099
03101509   681
03101510   836
03101511   676
03101512   469
03101513   763
03101514   568
03101515   575
03101516   921
03101517   346
03101518   440
03101519   662
03101520   577
03101521   589
03101522   647
03101523   310
03101600   472
03101601   680
03101602   697
03101603   208
03101604   138
03101605   122
03101606   135
03101607   199
03101608   261
03101609  1089
03101610   771
03101611   641
03101612   422
03101613   484
03101614   677
03101615   370
03101616   341
03101617   405
03101618   353
03101619   369
03101620   303
03101621   177
03101622   311
03101623   719
03101700   622
03101701   249
03101702   457
03101703   542
03101704   798
03101705   977
03101706   873
03101707   682
03101708   999
03101709   410
03101710   479
03101711   631
03101712   595
03101713   365
03101714   417
03101715   301
03101716   157
03101717   150
03101718   272
03101719   249
03101720   329
03101721   416
03101722   770
03101723   370
03101800   171
03101801   416
03101802   400
03101803   311
03101804   548
03101805   686
03101806   726
03101807   543
03101808   341
03101809   274
03101810   423
03101811   476
03101812   526
03101813   724
03101814   434
03101815   441
03101816   494
03101817   568
03101818   623
03101819   396
03101820   281
03101821   193
03101822   498
03101823   377
03101900   263
03101901   313
03101902   499
03101903   724
03101904   535
03101905   591
03101906   469
03101907   539
03101908   765
03101909   652
03101910   619
03101911   619
03101912   650
03101913   696
03101914   879
03101915   762
03101916   690
03101917   981
03101918  1087
03101919   903
03101920   710
03101921   662
03101922   636
03101923   572
03102000   412
03102001   349
03102002   232
03102003   276
03102004   330
03102005   360
03102006   206
03102007   421
03102008   883
03102009   795
03102010   419
03102011   248
03102012   482
03102013   693
03102014   607
03102015   769
03102016   642
03102017   309
03102018   306
03102019   403
03102020   849
03102021   763
03102022   579
03102023   445
03102100   374
03102101   893
03102102   542
03102103   254
03102104   313
03102105   670
03102106   742
03102107   672
03102108   439
03102109   335
03102110   559
03102111   645
03102112   791
03102113  1064
03102114  1012
03102115   751
03102116   958
03102117   705
03102118   701
03102119   864
03102120   935
03102121   912
03102122   675
03102123   498
03102200   620
03102201   703
03102202   466
03102203   687
03102204   763
03102205   671
03102206  1028
03102207   811
03102208   720
03102209   529
03102210   496
03102211   414
03102212   263
03102213   151
03102214   119
03102215   403
03102216  1055
03102217   592
03102218   177
03102219    65
03102220    40
03102221    49
03102222    60
03102223    45
03102300    63
03102301    66
03102302    23
03102303    26
03102304    29
03102305    30
03102306    17
03102307    38
03102308    49
03102309    35
03102310    36
03102311    43
03102312    39
03102313    45
03102314    39
03102315    46
03102316    38
03102317    32
03102318    31
03102319    28
03102320    32
03102321    23
03102322    21
03102323    19
03102400    19
03102401    16
03102402    20
03102403    34
03102404    40
03102405    49
03102406    71
03102407   166
03102408   229
03102409   330
03102410   652
03102411   873
03102412   803
03102413  1103
03102414   766
03102415  1205
03102416   929
03102417   375
03102418   521
03102419   467
03102420   298
03102421   186
03102422   205
03102423   121
03102500   124
03102501   250
03102502   269
03102503    91
03102504    99
03102505    43
03102506    42
03102507    47
03102508    32
03102509    38
03102510    47
03102511    88
03102512   129
03102513   326
03102514   914
03102515   539
03102516   319
03102517   171
03102518   100
03102519    61
03102520    82
03102521   219
03102522   102
03102523    58
03102600    76
03102601   100
03102602   130
03102603    80
03102604    45
03102605    37
03102606    63
03102607    58
03102608   105
03102609   143
03102610    63
03102611    45
03102612    70
03102613    41
03102614    42
03102615   135
03102616    68
03102617    41
03102618    84
03102619   241
03102620   589
03102621   738
03102622   446
03102623   692
03102700   562
03102701   384
03102702   334
03102703   253
03102704   290
03102705   338
03102706   572
03102707   508
03102708   517
03102709   453
03102710   446
03102711   158
03102712    72
03102713    84
03102714    85
03102715   175
03102716   320
03102717   432
03102718   167
03102719    73
03102720    51
03102721    51
03102722    60
03102723    50
03102800    45
03102801    53
03102802   199
03102803   466
03102804   423
03102805   329
03102806   195
03102807   459
03102808   740
03102809   394
03102810   199
03102811   136
03102812    94
03102813   245
03102814   254
03102815   434
03102816   759
03102817   734
03102818   610
03102819   405
03102820   608
03102821   335
03102822   351
03102823  1037
03102900   989
03102901   589
03102902   423
03102903   448
03102904   370
03102905   473
03102906  2053
03102907  1395
03102908  1050
03102909  1349
03102910   802
03102911   916
03102912   891
03102913   927
03102914   846
03102915  1539
03102916  1288
03102917  1262
03102918   946
03102919  1824
03102920  2241
03102921   959
03102922  1385
03102923  1212
03103000   646
03103001  1226
03103002  1265
03103003   608
03103004   239
03103005   177
03103006   216
03103007   215
03103008   185
03103009   124
03103010   384
03103011   405
03103012   575
03103013   953
03103014  1217
03103015  1263
03103016  1247
03103017  2147
03103018  1366
03103019  1641
03103020  1709
03103021  1112
03103022  1104
03103023   854
03103100   795
03103101  1025
03103102   417
03103103   311
03103104   410
03103105   698
03103106  1037
03103107   463
03103108   278
03103109   216
03103110   183
03103111   555
03103112   519
03103113   471
03103114   255
03103115   287
03103116   247
03103117   348
03103118   382
03103119   221
03103120   406
03103121   371
03103122   431
03103123   461

Fri Ju 2
