03050100   798
03050101   808
03050102   498
03050103   339
03050104   651
03050105   722
03050106   747
03050107   681
03050108   417
03050109   624
03050110   602
03050111   418
03050112   416
03050113   760
03050114   654
03050115   399
03050116   323
03050117   583
03050118   660
03050119   442
03050120   511
03050121   353
03050122   322
03050123   305
03050200   252
03050201   399
03050202   481
03050203   715
03050204   351
03050205    99
03050206   103
03050207   147
03050208   203
03050209   371
03050210   277
03050211   385
03050212   324
03050213   398
03050214   313
03050215   371
03050216   131
03050217   178
03050218   232
03050219   216
03050220   209
03050221   380
03050222   278
03050223   228
03050300   138
03050301   193
03050302   237
03050303   476
03050304   305
03050305   175
03050306   193
03050307   318
03050308   237
03050309   306
03050310   557
03050311   472
03050312   478
03050313   460
03050314   261
03050315    96
03050316   150
03050317   137
03050318   147
03050319   196
03050320   271
03050321   296
03050322   356
03050323   349
03050400   309
03050401   216
03050402   125
03050403   150
03050404   139
03050405   141
03050406   146
03050407   236
03050408   273
03050409   309
03050410   221
03050411   123
03050412   196
03050413   142
03050414   188
03050415   125
03050416    83
03050417   149
03050418    77
03050419    70
03050420   100
03050421    74
03050422    65
03050423    55
03050500    53
03050501    92
03050502    75
03050503    74
03050504    49
03050505    67
03050506    65
03050507   106
03050508   136
03050509   173
03050510   240
03050511   464
03050512   398
03050513   169
03050514   149
03050515   299
03050516   622
03050517   216
03050518   330
03050519   200
03050520   136
03050521   244
03050522   194
03050523   248
03050600   190
03050601   258
03050602   127
03050603   120
03050604   104
03050605   149
03050606   181
03050607   120
03050608   174
03050609   250
03050610   265
03050611   707
03050612   684
03050613   664
03050614   835
03050615   928
03050616   615
03050617   844
03050618   858
03050619   638
03050620   476
03050621   403
03050622   802
03050623   914
03050700   667
03050701   518
03050702   834
03050703   481
03050704   799
03050705   983
03050706   899
03050707  1196
03050708   713
03050709   514
03050710  1022
03050711   546
03050712   654
03050713   555
03050714   778
03050715   500
03050716   482
03050717   561
03050718   468
03050719   617
03050720   891
03050721   349
03050722   142
03050723   330
03050800   625
03050801   677
03050802   282
03050803   387
03050804   936
03050805   790
03050806   729
03050807   652
03050808   334
03050809   868
03050810   321
03050811   700
03050812   734
03050813   405
03050814   603
03050815   571
03050816   434
03050817  1080
03050818   986
03050819   451
03050820   359
03050821   628
03050822   725
03050823   338
03050900   651
03050901   684
03050902   266
03050903   240
03050904   573
03050905   792
03050906   568
03050907   315
03050908   426
03050909   748
03050910  1069
03050911   925
03050912   793
03050913   430
03050914   265
03050915   398
03050916   199
03050917    86
03050918    73
03050919   158
03050920   342
03050921   459
03050922   675
03050923   665
03051000   641
03051001  1292
03051002  1502
03051003  1021
03051004  1151
03051005   955
03051006  1078
03051007   943
03051008   604
03051009   509
03051010   419
03051011   133
03051012    61
03051013    73
03051014    81
03051015   160
03051016   229
03051017   209
03051018   482
03051019   524
03051020   221
03051021   200
03051022   355
03051023   116
03051100   690
03051101   949
03051102   554
03051103   183
03051104   122
03051105    68
03051106   319
03051107   802
03051108   886
03051109   600
03051110   399
03051111   680
03051112   542
03051113   577
03051114   318
03051115   483
03051116   411
03051117   489
03051118   279
03051119   191
03051120   220
03051121   197
03051122   316
03051123   283
03051200   338
03051201   244
03051202   320
03051203   474
03051204   314
03051205   188
03051206   491
03051207   448
03051208   324
03051209   500
03051210   541
03051211   513
03051212   727
03051213   538
03051214   475
03051215   248
03051216   118
03051217   352
03051218   508
03051219   467
03051220   617
03051221   427
03051222   429
03051223   409
03051300   541
03051301   579
03051302   115
03051303    64
03051304   231
03051305   413
03051306   481
03051307   539
03051308   222
03051309   836
03051310   623
03051311   358
03051312   297
03051313   719
03051314   456
03051315   314
03051316   345
03051317   424
03051318   475
03051319   679
03051320   256
03051321   534
03051322   534
03051323   504
03051400   536
03051401   844
03051402   600
03051403   429
03051404   536
03051405   841
03051406   577
03051407   556
03051408   635
03051409   489
03051410   335
03051411   275
03051412   363
03051413   469
03051414   607
03051415   647
03051416   415
03051417   661
03051418   430
03051419   482
03051420   541
03051421   467
03051422   447
03051423   559
03051500   479
03051501   300
03051502   308
03051503   462
03051504   753
03051505   872
03051506   800
03051507   469
03051508   144
03051509   202
03051510   246
03051511   473
03051512   769
03051513   829
03051514   410
03051515   571
03051516   694
03051517   390
03051518   429
03051519   406
03051520   576
03051521   345
03051522   448
03051523   365
03051600   515
03051601   416
03051602   427
03051603   198
03051604   128
03051605    75
03051606   138
03051607   247
03051608   222
03051609   175
03051610   121
03051611   167
03051612   184
03051613   219
03051614   186
03051615    74
03051616    63
03051617   102
03051618   154
03051619   336
03051620   452
03051621   561
03051622   530
03051623   437
03051700   311
03051701   115
03051702   104
03051703   121
03051704   249
03051705   372
03051706   397
03051707   221
03051708    61
03051709    47
03051710   119
03051711   311
03051712   484
03051713   266
03051714   144
03051715   108
03051716   136
03051717   152
03051718   162
03051719   164
03051720   111
03051721    92
03051722    72
03051723   115
03051800   105
03051801   124
03051802   122
03051803   134
03051804   232
03051805   300
03051806   244
03051807   102
03051808    66
03051809    59
03051810    66
03051811    58
03051812    76
03051813    74
03051814    64
03051815    70
03051816    98
03051817   238
03051818   380
03051819   672
03051820   391
03051821   227
03051822   189
03051823   350
03051900   508
03051901   503
03051902   298
03051903   206
03051904   113
03051905   298
03051906   249
03051907   167
03051908   116
03051909   167
03051910   219
03051911   211
03051912   173
03051913   227
03051914   334
03051915   345
03051916   410
03051917   487
03051918   529
03051919   331
03051920   181
03051921   466
03051922   675
03051923   667
03052000   501
03052001   288
03052002   241
03052003   162
03052004   243
03052005   257
03052006   153
03052007   359
03052008   502
03052009   538
03052010   477
03052011   451
03052012   311
03052013   271
03052014   241
03052015   114
03052016    64
03052017    68
03052018    98
03052019   132
03052020   311
03052021   380
03052022   289
03052023   416
03052100   399
03052101   423
03052102   375
03052103   585
03052104   284
03052105   229
03052106   243
03052107    89
03052108    58
03052109    52
03052110    50
03052111    53
03052112   142
03052113   313
03052114   441
03052115   416
03052116   759
03052117   965
03052118   988
03052119  1057
03052120   927
03052121   670
03052122   616
03052123   506
03052200   795
03052201  1032
03052202   761
03052203   557
03052204   666
03052205   254
03052206   344
03052207   673
03052208   494
03052209   310
03052210   309
03052211   214
03052212   245
03052213   460
03052214  1006
03052215   593
03052216   197
03052217   114
03052218   206
03052219   509
03052220   376
03052221   267
03052222   259
03052223   166
03052300   156
03052301   116
03052302   297
03052303   607
03052304   859
03052305   856
03052306   595
03052307   405
03052308   377
03052309   785
03052310   252
03052311   160
03052312   306
03052313   282
03052314   109
03052315   170
03052316   442
03052317   624
03052318   237
03052319   234
03052320   135
03052321    86
03052322   254
03052323   451
03052400   567
03052401   159
03052402   103
03052403   228
03052404   625
03052405   628
03052406   611
03052407   690
03052408   513
03052409   508
03052410   307
03052411   360
03052412   383
03052413   790
03052414   361
03052415   169
03052416   308
03052417   625
03052418   760
03052419   627
03052420   695
03052421   406
03052422   358
03052423   667
03052500   757
03052501   454
03052502   639
03052503   653
03052504   386
03052505   162
03052506   384
03052507   364
03052508   310
03052509   548
03052510   308
03052511   167
03052512   126
03052513    53
03052514    64
03052515   145
03052516   604
03052517   925
03052518   868
03052519   744
03052520   416
03052521   166
03052522    76
03052523   487
03052600   716
03052601   472
03052602   679
03052603   193
03052604   152
03052605   114
03052606   131
03052607   649
03052608   585
03052609   414
03052610   466
03052611   204
03052612   178
03052613   135
03052614   178
03052615    89
03052616    79
03052617   108
03052618   130
03052619   223
03052620   267
03052621   367
03052622   598
03052623   578
03052700   477
03052701   756
03052702   717
03052703   597
03052704   580
03052705   687
03052706   398
03052707   142
03052708   116
03052709   231
03052710   237
03052711   526
03052712   292
03052713   263
03052714   168
03052715    99
03052716   275
03052717   446
03052718   589
03052719   874
03052720  1155
03052721   710
03052722   296
03052723   569
03052800  1017
03052801   880
03052802   799
03052803   423
03052804   397
03052805   394
03052806   498
03052807   333
03052808   632
03052809   502
03052810   774
03052811   828
03052812   537
03052813   272
03052814   387
03052815   697
03052816   740
03052817   830
03052818   619
03052819   437
03052820   429
03052821   575
03052822   519
03052823   592
03052900   666
03052901   493
03052902   628
03052903   783
03052904   599
03052905   387
03052906   702
03052907   510
03052908   439
03052909   544
03052910   323
03052911   332
03052912   616
03052913  1117
03052914  1094
03052915  1551
03052916  1451
03052917  1114
03052918  1551
03052919  1957
03052920  1670
03052921  1199
03052922  1202
03052923  1276
03053000   594
03053001   615
03053002   614
03053003   246
03053004   281
03053005   147
03053006   147
03053007   157
03053008   150
03053009   176
03053010   138
03053011   259
03053012   149
03053013   197
03053014   271
03053015   230
03053016   217
03053017   328
03053018   207
03053019   248
03053020   495
03053021   527
03053022   317
03053023   396
03053100   818
03053101   445
03053102   245
03053103   236
03053104   872
03053105   824
03053106   205
03053107    92
03053108    60
03053109    82
03053110   122
03053111   127
03053112   112
03053113   191
03053114   223
03053115   142
03053116    73
03053117   111
03053118    82
03053119   105
03053120    86
03053121    72
03053122    83
03053123   124

Fri Ju 2
