03040100   646
03040101   521
03040102   768
03040103   616
03040104   162
03040105    67
03040106    87
03040107    51
03040108    64
03040109   122
03040110   192
03040111   269
03040112   290
03040113   169
03040114   163
03040115   343
03040116   487
03040117   711
03040118   724
03040119   672
03040120   500
03040121   133
03040122   137
03040123   280
03040200   272
03040201   160
03040202   106
03040203    90
03040204   489
03040205   702
03040206   591
03040207   602
03040208   569
03040209   322
03040210   288
03040211   645
03040212   726
03040213   345
03040214   320
03040215   270
03040216   260
03040217   281
03040218   798
03040219   718
03040220   798
03040221   697
03040222   573
03040223   552
03040300   435
03040301   214
03040302    81
03040303   103
03040304    80
03040305   149
03040306   119
03040307   324
03040308   500
03040309   302
03040310   121
03040311    74
03040312    56
03040313    76
03040314   243
03040315   234
03040316   159
03040317   300
03040318   413
03040319   140
03040320   336
03040321   723
03040322   602
03040323   595
03040400   479
03040401   444
03040402   505
03040403   173
03040404   191
03040405   205
03040406   290
03040407   486
03040408   519
03040409   908
03040410   308
03040411   451
03040412   902
03040413   891
03040414   688
03040415   670
03040416   413
03040417   251
03040418   249
03040419   339
03040420   756
03040421  1007
03040422   754
03040423   684
03040500   375
03040501   370
03040502   481
03040503   323
03040504   494
03040505   567
03040506   160
03040507   201
03040508   204
03040509   121
03040510   173
03040511   249
03040512   739
03040513   595
03040514   668
03040515   371
03040516   567
03040517   799
03040518   869
03040519   975
03040520   609
03040521   283
03040522   331
03040523   182
03040600   329
03040601   275
03040602   211
03040603   283
03040604   399
03040605   209
03040606    75
03040607    41
03040608    44
03040609   184
03040610   107
03040611    57
03040612    45
03040613    45
03040614    56
03040615    74
03040616   298
03040617   406
03040618   174
03040619    56
03040620    52
03040621    91
03040622   149
03040623   121
03040700   162
03040701    78
03040702    73
03040703   104
03040704   105
03040705    99
03040706    75
03040707    74
03040708    80
03040709    81
03040710   148
03040711   346
03040712   340
03040713   407
03040714   289
03040715   219
03040716   207
03040717   136
03040718    88
03040719    35
03040720    33
03040721    39
03040722    34
03040723    30
03040800    36
03040801    66
03040802    55
03040803   168
03040804   454
03040805   381
03040806   403
03040807   732
03040808   659
03040809   445
03040810   539
03040811   395
03040812   255
03040813   631
03040814   835
03040815   566
03040816   198
03040817   254
03040818   195
03040819    88
03040820   105
03040821    40
03040822   113
03040823   151
03040900   577
03040901   509
03040902   535
03040903   423
03040904   615
03040905   348
03040906   632
03040907   746
03040908   192
03040909   126
03040910   193
03040911   560
03040912   527
03040913   945
03040914   455
03040915   109
03040916   247
03040917   378
03040918   116
03040919    76
03040920    86
03040921   102
03040922   118
03040923    71
03041000    91
03041001   101
03041002   151
03041003   404
03041004   541
03041005   642
03041006   471
03041007   418
03041008   374
03041009   397
03041010   440
03041011   220
03041012   350
03041013   282
03041014   211
03041015   361
03041016   490
03041017   422
03041018   351
03041019   552
03041020   682
03041021   332
03041022   213
03041023    67
03041100   183
03041101   170
03041102   217
03041103   530
03041104   369
03041105   135
03041106    77
03041107    67
03041108   208
03041109   146
03041110   428
03041111   309
03041112    70
03041113    95
03041114   184
03041115   403
03041116   394
03041117   274
03041118   315
03041119   494
03041120   422
03041121   208
03041122   497
03041123   698
03041200   262
03041201   258
03041202   275
03041203   205
03041204   192
03041205   173
03041206   228
03041207   113
03041208    56
03041209    52
03041210    85
03041211   158
03041212   133
03041213   255
03041214   433
03041215   213
03041216   224
03041217   333
03041218   143
03041219    71
03041220    59
03041221    45
03041222    50
03041223    36
03041300    53
03041301    66
03041302   384
03041303   372
03041304   125
03041305    70
03041306    63
03041307   121
03041308   268
03041309   368
03041310   154
03041311   201
03041312   447
03041313   181
03041314    48
03041315    29
03041316    47
03041317    60
03041318    46
03041319    46
03041320    52
03041321    38
03041322    56
03041323    38
03041400    88
03041401    58
03041402    95
03041403   117
03041404   380
03041405   177
03041406    96
03041407    60
03041408    62
03041409    63
03041410    61
03041411   171
03041412   821
03041413  1058
03041414  1035
03041415   526
03041416   229
03041417   144
03041418   134
03041419   112
03041420    67
03041421    89
03041422   165
03041423   490
03041500   241
03041501   169
03041502   518
03041503   334
03041504   308
03041505   398
03041506   481
03041507   459
03041508   334
03041509   785
03041510   669
03041511   524
03041512   334
03041513   369
03041514   160
03041515    50
03041516    64
03041517    56
03041518    78
03041519    85
03041520    40
03041521   158
03041522   199
03041523   265
03041600   503
03041601   522
03041602   196
03041603    97
03041604   210
03041605   206
03041606   467
03041607   514
03041608   359
03041609   914
03041610   618
03041611   310
03041612   376
03041613   314
03041614   439
03041615   570
03041616   385
03041617   306
03041618   214
03041619   322
03041620   967
03041621   509
03041622   100
03041623   188
03041700   129
03041701   215
03041702   404
03041703   519
03041704   729
03041705   852
03041706   577
03041707   273
03041708   309
03041709   709
03041710   915
03041711   519
03041712   274
03041713   121
03041714   562
03041715   906
03041716   463
03041717   451
03041718   426
03041719   394
03041720   179
03041721   119
03041722   111
03041723    87
03041800   125
03041801    97
03041802   146
03041803   135
03041804   504
03041805   886
03041806   381
03041807   170
03041808   127
03041809   263
03041810    92
03041811   572
03041812   408
03041813   321
03041814   358
03041815   476
03041816   432
03041817   244
03041818   122
03041819    96
03041820   216
03041821   432
03041822   310
03041823   488
03041900   344
03041901   114
03041902    71
03041903    64
03041904   134
03041905   224
03041906   263
03041907    76
03041908    54
03041909    64
03041910    59
03041911    74
03041912   157
03041913   252
03041914   130
03041915   116
03041916   107
03041917   111
03041918   204
03041919   489
03041920   231
03041921   184
03041922   145
03041923   423
03042000   602
03042001   435
03042002   524
03042003   451
03042004   516
03042005   642
03042006   456
03042007   179
03042008   115
03042009   202
03042010   154
03042011    84
03042012    61
03042013    65
03042014    85
03042015   153
03042016   207
03042017   352
03042018   285
03042019   144
03042020   187
03042021   117
03042022   259
03042023   802
03042100   819
03042101   659
03042102   518
03042103   395
03042104   540
03042105   320
03042106   761
03042107   578
03042108   280
03042109   346
03042110   468
03042111   425
03042112   157
03042113   123
03042114   176
03042115   416
03042116   408
03042117   363
03042118   467
03042119   558
03042120   679
03042121   799
03042122   712
03042123   797
03042200   622
03042201   392
03042202   391
03042203   657
03042204   648
03042205   403
03042206   256
03042207   353
03042208   352
03042209   603
03042210   499
03042211   491
03042212   521
03042213   455
03042214   220
03042215   219
03042216   551
03042217   669
03042218   818
03042219   649
03042220   732
03042221   507
03042222   437
03042223   327
03042300   136
03042301   146
03042302   126
03042303    68
03042304   210
03042305   593
03042306   840
03042307   956
03042308   599
03042309   443
03042310   324
03042311   285
03042312   278
03042313   399
03042314   311
03042315   387
03042316   305
03042317   248
03042318   289
03042319   673
03042320   480
03042321   250
03042322   261
03042323   393
03042400   486
03042401   344
03042402    85
03042403    60
03042404    97
03042405   345
03042406   651
03042407   701
03042408   679
03042409   552
03042410   531
03042411   393
03042412   358
03042413   587
03042414   746
03042415   894
03042416   554
03042417   792
03042418   663
03042419   821
03042420   786
03042421   859
03042422   737
03042423   760
03042500   713
03042501   793
03042502   744
03042503  1023
03042504  1168
03042505  1047
03042506   976
03042507   720
03042508   875
03042509  1064
03042510   900
03042511   898
03042512   813
03042513   240
03042514   154
03042515   171
03042516   435
03042517   734
03042518   327
03042519   114
03042520   344
03042521   861
03042522   838
03042523   987
03042600   701
03042601   322
03042602   111
03042603   222
03042604   140
03042605    85
03042606   349
03042607   620
03042608   464
03042609   581
03042610   568
03042611   481
03042612   438
03042613   352
03042614   261
03042615   283
03042616   406
03042617   344
03042618   319
03042619   390
03042620   582
03042621   408
03042622   373
03042623   502
03042700   575
03042701   326
03042702   118
03042703   151
03042704   391
03042705   500
03042706   310
03042707   186
03042708   185
03042709   345
03042710   495
03042711   597
03042712   554
03042713   225
03042714    98
03042715   309
03042716   464
03042717   341
03042718   302
03042719   431
03042720   384
03042721   265
03042722   468
03042723   369
03042800   395
03042801   653
03042802   609
03042803   488
03042804   505
03042805   654
03042806   559
03042807   588
03042808   489
03042809   350
03042810   694
03042811   137
03042812   142
03042813   242
03042814   202
03042815    94
03042816    78
03042817    64
03042818    53
03042819    93
03042820   128
03042821   190
03042822   140
03042823    90
03042900   225
03042901   179
03042902    59
03042903    59
03042904    81
03042905   185
03042906    74
03042907    58
03042908    67
03042909    71
03042910    59
03042911    64
03042912   144
03042913   435
03042914   808
03042915   877
03042916   996
03042917   986
03042918   902
03042919  1021
03042920   770
03042921   647
03042922   663
03042923   706
03043000   642
03043001   644
03043002   664
03043003   750
03043004   216
03043005    99
03043006   314
03043007   405
03043008   567
03043009   722
03043010   587
03043011   450
03043012   236
03043013   230
03043014   363
03043015   722
03043016   627
03043017   681
03043018   889
03043019   912
03043020   821
03043021   676
03043022   833
03043023   945

Fri Ju 2
