04060100   184
04060101   603
04060102   699
04060103   566
04060104   402
04060105   172
04060106   317
04060107   337
04060108   512
04060109   199
04060110    68
04060111   101
04060112   380
04060113   349
04060114   152
04060115   267
04060116   438
04060117   339
04060118   203
04060119   273
04060120   211
04060121   319
04060122   461
04060123   618
04060200   487
04060201   300
04060202   104
04060203   347
04060204   415
04060205   321
04060206   275
04060207   246
04060208   431
04060209   349
04060210   185
04060211   156
04060212   338
04060213   342
04060214   160
04060215   176
04060216   364
04060217   340
04060218   315
04060219   472
04060220   275
04060221   360
04060222   211
04060223   182
04060300   267
04060301   366
04060302   468
04060303   627
04060304   389
04060305   145
04060306   287
04060307   298
04060308    57
04060309    55
04060310    69
04060311   107
04060312   116
04060313   198
04060314   189
04060315   123
04060316   126
04060317    83
04060318    55
04060319    65
04060320   141
04060321   347
04060322   561
04060323   451
04060400   421
04060401   389
04060402   336
04060403   288
04060404   287
04060405   363
04060406   115
04060407    55
04060408   139
04060409   292
04060410   449
04060411   347
04060412   342
04060413   349
04060414   341
04060415   280
04060416   128
04060417    52
04060418    61
04060419    98
04060420   131
04060421   149
04060422   223
04060423   305
04060500   318
04060501   300
04060502   155
04060503   341
04060504   127
04060505    58
04060506    39
04060507    81
04060508    42
04060509    65
04060510   215
04060511   128
04060512   230
04060513   387
04060514   217
04060515   184
04060516   351
04060517   333
04060518   246
04060519   129
04060520   244
04060521   449
04060522   536
04060523   481
04060600   370
04060601   327
04060602   536
04060603   588
04060604   301
04060605   368
04060606   242
04060607   229
04060608   160
04060609    67
04060610   253
04060611   356
04060612   299
04060613   402
04060614   303
04060615   164
04060616   215
04060617   175
04060618    97
04060619   176
04060620   357
04060621   203
04060622   138
04060623   157
04060700   260
04060701   382
04060702   239
04060703   118
04060704    66
04060705    48
04060706   155
04060707   213
04060708   120
04060709   241
04060710   263
04060711   319
04060712   191
04060713   149
04060714   283
04060715   337
04060716   352
04060717   431
04060718   531
04060719   490
04060720   491
04060721   664
04060722   686
04060723   770
04060800   501
04060801   303
04060802   506
04060803   346
04060804   260
04060805   278
04060806   122
04060807    73
04060808   119
04060809   177
04060810   598
04060811   414
04060812    92
04060813   174
04060814   140
04060815   203
04060816    95
04060817   200
04060818   436
04060819   209
04060820   224
04060821    75
04060822    69
04060823   137
04060900   374
04060901   429
04060902   114
04060903    52
04060904   106
04060905   381
04060906   563
04060907   406
04060908   394
04060909   357
04060910   226
04060911   721
04060912   453
04060913   432
04060914   336
04060915   629
04060916   629
04060917   540
04060918   455
04060919   388
04060920   232
04060921   258
04060922   297
04060923   416
04061000   480
04061001   690
04061002   425
04061003   361
04061004   327
04061005   237
04061006   168
04061007   122
04061008    55
04061009    36
04061010    36
04061011    71
04061012    69
04061013    93
04061014    96
04061015   108
04061016    37
04061017    40
04061018    85
04061019   282
04061020   577
04061021   463
04061022   326
04061023   269
04061100   471
04061101   457
04061102   398
04061103   169
04061104    57
04061105    64
04061106    91
04061107   332
04061108   293
04061109   247
04061110   223
04061111   200
04061112   113
04061113    87
04061114    71
04061115    98
04061116   146
04061117   247
04061118    94
04061119    56
04061120    51
04061121    46
04061122    38
04061123    42
04061200    42
04061201    41
04061202    41
04061203    54
04061204    77
04061205   153
04061206   330
04061207   220
04061208   142
04061209   114
04061210    82
04061211    95
04061212   157
04061213   125
04061214   107
04061215    87
04061216    85
04061217    63
04061218    45
04061219    41
04061220    54
04061221    41
04061222    48
04061223    41
04061300    45
04061301    47
04061302    52
04061303    48
04061304    57
04061305    80
04061306    63
04061307    64
04061308    42
04061309    48
04061310    56
04061311    81
04061312    64
04061313    82
04061314    57
04061315    47
04061316    43
04061317    35
04061318    43
04061319    45
04061320    55
04061321    65
04061322   150
04061323   140
04061400    96
04061401    62
04061402    56
04061403    81
04061404   111
04061405   114
04061406   191
04061407   319
04061408   623
04061409   650
04061410   746
04061411   605
04061412   572
04061413   574
04061414   256
04061415   125
04061416   180
04061417   108
04061418    87
04061419   208
04061420   157
04061421    91
04061422    87
04061423    76
04061500   207
04061501   143
04061502   105
04061503   110
04061504   139
04061505   133
04061506   747
04061507   893
04061508   639
04061509   186
04061510   115
04061511   221
04061512   472
04061513   558
04061514   142
04061515   301
04061516   368
04061517   395
04061518   220
04061519   157
04061520   394
04061521   307
04061522   191
04061523   257
04061600   292
04061601   329
04061602   356
04061603   170
04061604    84
04061605   169
04061606   319
04061607   470
04061608   292
04061609   244
04061610   211
04061611    93
04061612    96
04061613   125
04061614   201
04061615    72
04061616    48
04061617    47
04061618    52
04061619    55
04061620    45
04061621    79
04061622   125
04061623    83
04061700    80
04061701    61
04061702    67
04061703    90
04061704   193
04061705   292
04061706   223
04061707   154
04061708   154
04061709   350
04061710   370
04061711   210
04061712    93
04061713    61
04061714    63
04061715   138
04061716    84
04061717    33
04061718    48
04061719   275
04061720   361
04061721   258
04061722    92
04061723    70
04061800    93
04061801    57
04061802    77
04061803   151
04061804   117
04061805   323
04061806   279
04061807   111
04061808   184
04061809   486
04061810   459
04061811   200
04061812   187
04061813   233
04061814   366
04061815   297
04061816   375
04061817   207
04061818   135
04061819   104
04061820    65
04061821    99
04061822    90
04061823   182
04061900   219
04061901   286
04061902   172
04061903    97
04061904    84
04061905   164
04061906   101
04061907   156
04061908   272
04061909   213
04061910   164
04061911   224
04061912   265
04061913   249
04061914   162
04061915   163
04061916   125
04061917    67
04061918    46
04061919    40
04061920    28
04061921    29
04061922    29
04061923    35
04062000    42
04062001    53
04062002    69
04062003    63
04062004    50
04062005    67
04062006   145
04062007   189
04062008   103
04062009    94
04062010    86
04062011   100
04062012    70
04062013    70
04062014    73
04062015    70
04062016   104
04062017    97
04062018   188
04062019   114
04062020    52
04062021    56
04062022    46
04062023    43
04062100    50
04062101    50
04062102    53
04062103    67
04062104    48
04062105    71
04062106   215
04062107   206
04062108   207
04062109    90
04062110    85
04062111   112
04062112   192
04062113    90
04062114    80
04062115    91
04062116    97
04062117   122
04062118   118
04062119    97
04062120   105
04062121   109
04062122    63
04062123    58
04062200    54
04062201    48
04062202    42
04062203    46
04062204    61
04062205    70
04062206    55
04062207    51
04062208    62
04062209    78
04062210    96
04062211   203
04062212   104
04062213    76
04062214    69
04062215    41
04062216    26
04062217    32
04062218    40
04062219    67
04062220    74
04062221    71
04062222    43
04062223    46
04062300    39
04062301    46
04062302    48
04062303    46
04062304    43
04062305    75
04062306   160
04062307   115
04062308    74
04062309    58
04062310    66
04062311   134
04062312   127
04062313    89
04062314   103
04062315   103
04062316   111
04062317    45
04062318    55
04062319    55
04062320    80
04062321    73
04062322   128
04062323    60
04062400    50
04062401    68
04062402    53
04062403    57
04062404    46
04062405    50
04062406   222
04062407   181
04062408    98
04062409    44
04062410    48
04062411    50
04062412   105
04062413   127
04062414    81
04062415    31
04062416    29
04062417    25
04062418    35
04062419    45
04062420    51
04062421    54
04062422    45
04062423    33
04062500    34
04062501    60
04062502    61
04062503    54
04062504    57
04062505    47
04062506    55
04062507    55
04062508    78
04062509   105
04062510   126
04062511    99
04062512    86
04062513   101
04062514    82
04062515    79
04062516    94
04062517    73
04062518   105
04062519   107
04062520   114
04062521    49
04062522    50
04062523    48
04062600    45
04062601    50
04062602    47
04062603    47
04062604    42
04062605    38
04062606    34
04062607    41
04062608    41
04062609    47
04062610    54
04062611    94
04062612    63
04062613    77
04062614   123
04062615   278
04062616   270
04062617   398
04062618   379
04062619   316
04062620   352
04062621   278
04062622   487
04062623   608
04062700   340
04062701   160
04062702    63
04062703    66
04062704   109
04062705    98
04062706    46
04062707    63
04062708    99
04062709   177
04062710   169
04062711   164
04062712   165
04062713   138
04062714   108
04062715   165
04062716   171
04062717   203
04062718   155
04062719   121
04062720   153
04062721   140
04062722   161
04062723   277
04062800   448
04062801   497
04062802   405
04062803   614
04062804   392
04062805   187
04062806   102
04062807   214
04062808   255
04062809   267
04062810   225
04062811   362
04062812   307
04062813   142
04062814   137
04062815    77
04062816    57
04062817    54
04062818   100
04062819   311
04062820   321
04062821   211
04062822   399
04062823   567
04062900   689
04062901   529
04062902   654
04062903   561
04062904   297
04062905   440
04062906   693
04062907   557
04062908   258
04062909   321
04062910   355
04062911   186
04062912   270
04062913   417
04062914   146
04062915   105
04062916   250
04062917   171
04062918   310
04062919   664
04062920   448
04062921   326
04062922   268
04062923   327
04063000   460
04063001   453
04063002   327
04063003   279
04063004   279
04063005   428
04063006   418
04063007   362
04063008   612
04063009   502
04063010   386
04063011   307
04063012   455
04063013   256
04063014   236
04063015   203
04063016   194
04063017   199
04063018   178
04063019   203
04063020   241
04063021   216
04063022   152
04063023   153

Fri Ju 2
