04040100    32
04040101    30
04040102    32
04040103    29
04040104    31
04040105    40
04040106    56
04040107   111
04040108    55
04040109    39
04040110    56
04040111    99
04040112   172
04040113   222
04040114   247
04040115    78
04040116    41
04040117    36
04040118    53
04040119    82
04040120    76
04040121    41
04040122    43
04040123    41
04040200    51
04040201    34
04040202    37
04040203    30
04040204    31
04040205    22
04040206    42
04040207    38
04040208    38
04040209    39
04040210    50
04040211    54
04040212    50
04040213    52
04040214    43
04040215    43
04040216    41
04040217    32
04040218    27
04040219    27
04040220    25
04040221    30
04040222    33
04040223    35
04040300    32
04040301    42
04040302   218
04040303   353
04040304   263
04040305   297
04040306   448
04040307   229
04040308   106
04040309   114
04040310   275
04040311   258
04040312   199
04040313   392
04040314   600
04040315  1059
04040316  1013
04040317  1130
04040318  1061
04040319   784
04040320   681
04040321   586
04040322  1068
04040323   756
04040400   572
04040401   338
04040402   390
04040403   161
04040404    96
04040405    84
04040406   118
04040407   172
04040408    26
04040409    50
04040410    47
04040411    49
04040412    61
04040413    45
04040414    44
04040415    68
04040416    45
04040417    44
04040418    34
04040419    40
04040420    35
04040421    36
04040422    44
04040423    32
04040500    34
04040501    36
04040502    29
04040503    25
04040504    24
04040505    40
04040506    65
04040507    54
04040508    40
04040509    42
04040510    52
04040511    93
04040512   211
04040513   280
04040514   437
04040515   629
04040516   372
04040517   842
04040518  1027
04040519  1216
04040520   676
04040521   457
04040522   510
04040523   415
04040600   412
04040601   441
04040602   507
04040603   210
04040604   423
04040605   614
04040606   678
04040607   454
04040608   265
04040609   579
04040610   631
04040611   507
04040612   603
04040613   301
04040614    64
04040615    60
04040616   102
04040617   259
04040618   183
04040619   355
04040620   352
04040621   179
04040622   524
04040623   236
04040700   190
04040701   294
04040702   484
04040703   279
04040704   244
04040705   324
04040706   171
04040707   254
04040708   251
04040709   222
04040710   235
04040711   168
04040712   239
04040713   118
04040714    64
04040715    77
04040716   222
04040717   300
04040718   290
04040719   336
04040720   522
04040721   389
04040722   306
04040723   525
04040800   407
04040801   107
04040802    72
04040803   267
04040804   411
04040805   378
04040806   535
04040807   553
04040808   336
04040809   625
04040810   416
04040811   164
04040812   101
04040813   128
04040814   337
04040815   442
04040816   320
04040817   423
04040818   213
04040819    92
04040820   219
04040821   320
04040822   255
04040823    71
04040900    76
04040901   199
04040902   320
04040903   703
04040904   612
04040905   528
04040906   310
04040907   538
04040908   712
04040909   467
04040910   146
04040911    72
04040912    61
04040913    65
04040914   160
04040915   303
04040916   233
04040917    55
04040918   258
04040919   294
04040920   111
04040921   117
04040922   111
04040923    86
04041000    55
04041001    58
04041002   233
04041003   423
04041004   275
04041005   294
04041006   307
04041007   326
04041008   285
04041009   208
04041010   133
04041011    82
04041012   111
04041013    47
04041014    43
04041015    46
04041016    50
04041017    66
04041018    99
04041019   123
04041020   636
04041021   557
04041022   214
04041023   274
04041100   271
04041101   474
04041102   415
04041103   180
04041104   124
04041105   175
04041106   260
04041107   212
04041108   172
04041109   113
04041110   126
04041111   172
04041112   111
04041113   117
04041114    83
04041115   148
04041116   258
04041117   348
04041118   380
04041119   391
04041120   467
04041121   248
04041122   204
04041123   250
04041200   342
04041201   588
04041202   421
04041203   127
04041204   216
04041205   364
04041206   430
04041207   422
04041208   516
04041209   472
04041210   227
04041211   187
04041212   142
04041213    76
04041214    77
04041215   139
04041216    99
04041217    45
04041218   359
04041219   295
04041220    50
04041221    41
04041222    41
04041223   151
04041300   211
04041301   140
04041302   130
04041303   209
04041304   122
04041305    93
04041306   231
04041307   173
04041308    43
04041309    35
04041310    71
04041311   272
04041312   266
04041313    98
04041314    75
04041315   103
04041316   104
04041317    41
04041318   103
04041319   224
04041320   110
04041321   129
04041322   118
04041323   105
04041400    39
04041401    66
04041402   197
04041403   185
04041404    92
04041405    72
04041406    98
04041407    95
04041408    37
04041409    36
04041410    32
04041411    36
04041412    66
04041413    86
04041414   193
04041415   118
04041416   116
04041417   152
04041418    76
04041419    92
04041420    62
04041421    95
04041422    66
04041423    67
04041500    54
04041501    55
04041502    52
04041503    60
04041504    66
04041505    68
04041506    55
04041507    49
04041508    72
04041509    65
04041510    65
04041511   112
04041512   132
04041513   182
04041514   317
04041515   233
04041516   251
04041517   305
04041518   385
04041519   257
04041520   221
04041521   535
04041522   482
04041523   294
04041600   177
04041601    82
04041602    52
04041603   123
04041604   433
04041605   506
04041606   682
04041607   616
04041608   529
04041609   314
04041610   224
04041611   355
04041612   203
04041613   102
04041614   162
04041615   498
04041616   232
04041617   173
04041618   204
04041619   312
04041620   485
04041621   242
04041622   122
04041623   288
04041700   159
04041701   100
04041702   105
04041703   176
04041704   411
04041705   422
04041706   138
04041707    63
04041708   141
04041709   198
04041710   106
04041711    56
04041712   120
04041713   270
04041714   223
04041715   337
04041716   279
04041717   275
04041718   322
04041719   260
04041720   186
04041721   104
04041722   225
04041723   238
04041800    85
04041801    56
04041802    64
04041803   122
04041804   220
04041805   349
04041806   253
04041807   485
04041808   478
04041809   181
04041810   144
04041811   266
04041812   450
04041813   493
04041814   375
04041815   261
04041816   405
04041817   346
04041818   374
04041819   254
04041820   136
04041821   243
04041822   334
04041823   261
04041900   272
04041901   385
04041902   267
04041903   215
04041904   328
04041905   251
04041906   153
04041907   141
04041908   108
04041909   173
04041910   196
04041911   107
04041912   113
04041913   137
04041914   157
04041915   146
04041916   142
04041917   188
04041918   136
04041919    43
04041920    30
04041921    53
04041922    73
04041923   143
04042000   158
04042001   110
04042002    80
04042003   150
04042004   117
04042005    81
04042006   132
04042007   168
04042008   167
04042009   151
04042010    69
04042011    43
04042012    38
04042013    36
04042014    33
04042015    47
04042016    51
04042017    45
04042018    39
04042019    45
04042020    63
04042021   143
04042022   195
04042023   169
04042100    87
04042101    61
04042102    46
04042103    67
04042104   285
04042105   119
04042106    43
04042107    60
04042108    54
04042109    72
04042110   107
04042111    61
04042112    66
04042113    73
04042114    63
04042115   135
04042116   115
04042117    51
04042118   198
04042119   181
04042120    59
04042121    38
04042122    66
04042123    54
04042200    46
04042201    40
04042202    36
04042203    38
04042204    48
04042205    44
04042206    44
04042207    95
04042208    92
04042209    54
04042210    51
04042211    63
04042212   180
04042213   210
04042214    74
04042215    44
04042216    36
04042217    29
04042218   107
04042219    75
04042220    50
04042221    44
04042222    77
04042223    58
04042300    45
04042301    81
04042302   164
04042303   165
04042304   157
04042305   253
04042306   105
04042307    82
04042308   353
04042309   698
04042310   284
04042311   117
04042312   528
04042313  1051
04042314   896
04042315   894
04042316   514
04042317   164
04042318    69
04042319    62
04042320   175
04042321   516
04042322   423
04042323   264
04042400    82
04042401    72
04042402    75
04042403   113
04042404   122
04042405   130
04042406   109
04042407   114
04042408   264
04042409   185
04042410   451
04042411   268
04042412   104
04042413   184
04042414   599
04042415   144
04042416    73
04042417    50
04042418    37
04042419    42
04042420    97
04042421   118
04042422   100
04042423    86
04042500    77
04042501   120
04042502    82
04042503   254
04042504   380
04042505   545
04042506   294
04042507   393
04042508   782
04042509   568
04042510   518
04042511   274
04042512   135
04042513    85
04042514   102
04042515   102
04042516    96
04042517   141
04042518   131
04042519   102
04042520    94
04042521   106
04042522   129
04042523   160
04042600    49
04042601   152
04042602   367
04042603   208
04042604    86
04042605   119
04042606   219
04042607   156
04042608    65
04042609    47
04042610    43
04042611    46
04042612    49
04042613    52
04042614    91
04042615    73
04042616    42
04042617    23
04042618   119
04042619   207
04042620   153
04042621    63
04042622    58
04042623    49
04042700    39
04042701    42
04042702    39
04042703    37
04042704    40
04042705    30
04042706    37
04042707    41
04042708    37
04042709    31
04042710    44
04042711    57
04042712    49
04042713    39
04042714    41
04042715    52
04042716   116
04042717   206
04042718   240
04042719    91
04042720    46
04042721    82
04042722    67
04042723   124
04042800   171
04042801    85
04042802    41
04042803    41
04042804    38
04042805    32
04042806    59
04042807    63
04042808    40
04042809    38
04042810    49
04042811    47
04042812    56
04042813    51
04042814    53
04042815   173
04042816   222
04042817   126
04042818   107
04042819   281
04042820   668
04042821   340
04042822   323
04042823   173
04042900    72
04042901    45
04042902    37
04042903    45
04042904   154
04042905   244
04042906   139
04042907   111
04042908    59
04042909    49
04042910    92
04042911    90
04042912    44
04042913    42
04042914    38
04042915    52
04042916    35
04042917    32
04042918    45
04042919    49
04042920    66
04042921   191
04042922   155
04042923    88
04043000    46
04043001    80
04043002   247
04043003   548
04043004   585
04043005   477
04043006   199
04043007   306
04043008   218
04043009    62
04043010    37
04043011    46
04043012    47
04043013    48
04043014    43
04043015    96
04043016    86
04043017    40
04043018    32
04043019   184
04043020   786
04043021   986
04043022   603
04043023   113

Fri Ju 2
