04080100   229
04080101   535
04080102   493
04080103   264
04080104   286
04080105    76
04080106    58
04080107    48
04080108    48
04080109    46
04080110    62
04080111   141
04080112   131
04080113   118
04080114    54
04080115    61
04080116   107
04080117   132
04080118    97
04080119    99
04080120   150
04080121   360
04080122   314
04080123   251
04080200   209
04080201   226
04080202   161
04080203   206
04080204   213
04080205    71
04080206    69
04080207   194
04080208   432
04080209   213
04080210   160
04080211    93
04080212    53
04080213    54
04080214    63
04080215    65
04080216    80
04080217   115
04080218    81
04080219   110
04080220   137
04080221   266
04080222   297
04080223   429
04080300   200
04080301    79
04080302   105
04080303   272
04080304   310
04080305   194
04080306    80
04080307    92
04080308   105
04080309    71
04080310    59
04080311    43
04080312    44
04080313    40
04080314    43
04080315    38
04080316    37
04080317    39
04080318    43
04080319    53
04080320    54
04080321    70
04080322    72
04080323    51
04080400    45
04080401    36
04080402    34
04080403    28
04080404    26
04080405    25
04080406    31
04080407    37
04080408    30
04080409    37
04080410    46
04080411    57
04080412    99
04080413   105
04080414   167
04080415   188
04080416    78
04080417    38
04080418    52
04080419    51
04080420    48
04080421    42
04080422    38
04080423    36
04080500    31
04080501    34
04080502    47
04080503    67
04080504    62
04080505    85
04080506   125
04080507    79
04080508    53
04080509    85
04080510   183
04080511   281
04080512   357
04080513   217
04080514   143
04080515    62
04080516    86
04080517   157
04080518   204
04080519   194
04080520   128
04080521   209
04080522   348
04080523   360
04080600   356
04080601   378
04080602   246
04080603    61
04080604    31
04080605    50
04080606    40
04080607    46
04080608    39
04080609    45
04080610    55
04080611    55
04080612    50
04080613    37
04080614    35
04080615    40
04080616    48
04080617    49
04080618    53
04080619   106
04080620   112
04080621    83
04080622    97
04080623   327
04080700   459
04080701    97
04080702    91
04080703   250
04080704   421
04080705   557
04080706   473
04080707   543
04080708   600
04080709   419
04080710   374
04080711   264
04080712   551
04080713   239
04080714    67
04080715   161
04080716   116
04080717   129
04080718    66
04080719   139
04080720   275
04080721   282
04080722   230
04080723   295
04080800    80
04080801    58
04080802    39
04080803    52
04080804   167
04080805   162
04080806    96
04080807    84
04080808    95
04080809    39
04080810    38
04080811    68
04080812   118
04080813   100
04080814    79
04080815    83
04080816    73
04080817   122
04080818   182
04080819   122
04080820   112
04080821    59
04080822    57
04080823    49
04080900    67
04080901    81
04080902    88
04080903   131
04080904   148
04080905   156
04080906   477
04080907   552
04080908   394
04080909   391
04080910   439
04080911   305
04080912   144
04080913    80
04080914    62
04080915    44
04080916   180
04080917   342
04080918   679
04080919   736
04080920   882
04080921   661
04080922   549
04080923   568
04081000   773
04081001   346
04081002   144
04081003   111
04081004   100
04081005    80
04081006    77
04081007    79
04081008   162
04081009   175
04081010   100
04081011   214
04081012   264
04081013   188
04081014   503
04081015   334
04081016   564
04081017   699
04081018   708
04081019   316
04081020   406
04081021   597
04081022   496
04081023   292
04081100   233
04081101   131
04081102   112
04081103   198
04081104   213
04081105   289
04081106   187
04081107   250
04081108   430
04081109   547
04081110   471
04081111   505
04081112   154
04081113   240
04081114   221
04081115   337
04081116   200
04081117   154
04081118   178
04081119   420
04081120   156
04081121   129
04081122   123
04081123   372
04081200   369
04081201   251
04081202   293
04081203   175
04081204    73
04081205   120
04081206   171
04081207   214
04081208   123
04081209   117
04081210   120
04081211    95
04081212   180
04081213   171
04081214   122
04081215   130
04081216   162
04081217    98
04081218    72
04081219    68
04081220    90
04081221   275
04081222   173
04081223   275
04081300   301
04081301   376
04081302   233
04081303   201
04081304   127
04081305    88
04081306   139
04081307    52
04081308    41
04081309    53
04081310   112
04081311   232
04081312   136
04081313   207
04081314   187
04081315   104
04081316   104
04081317   157
04081318   233
04081319    91
04081320    70
04081321   182
04081322   552
04081323   540
04081400   306
04081401   243
04081402   163
04081403    76
04081404    43
04081405    51
04081406   177
04081407   272
04081408   196
04081409   115
04081410   173
04081411   105
04081412   132
04081413    70
04081414    52
04081415    51
04081416    44
04081417    37
04081418    56
04081419    72
04081420    84
04081421    52
04081422    56
04081423    53
04081500    40
04081501    37
04081502    44
04081503    48
04081504    47
04081505    41
04081506    34
04081507    30
04081508    42
04081509    60
04081510    65
04081511    67
04081512   132
04081513    83
04081514    45
04081515    50
04081516    60
04081517   126
04081518    92
04081519    90
04081520   168
04081521   117
04081522    87
04081523    59
04081600    49
04081601    47
04081602    47
04081603    41
04081604    37
04081605    51
04081606    62
04081607    63
04081608    48
04081609    94
04081610   167
04081611   203
04081612   215
04081613   174
04081614   138
04081615   115
04081616   153
04081617   119
04081618    62
04081619    84
04081620   145
04081621   225
04081622   135
04081623    77
04081700   225
04081701   331
04081702   232
04081703   111
04081704    38
04081705    34
04081706    39
04081707    47
04081708    60
04081709    65
04081710    88
04081711   171
04081712   142
04081713   255
04081714   223
04081715   226
04081716   324
04081717   551
04081718   714
04081719   514
04081720   352
04081721   327
04081722   347
04081723   211
04081800   178
04081801   117
04081802   113
04081803   226
04081804   272
04081805   277
04081806   338
04081807   338
04081808   276
04081809   170
04081810   159
04081811    78
04081812    83
04081813   102
04081814    66
04081815    47
04081816    43
04081817    69
04081818    75
04081819    96
04081820   102
04081821   185
04081822   140
04081823   290
04081900   137
04081901    46
04081902    37
04081903    42
04081904    28
04081905    31
04081906    29
04081907    34
04081908    42
04081909    43
04081910    64
04081911    81
04081912    80
04081913    80
04081914    96
04081915   101
04081916   129
04081917    95
04081918    73
04081919    83
04081920   133
04081921   141
04081922   123
04081923    77
04082000   115
04082001   391
04082002   333
04082003   190
04082004   360
04082005   409
04082006   411
04082007   408
04082008   401
04082009   388
04082010   253
04082011   490
04082012   538
04082013   554
04082014   471
04082015   457
04082016   302
04082017   326
04082018   531
04082019   186
04082020    99
04082021    89
04082022   132
04082023   429
04082100   302
04082101   334
04082102   510
04082103   730
04082104   503
04082105   182
04082106   170
04082107   634
04082108   433
04082109   155
04082110   280
04082111   450
04082112   257
04082113    78
04082114    59
04082115    70
04082116   193
04082117   301
04082118   308
04082119   529
04082120   266
04082121   315
04082122   593
04082123   624
04082200   445
04082201   105
04082202    89
04082203   137
04082204   409
04082205   390
04082206   492
04082207   452
04082208   430
04082209   508
04082210   274
04082211   390
04082212   263
04082213   105
04082214   154
04082215   241
04082216   392
04082217    76
04082218    73
04082219    97
04082220   311
04082221   310
04082222   223
04082223   263
04082300   239
04082301   107
04082302    50
04082303    57
04082304   165
04082305   251
04082306   197
04082307   182
04082308   180
04082309   204
04082310   112
04082311    66
04082312    81
04082313    39
04082314    58
04082315    58
04082316   108
04082317   290
04082318   240
04082319   143
04082320    88
04082321   105
04082322    77
04082323    87
04082400    50
04082401    78
04082402    68
04082403    32
04082404    28
04082405    41
04082406    54
04082407   144
04082408    37
04082409    48
04082410    99
04082411   142
04082412   161
04082413    79
04082414   115
04082415   115
04082416   137
04082417    68
04082418    55
04082419    63
04082420    82
04082421    47
04082422    42
04082423    29
04082500    32
04082501    43
04082502    73
04082503    78
04082504   142
04082505   252
04082506   207
04082507   173
04082508   157
04082509   165
04082510   201
04082511   138
04082512   119
04082513   162
04082514   103
04082515    86
04082516   205
04082517   192
04082518    91
04082519    68
04082520   120
04082521   147
04082522   153
04082523   108
04082600   109
04082601    89
04082602    59
04082603    49
04082604    46
04082605    41
04082606    58
04082607    93
04082608    72
04082609    55
04082610    56
04082611    69
04082612    71
04082613    61
04082614    49
04082615    78
04082616    57
04082617    33
04082618   107
04082619    62
04082620    62
04082621   134
04082622   123
04082623   228
04082700   300
04082701   252
04082702    81
04082703    45
04082704    68
04082705   100
04082706    94
04082707    37
04082708    78
04082709    66
04082710    49
04082711    51
04082712    44
04082713    86
04082714   210
04082715   191
04082716    94
04082717   118
04082718   316
04082719   224
04082720    96
04082721    96
04082722   185
04082723   268
04082800   100
04082801    34
04082802   107
04082803    63
04082804   115
04082805   113
04082806   120
04082807   162
04082808   530
04082809   324
04082810   163
04082811    63
04082812    62
04082813    47
04082814    42
04082815    85
04082816   123
04082817   219
04082818   159
04082819   153
04082820   169
04082821    87
04082822    45
04082823    37
04082900    40
04082901    54
04082902   163
04082903   230
04082904   106
04082905    73
04082906    32
04082907    58
04082908    47
04082909    47
04082910    62
04082911    52
04082912    45
04082913    62
04082914   138
04082915   105
04082916    38
04082917    47
04082918    44
04082919    49
04082920    42
04082921    40
04082922    34
04082923    44
04083000    51
04083001    65
04083002   118
04083003   150
04083004   157
04083005   258
04083006   440
04083007   500
04083008   699
04083009   780
04083010   774
04083011   621
04083012   640
04083013   889
04083014   810
04083015   991
04083016   877
04083017   826
04083018   858
04083019   904
04083020   938
04083021   960
04083022   805
04083023   538
04083100   277
04083101   273
04083102   593
04083103   767
04083104   759
04083105   873
04083106   641
04083107   697
04083108   538
04083109   372
04083110   557
04083111   507
04083112   329
04083113   230
04083114   270
04083115   352
04083116   370
04083117   205
04083118   291
04083119   484
04083120   517
04083121   203
04083122   164
04083123   235

Fri Ju 2
