04090100   150
04090101   138
04090102   269
04090103   121
04090104    69
04090105    52
04090106    84
04090107   247
04090108   167
04090109   135
04090110    92
04090111    98
04090112   181
04090113   108
04090114   115
04090115   174
04090116   161
04090117   114
04090118    93
04090119   100
04090120   175
04090121   328
04090122   181
04090123   155
04090200   155
04090201   122
04090202    89
04090203    77
04090204    77
04090205   281
04090206   269
04090207   134
04090208   158
04090209   331
04090210    76
04090211    48
04090212    38
04090213    43
04090214    82
04090215   150
04090216    86
04090217    48
04090218    46
04090219    49
04090220   113
04090221   182
04090222    67
04090223    57
04090300    50
04090301   103
04090302   127
04090303   122
04090304    78
04090305    53
04090306    46
04090307   126
04090308    58
04090309    53
04090310    43
04090311    45
04090312    50
04090313    41
04090314    41
04090315    40
04090316    48
04090317    82
04090318    85
04090319    41
04090320    39
04090321    34
04090322    29
04090323    24
04090400    28
04090401    35
04090402    36
04090403    34
04090404    38
04090405    36
04090406    41
04090407    70
04090408    86
04090409    59
04090410    47
04090411    55
04090412    60
04090413    58
04090414    77
04090415    85
04090416    81
04090417    40
04090418    36
04090419    51
04090420    48
04090421   102
04090422    51
04090423    66
04090500   109
04090501    40
04090502    29
04090503    42
04090504    45
04090505    58
04090506    80
04090507   253
04090508   209
04090509   182
04090510   233
04090511   277
04090512   369
04090513   193
04090514    59
04090515   183
04090516   452
04090517   572
04090518   549
04090519   156
04090520    56
04090521    71
04090522    57
04090523    99
04090600   234
04090601   102
04090602    30
04090603    49
04090604    59
04090605   146
04090606   351
04090607   306
04090608   369
04090609   325
04090610   348
04090611   533
04090612   611
04090613   583
04090614   437
04090615   256
04090616   329
04090617   617
04090618   193
04090619    93
04090620    98
04090621   182
04090622   435
04090623   497
04090700   402
04090701   303
04090702   265
04090703   255
04090704   348
04090705   496
04090706   572
04090707   365
04090708   316
04090709   318
04090710   539
04090711   444
04090712   196
04090713   221
04090714   319
04090715   240
04090716    88
04090717   136
04090718   157
04090719   196
04090720   249
04090721   113
04090722   173
04090723   140
04090800   229
04090801   222
04090802   286
04090803   435
04090804   469
04090805   449
04090806   393
04090807   312
04090808   378
04090809   244
04090810   227
04090811   211
04090812   142
04090813   350
04090814   201
04090815   101
04090816    45
04090817    42
04090818    20
04090819    29
04090820    36
04090821    75
04090822    47
04090823    35
04090900    31
04090901    23
04090902    27
04090903    49
04090904    51
04090905    74
04090906    59
04090907    46
04090908    52
04090909    59
04090910   106
04090911    94
04090912    57
04090913    79
04090914   122
04090915   140
04090916    93
04090917    75
04090918    80
04090919    49
04090920    65
04090921    74
04090922    85
04090923   182
04091000    63
04091001    31
04091002    40
04091003    40
04091004    69
04091005   103
04091006   133
04091007   108
04091008   101
04091009   144
04091010   236
04091011   152
04091012   121
04091013    52
04091014    51
04091015    78
04091016    36
04091017    28
04091018    27
04091019    20
04091020    15
04091021    17
04091022    18
04091023    16
04091100    20
04091101    18
04091102    17
04091103    17
04091104    20
04091105    19
04091106    19
04091107    21
04091108    22
04091109    28
04091110    33
04091111    35
04091112    69
04091113    94
04091114   228
04091115   248
04091116   167
04091117   174
04091118   146
04091119   100
04091120   140
04091121   207
04091122   188
04091123   136
04091200   101
04091201    41
04091202    32
04091203    32
04091204    27
04091205    23
04091206    24
04091207    32
04091208    39
04091209    40
04091210    44
04091211    41
04091212    43
04091213    36
04091214    34
04091215    34
04091216    41
04091217    36
04091218    26
04091219    32
04091220    32
04091221    25
04091222    23
04091223    29
04091300    24
04091301    23
04091302    26
04091303    25
04091304    27
04091305    27
04091306    30
04091307    37
04091308    37
04091309    37
04091310    43
04091311    46
04091312    37
04091313    36
04091314    35
04091315    35
04091316    42
04091317    40
04091318    39
04091319    35
04091320   223
04091321   284
04091322   421
04091323   387
04091400   370
04091401   341
04091402   578
04091403   742
04091404   736
04091405   854
04091406  1036
04091407   445
04091408   165
04091409   317
04091410   701
04091411   973
04091412   774
04091413   458
04091414   315
04091415   566
04091416   356
04091417   407
04091418   805
04091419   808
04091420   867
04091421   788
04091422   513
04091423   688
04091500   678
04091501   619
04091502   494
04091503   272
04091504   207
04091505   106
04091506    83
04091507   118
04091508   199
04091509   271
04091510   477
04091511   525
04091512   278
04091513   168
04091514   500
04091515   421
04091516   411
04091517   210
04091518   106
04091519   143
04091520   209
04091521   191
04091522   234
04091523   519
04091600   516
04091601   225
04091602   310
04091603   247
04091604   426
04091605   345
04091606   496
04091607   217
04091608   197
04091609   270
04091610   423
04091611   696
04091612   609
04091613   281
04091614   344
04091615   232
04091616   308
04091617   218
04091618   192
04091619   365
04091620   367
04091621   366
04091622   572
04091623   374
04091700   317
04091701   698
04091702   710
04091703   413
04091704   542
04091705   486
04091706   338
04091707   274
04091708   502
04091709   289
04091710   288
04091711   458
04091712   270
04091713   520
04091714   447
04091715   287
04091716   436
04091717   154
04091718   135
04091719    98
04091720   113
04091721   295
04091722   746
04091723   771
04091800   644
04091801   561
04091802   663
04091803   652
04091804   519
04091805   217
04091806    75
04091807    54
04091808    65
04091809   190
04091810   385
04091811   308
04091812   195
04091813   129
04091814    91
04091815    49
04091816    33
04091817    25
04091818    21
04091819    29
04091820    29
04091821    31
04091822    26
04091823    19
04091900    19
04091901    18
04091902    23
04091903    18
04091904    16
04091905    17
04091906    20
04091907    27
04091908    34
04091909    57
04091910   168
04091911   163
04091912    61
04091913    48
04091914    42
04091915    46
04091916    88
04091917   187
04091918   173
04091919   180
04091920   176
04091921   210
04091922   497
04091923   499
04092000   357
04092001   331
04092002    80
04092003    36
04092004    34
04092005    43
04092006    53
04092007   383
04092008   775
04092009   501
04092010   480
04092011   490
04092012   267
04092013   232
04092014   116
04092015   150
04092016    79
04092017    92
04092018    52
04092019    24
04092020    26
04092021    30
04092022    60
04092023   100
04092100   161
04092101   289
04092102   233
04092103   308
04092104   284
04092105   317
04092106   159
04092107   252
04092108   339
04092109   208
04092110    78
04092111    40
04092112    61
04092113    75
04092114    84
04092115   129
04092116    62
04092117    46
04092118    31
04092119    40
04092120    95
04092121   113
04092122    47
04092123    65
04092200    36
04092201    36
04092202    42
04092203    41
04092204    51
04092205    46
04092206    86
04092207   179
04092208   166
04092209   149
04092210   123
04092211   210
04092212   265
04092213   656
04092214   976
04092215   399
04092216   481
04092217   495
04092218   385
04092219   522
04092220   615
04092221   330
04092222   656
04092223   656
04092300   585
04092301   449
04092302   718
04092303   313
04092304   358
04092305   539
04092306   114
04092307    56
04092308    37
04092309    45
04092310   110
04092311   141
04092312   148
04092313   195
04092314   139
04092315   184
04092316   141
04092317    57
04092318    56
04092319    41
04092320    84
04092321   143
04092322   251
04092323   284
04092400   123
04092401   302
04092402   312
04092403   206
04092404    89
04092405    55
04092406    43
04092407    47
04092408    68
04092409   231
04092410   260
04092411   200
04092412    53
04092413    42
04092414    25
04092415    33
04092416   150
04092417   187
04092418   140
04092419    94
04092420    29
04092421    46
04092422    86
04092423    35
04092500    23
04092501    21
04092502    22
04092503    27
04092504    33
04092505    40
04092506    34
04092507    45
04092508    28
04092509    34
04092510   132
04092511   359
04092512   405
04092513   398
04092514   242
04092515   129
04092516    90
04092517    96
04092518   130
04092519   109
04092520   124
04092521    72
04092522    35
04092523    39
04092600    46
04092601    29
04092602    21
04092603    23
04092604    28
04092605    78
04092606   113
04092607    47
04092608    40
04092609    35
04092610    31
04092611    31
04092612    27
04092613    28
04092614    26
04092615    26
04092616    29
04092617    60
04092618    83
04092619   172
04092620    54
04092621    43
04092622   148
04092623    87
04092700    35
04092701    39
04092702    29
04092703    26
04092704    24
04092705    28
04092706    22
04092707    25
04092708    30
04092709    32
04092710    96
04092711   197
04092712   234
04092713   188
04092714   157
04092715    57
04092716   210
04092717   336
04092718   420
04092719   123
04092720    57
04092721    35
04092722    38
04092723    27
04092800    28
04092801    41
04092802   114
04092803   260
04092804   236
04092805   141
04092806   141
04092807   263
04092808   299
04092809    97
04092810    57
04092811    40
04092812    34
04092813    25
04092814    32
04092815    35
04092816    35
04092817    34
04092818    30
04092819    47
04092820    66
04092821    92
04092822   241
04092823   133
04092900    55
04092901    53
04092902    19
04092903    21
04092904    24
04092905    16
04092906    17
04092907    27
04092908    30
04092909    44
04092910    59
04092911    42
04092912    36
04092913    56
04092914   116
04092915    72
04092916    52
04092917   107
04092918   156
04092919    73
04092920    45
04092921    61
04092922   110
04092923   100
04093000    74
04093001    31
04093002    27
04093003    25
04093004    31
04093005    35
04093006    34
04093007    25
04093008    31
04093009    28
04093010    29
04093011    29
04093012    34
04093013    35
04093014    33
04093015    35
04093016    35
04093017    36
04093018    42
04093019    99
04093020    91
04093021    32
04093022    21
04093023    18

Fri Ju 2
