04030100   504
04030101   191
04030102   131
04030103   148
04030104   108
04030105    57
04030106   102
04030107   203
04030108   414
04030109   262
04030110   320
04030111   243
04030112   165
04030113   116
04030114   698
04030115   719
04030116   949
04030117   431
04030118   286
04030119   658
04030120   713
04030121   563
04030122   416
04030123   777
04030200   475
04030201   347
04030202   471
04030203   461
04030204   328
04030205   105
04030206    91
04030207   207
04030208   578
04030209   210
04030210    56
04030211    72
04030212   122
04030213   385
04030214   727
04030215   671
04030216   295
04030217   118
04030218    93
04030219    54
04030220   271
04030221   469
04030222   169
04030223   100
04030300    64
04030301    92
04030302   161
04030303    89
04030304    60
04030305    62
04030306   128
04030307   100
04030308   152
04030309   392
04030310   749
04030311   534
04030312   558
04030313   257
04030314   119
04030315   262
04030316   247
04030317   154
04030318   350
04030319   321
04030320   114
04030321    47
04030322    38
04030323    28
04030400    29
04030401    26
04030402    58
04030403    48
04030404    64
04030405    38
04030406    38
04030407   134
04030408    38
04030409   162
04030410   306
04030411   289
04030412   148
04030413    85
04030414    30
04030415    31
04030416    55
04030417   194
04030418   153
04030419    71
04030420    64
04030421    34
04030422    40
04030423    53
04030500    81
04030501   154
04030502   239
04030503   136
04030504    37
04030505   178
04030506   157
04030507    79
04030508   207
04030509   215
04030510   220
04030511   102
04030512    34
04030513    23
04030514    21
04030515    21
04030516    26
04030517    53
04030518    19
04030519    15
04030520    27
04030521    28
04030522    86
04030523    52
04030600    49
04030601    48
04030602    36
04030603    48
04030604    76
04030605    63
04030606    58
04030607    53
04030608    53
04030609    75
04030610    57
04030611    31
04030612    30
04030613    32
04030614    32
04030615    32
04030616    28
04030617    23
04030618    17
04030619    18
04030620    23
04030621    30
04030622    28
04030623    25
04030700    26
04030701    24
04030702    24
04030703    26
04030704    34
04030705    36
04030706    33
04030707    46
04030708   143
04030709   135
04030710   104
04030711    85
04030712    61
04030713    39
04030714    34
04030715    36
04030716    43
04030717    39
04030718   100
04030719    80
04030720    48
04030721   138
04030722    93
04030723    49
04030800    35
04030801    26
04030802    28
04030803    26
04030804    31
04030805    42
04030806    79
04030807   173
04030808   415
04030809   137
04030810    57
04030811    43
04030812    46
04030813    45
04030814    39
04030815    48
04030816    48
04030817    77
04030818    31
04030819    29
04030820    54
04030821    28
04030822    31
04030823    29
04030900    20
04030901    24
04030902    24
04030903    80
04030904    82
04030905    39
04030906    29
04030907    80
04030908   144
04030909   268
04030910   199
04030911   160
04030912   245
04030913   613
04030914   766
04030915   866
04030916  1113
04030917  1150
04030918   881
04030919   359
04030920   403
04030921   473
04030922   613
04030923   472
04031000   338
04031001   433
04031002   674
04031003   603
04031004   553
04031005   783
04031006   456
04031007   684
04031008   794
04031009   451
04031010   269
04031011   196
04031012   171
04031013   535
04031014   685
04031015   222
04031016   149
04031017   124
04031018   267
04031019   500
04031020   469
04031021   652
04031022   625
04031023   658
04031100   541
04031101   421
04031102   459
04031103   358
04031104   319
04031105   224
04031106   488
04031107   410
04031108   428
04031109   331
04031110   532
04031111   305
04031112   116
04031113    56
04031114   618
04031115  1043
04031116   784
04031117   951
04031118  1102
04031119   909
04031120   955
04031121   713
04031122   625
04031123   446
04031200   562
04031201   455
04031202   369
04031203   503
04031204   116
04031205   360
04031206   425
04031207   389
04031208   528
04031209   263
04031210   255
04031211   331
04031212   385
04031213   327
04031214   269
04031215   752
04031216   631
04031217   366
04031218   183
04031219   279
04031220   210
04031221   181
04031222   448
04031223   136
04031300   284
04031301   219
04031302    91
04031303    76
04031304    70
04031305    93
04031306   613
04031307   725
04031308   364
04031309   147
04031310   168
04031311   267
04031312   281
04031313   503
04031314   749
04031315   682
04031316   385
04031317   239
04031318   374
04031319   444
04031320   469
04031321   449
04031322   320
04031323   370
04031400   457
04031401   415
04031402   225
04031403    62
04031404    89
04031405   285
04031406   287
04031407   300
04031408   499
04031409   422
04031410   419
04031411   694
04031412   494
04031413   413
04031414   188
04031415   244
04031416   203
04031417   454
04031418   540
04031419   879
04031420   807
04031421   496
04031422   433
04031423   435
04031500   220
04031501   248
04031502   367
04031503   471
04031504   305
04031505   233
04031506    77
04031507    96
04031508   149
04031509   278
04031510   288
04031511   238
04031512   410
04031513   355
04031514   139
04031515   302
04031516   443
04031517   456
04031518   519
04031519   509
04031520   283
04031521   269
04031522   334
04031523   293
04031600   325
04031601   352
04031602   118
04031603    76
04031604    72
04031605   165
04031606    67
04031607    35
04031608    32
04031609    41
04031610   170
04031611   117
04031612   122
04031613   180
04031614   162
04031615   157
04031616   207
04031617   113
04031618    44
04031619   123
04031620   477
04031621   485
04031622   403
04031623   286
04031700   430
04031701   191
04031702    75
04031703   205
04031704   289
04031705   247
04031706    71
04031707    46
04031708    28
04031709    39
04031710   132
04031711   223
04031712   195
04031713   107
04031714    72
04031715    44
04031716    55
04031717   145
04031718   269
04031719   210
04031720   180
04031721   231
04031722   205
04031723   279
04031800   333
04031801   294
04031802   307
04031803   274
04031804   218
04031805   202
04031806   341
04031807   362
04031808   240
04031809   218
04031810   173
04031811   244
04031812   124
04031813   356
04031814   242
04031815   231
04031816   241
04031817   339
04031818   460
04031819   586
04031820   529
04031821   302
04031822   153
04031823   273
04031900   495
04031901   418
04031902   212
04031903    97
04031904   117
04031905   166
04031906    72
04031907    44
04031908    34
04031909    70
04031910   185
04031911   200
04031912   181
04031913   154
04031914    85
04031915    64
04031916    86
04031917   186
04031918   117
04031919   105
04031920   235
04031921    65
04031922    71
04031923    71
04032000   146
04032001   340
04032002   264
04032003   181
04032004   179
04032005   326
04032006   104
04032007    68
04032008    72
04032009   122
04032010    56
04032011    92
04032012   122
04032013   160
04032014   163
04032015   413
04032016   409
04032017   504
04032018   491
04032019   462
04032020   279
04032021   297
04032022   309
04032023   393
04032100   514
04032101   338
04032102   214
04032103   238
04032104    97
04032105    94
04032106   290
04032107   199
04032108   188
04032109   263
04032110   653
04032111   608
04032112   499
04032113   341
04032114   353
04032115   299
04032116   415
04032117   554
04032118   355
04032119   225
04032120   251
04032121   127
04032122    62
04032123    51
04032200   122
04032201   271
04032202   403
04032203   144
04032204   278
04032205   237
04032206   258
04032207   441
04032208   315
04032209   185
04032210   117
04032211    87
04032212    67
04032213    82
04032214   138
04032215   167
04032216   209
04032217   521
04032218   353
04032219   279
04032220   315
04032221   348
04032222   309
04032223   397
04032300   366
04032301   385
04032302   377
04032303   110
04032304    54
04032305   150
04032306   151
04032307    66
04032308    45
04032309    92
04032310    72
04032311    41
04032312    33
04032313    34
04032314    36
04032315    52
04032316    87
04032317   211
04032318   241
04032319   217
04032320   387
04032321   134
04032322   152
04032323    70
04032400    60
04032401    43
04032402    40
04032403    50
04032404    41
04032405    39
04032406    35
04032407    35
04032408    41
04032409    42
04032410    35
04032411    33
04032412    33
04032413    39
04032414    30
04032415    37
04032416    41
04032417    37
04032418    33
04032419    35
04032420    35
04032421    33
04032422    35
04032423    42
04032500    45
04032501    41
04032502    36
04032503    36
04032504    34
04032505    31
04032506    43
04032507    32
04032508    39
04032509    39
04032510    44
04032511    48
04032512    53
04032513    54
04032514    76
04032515   178
04032516   108
04032517    68
04032518   189
04032519   131
04032520    31
04032521    47
04032522    44
04032523    42
04032600    45
04032601    44
04032602    43
04032603    35
04032604    35
04032605    27
04032606    66
04032607   111
04032608    59
04032609    38
04032610    44
04032611    46
04032612   144
04032613   349
04032614   563
04032615   662
04032616   695
04032617   226
04032618    98
04032619   115
04032620   471
04032621   334
04032622   140
04032623   128
04032700    85
04032701   125
04032702   297
04032703    99
04032704    36
04032705    48
04032706   128
04032707   185
04032708    97
04032709    99
04032710   366
04032711   426
04032712   276
04032713   157
04032714    90
04032715   170
04032716   798
04032717   823
04032718   190
04032719   135
04032720   116
04032721   375
04032722  1054
04032723   460
04032800   314
04032801   244
04032802   457
04032803   869
04032804   891
04032805   236
04032806   130
04032807   124
04032808   524
04032809   407
04032810   251
04032811   245
04032812   416
04032813   396
04032814   460
04032815   360
04032816   327
04032817   594
04032818   522
04032819   277
04032820   138
04032821   112
04032822    95
04032823    59
04032900    45
04032901    58
04032902   124
04032903   368
04032904   225
04032905   190
04032906    61
04032907    95
04032908   387
04032909   439
04032910   243
04032911    71
04032912   157
04032913   234
04032914   483
04032915   368
04032916   571
04032917   457
04032918    88
04032919    79
04032920    38
04032921    85
04032922   123
04032923    61
04033000    58
04033001    43
04033002    83
04033003   122
04033004   124
04033005   124
04033006   365
04033007   128
04033008   127
04033009   329
04033010   546
04033011   831
04033012   528
04033013   557
04033014   622
04033015   146
04033016    61
04033017    55
04033018    72
04033019    32
04033020    43
04033021   111
04033022    59
04033023    99
04033100    55
04033101    60
04033102   144
04033103    87
04033104    69
04033105    99
04033106    75
04033107   205
04033108   371
04033109   130
04033110    94
04033111   153
04033112   158
04033113   174
04033114   471
04033115   415
04033116   319
04033117   402
04033118   667
04033119   153
04033120   108
04033121    46
04033122    82
04033123    36

Fri Ju 2
