04020100    42
04020101    65
04020102   196
04020103   318
04020104   225
04020105   163
04020106   115
04020107   139
04020108   153
04020109   120
04020110   132
04020111    72
04020112    77
04020113   144
04020114   330
04020115   278
04020116   184
04020117   131
04020118    43
04020119    45
04020120   247
04020121   488
04020122   217
04020123   112
04020200    64
04020201    61
04020202   103
04020203    49
04020204    30
04020205    65
04020206   189
04020207   597
04020208   406
04020209   292
04020210   693
04020211   388
04020212   737
04020213   670
04020214   317
04020215   166
04020216   677
04020217   635
04020218   258
04020219    95
04020220    85
04020221   141
04020222   193
04020223   176
04020300   573
04020301   281
04020302   241
04020303   333
04020304   349
04020305   458
04020306   691
04020307   456
04020308   399
04020309   299
04020310   199
04020311   447
04020312   438
04020313   200
04020314   445
04020315   420
04020316   507
04020317   407
04020318   428
04020319   210
04020320   112
04020321   127
04020322   144
04020323   132
04020400   174
04020401   340
04020402   146
04020403    63
04020404    59
04020405    38
04020406    82
04020407   351
04020408   320
04020409   139
04020410    81
04020411   331
04020412   445
04020413   434
04020414   604
04020415   299
04020416   155
04020417    74
04020418   245
04020419   346
04020420   267
04020421   133
04020422   254
04020423   188
04020500   114
04020501   136
04020502   443
04020503   318
04020504   108
04020505   100
04020506   160
04020507   379
04020508   328
04020509   423
04020510   453
04020511   187
04020512    78
04020513    87
04020514    50
04020515    86
04020516    45
04020517   306
04020518   119
04020519    33
04020520    52
04020521    54
04020522    73
04020523   136
04020600    59
04020601    53
04020602    38
04020603    32
04020604   101
04020605   290
04020606   717
04020607   372
04020608    93
04020609    90
04020610   645
04020611   664
04020612   316
04020613   127
04020614   174
04020615   376
04020616   528
04020617   667
04020618   645
04020619   400
04020620    88
04020621   135
04020622   176
04020623   120
04020700   173
04020701   176
04020702   155
04020703   113
04020704   182
04020705   217
04020706   181
04020707   250
04020708   438
04020709   304
04020710   199
04020711   416
04020712   334
04020713   200
04020714    99
04020715    90
04020716    98
04020717    46
04020718    57
04020719   294
04020720   108
04020721    52
04020722    31
04020723    44
04020800    28
04020801    26
04020802    36
04020803    40
04020804    47
04020805    32
04020806    33
04020807    47
04020808    55
04020809    85
04020810    66
04020811    62
04020812    57
04020813    62
04020814    63
04020815    64
04020816    30
04020817    34
04020818    29
04020819    33
04020820    28
04020821   142
04020822   153
04020823    38
04020900    27
04020901    53
04020902    28
04020903    31
04020904    26
04020905    30
04020906    91
04020907   122
04020908    85
04020909    47
04020910    56
04020911   159
04020912   189
04020913   241
04020914   430
04020915   195
04020916    49
04020917    61
04020918   196
04020919   415
04020920   544
04020921   337
04020922   243
04020923   211
04021000   141
04021001   124
04021002    78
04021003    64
04021004    60
04021005   161
04021006   133
04021007   103
04021008   132
04021009   191
04021010   322
04021011   107
04021012   167
04021013   225
04021014   286
04021015   101
04021016    79
04021017   296
04021018    54
04021019    38
04021020    30
04021021    40
04021022   138
04021023   122
04021100    77
04021101    29
04021102    34
04021103    28
04021104    31
04021105    42
04021106    46
04021107    77
04021108   103
04021109   104
04021110   489
04021111   427
04021112   774
04021113   758
04021114   683
04021115   994
04021116   634
04021117   809
04021118   818
04021119   188
04021120   196
04021121   227
04021122   222
04021123   202
04021200    99
04021201   121
04021202   238
04021203   436
04021204   336
04021205   406
04021206   597
04021207   606
04021208   359
04021209   501
04021210   458
04021211   270
04021212   324
04021213   469
04021214   313
04021215   495
04021216   929
04021217   754
04021218   503
04021219   577
04021220   481
04021221   508
04021222   453
04021223   309
04021300   456
04021301   229
04021302   315
04021303   348
04021304   291
04021305   328
04021306   274
04021307   174
04021308   407
04021309   644
04021310   368
04021311   363
04021312   285
04021313   558
04021314   461
04021315   699
04021316   518
04021317   543
04021318   479
04021319   232
04021320   420
04021321   534
04021322   312
04021323   480
04021400   433
04021401   379
04021402   324
04021403   195
04021404   255
04021405   358
04021406   189
04021407   122
04021408   165
04021409   326
04021410   607
04021411   388
04021412   373
04021413   677
04021414   470
04021415   575
04021416   643
04021417   447
04021418   434
04021419   580
04021420   271
04021421   491
04021422   344
04021423   134
04021500   174
04021501   267
04021502   542
04021503   522
04021504   183
04021505   523
04021506   532
04021507   345
04021508   273
04021509   765
04021510   627
04021511   186
04021512    88
04021513    36
04021514    54
04021515   512
04021516   411
04021517   508
04021518   255
04021519   190
04021520   104
04021521   286
04021522   436
04021523   334
04021600   373
04021601    65
04021602    50
04021603    67
04021604    56
04021605    46
04021606    32
04021607    44
04021608    95
04021609   212
04021610   186
04021611   108
04021612   122
04021613   107
04021614    46
04021615   109
04021616   134
04021617   112
04021618   110
04021619    80
04021620   179
04021621   102
04021622    53
04021623    56
04021700    75
04021701   104
04021702    86
04021703    64
04021704    76
04021705    98
04021706    80
04021707    78
04021708    78
04021709   120
04021710    85
04021711   107
04021712    81
04021713    76
04021714    62
04021715   129
04021716   105
04021717    81
04021718    96
04021719   154
04021720   107
04021721   201
04021722   220
04021723   229
04021800   156
04021801    99
04021802   212
04021803   135
04021804   103
04021805   137
04021806   140
04021807    91
04021808   115
04021809   102
04021810    69
04021811    57
04021812    67
04021813    52
04021814    71
04021815   128
04021816   547
04021817   137
04021818    55
04021819   368
04021820   451
04021821   207
04021822   274
04021823   364
04021900   271
04021901   194
04021902   120
04021903   152
04021904   102
04021905    52
04021906    55
04021907   104
04021908    76
04021909    95
04021910    39
04021911    35
04021912    29
04021913    27
04021914    28
04021915    23
04021916    29
04021917   123
04021918   157
04021919   213
04021920   116
04021921    70
04021922   311
04021923   153
04022000    94
04022001   104
04022002    82
04022003   115
04022004    65
04022005    47
04022006    73
04022007    45
04022008    38
04022009    40
04022010    43
04022011    36
04022012    50
04022013   120
04022014   201
04022015   215
04022016   362
04022017   357
04022018   302
04022019   351
04022020   140
04022021    79
04022022    59
04022023    57
04022100    68
04022101    93
04022102   191
04022103   110
04022104   103
04022105    68
04022106    52
04022107    58
04022108    69
04022109   103
04022110    84
04022111   112
04022112   129
04022113   264
04022114   457
04022115   116
04022116    96
04022117   151
04022118   118
04022119   216
04022120    77
04022121    63
04022122   154
04022123   260
04022200   191
04022201   136
04022202   164
04022203    94
04022204    74
04022205    56
04022206    47
04022207    54
04022208    81
04022209   321
04022210   185
04022211   132
04022212   365
04022213   575
04022214   386
04022215   161
04022216   161
04022217    77
04022218    66
04022219   209
04022220   366
04022221   298
04022222    74
04022223    86
04022300    60
04022301   128
04022302   206
04022303   220
04022304   130
04022305   137
04022306   132
04022307    82
04022308   213
04022309   189
04022310   103
04022311    97
04022312    81
04022313    72
04022314    86
04022315   110
04022316    36
04022317   210
04022318   384
04022319   228
04022320    74
04022321   195
04022322   303
04022323   256
04022400   369
04022401   417
04022402   239
04022403   112
04022404   235
04022405   360
04022406   270
04022407   388
04022408   223
04022409   318
04022410   530
04022411   381
04022412   309
04022413   304
04022414   348
04022415   348
04022416   356
04022417   469
04022418   623
04022419   578
04022420   516
04022421   297
04022422   117
04022423   279
04022500   140
04022501    54
04022502    71
04022503   109
04022504   214
04022505   191
04022506   130
04022507   135
04022508   140
04022509   134
04022510   379
04022511   165
04022512   191
04022513   112
04022514    49
04022515    48
04022516    34
04022517    22
04022518    83
04022519   174
04022520    72
04022521    36
04022522   110
04022523   196
04022600   151
04022601    72
04022602    83
04022603    94
04022604   146
04022605   119
04022606   109
04022607   152
04022608   162
04022609   128
04022610   114
04022611   108
04022612   106
04022613   166
04022614   126
04022615    69
04022616    79
04022617    44
04022618    33
04022619    28
04022620    26
04022621    28
04022622    28
04022623    25
04022700    23
04022701    20
04022702    47
04022703   202
04022704   322
04022705   104
04022706   152
04022707   110
04022708    89
04022709   132
04022710   144
04022711    68
04022712    53
04022713    40
04022714    46
04022715    35
04022716    33
04022717    59
04022718   105
04022719   404
04022720   756
04022721   588
04022722   174
04022723    83
04022800    58
04022801    35
04022802    30
04022803   132
04022804   315
04022805   324
04022806   566
04022807   583
04022808   230
04022809   100
04022810   386
04022811   459
04022812   277
04022813   379
04022814   291
04022815   478
04022816    81
04022817    82
04022818    86
04022819    65
04022820   232
04022821   534
04022822   408
04022823   143
04022900   169
04022901   129
04022902   179
04022903   102
04022904   276
04022905   304
04022906   250
04022907   173
04022908   101
04022909    70
04022910   306
04022911   783
04022912   445
04022913   288
04022914   690
04022915   214
04022916   101
04022917   234
04022918   512
04022919    98
04022920   144
04022921   390
04022922   297
04022923   241

Fri Ju 2
