04100100    21
04100101    24
04100102    26
04100103    27
04100104    28
04100105    42
04100106    65
04100107   108
04100108    70
04100109    44
04100110    36
04100111    32
04100112    32
04100113    34
04100114    34
04100115    42
04100116    46
04100117    64
04100118    41
04100119    26
04100120    41
04100121    55
04100122    30
04100123    31
04100200    36
04100201    84
04100202   112
04100203   108
04100204   132
04100205   235
04100206   318
04100207   107
04100208    65
04100209   112
04100210   265
04100211   414
04100212   135
04100213   180
04100214   352
04100215   414
04100216   271
04100217    99
04100218   248
04100219    60
04100220    48
04100221    43
04100222    93
04100223   124
04100300    31
04100301    21
04100302    23
04100303    27
04100304    52
04100305   162
04100306   234
04100307   210
04100308   302
04100309   394
04100310   397
04100311   632
04100312   336
04100313   818
04100314   575
04100315   486
04100316   400
04100317   479
04100318   649
04100319   337
04100320   285
04100321   522
04100322   394
04100323   419
04100400   619
04100401   272
04100402    94
04100403   196
04100404   402
04100405   216
04100406   101
04100407   167
04100408   213
04100409    51
04100410    86
04100411   150
04100412   253
04100413   191
04100414   192
04100415   344
04100416   305
04100417   286
04100418   382
04100419   431
04100420   212
04100421   226
04100422   283
04100423   400
04100500   137
04100501    93
04100502    68
04100503    95
04100504   137
04100505   105
04100506    76
04100507    80
04100508   151
04100509    51
04100510    18
04100511    19
04100512    20
04100513    22
04100514    27
04100515    33
04100516    44
04100517    78
04100518    69
04100519    45
04100520    51
04100521    93
04100522   213
04100523   157
04100600   123
04100601   109
04100602    91
04100603   116
04100604   172
04100605   181
04100606   118
04100607   212
04100608    94
04100609   222
04100610   254
04100611   184
04100612   145
04100613    78
04100614    68
04100615    37
04100616    54
04100617    64
04100618    40
04100619    30
04100620    58
04100621    69
04100622    74
04100623    69
04100700    69
04100701    62
04100702    89
04100703   140
04100704    78
04100705    79
04100706   136
04100707   127
04100708    74
04100709    44
04100710    52
04100711   108
04100712    62
04100713    77
04100714    70
04100715    35
04100716    30
04100717    25
04100718    19
04100719    17
04100720    18
04100721    21
04100722    21
04100723    19
04100800    24
04100801    25
04100802    28
04100803    50
04100804    96
04100805   157
04100806   226
04100807   133
04100808    80
04100809    45
04100810    45
04100811    49
04100812    43
04100813    53
04100814    73
04100815   271
04100816   178
04100817    43
04100818    24
04100819    31
04100820    68
04100821   116
04100822   132
04100823   141
04100900   326
04100901   143
04100902   105
04100903    77
04100904    61
04100905    42
04100906    36
04100907    65
04100908    89
04100909    97
04100910    47
04100911    37
04100912    39
04100913    32
04100914    32
04100915    43
04100916   133
04100917   205
04100918   148
04100919    46
04100920    25
04100921    40
04100922    59
04100923   135
04101000   184
04101001   198
04101002   231
04101003   262
04101004   151
04101005    40
04101006    33
04101007    22
04101008    44
04101009    75
04101010   291
04101011   116
04101012    35
04101013    97
04101014   128
04101015    47
04101016    44
04101017    35
04101018    49
04101019   100
04101020    94
04101021   122
04101022   211
04101023   176
04101100   275
04101101   503
04101102   495
04101103   671
04101104   488
04101105   273
04101106    66
04101107   107
04101108   118
04101109    51
04101110    43
04101111    86
04101112   213
04101113   377
04101114   377
04101115   348
04101116   145
04101117   142
04101118    98
04101119   102
04101120   105
04101121   187
04101122   279
04101123   459
04101200   246
04101201   217
04101202   332
04101203   349
04101204   306
04101205   170
04101206    93
04101207   235
04101208   441
04101209   239
04101210    53
04101211    32
04101212    28
04101213    32
04101214    61
04101215   116
04101216    74
04101217    36
04101218    28
04101219    22
04101220    20
04101221    85
04101222   313
04101223   500
04101300   460
04101301   535
04101302   764
04101303   597
04101304   412
04101305   749
04101306   826
04101307   520
04101308   364
04101309   307
04101310   291
04101311   358
04101312  1213
04101313  1180
04101314   715
04101315   711
04101316   509
04101317   146
04101318   242
04101319   379
04101320   199
04101321   240
04101322   363
04101323   611
04101400   354
04101401   559
04101402   608
04101403   224
04101404   255
04101405   494
04101406   763
04101407   545
04101408   548
04101409   535
04101410   530
04101411   878
04101412   837
04101413   338
04101414   268
04101415   268
04101416   443
04101417   108
04101418   145
04101419   329
04101420   234
04101421   237
04101422   230
04101423   214
04101500   122
04101501    47
04101502   159
04101503   209
04101504   126
04101505    64
04101506    35
04101507    58
04101508   194
04101509   350
04101510   437
04101511   345
04101512   329
04101513   267
04101514   192
04101515   132
04101516   134
04101517   171
04101518   163
04101519    80
04101520   188
04101521   163
04101522    97
04101523   104
04101600   116
04101601   277
04101602   217
04101603   133
04101604    64
04101605    48
04101606    39
04101607    24
04101608    51
04101609    55
04101610    74
04101611    41
04101612    42
04101613    54
04101614    29
04101615    34
04101616    38
04101617    32
04101618    27
04101619    25
04101620    27
04101621    26
04101622    24
04101623    27
04101700    19
04101701    16
04101702    16
04101703    22
04101704    28
04101705    27
04101706    37
04101707    47
04101708    33
04101709    43
04101710    36
04101711    48
04101712    36
04101713    40
04101714    32
04101715    32
04101716    31
04101717    33
04101718    30
04101719    29
04101720    29
04101721    27
04101722    22
04101723    17
04101800    15
04101801    15
04101802    15
04101803    19
04101804    24
04101805    24
04101806    22
04101807    26
04101808    23
04101809    76
04101810    34
04101811    58
04101812    64
04101813    81
04101814    36
04101815   129
04101816   182
04101817    99
04101818   124
04101819   104
04101820   179
04101821   126
04101822    93
04101823    48
04101900    36
04101901    27
04101902    29
04101903    31
04101904    51
04101905    45
04101906    32
04101907    27
04101908    25
04101909    37
04101910    44
04101911    36
04101912    53
04101913    49
04101914    73
04101915    70
04101916   162
04101917    71
04101918    27
04101919    23
04101920    33
04101921    36
04101922   135
04101923    98
04102000    51
04102001    41
04102002    47
04102003   149
04102004   335
04102005   553
04102006   358
04102007   212
04102008    60
04102009    37
04102010    33
04102011    34
04102012    89
04102013   192
04102014   795
04102015   700
04102016   243
04102017   106
04102018    40
04102019    38
04102020    44
04102021    41
04102022    51
04102023   243
04102100   308
04102101   160
04102102    82
04102103   166
04102104   365
04102105   428
04102106   263
04102107   328
04102108    65
04102109    54
04102110    54
04102111    26
04102112    22
04102113    23
04102114    18
04102115    24
04102116    20
04102117    28
04102118    19
04102119    20
04102120    43
04102121    38
04102122    47
04102123   113
04102200   173
04102201    37
04102202    46
04102203    91
04102204   121
04102205    67
04102206    32
04102207    52
04102208    70
04102209    41
04102210    91
04102211   173
04102212   109
04102213   101
04102214   169
04102215   107
04102216   119
04102217    85
04102218    50
04102219    42
04102220    47
04102221    30
04102222    24
04102223    25
04102300    17
04102301    14
04102302    20
04102303    33
04102304    42
04102305    30
04102306    34
04102307    27
04102308    37
04102309    66
04102310    65
04102311    35
04102312    31
04102313    30
04102314    78
04102315    25
04102316    28
04102317    25
04102318    29
04102319    14
04102320    17
04102321    22
04102322    38
04102323    89
04102400    90
04102401    19
04102402    17
04102403    24
04102404    36
04102405    22
04102406    20
04102407    22
04102408    23
04102409    24
04102410    24
04102411    31
04102412    74
04102413   117
04102414    83
04102415    62
04102416   112
04102417   314
04102418   689
04102419   373
04102420   103
04102421   164
04102422   117
04102423    77
04102500   135
04102501   170
04102502   182
04102503   260
04102504   123
04102505    67
04102506   113
04102507   216
04102508   271
04102509   440
04102510   448
04102511   269
04102512   164
04102513   180
04102514    63
04102515    41
04102516    87
04102517   299
04102518    72
04102519    38
04102520    37
04102521    51
04102522    91
04102523    46
04102600    32
04102601    51
04102602    31
04102603    34
04102604    45
04102605    43
04102606    21
04102607    14
04102608    25
04102609    41
04102610    30
04102611    30
04102612    25
04102613    17
04102614    25
04102615    30
04102616    17
04102617    18
04102618    16
04102619    21
04102620    23
04102621    26
04102622    25
04102623    21
04102700    18
04102701    21
04102702    23
04102703    21
04102704    19
04102705    16
04102706    13
04102707    12
04102708    17
04102709    21
04102710    29
04102711    69
04102712    45
04102713    37
04102714    31
04102715    42
04102716   171
04102717   176
04102718    55
04102719    35
04102720    41
04102721    50
04102722    84
04102723    33
04102800    47
04102801    43
04102802    52
04102803    74
04102804    24
04102805    12
04102806     9
04102807    14
04102808    20
04102809    23
04102810    21
04102811    19
04102812    22
04102813    20
04102814    21
04102815    25
04102816    23
04102817    28
04102818    30
04102819    37
04102820    30
04102821    53
04102822    48
04102823    37
04102900    17
04102901    15
04102902    15
04102903    15
04102904    14
04102905    21
04102906    87
04102907   125
04102908   115
04102909   144
04102910   135
04102911   443
04102912   441
04102913   177
04102914   151
04102915   177
04102916   270
04102917   373
04102918   313
04102919   516
04102920   216
04102921    50
04102922    32
04102923   138
04103000   254
04103001   481
04103002   457
04103003   422
04103004   274
04103005   356
04103006   331
04103007   375
04103008   375
04103009   334
04103010   697
04103011   350
04103012   206
04103013    94
04103014   239
04103015   192
04103016   343
04103017   138
04103018    38
04103019    67
04103020   255
04103021   554
04103022   325
04103023   128
04103100    47
04103101   194
04103102   222
04103103   201
04103104    89
04103105    67
04103106    66
04103107    58
04103108    24
04103109    68
04103110   209
04103111   306
04103112   416
04103113   452
04103114   429
04103115   464
04103116   285
04103117    99
04103118    69
04103119    97
04103120   317
04103121   380
04103122   331
04103123   220

Fri Ju 2
