04050100   103
04050101   181
04050102   475
04050103   553
04050104   487
04050105   405
04050106   249
04050107   261
04050108   286
04050109   234
04050110   215
04050111   204
04050112    97
04050113   109
04050114   101
04050115   129
04050116   251
04050117   200
04050118   254
04050119   230
04050120   188
04050121   198
04050122   246
04050123   354
04050200   499
04050201   454
04050202   198
04050203   119
04050204    62
04050205    40
04050206    25
04050207    26
04050208    49
04050209    50
04050210    53
04050211    65
04050212    38
04050213    35
04050214    40
04050215    48
04050216    62
04050217   108
04050218   170
04050219   137
04050220   202
04050221   197
04050222   164
04050223   164
04050300   116
04050301    65
04050302    95
04050303   255
04050304   138
04050305    66
04050306   127
04050307   262
04050308   358
04050309   417
04050310   341
04050311   207
04050312   114
04050313   114
04050314   129
04050315   163
04050316    72
04050317   233
04050318   328
04050319   286
04050320   199
04050321   299
04050322   451
04050323   290
04050400   144
04050401    72
04050402   128
04050403   313
04050404   338
04050405   208
04050406   280
04050407   234
04050408   248
04050409   193
04050410    81
04050411    88
04050412   181
04050413   389
04050414   156
04050415    45
04050416    59
04050417   107
04050418   238
04050419   199
04050420   315
04050421   465
04050422   238
04050423   273
04050500   356
04050501   274
04050502   243
04050503   427
04050504   616
04050505   505
04050506   185
04050507   349
04050508   456
04050509   343
04050510   355
04050511   501
04050512   387
04050513   306
04050514   299
04050515   269
04050516   614
04050517   927
04050518   602
04050519   292
04050520   248
04050521   259
04050522   236
04050523   144
04050600    83
04050601   230
04050602   107
04050603    77
04050604   222
04050605   131
04050606   311
04050607   301
04050608   189
04050609   180
04050610   157
04050611   224
04050612   169
04050613    72
04050614    59
04050615    99
04050616    39
04050617    63
04050618   285
04050619   317
04050620   197
04050621   223
04050622   423
04050623   408
04050700   369
04050701   340
04050702   584
04050703   644
04050704   463
04050705   563
04050706   409
04050707   467
04050708   245
04050709   153
04050710   403
04050711   286
04050712   299
04050713   296
04050714   574
04050715   655
04050716   556
04050717   338
04050718   482
04050719   366
04050720   346
04050721   175
04050722   516
04050723   405
04050800   219
04050801   175
04050802   390
04050803   311
04050804   322
04050805   199
04050806    68
04050807    76
04050808   244
04050809   560
04050810   479
04050811   342
04050812   275
04050813   220
04050814   362
04050815   410
04050816   478
04050817   625
04050818   487
04050819   309
04050820   269
04050821   122
04050822   213
04050823   351
04050900   181
04050901   167
04050902   227
04050903   288
04050904   319
04050905   198
04050906   115
04050907   122
04050908    43
04050909    41
04050910    85
04050911   218
04050912   416
04050913   375
04050914   134
04050915    99
04050916   220
04050917    68
04050918    40
04050919    31
04050920    32
04050921    41
04050922    78
04050923    89
04051000    45
04051001    69
04051002   185
04051003   214
04051004   102
04051005    60
04051006   229
04051007   128
04051008   103
04051009    59
04051010    88
04051011   109
04051012   233
04051013   176
04051014   200
04051015   226
04051016   226
04051017   192
04051018   129
04051019   229
04051020   231
04051021   101
04051022   137
04051023   275
04051100   488
04051101   295
04051102   308
04051103   433
04051104   243
04051105   119
04051106   128
04051107    50
04051108   103
04051109   128
04051110    56
04051111    48
04051112    54
04051113    84
04051114    60
04051115    65
04051116    89
04051117   221
04051118   390
04051119   376
04051120   188
04051121   366
04051122   914
04051123   873
04051200   710
04051201   615
04051202   554
04051203   886
04051204   478
04051205   181
04051206    76
04051207   175
04051208   298
04051209   272
04051210   167
04051211   171
04051212   105
04051213   126
04051214   105
04051215    91
04051216    54
04051217   142
04051218   151
04051219   307
04051220   300
04051221   249
04051222   201
04051223   111
04051300    89
04051301    67
04051302   159
04051303   263
04051304   383
04051305   429
04051306   585
04051307   775
04051308   622
04051309   283
04051310   152
04051311   293
04051312   203
04051313   135
04051314   105
04051315   102
04051316   211
04051317   506
04051318   599
04051319   470
04051320   681
04051321   340
04051322   382
04051323   351
04051400   245
04051401   189
04051402   222
04051403   330
04051404   398
04051405   294
04051406    58
04051407    85
04051408    38
04051409    44
04051410    54
04051411    61
04051412   162
04051413   309
04051414   273
04051415   141
04051416    59
04051417    46
04051418   102
04051419    75
04051420    55
04051421    98
04051422    95
04051423   171
04051500   430
04051501   692
04051502   532
04051503   143
04051504   156
04051505   326
04051506   372
04051507   205
04051508   168
04051509   189
04051510   324
04051511   211
04051512   115
04051513   136
04051514   130
04051515   217
04051516   330
04051517   262
04051518   289
04051519   189
04051520   178
04051521   184
04051522   305
04051523   427
04051600   382
04051601   257
04051602   214
04051603   199
04051604   176
04051605   231
04051606   269
04051607   131
04051608   110
04051609   259
04051610   218
04051611   104
04051612   120
04051613   202
04051614   152
04051615   149
04051616   157
04051617   280
04051618   241
04051619   150
04051620   134
04051621   237
04051622   257
04051623   163
04051700    77
04051701   106
04051702   178
04051703   177
04051704    63
04051705    60
04051706    78
04051707   102
04051708    63
04051709    33
04051710    46
04051711    91
04051712    60
04051713    47
04051714    87
04051715   123
04051716   167
04051717   165
04051718    79
04051719    67
04051720    56
04051721   121
04051722   244
04051723   293
04051800   159
04051801    71
04051802    72
04051803   123
04051804    74
04051805    38
04051806    50
04051807    79
04051808   103
04051809   266
04051810   146
04051811    76
04051812    72
04051813    66
04051814    66
04051815    72
04051816    72
04051817    87
04051818    65
04051819    64
04051820    55
04051821    75
04051822    55
04051823    60
04051900    50
04051901    64
04051902    62
04051903    76
04051904   131
04051905   138
04051906    57
04051907    52
04051908    35
04051909    40
04051910   111
04051911   187
04051912   350
04051913   165
04051914   116
04051915   487
04051916   656
04051917   719
04051918   495
04051919   185
04051920    77
04051921    80
04051922    70
04051923    66
04052000   104
04052001    51
04052002    53
04052003    39
04052004    34
04052005    90
04052006   372
04052007   219
04052008   128
04052009   540
04052010   897
04052011   522
04052012    93
04052013    93
04052014   131
04052015   104
04052016   114
04052017   139
04052018   193
04052019   143
04052020   382
04052021   349
04052022   291
04052023   256
04052100   659
04052101   215
04052102   117
04052103   220
04052104   159
04052105   215
04052106   373
04052107   393
04052108   207
04052109   129
04052110    90
04052111   139
04052112   201
04052113   215
04052114   186
04052115   240
04052116   112
04052117    45
04052118    55
04052119    78
04052120    45
04052121    55
04052122    57
04052123   104
04052200   100
04052201    79
04052202    78
04052203    56
04052204   193
04052205   358
04052206   105
04052207   231
04052208   609
04052209   318
04052210   368
04052211   252
04052212   200
04052213   123
04052214    70
04052215   174
04052216   139
04052217    62
04052218    65
04052219    76
04052220    53
04052221    90
04052222    78
04052223    53
04052300   142
04052301   387
04052302   402
04052303   354
04052304   561
04052305   429
04052306   180
04052307    68
04052308    81
04052309   223
04052310   159
04052311   127
04052312   229
04052313   190
04052314   324
04052315   262
04052316   247
04052317   306
04052318   599
04052319   301
04052320   181
04052321   180
04052322   155
04052323   316
04052400   421
04052401   403
04052402   238
04052403    78
04052404   148
04052405   169
04052406   397
04052407   742
04052408   405
04052409   321
04052410   120
04052411   329
04052412   533
04052413   291
04052414   112
04052415    55
04052416    45
04052417    36
04052418    77
04052419    44
04052420    44
04052421    52
04052422    53
04052423   164
04052500    81
04052501   114
04052502   214
04052503   102
04052504    47
04052505    55
04052506   166
04052507   285
04052508   270
04052509   262
04052510    89
04052511   132
04052512   232
04052513   218
04052514   165
04052515   141
04052516   113
04052517    66
04052518    82
04052519    89
04052520    90
04052521    71
04052522    47
04052523    43
04052600    60
04052601    74
04052602    52
04052603    47
04052604    42
04052605    70
04052606   204
04052607   150
04052608    80
04052609   127
04052610   126
04052611   156
04052612   160
04052613   120
04052614    56
04052615    46
04052616    33
04052617    38
04052618    47
04052619    54
04052620    51
04052621    70
04052622   102
04052623    88
04052700    57
04052701    57
04052702   126
04052703    60
04052704    36
04052705    47
04052706    92
04052707   202
04052708   151
04052709   131
04052710    63
04052711    46
04052712    52
04052713    54
04052714    65
04052715    34
04052716    72
04052717    87
04052718   104
04052719    32
04052720    49
04052721    45
04052722    42
04052723    52
04052800    76
04052801   100
04052802    69
04052803    40
04052804    35
04052805    41
04052806    52
04052807   111
04052808   238
04052809   346
04052810   387
04052811   359
04052812   320
04052813   240
04052814   249
04052815   427
04052816   417
04052817   534
04052818   643
04052819   646
04052820   820
04052821   798
04052822   581
04052823   568
04052900   568
04052901   428
04052902   524
04052903   707
04052904   549
04052905   282
04052906   129
04052907   238
04052908   332
04052909   407
04052910   630
04052911   812
04052912   383
04052913   122
04052914    70
04052915   134
04052916   294
04052917   226
04052918   205
04052919   240
04052920   329
04052921   468
04052922   653
04052923   562
04053000   542
04053001   350
04053002   137
04053003   124
04053004   140
04053005   139
04053006    86
04053007   104
04053008   115
04053009   366
04053010   631
04053011   520
04053012   456
04053013   225
04053014    86
04053015    64
04053016   186
04053017   279
04053018   584
04053019   755
04053020   784
04053021   570
04053022   691
04053023   354
04053100   259
04053101   614
04053102   681
04053103   271
04053104   114
04053105   329
04053106   382
04053107   268
04053108   312
04053109   310
04053110   214
04053111   531
04053112   534
04053113   281
04053114   133
04053115    79
04053116    95
04053117    62
04053118   234
04053119   333
04053120   463
04053121   322
04053122   231
04053123   181

Fri Ju 2
