04110100   212
04110101   146
04110102    30
04110103    22
04110104    32
04110105    70
04110106    87
04110107    86
04110108    34
04110109    30
04110110    83
04110111   133
04110112    63
04110113   133
04110114   348
04110115    72
04110116    61
04110117    51
04110118    35
04110119    32
04110120    21
04110121    24
04110122    24
04110123    55
04110200    94
04110201    95
04110202    38
04110203    33
04110204    32
04110205    20
04110206    12
04110207    21
04110208    74
04110209   159
04110210   209
04110211   255
04110212   189
04110213   179
04110214   183
04110215   242
04110216   488
04110217   291
04110218   185
04110219   131
04110220    70
04110221    34
04110222    32
04110223    44
04110300    30
04110301    34
04110302    38
04110303    56
04110304    30
04110305    20
04110306    27
04110307    32
04110308    39
04110309   108
04110310   367
04110311   389
04110312   104
04110313    39
04110314    36
04110315    47
04110316    66
04110317   303
04110318   289
04110319   355
04110320   486
04110321   546
04110322   552
04110323   174
04110400    64
04110401    75
04110402    58
04110403   162
04110404   215
04110405   202
04110406   137
04110407   223
04110408   130
04110409   157
04110410    61
04110411    39
04110412    27
04110413    34
04110414    43
04110415    79
04110416   266
04110417   350
04110418   214
04110419   212
04110420   104
04110421    49
04110422    78
04110423   240
04110500   249
04110501    59
04110502    74
04110503    50
04110504    29
04110505    49
04110506    28
04110507    26
04110508    24
04110509    32
04110510    33
04110511    31
04110512    34
04110513    33
04110514    30
04110515    32
04110516    35
04110517    28
04110518    24
04110519    34
04110520    17
04110521    21
04110522    13
04110523    12
04110600    12
04110601    11
04110602    15
04110603    24
04110604    34
04110605    30
04110606    25
04110607    21
04110608    26
04110609    30
04110610    28
04110611    27
04110612    24
04110613    27
04110614    47
04110615    31
04110616    34
04110617    28
04110618    22
04110619    46
04110620    62
04110621    23
04110622    17
04110623    15
04110700    15
04110701    23
04110702    17
04110703    82
04110704   116
04110705    94
04110706    76
04110707    44
04110708    35
04110709    28
04110710    40
04110711    75
04110712    81
04110713    84
04110714    72
04110715   205
04110716   831
04110717   716
04110718   317
04110719   446
04110720   557
04110721   791
04110722   793
04110723   743
04110800   489
04110801  1303
04110802   995
04110803  1441
04110804  1491
04110805  1121
04110806   740
04110807   507
04110808  1753
04110809  1138
04110810  1629
04110811  1064
04110812   826
04110813   418
04110814   264
04110815   291
04110816   289
04110817   208
04110818   528
04110819   919
04110820   850
04110821   856
04110822  1158
04110823   782
04110900   848
04110901  1205
04110902   991
04110903   868
04110904   983
04110905   950
04110906   865
04110907   919
04110908   560
04110909   760
04110910  1132
04110911  1912
04110912  1295
04110913  1349
04110914  1288
04110915  1494
04110916  1137
04110917   827
04110918   642
04110919  1126
04110920  1086
04110921   723
04110922   427
04110923   194
04111000   299
04111001   364
04111002   898
04111003   534
04111004  1084
04111005   840
04111006   941
04111007  1269
04111008  1661
04111009  1841
04111010   928
04111011  1280
04111012  1047
04111013  1506
04111014  1277
04111015   991
04111016   947
04111017  1091
04111018   892
04111019   539
04111020   625
04111021   529
04111022   348
04111023   383
04111100   480
04111101   671
04111102   378
04111103   338
04111104   450
04111105   863
04111106   632
04111107   784
04111108   469
04111109   344
04111110   223
04111111   314
04111112   263
04111113   169
04111114   118
04111115   314
04111116   183
04111117   226
04111118   163
04111119    92
04111120    72
04111121    86
04111122   177
04111123   442
04111200   595
04111201   513
04111202   643
04111203   380
04111204   295
04111205   498
04111206   185
04111207   158
04111208   301
04111209   818
04111210   282
04111211    63
04111212   113
04111213   188
04111214   279
04111215   392
04111216   440
04111217   555
04111218   660
04111219   541
04111220   620
04111221   585
04111222   277
04111223   144
04111300   139
04111301   229
04111302   245
04111303   149
04111304   140
04111305   233
04111306   334
04111307   329
04111308   178
04111309   130
04111310   256
04111311   260
04111312   139
04111313   109
04111314    71
04111315    87
04111316   299
04111317   163
04111318    56
04111319    41
04111320    65
04111321   164
04111322    91
04111323   148
04111400   273
04111401   377
04111402   460
04111403   227
04111404   112
04111405    82
04111406    64
04111407   195
04111408   245
04111409   142
04111410    37
04111411    65
04111412   146
04111413   177
04111414   225
04111415    70
04111416    58
04111417    28
04111418    39
04111419    58
04111420    51
04111421    34
04111422    31
04111423    30
04111500    26
04111501    19
04111502    25
04111503    25
04111504    32
04111505    36
04111506    61
04111507    48
04111508    37
04111509    40
04111510    30
04111511    22
04111512    26
04111513    23
04111514    28
04111515    28
04111516    29
04111517    18
04111518    18
04111519    23
04111520    26
04111521    17
04111522    15
04111523    14
04111600    15
04111601    13
04111602    15
04111603    18
04111604    31
04111605    43
04111606   116
04111607   293
04111608   494
04111609   401
04111610   267
04111611   225
04111612   130
04111613   106
04111614   187
04111615   146
04111616    69
04111617   213
04111618   227
04111619   147
04111620   101
04111621   225
04111622   168
04111623   109
04111700    86
04111701    49
04111702    56
04111703    60
04111704    41
04111705    51
04111706   159
04111707   552
04111708   375
04111709   226
04111710   407
04111711   259
04111712    58
04111713    58
04111714    52
04111715    49
04111716    43
04111717    37
04111718    86
04111719    47
04111720    37
04111721    32
04111722    40
04111723    77
04111800    61
04111801    33
04111802    24
04111803    26
04111804    29
04111805    29
04111806    24
04111807    26
04111808    44
04111809    34
04111810    36
04111811    22
04111812    17
04111813    30
04111814    89
04111815    88
04111816    33
04111817    28
04111818    20
04111819    23
04111820    15
04111821    17
04111822    16
04111823    17
04111900    15
04111901    15
04111902    21
04111903    27
04111904    47
04111905    88
04111906    57
04111907    37
04111908    31
04111909    31
04111910    21
04111911    19
04111912    24
04111913    46
04111914    59
04111915    70
04111916    49
04111917    56
04111918    40
04111919    40
04111920    25
04111921    32
04111922   108
04111923   226
04112000   312
04112001   235
04112002   182
04112003   148
04112004   295
04112005   360
04112006   342
04112007   289
04112008   211
04112009   187
04112010   618
04112011   751
04112012   528
04112013   361
04112014   229
04112015    80
04112016    88
04112017   142
04112018   402
04112019   473
04112020   255
04112021   112
04112022   174
04112023   152
04112100    78
04112101    63
04112102   121
04112103    91
04112104    84
04112105    45
04112106   182
04112107    52
04112108    78
04112109   719
04112110   541
04112111   564
04112112   404
04112113   620
04112114   564
04112115   429
04112116   203
04112117   116
04112118   110
04112119   157
04112120   273
04112121   179
04112122   110
04112123   165
04112200   133
04112201   117
04112202    84
04112203    91
04112204   126
04112205   433
04112206   363
04112207    98
04112208    84
04112209   252
04112210   203
04112211    46
04112212    43
04112213    66
04112214    40
04112215    68
04112216    37
04112217    51
04112218    90
04112219    70
04112220    76
04112221    36
04112222    79
04112223   133
04112300   221
04112301   124
04112302    83
04112303    91
04112304    61
04112305    41
04112306    61
04112307    60
04112308    96
04112309    75
04112310    41
04112311    42
04112312    54
04112313    45
04112314    67
04112315   193
04112316   191
04112317    67
04112318   179
04112319    82
04112320   103
04112321   102
04112322    56
04112323   246
04112400   329
04112401   266
04112402   151
04112403   140
04112404    80
04112405    52
04112406    51
04112407    42
04112408    65
04112409   117
04112410   373
04112411   483
04112412   268
04112413   201
04112414   163
04112415    93
04112416    88
04112417   156
04112418   118
04112419    53
04112420   117
04112421   391
04112422   267
04112423   254
04112500   385
04112501   449
04112502   584
04112503   678
04112504   593
04112505   366
04112506   356
04112507   312
04112508   241
04112509   413
04112510   551
04112511   426
04112512   301
04112513   433
04112514   585
04112515   249
04112516   207
04112517   158
04112518   246
04112519   215
04112520   133
04112521   195
04112522   386
04112523   252
04112600   267
04112601   221
04112602   235
04112603   326
04112604   390
04112605   358
04112606   338
04112607   277
04112608   346
04112609   457
04112610   379
04112611   235
04112612    57
04112613    94
04112614    91
04112615   213
04112616   163
04112617   330
04112618   341
04112619   214
04112620   193
04112621   465
04112622   216
04112623   123
04112700    64
04112701   138
04112702    93
04112703    56
04112704    35
04112705   124
04112706   253
04112707   325
04112708   332
04112709   237
04112710    75
04112711    58
04112712   168
04112713   312
04112714   417
04112715   460
04112716   593
04112717   540
04112718   588
04112719   593
04112720   367
04112721   310
04112722   452
04112723   377
04112800   541
04112801   406
04112802   184
04112803   210
04112804   242
04112805   379
04112806   435
04112807   635
04112808   309
04112809   370
04112810   446
04112811   417
04112812   421
04112813   355
04112814   493
04112815   496
04112816   426
04112817   249
04112818   157
04112819   137
04112820   170
04112821   307
04112822   377
04112823   226
04112900    86
04112901   134
04112902   173
04112903   208
04112904   122
04112905   173
04112906   216
04112907   246
04112908   128
04112909    61
04112910    51
04112911   204
04112912   192
04112913   125
04112914    66
04112915   109
04112916   250
04112917   405
04112918   449
04112919   152
04112920    84
04112921   128
04112922   363
04112923   512
04113000   407
04113001   318
04113002   306
04113003   214
04113004   329
04113005   346
04113006   139
04113007    68
04113008    72
04113009    76
04113010    91
04113011   296
04113012   337
04113013   210
04113014   127
04113015   187
04113016   184
04113017   137
04113018   513
04113019   580
04113020   257
04113021   143
04113022   299
04113023   171

Fri Ju 2
