04010100   155
04010101   346
04010102   342
04010103   252
04010104   285
04010105   512
04010106   465
04010107   358
04010108   514
04010109   380
04010110   331
04010111   475
04010112   561
04010113   754
04010114   220
04010115   149
04010116   116
04010117   527
04010118   548
04010119   316
04010120   203
04010121   427
04010122   273
04010123   104
04010200   273
04010201   249
04010202   378
04010203   127
04010204   154
04010205   117
04010206    84
04010207   128
04010208   264
04010209   272
04010210   193
04010211   159
04010212   179
04010213   506
04010214   562
04010215   278
04010216    95
04010217   312
04010218   426
04010219   397
04010220   269
04010221   333
04010222   173
04010223   123
04010300    83
04010301   291
04010302   240
04010303   269
04010304   269
04010305   282
04010306   207
04010307   401
04010308   469
04010309   773
04010310   598
04010311   542
04010312   523
04010313   289
04010314   376
04010315   435
04010316   275
04010317   132
04010318   193
04010319   258
04010320   749
04010321   392
04010322   122
04010323    96
04010400   260
04010401   384
04010402   226
04010403   216
04010404   320
04010405   440
04010406   225
04010407   300
04010408   554
04010409   586
04010410   522
04010411   370
04010412   535
04010413   326
04010414   627
04010415  1004
04010416   523
04010417   558
04010418   370
04010419   381
04010420   159
04010421   282
04010422   228
04010423   268
04010500   244
04010501   531
04010502   604
04010503   343
04010504   386
04010505   448
04010506   239
04010507   161
04010508   182
04010509   223
04010510   261
04010511   379
04010512   320
04010513   510
04010514   578
04010515   483
04010516   915
04010517   714
04010518   426
04010519   442
04010520   240
04010521   220
04010522   550
04010523   511
04010600   322
04010601   276
04010602   433
04010603   274
04010604   152
04010605   378
04010606   330
04010607   197
04010608   126
04010609   237
04010610   183
04010611    94
04010612    88
04010613   103
04010614   142
04010615   118
04010616   247
04010617   222
04010618   299
04010619   173
04010620   170
04010621   479
04010622   805
04010623   793
04010700   264
04010701   410
04010702   423
04010703   539
04010704   500
04010705   705
04010706   944
04010707   843
04010708   808
04010709   616
04010710   536
04010711   779
04010712   981
04010713   879
04010714   893
04010715   558
04010716   333
04010717   519
04010718   479
04010719   272
04010720   565
04010721   246
04010722   117
04010723    97
04010800    98
04010801    97
04010802   120
04010803    74
04010804    73
04010805    78
04010806    66
04010807    63
04010808    55
04010809    53
04010810   111
04010811   228
04010812   246
04010813   161
04010814    73
04010815    66
04010816    74
04010817    80
04010818   134
04010819   103
04010820    69
04010821    77
04010822   285
04010823   465
04010900   312
04010901   397
04010902   290
04010903   280
04010904   391
04010905   491
04010906   394
04010907   995
04010908   832
04010909   770
04010910   645
04010911   496
04010912   193
04010913   268
04010914   463
04010915   764
04010916  1058
04010917   545
04010918   675
04010919   773
04010920   676
04010921   288
04010922    99
04010923   185
04011000   283
04011001   353
04011002   224
04011003   523
04011004   465
04011005   147
04011006   270
04011007   707
04011008   956
04011009   604
04011010   189
04011011    66
04011012    76
04011013    69
04011014   176
04011015   409
04011016   517
04011017   515
04011018   626
04011019   556
04011020   136
04011021    94
04011022   102
04011023    75
04011100    89
04011101    61
04011102    89
04011103    77
04011104    70
04011105    98
04011106   135
04011107   216
04011108   336
04011109   378
04011110   583
04011111   606
04011112   578
04011113   406
04011114   810
04011115   402
04011116   922
04011117   574
04011118   282
04011119   130
04011120   244
04011121   216
04011122    90
04011123    72
04011200    71
04011201    67
04011202    95
04011203   134
04011204   105
04011205    94
04011206    93
04011207    92
04011208    84
04011209    70
04011210    68
04011211    82
04011212   108
04011213   310
04011214   367
04011215   460
04011216   425
04011217   308
04011218   333
04011219   498
04011220   395
04011221   618
04011222   482
04011223   335
04011300   231
04011301   260
04011302   279
04011303   189
04011304    91
04011305   139
04011306   126
04011307   195
04011308   230
04011309    62
04011310    70
04011311   111
04011312   238
04011313   611
04011314   609
04011315   369
04011316   233
04011317   905
04011318   611
04011319   314
04011320   372
04011321   158
04011322   334
04011323   204
04011400   307
04011401   259
04011402   195
04011403   147
04011404   133
04011405   162
04011406   148
04011407   165
04011408   159
04011409   177
04011410   203
04011411   276
04011412   402
04011413   296
04011414   367
04011415   356
04011416   272
04011417   332
04011418   444
04011419   339
04011420   137
04011421   133
04011422   194
04011423   139
04011500   169
04011501   102
04011502   182
04011503   135
04011504   201
04011505   211
04011506    93
04011507    82
04011508    94
04011509    98
04011510    92
04011511    94
04011512    86
04011513   102
04011514   622
04011515   972
04011516   550
04011517   655
04011518   538
04011519   406
04011520   765
04011521   621
04011522   425
04011523   401
04011600   471
04011601   441
04011602   388
04011603   266
04011604   238
04011605   240
04011606   207
04011607   170
04011608   156
04011609   335
04011610   387
04011611   600
04011612   401
04011613   343
04011614   174
04011615   123
04011616   314
04011617   864
04011618   607
04011619   563
04011620   873
04011621   629
04011622   428
04011623   309
04011700   160
04011701   159
04011702   184
04011703   296
04011704   271
04011705   253
04011706   209
04011707   265
04011708   288
04011709   308
04011710   367
04011711   227
04011712   391
04011713   282
04011714   231
04011715   202
04011716   343
04011717   464
04011718   611
04011719   239
04011720   191
04011721   315
04011722   266
04011723    73
04011800   143
04011801   113
04011802   161
04011803   342
04011804   269
04011805   400
04011806   389
04011807   286
04011808   147
04011809    65
04011810    85
04011811   112
04011812   261
04011813   270
04011814   108
04011815    87
04011816   119
04011817    92
04011818    66
04011819   237
04011820   540
04011821   525
04011822   350
04011823   253
04011900   149
04011901   258
04011902   179
04011903   106
04011904    92
04011905   262
04011906   135
04011907   142
04011908   202
04011909   168
04011910   425
04011911   445
04011912   381
04011913   464
04011914   548
04011915   398
04011916  1017
04011917   696
04011918   531
04011919   298
04011920   322
04011921   411
04011922   275
04011923   328
04012000   298
04012001   282
04012002   304
04012003   475
04012004   358
04012005   385
04012006   257
04012007   247
04012008   132
04012009    85
04012010   105
04012011   278
04012012   457
04012013   748
04012014   970
04012015   673
04012016   678
04012017   282
04012018   286
04012019   243
04012020   252
04012021   204
04012022   334
04012023   334
04012100   265
04012101   203
04012102    86
04012103   157
04012104   219
04012105   240
04012106   230
04012107   337
04012108   448
04012109   227
04012110   273
04012111   467
04012112   431
04012113   485
04012114   502
04012115   520
04012116   265
04012117   178
04012118   226
04012119   549
04012120   462
04012121   387
04012122   313
04012123   224
04012200   198
04012201   693
04012202  1057
04012203   570
04012204   595
04012205   836
04012206   741
04012207   548
04012208   727
04012209   404
04012210   478
04012211   946
04012212   841
04012213   616
04012214   507
04012215   529
04012216   562
04012217   702
04012218   523
04012219  1076
04012220  1129
04012221   708
04012222   521
04012223   440
04012300   629
04012301   495
04012302   368
04012303   554
04012304   523
04012305   517
04012306   249
04012307   502
04012308   513
04012309   563
04012310   694
04012311  1152
04012312   878
04012313   588
04012314   391
04012315   684
04012316   974
04012317  1108
04012318   785
04012319   682
04012320   531
04012321   594
04012322   370
04012323   366
04012400   508
04012401   674
04012402   303
04012403   203
04012404   200
04012405   164
04012406   281
04012407   108
04012408   124
04012409   407
04012410   441
04012411   288
04012412   326
04012413   108
04012414    65
04012415    78
04012416    92
04012417   266
04012418   549
04012419   530
04012420   396
04012421   370
04012422   510
04012423   529
04012500   492
04012501   763
04012502   935
04012503   860
04012504   681
04012505   382
04012506   401
04012507   560
04012508   398
04012509   337
04012510   596
04012511   672
04012512   606
04012513   313
04012514   642
04012515   652
04012516   617
04012517   569
04012518   593
04012519   527
04012520   414
04012521   555
04012522   497
04012523   428
04012600   466
04012601   203
04012602   139
04012603   140
04012604   142
04012605   124
04012606   262
04012607   265
04012608   299
04012609   140
04012610   159
04012611   324
04012612   137
04012613   156
04012614   501
04012615   315
04012616    86
04012617   160
04012618   234
04012619   546
04012620   809
04012621   474
04012622   192
04012623   323
04012700   356
04012701   424
04012702   299
04012703   395
04012704   327
04012705   155
04012706   131
04012707   109
04012708   153
04012709   125
04012710   130
04012711   300
04012712   281
04012713   329
04012714   510
04012715   215
04012716   600
04012717   395
04012718   230
04012719    96
04012720    97
04012721   142
04012722   309
04012723   287
04012800   330
04012801   651
04012802   209
04012803   209
04012804   174
04012805   391
04012806   482
04012807   256
04012808   177
04012809   134
04012810   297
04012811   237
04012812   481
04012813   232
04012814   104
04012815   166
04012816   474
04012817   520
04012818   289
04012819   409
04012820   344
04012821   216
04012822   198
04012823   126
04012900    71
04012901    80
04012902   120
04012903   142
04012904   192
04012905   151
04012906   105
04012907    81
04012908    85
04012909   170
04012910   424
04012911   567
04012912   407
04012913   196
04012914   120
04012915   130
04012916    57
04012917    63
04012918    80
04012919   118
04012920   179
04012921   167
04012922   163
04012923   308
04013000   213
04013001   122
04013002   113
04013003   117
04013004   329
04013005   301
04013006   242
04013007   288
04013008   301
04013009   177
04013010   457
04013011   764
04013012   535
04013013   346
04013014   250
04013015   503
04013016   210
04013017   247
04013018   100
04013019   163
04013020   272
04013021   299
04013022   186
04013023   103
04013100    94
04013101   121
04013102   205
04013103   141
04013104   106
04013105    96
04013106   139
04013107   337
04013108   465
04013109   315
04013110   406
04013111   786
04013112   225
04013113    87
04013114    68
04013115    79
04013116    70
04013117    51
04013118   155
04013119   144
04013120   108
04013121    64
04013122   112
04013123    70

Fri Ju 2
