05040100    55
05040101    50
05040102    47
05040103    52
05040104    37
05040105   146
05040106   449
05040107   256
05040108   142
05040109    47
05040110    42
05040111    44
05040112    49
05040113    54
05040114    64
05040115    66
05040116    60
05040117    43
05040118    49
05040119   152
05040120   172
05040121    68
05040122    44
05040123    37
05040200    38
05040201    50
05040202    40
05040203    35
05040204    28
05040205    35
05040206    38
05040207    47
05040208    72
05040209   112
05040210   192
05040211   110
05040212    57
05040213    54
05040214    76
05040215   130
05040216   209
05040217    59
05040218    37
05040219    26
05040220    25
05040221    41
05040222    41
05040223    43
05040300    50
05040301    86
05040302    66
05040303    66
05040304    63
05040305   112
05040306    81
05040307   148
05040308   120
05040309   147
05040310   168
05040311   121
05040312    86
05040313   104
05040314    85
05040315   179
05040316   188
05040317   113
05040318   145
05040319    59
05040320    57
05040321    50
05040322   121
05040323   180
05040400   109
05040401    67
05040402    62
05040403    85
05040404    54
05040405    48
05040406    35
05040407    98
05040408   233
05040409   151
05040410    60
05040411    71
05040412   109
05040413   247
05040414   274
05040415   367
05040416   636
05040417   752
05040418  1042
05040419   733
05040420   843
05040421  1042
05040422   909
05040423   547
05040500   970
05040501   784
05040502   705
05040503   902
05040504   583
05040505   651
05040506   618
05040507   506
05040508   341
05040509   689
05040510   295
05040511   451
05040512   466
05040513   497
05040514   537
05040515   349
05040516   597
05040517   606
05040518   440
05040519   238
05040520   210
05040521   597
05040522   515
05040523   635
05040600   517
05040601   314
05040602   420
05040603   200
05040604   117
05040605    72
05040606   170
05040607   250
05040608   225
05040609   202
05040610   381
05040611   502
05040612   467
05040613   421
05040614   227
05040615   201
05040616   311
05040617   184
05040618   276
05040619   440
05040620   346
05040621   275
05040622   460
05040623   304
05040700   199
05040701   226
05040702   224
05040703   281
05040704   164
05040705   114
05040706   274
05040707   224
05040708   171
05040709   114
05040710   300
05040711   370
05040712   240
05040713   270
05040714   254
05040715   241
05040716   158
05040717    60
05040718    52
05040719    34
05040720    31
05040721    37
05040722    36
05040723    63
05040800   111
05040801   138
05040802   178
05040803    87
05040804    71
05040805    69
05040806    58
05040807    76
05040808   180
05040809   146
05040810   169
05040811   165
05040812   101
05040813    59
05040814    64
05040815    62
05040816    87
05040817    45
05040818    47
05040819   154
05040820   118
05040821    47
05040822    55
05040823    48
05040900    53
05040901   143
05040902   221
05040903   126
05040904    70
05040905    41
05040906    37
05040907    42
05040908    57
05040909    70
05040910    58
05040911    81
05040912    58
05040913   113
05040914   147
05040915    92
05040916    67
05040917    49
05040918    37
05040919    48
05040920    37
05040921    44
05040922    45
05040923    58
05041000    53
05041001    49
05041002    82
05041003    53
05041004    54
05041005    59
05041006    74
05041007    76
05041008    57
05041009    44
05041010    57
05041011    78
05041012    68
05041013    66
05041014    82
05041015   110
05041016    96
05041017    51
05041018    42
05041019    42
05041020    40
05041021    45
05041022    45
05041023    50
05041100    50
05041101    54
05041102    57
05041103   130
05041104    85
05041105    46
05041106    44
05041107    44
05041108    49
05041109    52
05041110    70
05041111   142
05041112   126
05041113   105
05041114   120
05041115   107
05041116   104
05041117   239
05041118   508
05041119   742
05041120   727
05041121   615
05041122   524
05041123   528
05041200   386
05041201   413
05041202   527
05041203   875
05041204   826
05041205   584
05041206   303
05041207   224
05041208   461
05041209   456
05041210   379
05041211   397
05041212   611
05041213   459
05041214   447
05041215   421
05041216   346
05041217   390
05041218   536
05041219   855
05041220   641
05041221   467
05041222   415
05041223   296
05041300   272
05041301   143
05041302   220
05041303   509
05041304   630
05041305   554
05041306   459
05041307   446
05041308   577
05041309   670
05041310   367
05041311   374
05041312   958
05041313   559
05041314   263
05041315   465
05041316  1103
05041317   995
05041318   578
05041319   369
05041320   481
05041321   267
05041322   585
05041323   603
05041400   358
05041401   232
05041402   458
05041403   314
05041404   520
05041405   456
05041406   280
05041407   200
05041408   510
05041409   531
05041410   745
05041411   628
05041412   484
05041413   355
05041414   234
05041415   183
05041416   392
05041417   116
05041418    53
05041419   113
05041420   335
05041421   342
05041422   278
05041423   306
05041500   308
05041501   273
05041502   335
05041503   493
05041504   374
05041505   374
05041506   324
05041507   185
05041508   202
05041509   352
05041510   255
05041511   184
05041512    61
05041513   193
05041514   444
05041515   370
05041516   212
05041517   421
05041518   344
05041519   237
05041520   141
05041521    96
05041522   109
05041523   452
05041600   373
05041601   315
05041602   393
05041603   261
05041604   190
05041605   152
05041606   165
05041607    68
05041608    38
05041609    66
05041610    46
05041611    82
05041612   175
05041613   166
05041614   207
05041615   128
05041616    80
05041617   206
05041618   217
05041619   138
05041620   138
05041621   232
05041622   127
05041623    78
05041700    54
05041701    84
05041702   175
05041703   218
05041704   193
05041705   127
05041706   246
05041707   216
05041708    82
05041709    58
05041710    54
05041711    81
05041712    84
05041713   101
05041714    51
05041715    48
05041716    42
05041717    40
05041718    85
05041719   141
05041720    97
05041721   147
05041722   155
05041723   125
05041800   117
05041801   148
05041802   117
05041803   201
05041804   349
05041805   402
05041806   287
05041807   104
05041808    53
05041809    86
05041810   126
05041811   186
05041812   434
05041813   146
05041814    70
05041815   124
05041816   290
05041817   329
05041818   141
05041819    75
05041820    74
05041821   190
05041822   457
05041823   373
05041900   257
05041901   341
05041902   288
05041903   237
05041904   228
05041905   234
05041906   137
05041907   363
05041908   175
05041909    63
05041910    56
05041911    60
05041912    50
05041913   152
05041914   138
05041915   105
05041916    47
05041917   191
05041918    93
05041919    37
05041920    36
05041921    81
05041922   103
05041923    87
05042000    64
05042001    59
05042002    70
05042003   175
05042004   653
05042005   807
05042006   508
05042007   463
05042008   528
05042009   230
05042010   265
05042011   485
05042012   566
05042013   369
05042014   412
05042015   365
05042016    63
05042017   121
05042018   299
05042019   430
05042020   247
05042021   178
05042022   102
05042023   190
05042100   184
05042101   219
05042102   144
05042103    30
05042104    25
05042105    31
05042106    28
05042107    40
05042108    71
05042109    47
05042110    41
05042111    38
05042112    44
05042113    44
05042114    51
05042115    61
05042116    53
05042117    38
05042118    23
05042119    25
05042120    44
05042121    32
05042122    31
05042123    73
05042200   155
05042201   267
05042202   395
05042203   263
05042204   102
05042205    42
05042206    69
05042207    40
05042208    61
05042209   108
05042210    58
05042211    47
05042212    55
05042213   220
05042214   380
05042215   187
05042216    44
05042217    33
05042218   224
05042219   250
05042220   118
05042221    77
05042222   100
05042223   105
05042300    53
05042301    35
05042302    33
05042303    36
05042304    32
05042305    38
05042306    45
05042307    44
05042308   103
05042309    82
05042310    88
05042311    61
05042312    43
05042313    39
05042314    49
05042315    67
05042316   216
05042317   324
05042318   165
05042319   153
05042320   227
05042321    70
05042322    65
05042323    66
05042400   224
05042401   335
05042402   350
05042403   428
05042404   289
05042405   309
05042406   113
05042407    54
05042408   144
05042409   174
05042410    97
05042411    65
05042412   163
05042413   226
05042414   195
05042415    98
05042416   146
05042417    74
05042418   266
05042419   223
05042420    90
05042421    71
05042422   158
05042423   270
05042500   149
05042501    76
05042502   268
05042503   175
05042504    59
05042505   342
05042506   329
05042507    99
05042508    97
05042509    90
05042510   107
05042511   277
05042512   254
05042513   260
05042514    76
05042515    90
05042516   128
05042517   109
05042518   184
05042519   122
05042520    58
05042521    49
05042522    94
05042523   112
05042600    46
05042601    31
05042602    28
05042603    25
05042604    35
05042605    35
05042606    47
05042607    50
05042608    67
05042609    80
05042610   110
05042611    78
05042612    58
05042613    42
05042614    46
05042615    31
05042616    27
05042617    29
05042618    47
05042619   100
05042620   139
05042621    61
05042622    29
05042623    28
05042700    20
05042701    26
05042702    32
05042703    31
05042704    45
05042705    46
05042706    52
05042707    52
05042708    46
05042709   127
05042710   157
05042711   148
05042712   119
05042713    69
05042714   101
05042715    74
05042716   130
05042717   101
05042718    66
05042719    50
05042720    47
05042721    26
05042722    20
05042723    22
05042800    24
05042801    29
05042802    31
05042803    33
05042804    37
05042805    45
05042806    54
05042807    54
05042808    45
05042809    40
05042810    52
05042811    94
05042812    55
05042813    43
05042814    55
05042815   125
05042816   123
05042817    51
05042818    39
05042819    44
05042820   163
05042821    69
05042822    34
05042823    31
05042900    35
05042901    46
05042902    44
05042903    73
05042904    53
05042905    63
05042906   228
05042907   314
05042908   436
05042909   166
05042910   152
05042911   128
05042912   195
05042913   160
05042914   161
05042915   340
05042916   450
05042917   596
05042918   591
05042919   819
05042920   764
05042921   572
05042922   340
05042923   173
05043000   251
05043001   628
05043002   812
05043003   466
05043004   129
05043005    79
05043006    65
05043007   200
05043008   279
05043009   229
05043010   190
05043011   171
05043012   622
05043013   510
05043014   412
05043015   392
05043016   339
05043017   393
05043018   433
05043019   438
05043020   511
05043021   546
05043022   666
05043023   349

Fri Ju 2
