05050100   380
05050101   650
05050102   712
05050103   748
05050104   560
05050105   643
05050106   421
05050107   435
05050108   426
05050109   489
05050110   483
05050111   347
05050112   431
05050113   382
05050114   468
05050115   458
05050116   746
05050117   919
05050118   703
05050119   633
05050120   345
05050121   264
05050122   244
05050123   162
05050200   307
05050201   294
05050202   165
05050203   157
05050204   130
05050205   208
05050206   221
05050207   176
05050208   123
05050209   142
05050210    86
05050211   167
05050212   282
05050213   378
05050214   349
05050215   213
05050216   124
05050217    56
05050218    74
05050219   284
05050220   154
05050221   221
05050222   279
05050223   274
05050300   354
05050301   506
05050302   365
05050303   249
05050304   216
05050305   223
05050306   282
05050307    80
05050308   153
05050309   412
05050310   722
05050311   553
05050312   358
05050313   276
05050314   395
05050315   467
05050316   358
05050317   427
05050318   257
05050319   234
05050320   387
05050321   218
05050322    93
05050323    69
05050400   147
05050401   185
05050402   265
05050403   242
05050404   128
05050405   243
05050406   174
05050407    64
05050408    69
05050409    70
05050410    81
05050411   116
05050412   172
05050413   207
05050414   143
05050415   136
05050416   198
05050417   194
05050418   145
05050419   100
05050420   179
05050421   177
05050422    96
05050423    86
05050500    94
05050501    83
05050502   100
05050503   125
05050504   162
05050505   151
05050506   177
05050507   135
05050508   129
05050509   273
05050510   210
05050511   178
05050512   121
05050513   100
05050514   127
05050515   203
05050516   110
05050517   164
05050518   145
05050519    46
05050520    57
05050521    56
05050522    53
05050523    56
05050600    56
05050601    51
05050602    40
05050603    39
05050604    34
05050605    34
05050606    37
05050607    40
05050608    48
05050609    50
05050610    42
05050611    43
05050612    40
05050613    61
05050614    57
05050615    69
05050616    99
05050617    81
05050618    73
05050619    59
05050620    89
05050621    98
05050622    99
05050623   136
05050700   144
05050701    84
05050702    59
05050703    49
05050704    52
05050705    54
05050706    40
05050707    54
05050708    62
05050709    74
05050710   182
05050711   282
05050712   211
05050713   192
05050714   295
05050715   163
05050716   104
05050717    87
05050718   240
05050719   507
05050720   702
05050721   459
05050722   425
05050723   537
05050800   679
05050801   907
05050802   755
05050803   771
05050804   533
05050805   548
05050806   705
05050807   794
05050808   691
05050809   390
05050810   379
05050811   625
05050812  1505
05050813  1283
05050814   976
05050815  1396
05050816   682
05050817   514
05050818   706
05050819   770
05050820   562
05050821   395
05050822   356
05050823   255
05050900   282
05050901   423
05050902   394
05050903   292
05050904   134
05050905    51
05050906    53
05050907    69
05050908    39
05050909    43
05050910    61
05050911    44
05050912    42
05050913    45
05050914    80
05050915   102
05050916   171
05050917   184
05050918   111
05050919    65
05050920   280
05050921   407
05050922   677
05050923   650
05051000   601
05051001   571
05051002   740
05051003   620
05051004   502
05051005   370
05051006   434
05051007   252
05051008   273
05051009    84
05051010    65
05051011    52
05051012    46
05051013    74
05051014   100
05051015    78
05051016    78
05051017   100
05051018    84
05051019   129
05051020   275
05051021   251
05051022   117
05051023    63
05051100    70
05051101    54
05051102    43
05051103    37
05051104    29
05051105    32
05051106   109
05051107   248
05051108   320
05051109   404
05051110   333
05051111   141
05051112   158
05051113   187
05051114   186
05051115   331
05051116   319
05051117   271
05051118   629
05051119   302
05051120   289
05051121   604
05051122   530
05051123   433
05051200   381
05051201   195
05051202    78
05051203   401
05051204   552
05051205   137
05051206   223
05051207   275
05051208   460
05051209   306
05051210   627
05051211   270
05051212    84
05051213    58
05051214    97
05051215   389
05051216   358
05051217   221
05051218   376
05051219   428
05051220   341
05051221   465
05051222   487
05051223   464
05051300   555
05051301   692
05051302   608
05051303   495
05051304   535
05051305   404
05051306   561
05051307   569
05051308   673
05051309   538
05051310   319
05051311    90
05051312    67
05051313   137
05051314   464
05051315   648
05051316   428
05051317   323
05051318   128
05051319    91
05051320   111
05051321    63
05051322    88
05051323    59
05051400    51
05051401    60
05051402   128
05051403    78
05051404    45
05051405    78
05051406   150
05051407   157
05051408   350
05051409   309
05051410   253
05051411   178
05051412   238
05051413   289
05051414   191
05051415   113
05051416    90
05051417   111
05051418   284
05051419   465
05051420   245
05051421   155
05051422   118
05051423    97
05051500   257
05051501   306
05051502   869
05051503   991
05051504   696
05051505   436
05051506  1184
05051507   729
05051508   933
05051509  1057
05051510   409
05051511   349
05051512   285
05051513   224
05051514   170
05051515   143
05051516   133
05051517   305
05051518   575
05051519   693
05051520   635
05051521   846
05051522   934
05051523   536
05051600   572
05051601   688
05051602   740
05051603   727
05051604   868
05051605   860
05051606   969
05051607   587
05051608   458
05051609   411
05051610   343
05051611   404
05051612   408
05051613   754
05051614   952
05051615   969
05051616   706
05051617   482
05051618   394
05051619   478
05051620   589
05051621   614
05051622   631
05051623   589
05051700   594
05051701   516
05051702   562
05051703   582
05051704   724
05051705   846
05051706   611
05051707   534
05051708   472
05051709   209
05051710   235
05051711   739
05051712   589
05051713   466
05051714   333
05051715   293
05051716   706
05051717   589
05051718   443
05051719   396
05051720   368
05051721   583
05051722   542
05051723   566
05051800   452
05051801   562
05051802   556
05051803   457
05051804   464
05051805   490
05051806   457
05051807   431
05051808   573
05051809   345
05051810   444
05051811   535
05051812   905
05051813   509
05051814   383
05051815   458
05051816   128
05051817    82
05051818    72
05051819   101
05051820    87
05051821    45
05051822    55
05051823    47
05051900    92
05051901    64
05051902    45
05051903    50
05051904   133
05051905   363
05051906   494
05051907   263
05051908   105
05051909   181
05051910   401
05051911   256
05051912   303
05051913   256
05051914    57
05051915   131
05051916   166
05051917   150
05051918   161
05051919    70
05051920    55
05051921    80
05051922    62
05051923   104
05052000   197
05052001   299
05052002   158
05052003   281
05052004   684
05052005  1050
05052006   915
05052007   704
05052008   947
05052009   466
05052010   158
05052011   134
05052012   223
05052013   108
05052014    76
05052015    68
05052016    69
05052017    55
05052018    71
05052019   125
05052020   111
05052021   226
05052022   331
05052023   395
05052100   383
05052101   277
05052102   418
05052103   600
05052104   819
05052105   816
05052106   885
05052107   735
05052108   581
05052109   568
05052110   449
05052111   529
05052112   382
05052113   483
05052114   572
05052115   699
05052116   560
05052117   492
05052118   489
05052119   579
05052120   515
05052121   282
05052122   154
05052123   287
05052200   467
05052201   577
05052202   549
05052203   386
05052204   446
05052205   448
05052206   359
05052207   383
05052208   404
05052209   460
05052210   371
05052211   313
05052212   505
05052213   187
05052214   165
05052215   150
05052216    81
05052217    39
05052218    32
05052219    39
05052220   118
05052221   105
05052222   106
05052223   162
05052300   236
05052301   149
05052302   115
05052303   117
05052304    75
05052305    44
05052306    48
05052307    71
05052308    89
05052309    81
05052310    65
05052311    48
05052312   125
05052313   340
05052314   561
05052315   521
05052316   280
05052317   256
05052318    98
05052319    31
05052320    35
05052321    36
05052322    68
05052323    63
05052400    50
05052401    43
05052402    34
05052403    29
05052404    28
05052405    36
05052406    37
05052407    38
05052408    48
05052409    79
05052410    57
05052411    52
05052412    63
05052413    99
05052414    46
05052415    42
05052416    49
05052417    90
05052418    58
05052419    67
05052420    48
05052421    66
05052422   161
05052423   220
05052500   123
05052501    61
05052502    61
05052503    47
05052504    36
05052505    53
05052506   124
05052507   257
05052508   147
05052509    61
05052510    52
05052511    62
05052512    65
05052513   109
05052514   108
05052515    87
05052516   106
05052517    47
05052518    33
05052519    31
05052520    33
05052521    47
05052522    42
05052523    38
05052600    42
05052601    39
05052602    42
05052603    46
05052604    47
05052605    53
05052606    51
05052607    56
05052608    68
05052609    62
05052610    57
05052611    48
05052612    49
05052613    42
05052614    42
05052615    41
05052616    49
05052617    56
05052618    43
05052619    32
05052620    45
05052621    48
05052622    38
05052623    41
05052700    43
05052701    48
05052702    74
05052703    70
05052704    69
05052705    72
05052706    71
05052707   122
05052708   113
05052709    66
05052710    85
05052711    97
05052712    79
05052713    93
05052714    52
05052715    45
05052716    35
05052717    43
05052718    44
05052719    42
05052720    41
05052721    44
05052722    47
05052723    39
05052800    53
05052801    46
05052802    62
05052803    64
05052804    74
05052805    99
05052806    91
05052807    98
05052808   140
05052809   132
05052810   100
05052811    70
05052812    67
05052813   102
05052814   121
05052815   262
05052816   430
05052817   572
05052818   707
05052819   754
05052820   917
05052821   396
05052822   208
05052823   373
05052900   529
05052901   444
05052902   408
05052903   350
05052904   526
05052905   456
05052906   572
05052907   623
05052908   374
05052909    81
05052910   113
05052911    79
05052912    48
05052913    52
05052914    81
05052915    95
05052916   270
05052917   288
05052918   275
05052919   384
05052920   365
05052921   299
05052922   528
05052923   541
05053000   584
05053001   478
05053002   457
05053003   367
05053004   189
05053005   106
05053006   404
05053007  1129
05053008  1197
05053009  1053
05053010  1105
05053011  1037
05053012   973
05053013  1105
05053014  1043
05053015  1357
05053016  1004
05053017  1095
05053018  1010
05053019   954
05053020   701
05053021   790
05053022   296
05053023   250
05053100   511
05053101   594
05053102   690
05053103   783
05053104   355
05053105   249
05053106   282
05053107   219
05053108   228
05053109   170
05053110   128
05053111   189
05053112   305
05053113   449
05053114   432
05053115   130
05053116    96
05053117    79
05053118   176
05053119    85
05053120    87
05053121   102
05053122   223
05053123   658

Fri Ju 2
