05120100   411
05120101   334
05120102   191
05120103   177
05120104   128
05120105   158
05120106    86
05120107    69
05120108    82
05120109    86
05120110   370
05120111   348
05120112   145
05120113    93
05120114   153
05120115   138
05120116   159
05120117   254
05120118   196
05120119   213
05120120   346
05120121   296
05120122   358
05120123   820
05120200   406
05120201   174
05120202   120
05120203   137
05120204   198
05120205   483
05120206   366
05120207   313
05120208   252
05120209   220
05120210   183
05120211   210
05120212   382
05120213   154
05120214   116
05120215   217
05120216   106
05120217   162
05120218   517
05120219   267
05120220   184
05120221   186
05120222   148
05120223   195
05120300   257
05120301   442
05120302   298
05120303   163
05120304   162
05120305   107
05120306    44
05120307    51
05120308    75
05120309   100
05120310   206
05120311   325
05120312   209
05120313   286
05120314   214
05120315   422
05120316   315
05120317   362
05120318   131
05120319   347
05120320   489
05120321   333
05120322   236
05120323   213
05120400   106
05120401    73
05120402    62
05120403    52
05120404    67
05120405    66
05120406    94
05120407   120
05120408   139
05120409    72
05120410    44
05120411    54
05120412   206
05120413   205
05120414    58
05120415    79
05120416   172
05120417   104
05120418   107
05120419   363
05120420   208
05120421    60
05120422    64
05120423    75
05120500    30
05120501    16
05120502    28
05120503    41
05120504    26
05120505    48
05120506    72
05120507    41
05120508    23
05120509    28
05120510    22
05120511    53
05120512    35
05120513    40
05120514    33
05120515    60
05120516    18
05120517    57
05120518    37
05120519    29
05120520    22
05120521    17
05120522    12
05120523    12
05120600    15
05120601    15
05120602    17
05120603    17
05120604    21
05120605    25
05120606    19
05120607   113
05120608   145
05120609   194
05120610   144
05120611   184
05120612   211
05120613   103
05120614    53
05120615    41
05120616    32
05120617    66
05120618    59
05120619    49
05120620    35
05120621    40
05120622    30
05120623    17
05120700    17
05120701    17
05120702    16
05120703    15
05120704    17
05120705    18
05120706    24
05120707    46
05120708    26
05120709    24
05120710    29
05120711    32
05120712    16
05120713    14
05120714    17
05120715    20
05120716    19
05120717    15
05120718    32
05120719    20
05120720    15
05120721    37
05120722    15
05120723    14
05120800    13
05120801    13
05120802    13
05120803    14
05120804    15
05120805    11
05120806    11
05120807    11
05120808    12
05120809    13
05120810    13
05120811    13
05120812    16
05120813    20
05120814    18
05120815    20
05120816    18
05120817    21
05120818   120
05120819   114
05120820   112
05120821   137
05120822    75
05120823    85
05120900    78
05120901    67
05120902    49
05120903    49
05120904    46
05120905    39
05120906    48
05120907    69
05120908    42
05120909    93
05120910   129
05120911   108
05120912    58
05120913    53
05120914   107
05120915    36
05120916    30
05120917    23
05120918    16
05120919    14
05120920    50
05120921   279
05120922   448
05120923   334
05121000   182
05121001   308
05121002   337
05121003   591
05121004   370
05121005   255
05121006   457
05121007   190
05121008    75
05121009    56
05121010    54
05121011   128
05121012   292
05121013   182
05121014    94
05121015   170
05121016   185
05121017   125
05121018   468
05121019   753
05121020   441
05121021   239
05121022   278
05121023   405
05121100   194
05121101   485
05121102   333
05121103   342
05121104   297
05121105   309
05121106   229
05121107   227
05121108   361
05121109   530
05121110   547
05121111   215
05121112    82
05121113    66
05121114   143
05121115   630
05121116   884
05121117   923
05121118   782
05121119   427
05121120   160
05121121   256
05121122   252
05121123   159
05121200   293
05121201   174
05121202   125
05121203   328
05121204   234
05121205   137
05121206   107
05121207    70
05121208    50
05121209    32
05121210    70
05121211    60
05121212   143
05121213   106
05121214   272
05121215   407
05121216   381
05121217   103
05121218   326
05121219   530
05121220   490
05121221   169
05121222   186
05121223   121
05121300    68
05121301    41
05121302    60
05121303    85
05121304    29
05121305    27
05121306    37
05121307    92
05121308   164
05121309   100
05121310    78
05121311    91
05121312   180
05121313   493
05121314   159
05121315    60
05121316    35
05121317    16
05121318    29
05121319   125
05121320   264
05121321   124
05121322    54
05121323    69
05121400    26
05121401    25
05121402    37
05121403    39
05121404    60
05121405    81
05121406   133
05121407    76
05121408   172
05121409   146
05121410    70
05121411    43
05121412    72
05121413    76
05121414    70
05121415    68
05121416    30
05121417    30
05121418    56
05121419    33
05121420    21
05121421    17
05121422    26
05121423    24
05121500    29
05121501    29
05121502    23
05121503    27
05121504    19
05121505    22
05121506    17
05121507    36
05121508    75
05121509   101
05121510    31
05121511    34
05121512    27
05121513    61
05121514    24
05121515    22
05121516    27
05121517    19
05121518    14
05121519    12
05121520    17
05121521    28
05121522    61
05121523    51
05121600    31
05121601    30
05121602    47
05121603    92
05121604   119
05121605   103
05121606    35
05121607    56
05121608   106
05121609   175
05121610   201
05121611    97
05121612   124
05121613   267
05121614   103
05121615   120
05121616   393
05121617   154
05121618    97
05121619    33
05121620    46
05121621    50
05121622    45
05121623    40
05121700    28
05121701    26
05121702    24
05121703    24
05121704    29
05121705    52
05121706   149
05121707    63
05121708   110
05121709   145
05121710   135
05121711   485
05121712   282
05121713    70
05121714    43
05121715    46
05121716    29
05121717   132
05121718    55
05121719    28
05121720    20
05121721    29
05121722    30
05121723    35
05121800   112
05121801   167
05121802    80
05121803    34
05121804    43
05121805    46
05121806    53
05121807    68
05121808    61
05121809    65
05121810   129
05121811    84
05121812    43
05121813    31
05121814    22
05121815    29
05121816    56
05121817    41
05121818    24
05121819    19
05121820    22
05121821    23
05121822    28
05121823    26
05121900    26
05121901    34
05121902    92
05121903    61
05121904    40
05121905    32
05121906    32
05121907    43
05121908    51
05121909    50
05121910    51
05121911   100
05121912   239
05121913   246
05121914   168
05121915   108
05121916    54
05121917   119
05121918   285
05121919   541
05121920   211
05121921    60
05121922   137
05121923   283
05122000   252
05122001   322
05122002   497
05122003   495
05122004   263
05122005   175
05122006   264
05122007   263
05122008   323
05122009   182
05122010   141
05122011   202
05122012   540
05122013   352
05122014   100
05122015   104
05122016   246
05122017   396
05122018   126
05122019   303
05122020   648
05122021   193
05122022   136
05122023   111
05122100    65
05122101    58
05122102    63
05122103    41
05122104    97
05122105   126
05122106   113
05122107    93
05122108    82
05122109   197
05122110   250
05122111   251
05122112   522
05122113   410
05122114   185
05122115   446
05122116   244
05122117   122
05122118   189
05122119   145
05122120    74
05122121    49
05122122    47
05122123   138
05122200   264
05122201   169
05122202   123
05122203    69
05122204    56
05122205    88
05122206    56
05122207    68
05122208   117
05122209   272
05122210   154
05122211    38
05122212    25
05122213    23
05122214    22
05122215    29
05122216    31
05122217    27
05122218    30
05122219    71
05122220    32
05122221    22
05122222    26
05122223    28
05122300    25
05122301    28
05122302    21
05122303    21
05122304    21
05122305    19
05122306    17
05122307    19
05122308    22
05122309    24
05122310    26
05122311    27
05122312    21
05122313    18
05122314    21
05122315    25
05122316    30
05122317    26
05122318    23
05122319    21
05122320    25
05122321    20
05122322    19
05122323    17
05122400    18
05122401    18
05122402    17
05122403    17
05122404    15
05122405    14
05122406    15
05122407    17
05122408    21
05122409    23
05122410    49
05122411   124
05122412   208
05122413   364
05122414   229
05122415   160
05122416   131
05122417    99
05122418    85
05122419    85
05122420   215
05122421    66
05122422    56
05122423    77
05122500    66
05122501    43
05122502    45
05122503    79
05122504   198
05122505   141
05122506    92
05122507   217
05122508   262
05122509   285
05122510   305
05122511   279
05122512   393
05122513   389
05122514   146
05122515    95
05122516   118
05122517   113
05122518    47
05122519    23
05122520    18
05122521    21
05122522    53
05122523    44
05122600    28
05122601    31
05122602    26
05122603    23
05122604    20
05122605    20
05122606    39
05122607    37
05122608   115
05122609    36
05122610    51
05122611    43
05122612   105
05122613   164
05122614   213
05122615   101
05122616   128
05122617   240
05122618   304
05122619   389
05122620    65
05122621    74
05122622   157
05122623   466
05122700   498
05122701   116
05122702    58
05122703    37
05122704    30
05122705    26
05122706    20
05122707    22
05122708    25
05122709    28
05122710    33
05122711    35
05122712    44
05122713    36
05122714    40
05122715   127
05122716   432
05122717   455
05122718   483
05122719   720
05122720   341
05122721   510
05122722   893
05122723   305
05122800   220
05122801   297
05122802   348
05122803   168
05122804   146
05122805   147
05122806   258
05122807   116
05122808    96
05122809   303
05122810   282
05122811   269
05122812   288
05122813   393
05122814   258
05122815   361
05122816   297
05122817   159
05122818   430
05122819   488
05122820   333
05122821   260
05122822   388
05122823   493
05122900   312
05122901   130
05122902    91
05122903   176
05122904   207
05122905   233
05122906   277
05122907   195
05122908   258
05122909   282
05122910   156
05122911    77
05122912    62
05122913    87
05122914   188
05122915   201
05122916   118
05122917   298
05122918   187
05122919   101
05122920   149
05122921   180
05122922   114
05122923   121
05123000   149
05123001   109
05123002    88
05123003   144
05123004   145
05123005   174
05123006   102
05123007    74
05123008    55
05123009   131
05123010   151
05123011   105
05123012    50
05123013    47
05123014   134
05123015   134
05123016    63
05123017   209
05123018   206
05123019   137
05123020    89
05123021   210
05123022   363
05123023   268
05123100   251
05123101   146
05123102    61
05123103    42
05123104    43
05123105    96
05123106   142
05123107    89
05123108    66
05123109    74
05123110    54
05123111    71
05123112    94
05123113    55
05123114    57
05123115   124
05123116   471
05123117   409
05123118   396
05123119   433
05123120   356
05123121   424
05123122   350
05123123   183

Fri Ju 2
