05080100   476
05080101   524
05080102   419
05080103   177
05080104   164
05080105   137
05080106    56
05080107   219
05080108   341
05080109   532
05080110   473
05080111   503
05080112   379
05080113   293
05080114   420
05080115   356
05080116   276
05080117   265
05080118   175
05080119   102
05080120   129
05080121   230
05080122   324
05080123   300
05080200   233
05080201   166
05080202   216
05080203   507
05080204   411
05080205   354
05080206    90
05080207    93
05080208    84
05080209   227
05080210   590
05080211   137
05080212   201
05080213    74
05080214    55
05080215    53
05080216    45
05080217    63
05080218    61
05080219    40
05080220    62
05080221    68
05080222    61
05080223    91
05080300   171
05080301    81
05080302   145
05080303   502
05080304   569
05080305   425
05080306   290
05080307   194
05080308    82
05080309    45
05080310    68
05080311   110
05080312    90
05080313    97
05080314   137
05080315    84
05080316   128
05080317   364
05080318   553
05080319   473
05080320   380
05080321   348
05080322   401
05080323   326
05080400   282
05080401   499
05080402   580
05080403   426
05080404   367
05080405   348
05080406   506
05080407   608
05080408   326
05080409   494
05080410   684
05080411   544
05080412   456
05080413   359
05080414   150
05080415   233
05080416   294
05080417   211
05080418   161
05080419    71
05080420    87
05080421   168
05080422   267
05080423   246
05080500    78
05080501    46
05080502    53
05080503    55
05080504    64
05080505   169
05080506   171
05080507   184
05080508   123
05080509    62
05080510    88
05080511   131
05080512   170
05080513   197
05080514   181
05080515    94
05080516   226
05080517   385
05080518   755
05080519   341
05080520   125
05080521    92
05080522   184
05080523   406
05080600   779
05080601   652
05080602   561
05080603   688
05080604   555
05080605   625
05080606   383
05080607   379
05080608   676
05080609   547
05080610   113
05080611   275
05080612   582
05080613   310
05080614   306
05080615   581
05080616   727
05080617   367
05080618   737
05080619   573
05080620   662
05080621   317
05080622   409
05080623   380
05080700   683
05080701   522
05080702   531
05080703   660
05080704   517
05080705   476
05080706   706
05080707   304
05080708   435
05080709   284
05080710   661
05080711   142
05080712   208
05080713    87
05080714   181
05080715   135
05080716    95
05080717   160
05080718   418
05080719   302
05080720   275
05080721   228
05080722   417
05080723   121
05080800   102
05080801   261
05080802   215
05080803   121
05080804   155
05080805   222
05080806   210
05080807   376
05080808   148
05080809   115
05080810   109
05080811   142
05080812   274
05080813   368
05080814   388
05080815   101
05080816    52
05080817    61
05080818    40
05080819    51
05080820   104
05080821   161
05080822   282
05080823   174
05080900   144
05080901   171
05080902   140
05080903   256
05080904   133
05080905    66
05080906    56
05080907    91
05080908   154
05080909   290
05080910   398
05080911   287
05080912   294
05080913   107
05080914    96
05080915   140
05080916   182
05080917   514
05080918   388
05080919   270
05080920   157
05080921   413
05080922   332
05080923   343
05081000   191
05081001   248
05081002   369
05081003   171
05081004   188
05081005   152
05081006   131
05081007   433
05081008   911
05081009   775
05081010   866
05081011   798
05081012   542
05081013   743
05081014   697
05081015   311
05081016   128
05081017    82
05081018    62
05081019    65
05081020    56
05081021    63
05081022    95
05081023    52
05081100    91
05081101   110
05081102   123
05081103    59
05081104    35
05081105    39
05081106    98
05081107   222
05081108   164
05081109    97
05081110   101
05081111    85
05081112   161
05081113   114
05081114    56
05081115    83
05081116    46
05081117    52
05081118    40
05081119    30
05081120    36
05081121    43
05081122   101
05081123   117
05081200   112
05081201   126
05081202   147
05081203   151
05081204    64
05081205    47
05081206    90
05081207   126
05081208   207
05081209   254
05081210   213
05081211   207
05081212   233
05081213   187
05081214   121
05081215    54
05081216    50
05081217    52
05081218    67
05081219   120
05081220   127
05081221    96
05081222   184
05081223   452
05081300   130
05081301   215
05081302   380
05081303   524
05081304   453
05081305   376
05081306   117
05081307    81
05081308   102
05081309    94
05081310   105
05081311    85
05081312   154
05081313   161
05081314   106
05081315   138
05081316   113
05081317    91
05081318   110
05081319   237
05081320   479
05081321   363
05081322   693
05081323   385
05081400   196
05081401   203
05081402   639
05081403   417
05081404   237
05081405   130
05081406   220
05081407    65
05081408    90
05081409   166
05081410    92
05081411   125
05081412   139
05081413    98
05081414    64
05081415    70
05081416    53
05081417    57
05081418    54
05081419    44
05081420   102
05081421   209
05081422   222
05081423   167
05081500    74
05081501    41
05081502    29
05081503    95
05081504   103
05081505    70
05081506    37
05081507    33
05081508    43
05081509    41
05081510    90
05081511    58
05081512    66
05081513    65
05081514    58
05081515    50
05081516    71
05081517    84
05081518   112
05081519    63
05081520    67
05081521   150
05081522   325
05081523   108
05081600   188
05081601   319
05081602   116
05081603   315
05081604   747
05081605   342
05081606   159
05081607    85
05081608   178
05081609   521
05081610   266
05081611   232
05081612   519
05081613   480
05081614   399
05081615   152
05081616   101
05081617   265
05081618   153
05081619   195
05081620   200
05081621   504
05081622   425
05081623   305
05081700   479
05081701   234
05081702   298
05081703   340
05081704   503
05081705   521
05081706   267
05081707   110
05081708   268
05081709   201
05081710   144
05081711   299
05081712   271
05081713   271
05081714   129
05081715   232
05081716   390
05081717   330
05081718   155
05081719   141
05081720   249
05081721   344
05081722   324
05081723   352
05081800   531
05081801   253
05081802   116
05081803   172
05081804   495
05081805   410
05081806   262
05081807   114
05081808   276
05081809   397
05081810   165
05081811   286
05081812   299
05081813   325
05081814   313
05081815   256
05081816   208
05081817   374
05081818   290
05081819   115
05081820   115
05081821   196
05081822   104
05081823   154
05081900   152
05081901   172
05081902    52
05081903    33
05081904    40
05081905   162
05081906   205
05081907    80
05081908    76
05081909   286
05081910   324
05081911    83
05081912   124
05081913    98
05081914   113
05081915   218
05081916   152
05081917    45
05081918    56
05081919    97
05081920   260
05081921   219
05081922    49
05081923    59
05082000    51
05082001    68
05082002   108
05082003    50
05082004    31
05082005    23
05082006    28
05082007    28
05082008    54
05082009    61
05082010    83
05082011    76
05082012    83
05082013    72
05082014    59
05082015   108
05082016    60
05082017    61
05082018   129
05082019   162
05082020    65
05082021    43
05082022    54
05082023    49
05082100    47
05082101    45
05082102    41
05082103    45
05082104    63
05082105    99
05082106   111
05082107   110
05082108    80
05082109    94
05082110   117
05082111   101
05082112    98
05082113    90
05082114   106
05082115   106
05082116   149
05082117   218
05082118   332
05082119   211
05082120   189
05082121   260
05082122   319
05082123   222
05082200   213
05082201   345
05082202   259
05082203   314
05082204   350
05082205    69
05082206    60
05082207    62
05082208    66
05082209   128
05082210   309
05082211   452
05082212   349
05082213   256
05082214   141
05082215   110
05082216    84
05082217    56
05082218    50
05082219    45
05082220    34
05082221    39
05082222   121
05082223   313
05082300   227
05082301    93
05082302    73
05082303   164
05082304   328
05082305   370
05082306   415
05082307   295
05082308   285
05082309   324
05082310   454
05082311   373
05082312   567
05082313   389
05082314   286
05082315   332
05082316   271
05082317   203
05082318   226
05082319    69
05082320    51
05082321    53
05082322    37
05082323   180
05082400   509
05082401   285
05082402   305
05082403   458
05082404   123
05082405   216
05082406   549
05082407  1333
05082408  1259
05082409  1039
05082410  2227
05082411  1484
05082412   899
05082413   478
05082414   356
05082415   549
05082416   506
05082417   551
05082418   903
05082419  1306
05082420   766
05082421   493
05082422   606
05082423   693
05082500   561
05082501   613
05082502   392
05082503   259
05082504   197
05082505   394
05082506   460
05082507   357
05082508   206
05082509   280
05082510   483
05082511   439
05082512   546
05082513   366
05082514   252
05082515   833
05082516   415
05082517   202
05082518   294
05082519   300
05082520   122
05082521   205
05082522   241
05082523    75
05082600   220
05082601   420
05082602   491
05082603   460
05082604   383
05082605   555
05082606   487
05082607   443
05082608   184
05082609   124
05082610    46
05082611    54
05082612    49
05082613    39
05082614    40
05082615    49
05082616    39
05082617    39
05082618    55
05082619    93
05082620   121
05082621    65
05082622   129
05082623   120
05082700   173
05082701   522
05082702   464
05082703   271
05082704   177
05082705    65
05082706    79
05082707   202
05082708   333
05082709   223
05082710    54
05082711   106
05082712   193
05082713   151
05082714   101
05082715   105
05082716   118
05082717    65
05082718    49
05082719    54
05082720    29
05082721    43
05082722    62
05082723   107
05082800   279
05082801   266
05082802   206
05082803   163
05082804   119
05082805    56
05082806    28
05082807    31
05082808    25
05082809    28
05082810    67
05082811    66
05082812    59
05082813    55
05082814    62
05082815   129
05082816   106
05082817    62
05082818    53
05082819    76
05082820   200
05082821   270
05082822   115
05082823   184
05082900   375
05082901   321
05082902   402
05082903   391
05082904   402
05082905   451
05082906   459
05082907   315
05082908    93
05082909    52
05082910    56
05082911   160
05082912    82
05082913    53
05082914    49
05082915    70
05082916    98
05082917    42
05082918    33
05082919    45
05082920    51
05082921    42
05082922    49
05082923    47
05083000    43
05083001    36
05083002    33
05083003    26
05083004    26
05083005    16
05083006    14
05083007    12
05083008    20
05083009    31
05083010    45
05083011    49
05083012    47
05083013    49
05083014    45
05083015    57
05083016    59
05083017    46
05083018    50
05083019   112
05083020   171
05083021   225
05083022   200
05083023   105
05083100    51
05083101    71
05083102    88
05083103   207
05083104   225
05083105   227
05083106   186
05083107    76
05083108    46
05083109    63
05083110   150
05083111   138
05083112   492
05083113  1033
05083114  1145
05083115   791
05083116  1082
05083117   624
05083118  1162
05083119   842
05083120   474
05083121   917
05083122   770
05083123   229

Fri Ju 2
