05090100   169
05090101   407
05090102   437
05090103   369
05090104   541
05090105   486
05090106   328
05090107   181
05090108   216
05090109   266
05090110   468
05090111   489
05090112   618
05090113   178
05090114    73
05090115    47
05090116    38
05090117    25
05090118    34
05090119    65
05090120    46
05090121   167
05090122   221
05090123   199
05090200   132
05090201   232
05090202   261
05090203   342
05090204   601
05090205   685
05090206   333
05090207   299
05090208   633
05090209   409
05090210   356
05090211   701
05090212   456
05090213   348
05090214   201
05090215   515
05090216   744
05090217   809
05090218   946
05090219   645
05090220   133
05090221    75
05090222   112
05090223   218
05090300   409
05090301   846
05090302   894
05090303   684
05090304   743
05090305   735
05090306   256
05090307    87
05090308   294
05090309   837
05090310   588
05090311   584
05090312   585
05090313   874
05090314   683
05090315   144
05090316    55
05090317    48
05090318    42
05090319    57
05090320    41
05090321    80
05090322   346
05090323   621
05090400   329
05090401   260
05090402   562
05090403   811
05090404   796
05090405   730
05090406   707
05090407   727
05090408   807
05090409   630
05090410   786
05090411   746
05090412   513
05090413   296
05090414   563
05090415   356
05090416   259
05090417   495
05090418   408
05090419   290
05090420   209
05090421   352
05090422   265
05090423   222
05090500   303
05090501   500
05090502   223
05090503    81
05090504   149
05090505   236
05090506   240
05090507   185
05090508   299
05090509   439
05090510   273
05090511   294
05090512   355
05090513   276
05090514   165
05090515   130
05090516   345
05090517   156
05090518   110
05090519   134
05090520   275
05090521    61
05090522   115
05090523   181
05090600   429
05090601   562
05090602   356
05090603   276
05090604    77
05090605    37
05090606    32
05090607    25
05090608    61
05090609   102
05090610   372
05090611   448
05090612   221
05090613   198
05090614   233
05090615   364
05090616   294
05090617   320
05090618   246
05090619   151
05090620    52
05090621    88
05090622   117
05090623   118
05090700    95
05090701    97
05090702   459
05090703   384
05090704   231
05090705   359
05090706   276
05090707   152
05090708   113
05090709   191
05090710   354
05090711   447
05090712   127
05090713    39
05090714    43
05090715    41
05090716    38
05090717    68
05090718    72
05090719    46
05090720    42
05090721    45
05090722    42
05090723    46
05090800   131
05090801   285
05090802   300
05090803   311
05090804   160
05090805    71
05090806    64
05090807    77
05090808   136
05090809   119
05090810   100
05090811   108
05090812    40
05090813    56
05090814    70
05090815   103
05090816   291
05090817   196
05090818   179
05090819   223
05090820   224
05090821   135
05090822   122
05090823   104
05090900    67
05090901    36
05090902    87
05090903   243
05090904   218
05090905    96
05090906    48
05090907    35
05090908    54
05090909    78
05090910   250
05090911   353
05090912   237
05090913   216
05090914   809
05090915   666
05090916   807
05090917   750
05090918   316
05090919   338
05090920   534
05090921   577
05090922   444
05090923   337
05091000   382
05091001   244
05091002   265
05091003   159
05091004   139
05091005   268
05091006   536
05091007   436
05091008   399
05091009   195
05091010   209
05091011   377
05091012   241
05091013   176
05091014   370
05091015   613
05091016  1532
05091017  1675
05091018  1073
05091019   591
05091020   725
05091021   931
05091022   670
05091023   789
05091100  1071
05091101  1343
05091102  1108
05091103  1383
05091104  1013
05091105   675
05091106  1320
05091107   901
05091108   897
05091109   892
05091110   917
05091111  1349
05091112  1184
05091113   924
05091114   933
05091115   744
05091116   299
05091117   697
05091118   908
05091119   754
05091120   924
05091121   864
05091122   506
05091123   670
05091200   759
05091201   997
05091202   743
05091203   674
05091204   570
05091205   472
05091206  1093
05091207   992
05091208   858
05091209   861
05091210   296
05091211   183
05091212    99
05091213   152
05091214   505
05091215  1242
05091216   637
05091217   430
05091218   927
05091219  1245
05091220  1144
05091221   686
05091222   689
05091223  1025
05091300   542
05091301   481
05091302   580
05091303   515
05091304   662
05091305   658
05091306   559
05091307   935
05091308   895
05091309   802
05091310  1171
05091311  1171
05091312   843
05091313  1195
05091314   349
05091315    79
05091316    59
05091317   123
05091318   203
05091319   531
05091320   234
05091321    85
05091322   176
05091323   508
05091400   360
05091401   342
05091402   155
05091403   132
05091404   304
05091405   666
05091406   627
05091407   814
05091408   582
05091409   600
05091410   667
05091411   511
05091412   234
05091413   287
05091414   680
05091415   459
05091416   410
05091417   370
05091418   154
05091419   518
05091420   450
05091421   189
05091422   222
05091423   385
05091500   471
05091501   267
05091502   198
05091503   155
05091504   173
05091505   107
05091506    37
05091507   128
05091508   308
05091509   724
05091510   702
05091511   448
05091512   430
05091513   937
05091514  1079
05091515  1279
05091516   579
05091517   392
05091518   278
05091519   385
05091520   951
05091521   870
05091522   349
05091523   266
05091600   301
05091601   335
05091602   512
05091603   421
05091604   332
05091605   228
05091606   289
05091607   402
05091608   628
05091609   812
05091610  1027
05091611   601
05091612   512
05091613   551
05091614   306
05091615   209
05091616   179
05091617   201
05091618   408
05091619   483
05091620   452
05091621   288
05091622    98
05091623    45
05091700    49
05091701    39
05091702    90
05091703    94
05091704   368
05091705    84
05091706   100
05091707    87
05091708    74
05091709   276
05091710   266
05091711   225
05091712   463
05091713   401
05091714   270
05091715   751
05091716   432
05091717   253
05091718   356
05091719   248
05091720    97
05091721    68
05091722   477
05091723   142
05091800    58
05091801   119
05091802   119
05091803   340
05091804   199
05091805   283
05091806   231
05091807   365
05091808   360
05091809   354
05091810   392
05091811   492
05091812   218
05091813   214
05091814   205
05091815   144
05091816    65
05091817   117
05091818   334
05091819   120
05091820    89
05091821   127
05091822    86
05091823    60
05091900   102
05091901   190
05091902    90
05091903    40
05091904    42
05091905   125
05091906   178
05091907   149
05091908   210
05091909   125
05091910   104
05091911   120
05091912   115
05091913   175
05091914   147
05091915   115
05091916   301
05091917   328
05091918   201
05091919   163
05091920   158
05091921   141
05091922    55
05091923    38
05092000    22
05092001    50
05092002    55
05092003    91
05092004   165
05092005   283
05092006   243
05092007   171
05092008    94
05092009   104
05092010   234
05092011   197
05092012   298
05092013   153
05092014    86
05092015   158
05092016   249
05092017   137
05092018   119
05092019   326
05092020    74
05092021    42
05092022    80
05092023    82
05092100    44
05092101    47
05092102    31
05092103    22
05092104    34
05092105    74
05092106   136
05092107   126
05092108   181
05092109    89
05092110   156
05092111   146
05092112    99
05092113    57
05092114   199
05092115    66
05092116    61
05092117   102
05092118    39
05092119    32
05092120    28
05092121    28
05092122    31
05092123    44
05092200    72
05092201    86
05092202    98
05092203   221
05092204    70
05092205    24
05092206    51
05092207   170
05092208   238
05092209   237
05092210   193
05092211    76
05092212    69
05092213   144
05092214   180
05092215   454
05092216   449
05092217   376
05092218   314
05092219   239
05092220    60
05092221    54
05092222    35
05092223    93
05092300    89
05092301    81
05092302    48
05092303   124
05092304   344
05092305   340
05092306   315
05092307   394
05092308   352
05092309   230
05092310   224
05092311   179
05092312   108
05092313   102
05092314    68
05092315    37
05092316    39
05092317    42
05092318    81
05092319   136
05092320   242
05092321   116
05092322    88
05092323   133
05092400   174
05092401   212
05092402   166
05092403   111
05092404    99
05092405    73
05092406    83
05092407    61
05092408    40
05092409    41
05092410    48
05092411    73
05092412    49
05092413    33
05092414    38
05092415    40
05092416    44
05092417    47
05092418    53
05092419    52
05092420    29
05092421    42
05092422    37
05092423    20
05092500    22
05092501    29
05092502    29
05092503    30
05092504    35
05092505    41
05092506    47
05092507    44
05092508    41
05092509    45
05092510    57
05092511   202
05092512   436
05092513   209
05092514    45
05092515    48
05092516    65
05092517    60
05092518    34
05092519    38
05092520    34
05092521    23
05092522    32
05092523    67
05092600    87
05092601   367
05092602   476
05092603   303
05092604   230
05092605   119
05092606    63
05092607    65
05092608    70
05092609   127
05092610   137
05092611   354
05092612   405
05092613   257
05092614   155
05092615   122
05092616   137
05092617   253
05092618   249
05092619   416
05092620   462
05092621   535
05092622   228
05092623    86
05092700    69
05092701   229
05092702   393
05092703   420
05092704   521
05092705   464
05092706   207
05092707   297
05092708   366
05092709   317
05092710   499
05092711   284
05092712   237
05092713   226
05092714   161
05092715   136
05092716   177
05092717   214
05092718   201
05092719   120
05092720    71
05092721   124
05092722   309
05092723   402
05092800   166
05092801   338
05092802   231
05092803   165
05092804   224
05092805   407
05092806   335
05092807   374
05092808   391
05092809   288
05092810   179
05092811   259
05092812   270
05092813   246
05092814   252
05092815   235
05092816   283
05092817   400
05092818   204
05092819    55
05092820    67
05092821    68
05092822    67
05092823    70
05092900    56
05092901   209
05092902   131
05092903    98
05092904    92
05092905    61
05092906    56
05092907    98
05092908   132
05092909   216
05092910   268
05092911   341
05092912   351
05092913   288
05092914   109
05092915    68
05092916   262
05092917   338
05092918   119
05092919    91
05092920    56
05092921    38
05092922    35
05092923    25
05093000    37
05093001    29
05093002    34
05093003    95
05093004   131
05093005    78
05093006    69
05093007    88
05093008    91
05093009   300
05093010   260
05093011   107
05093012    80
05093013   452
05093014   515
05093015   102
05093016    50
05093017    34
05093018    44
05093019    38
05093020    98
05093021   219
05093022   181
05093023   282

Fri Ju 2
