05010100   107
05010101    97
05010102    55
05010103    43
05010104    76
05010105   232
05010106   329
05010107   154
05010108   120
05010109    48
05010110    76
05010111   245
05010112   376
05010113   327
05010114    81
05010115   113
05010116   123
05010117   352
05010118   561
05010119   574
05010120   315
05010121    72
05010122   164
05010123   116
05010200   264
05010201   469
05010202   609
05010203   533
05010204   556
05010205   127
05010206   362
05010207   578
05010208   856
05010209   514
05010210   292
05010211   191
05010212   120
05010213   183
05010214   360
05010215  1129
05010216  1162
05010217   646
05010218   260
05010219   149
05010220   265
05010221   834
05010222   390
05010223   480
05010300   558
05010301   224
05010302   147
05010303   274
05010304   544
05010305   398
05010306   314
05010307   238
05010308   311
05010309   431
05010310   529
05010311   515
05010312   875
05010313   694
05010314   546
05010315   233
05010316   543
05010317   562
05010318   336
05010319   175
05010320   347
05010321    95
05010322   117
05010323   124
05010400   267
05010401   391
05010402   403
05010403   337
05010404   355
05010405   188
05010406   101
05010407   186
05010408   333
05010409   339
05010410   330
05010411   210
05010412   781
05010413   326
05010414   749
05010415   578
05010416   441
05010417   314
05010418   368
05010419   300
05010420   167
05010421   257
05010422   365
05010423   472
05010500   742
05010501   346
05010502   367
05010503   388
05010504   259
05010505   346
05010506   200
05010507   168
05010508   501
05010509   296
05010510   465
05010511   684
05010512   433
05010513   432
05010514   517
05010515   393
05010516   512
05010517   272
05010518   238
05010519   119
05010520   108
05010521    74
05010522   147
05010523   225
05010600   102
05010601    64
05010602    52
05010603    43
05010604    41
05010605    38
05010606    39
05010607    39
05010608    31
05010609    31
05010610    29
05010611    30
05010612    36
05010613    33
05010614    42
05010615    49
05010616    46
05010617    38
05010618   159
05010619   316
05010620   163
05010621    97
05010622    51
05010623    37
05010700    36
05010701    39
05010702    37
05010703    37
05010704    39
05010705    33
05010706    33
05010707    31
05010708    28
05010709    31
05010710    46
05010711    84
05010712   156
05010713    84
05010714   641
05010715  1455
05010716   777
05010717   462
05010718   394
05010719   535
05010720   603
05010721   638
05010722  1143
05010723  1660
05010800  1048
05010801   982
05010802   463
05010803   707
05010804   493
05010805   206
05010806    95
05010807    75
05010808   194
05010809   197
05010810   357
05010811   599
05010812   156
05010813    53
05010814    37
05010815    36
05010816    47
05010817    72
05010818    90
05010819   211
05010820    56
05010821   107
05010822    78
05010823    44
05010900    42
05010901    43
05010902    41
05010903    41
05010904    46
05010905    34
05010906    29
05010907    29
05010908    32
05010909    35
05010910    52
05010911    36
05010912    29
05010913    30
05010914    31
05010915    29
05010916    32
05010917    33
05010918    47
05010919    38
05010920    40
05010921    36
05010922    34
05010923    35
05011000    37
05011001    33
05011002    34
05011003    29
05011004    37
05011005    33
05011006    45
05011007    53
05011008   130
05011009    98
05011010    43
05011011    31
05011012    58
05011013   180
05011014   211
05011015   117
05011016   229
05011017   177
05011018   160
05011019   127
05011020   304
05011021   413
05011022   139
05011023   138
05011100   149
05011101    83
05011102    82
05011103   143
05011104   241
05011105   533
05011106   271
05011107   199
05011108   394
05011109   276
05011110   211
05011111    64
05011112    53
05011113   155
05011114   138
05011115   390
05011116   268
05011117    79
05011118    38
05011119    63
05011120   141
05011121   433
05011122   299
05011123   466
05011200   422
05011201   229
05011202   544
05011203   795
05011204   351
05011205   174
05011206   217
05011207   242
05011208   301
05011209   396
05011210   839
05011211   437
05011212   340
05011213   641
05011214   379
05011215   359
05011216   286
05011217   257
05011218   667
05011219   422
05011220   461
05011221   511
05011222   295
05011223   322
05011300   227
05011301   159
05011302   158
05011303   177
05011304   450
05011305   354
05011306   170
05011307   103
05011308    88
05011309   156
05011310   210
05011311   110
05011312   102
05011313   167
05011314   286
05011315   263
05011316   383
05011317   349
05011318   204
05011319   333
05011320   437
05011321   195
05011322   286
05011323   214
05011400   193
05011401   181
05011402    99
05011403    81
05011404    91
05011405   164
05011406   227
05011407   136
05011408    75
05011409    55
05011410    86
05011411    56
05011412   111
05011413    93
05011414    99
05011415    91
05011416    80
05011417    58
05011418    40
05011419    51
05011420   405
05011421   759
05011422   530
05011423   597
05011500   555
05011501   443
05011502   283
05011503   283
05011504   337
05011505   337
05011506   430
05011507   316
05011508   418
05011509   429
05011510   462
05011511   351
05011512   221
05011513   163
05011514   370
05011515   368
05011516   198
05011517   397
05011518   140
05011519   169
05011520   141
05011521    69
05011522    52
05011523    66
05011600   139
05011601   152
05011602   189
05011603   131
05011604   109
05011605   120
05011606   266
05011607   183
05011608   153
05011609   132
05011610   345
05011611   432
05011612   249
05011613   202
05011614   155
05011615   301
05011616   346
05011617   279
05011618   150
05011619   104
05011620   262
05011621   412
05011622   442
05011623   489
05011700   940
05011701   878
05011702   788
05011703   701
05011704   514
05011705   284
05011706   197
05011707   163
05011708   535
05011709   471
05011710   929
05011711  1545
05011712  1240
05011713   827
05011714   357
05011715   634
05011716  1050
05011717  1645
05011718   857
05011719   520
05011720   213
05011721   139
05011722   116
05011723   163
05011800   708
05011801  1192
05011802  1007
05011803   524
05011804   921
05011805   237
05011806   489
05011807  1226
05011808  1300
05011809   917
05011810   554
05011811   325
05011812   485
05011813  1299
05011814  1476
05011815  1282
05011816   432
05011817   391
05011818   479
05011819   607
05011820   700
05011821  1040
05011822   834
05011823   358
05011900   437
05011901   906
05011902  1220
05011903  1307
05011904  1130
05011905  1027
05011906   774
05011907   741
05011908  1014
05011909  1301
05011910  1267
05011911  2136
05011912  1423
05011913  1032
05011914   827
05011915   571
05011916   788
05011917   517
05011918   153
05011919   127
05011920   169
05011921   434
05011922   686
05011923   356
05012000   151
05012001   111
05012002   105
05012003   115
05012004    42
05012005    47
05012006    46
05012007    60
05012008    77
05012009    88
05012010    85
05012011   136
05012012    91
05012013   150
05012014   283
05012015   628
05012016   992
05012017   512
05012018   301
05012019   254
05012020   139
05012021   183
05012022   355
05012023   283
05012100   261
05012101   234
05012102   122
05012103    92
05012104   119
05012105   194
05012106   310
05012107   224
05012108   142
05012109   258
05012110   241
05012111   350
05012112   355
05012113   335
05012114   195
05012115   375
05012116   337
05012117  2111
05012118  1956
05012119  1580
05012120   935
05012121   592
05012122   726
05012123   513
05012200   175
05012201   262
05012202   433
05012203   805
05012204   554
05012205   645
05012206   499
05012207   190
05012208   219
05012209   271
05012210   315
05012211   305
05012212   211
05012213   482
05012214   471
05012215   442
05012216   220
05012217   373
05012218   218
05012219   546
05012220   468
05012221   484
05012222   521
05012223   365
05012300   241
05012301   176
05012302   293
05012303   340
05012304   190
05012305   163
05012306   188
05012307   213
05012308   144
05012309   235
05012310   222
05012311   234
05012312   394
05012313   277
05012314   400
05012315   336
05012316   466
05012317   342
05012318   321
05012319   218
05012320   205
05012321   359
05012322   407
05012323   388
05012400   153
05012401   138
05012402   125
05012403   109
05012404    57
05012405    83
05012406    89
05012407    82
05012408   162
05012409   227
05012410   254
05012411   250
05012412   217
05012413   324
05012414   107
05012415   364
05012416   346
05012417   387
05012418   224
05012419   117
05012420    46
05012421    52
05012422    99
05012423    92
05012500    53
05012501    46
05012502    37
05012503    38
05012504    41
05012505    50
05012506    69
05012507    85
05012508   119
05012509   136
05012510   217
05012511   139
05012512   120
05012513   177
05012514   304
05012515   237
05012516   126
05012517   137
05012518   122
05012519   267
05012520   211
05012521   108
05012522    51
05012523    50
05012600    39
05012601    48
05012602    67
05012603    40
05012604    42
05012605    36
05012606    27
05012607    32
05012608    45
05012609   107
05012610   118
05012611    99
05012612    93
05012613   107
05012614    51
05012615    34
05012616    34
05012617    46
05012618   121
05012619   120
05012620    98
05012621    84
05012622    35
05012623    39
05012700    29
05012701    26
05012702    27
05012703    21
05012704    24
05012705    22
05012706    26
05012707    31
05012708    40
05012709   103
05012710    74
05012711    68
05012712    66
05012713    75
05012714    49
05012715    31
05012716    29
05012717    42
05012718    86
05012719    51
05012720    37
05012721    36
05012722    49
05012723    31
05012800    46
05012801   106
05012802    93
05012803    91
05012804   162
05012805   111
05012806    38
05012807    59
05012808    92
05012809    98
05012810    59
05012811    45
05012812    31
05012813    39
05012814    28
05012815    28
05012816    43
05012817    81
05012818   121
05012819   320
05012820   479
05012821   148
05012822    48
05012823   230
05012900   376
05012901   103
05012902    53
05012903    37
05012904    47
05012905   138
05012906   204
05012907   130
05012908   156
05012909   338
05012910   589
05012911   350
05012912    51
05012913    50
05012914   275
05012915   459
05012916   152
05012917   166
05012918   533
05012919   794
05012920   159
05012921   148
05012922   552
05012923   616
05013000   355
05013001   276
05013002   289
05013003   369
05013004   485
05013005   219
05013006   314
05013007   351
05013008   263
05013009   297
05013010   589
05013011   259
05013012   333
05013013   538
05013014   292
05013015   159
05013016   260
05013017   286
05013018   258
05013019   131
05013020    68
05013021    62
05013022    84
05013023   109
05013100    64
05013101   198
05013102   304
05013103   149
05013104   111
05013105    65
05013106   182
05013107   362
05013108   191
05013109   130
05013110    82
05013111   391
05013112  1130
05013113   554
05013114   482
05013115   566
05013116   632
05013117   380
05013118   259
05013119   231
05013120   231
05013121    53
05013122    55
05013123    81

Fri Ju 2
