05070100    52
05070101   161
05070102   222
05070103   271
05070104   186
05070105   154
05070106   138
05070107   237
05070108   163
05070109    73
05070110    68
05070111    71
05070112   111
05070113   131
05070114   182
05070115   234
05070116   389
05070117   608
05070118   661
05070119   621
05070120   463
05070121   348
05070122   515
05070123   510
05070200   437
05070201   669
05070202   389
05070203   180
05070204   149
05070205   256
05070206   214
05070207    87
05070208   132
05070209   155
05070210   152
05070211   116
05070212   204
05070213   157
05070214   125
05070215   170
05070216   256
05070217   328
05070218   429
05070219   315
05070220   290
05070221   328
05070222   502
05070223   415
05070300   300
05070301   386
05070302   409
05070303   275
05070304   400
05070305   139
05070306    55
05070307   226
05070308   440
05070309   346
05070310   247
05070311   294
05070312   262
05070313   339
05070314   225
05070315   134
05070316    64
05070317    55
05070318    44
05070319    75
05070320   115
05070321    90
05070322   147
05070323   203
05070400   117
05070401   110
05070402   140
05070403   322
05070404   189
05070405   100
05070406    93
05070407   193
05070408   223
05070409    75
05070410    58
05070411    62
05070412    81
05070413    92
05070414   130
05070415    95
05070416    63
05070417    60
05070418    75
05070419   106
05070420   115
05070421   138
05070422   158
05070423   134
05070500   121
05070501   107
05070502    66
05070503    66
05070504    96
05070505    85
05070506    86
05070507   202
05070508   298
05070509   215
05070510   148
05070511   137
05070512   172
05070513    72
05070514    34
05070515    45
05070516    53
05070517    58
05070518    68
05070519    64
05070520    69
05070521    73
05070522   122
05070523    99
05070600   133
05070601    59
05070602    46
05070603    52
05070604    44
05070605    42
05070606   133
05070607   118
05070608    78
05070609    84
05070610   122
05070611   101
05070612    87
05070613    87
05070614   118
05070615   143
05070616   231
05070617   246
05070618    57
05070619    61
05070620    59
05070621    90
05070622   112
05070623   158
05070700    64
05070701    61
05070702    56
05070703    69
05070704    47
05070705    48
05070706   112
05070707   172
05070708   174
05070709   223
05070710   292
05070711   288
05070712   243
05070713   284
05070714   214
05070715   200
05070716   286
05070717   179
05070718   103
05070719   140
05070720   193
05070721   270
05070722   246
05070723   217
05070800   270
05070801   338
05070802   311
05070803   149
05070804   133
05070805    54
05070806    29
05070807    35
05070808    43
05070809    53
05070810    61
05070811    59
05070812   103
05070813   125
05070814    94
05070815   100
05070816    93
05070817    69
05070818    69
05070819    65
05070820    57
05070821   121
05070822   174
05070823   151
05070900    78
05070901    64
05070902   108
05070903   179
05070904   211
05070905   120
05070906   179
05070907   356
05070908   606
05070909   723
05070910   580
05070911   558
05070912   511
05070913   660
05070914   884
05070915   887
05070916  1067
05070917   755
05070918   761
05070919   676
05070920   443
05070921   405
05070922   841
05070923   721
05071000   668
05071001   546
05071002   281
05071003   789
05071004   854
05071005   380
05071006   425
05071007   694
05071008   218
05071009   130
05071010   198
05071011   493
05071012   745
05071013  1174
05071014  1592
05071015  1497
05071016  1442
05071017   971
05071018  1021
05071019   914
05071020   807
05071021   726
05071022   840
05071023   527
05071100   575
05071101   502
05071102   294
05071103   292
05071104   261
05071105   358
05071106   565
05071107   856
05071108   266
05071109   309
05071110   338
05071111   298
05071112   429
05071113   562
05071114   322
05071115   366
05071116   373
05071117   595
05071118   806
05071119   932
05071120   424
05071121   346
05071122   502
05071123   597
05071200   538
05071201   828
05071202  1242
05071203  1043
05071204  1230
05071205  1230
05071206   823
05071207   385
05071208   450
05071209   384
05071210   607
05071211   838
05071212   878
05071213   873
05071214  1420
05071215   637
05071216   392
05071217   286
05071218   114
05071219    72
05071220   104
05071221    73
05071222    39
05071223    43
05071300    64
05071301    57
05071302    45
05071303    30
05071304    37
05071305   169
05071306   219
05071307   280
05071308   539
05071309   905
05071310   867
05071311   658
05071312   647
05071313   881
05071314   438
05071315   486
05071316   430
05071317   658
05071318   233
05071319    65
05071320   142
05071321   266
05071322   266
05071323   279
05071400   115
05071401    77
05071402   106
05071403   270
05071404   388
05071405   516
05071406   367
05071407   189
05071408   266
05071409   508
05071410   549
05071411   466
05071412   324
05071413   270
05071414   388
05071415   251
05071416   105
05071417    46
05071418    51
05071419    25
05071420    35
05071421    69
05071422    91
05071423    36
05071500    52
05071501    86
05071502    73
05071503    71
05071504    94
05071505   230
05071506   299
05071507   243
05071508   179
05071509    97
05071510   185
05071511   187
05071512   192
05071513   237
05071514   149
05071515   148
05071516   192
05071517   133
05071518   124
05071519   185
05071520   220
05071521   229
05071522   227
05071523   143
05071600   256
05071601   505
05071602   463
05071603   704
05071604   643
05071605   500
05071606   373
05071607   395
05071608   349
05071609   141
05071610    73
05071611    53
05071612    42
05071613    41
05071614    93
05071615   117
05071616   256
05071617   299
05071618    94
05071619   124
05071620    86
05071621    69
05071622   103
05071623   156
05071700   120
05071701    75
05071702    68
05071703    55
05071704    55
05071705    45
05071706   126
05071707   111
05071708   374
05071709   911
05071710   944
05071711   506
05071712   119
05071713    99
05071714   405
05071715   306
05071716   142
05071717   189
05071718   193
05071719   247
05071720   169
05071721   189
05071722   455
05071723  1064
05071800   880
05071801  1005
05071802   964
05071803   887
05071804   947
05071805   853
05071806   768
05071807  1008
05071808   642
05071809   618
05071810   323
05071811   227
05071812   486
05071813   367
05071814   269
05071815   189
05071816   136
05071817   170
05071818   229
05071819   372
05071820   514
05071821   600
05071822   470
05071823   398
05071900   231
05071901   421
05071902   407
05071903   262
05071904   164
05071905   219
05071906   365
05071907   412
05071908   179
05071909   137
05071910    64
05071911    49
05071912   143
05071913   238
05071914   247
05071915   110
05071916    68
05071917    53
05071918    94
05071919    69
05071920   193
05071921   323
05071922   431
05071923   577
05072000   537
05072001   134
05072002    92
05072003    87
05072004   129
05072005   318
05072006   391
05072007   116
05072008    71
05072009   147
05072010   151
05072011   370
05072012   767
05072013   374
05072014   162
05072015   204
05072016   480
05072017   480
05072018   613
05072019   660
05072020   379
05072021   103
05072022   141
05072023   491
05072100   689
05072101   795
05072102   559
05072103   941
05072104   613
05072105   405
05072106   633
05072107   434
05072108   593
05072109   782
05072110   484
05072111   133
05072112    68
05072113    86
05072114    82
05072115   113
05072116   273
05072117   354
05072118   437
05072119   539
05072120   369
05072121   362
05072122   448
05072123   349
05072200   336
05072201   381
05072202   172
05072203   101
05072204   371
05072205   290
05072206   138
05072207   131
05072208   177
05072209   171
05072210   166
05072211   120
05072212   229
05072213   366
05072214   509
05072215   285
05072216   363
05072217   510
05072218   262
05072219   352
05072220   400
05072221   266
05072222    69
05072223   129
05072300   181
05072301    87
05072302   139
05072303   118
05072304   158
05072305   117
05072306   149
05072307   119
05072308    97
05072309   199
05072310   209
05072311   198
05072312   209
05072313   146
05072314   217
05072315   171
05072316   156
05072317    47
05072318    39
05072319    44
05072320    59
05072321    58
05072322    57
05072323   100
05072400    47
05072401    37
05072402    32
05072403    31
05072404    43
05072405    26
05072406    56
05072407    31
05072408    42
05072409    55
05072410    43
05072411    41
05072412    48
05072413    47
05072414    55
05072415    94
05072416   135
05072417   148
05072418   193
05072419   162
05072420    70
05072421    63
05072422    60
05072423    58
05072500    64
05072501    69
05072502   178
05072503   168
05072504   144
05072505    60
05072506    50
05072507   141
05072508   119
05072509    50
05072510    34
05072511    32
05072512    36
05072513    48
05072514    64
05072515    68
05072516    87
05072517    88
05072518    79
05072519    88
05072520    91
05072521    91
05072522   116
05072523   203
05072600    92
05072601    66
05072602    96
05072603   101
05072604    74
05072605   105
05072606   234
05072607   187
05072608   175
05072609   222
05072610   262
05072611   178
05072612    82
05072613    71
05072614    66
05072615    94
05072616   118
05072617   241
05072618    84
05072619    63
05072620    52
05072621    56
05072622    59
05072623    95
05072700   175
05072701   224
05072702   172
05072703   114
05072704   199
05072705   275
05072706   447
05072707   260
05072708   389
05072709   381
05072710   373
05072711   263
05072712   125
05072713   213
05072714    92
05072715   122
05072716   161
05072717   272
05072718   210
05072719    95
05072720   408
05072721   661
05072722   371
05072723   338
05072800   283
05072801   359
05072802   427
05072803   645
05072804  1095
05072805   657
05072806   317
05072807   262
05072808   313
05072809   508
05072810   439
05072811   235
05072812   372
05072813  1004
05072814   740
05072815   215
05072816   250
05072817   214
05072818   371
05072819   192
05072820   323
05072821   521
05072822   517
05072823   337
05072900   487
05072901   234
05072902   243
05072903   482
05072904   480
05072905   180
05072906   277
05072907   129
05072908   117
05072909   262
05072910   527
05072911   668
05072912   286
05072913   136
05072914   186
05072915   316
05072916   440
05072917   869
05072918   350
05072919   148
05072920   117
05072921   294
05072922   301
05072923   344
05073000   399
05073001   566
05073002   611
05073003   289
05073004   475
05073005   548
05073006   245
05073007   298
05073008   443
05073009   305
05073010    60
05073011    62
05073012    52
05073013    69
05073014   127
05073015    97
05073016   111
05073017    57
05073018   113
05073019    89
05073020    60
05073021    57
05073022    87
05073023   189
05073100   180
05073101    84
05073102    52
05073103   126
05073104   419
05073105   426
05073106   378
05073107   249
05073108    80
05073109   178
05073110    89
05073111    72
05073112    77
05073113   191
05073114   203
05073115   121
05073116    69
05073117    48
05073118    41
05073119    42
05073120    45
05073121   111
05073122   417
05073123   599

Fri Ju 2
