05030100   106
05030101    69
05030102    73
05030103    97
05030104   100
05030105    67
05030106   197
05030107   260
05030108   275
05030109   588
05030110   421
05030111   239
05030112    96
05030113    38
05030114    40
05030115    70
05030116    81
05030117    52
05030118   137
05030119   206
05030120   140
05030121   185
05030122   519
05030123   301
05030200   157
05030201   229
05030202   271
05030203   204
05030204   317
05030205   159
05030206   134
05030207   299
05030208   582
05030209   334
05030210   253
05030211   508
05030212   307
05030213   199
05030214   147
05030215   278
05030216   443
05030217   169
05030218    51
05030219    55
05030220    97
05030221    69
05030222    36
05030223    56
05030300    48
05030301    52
05030302    78
05030303    77
05030304    47
05030305    37
05030306    51
05030307    80
05030308    98
05030309    65
05030310    41
05030311    33
05030312    49
05030313   112
05030314    62
05030315    93
05030316    90
05030317    73
05030318   134
05030319   239
05030320    94
05030321    38
05030322    32
05030323    36
05030400    23
05030401    24
05030402    29
05030403    22
05030404    29
05030405    34
05030406    62
05030407    51
05030408    56
05030409    62
05030410    54
05030411    36
05030412    57
05030413    58
05030414    54
05030415    32
05030416    32
05030417    32
05030418    30
05030419    38
05030420    32
05030421    27
05030422    24
05030423    19
05030500    17
05030501    19
05030502   151
05030503   122
05030504   148
05030505   350
05030506   308
05030507   269
05030508   137
05030509    67
05030510   108
05030511   138
05030512   276
05030513   165
05030514   312
05030515   406
05030516   296
05030517   379
05030518   492
05030519   542
05030520   451
05030521   542
05030522   726
05030523   519
05030600   359
05030601   815
05030602   543
05030603   387
05030604   215
05030605   163
05030606   369
05030607   586
05030608   629
05030609   553
05030610   701
05030611   471
05030612   206
05030613   103
05030614   351
05030615   777
05030616  1093
05030617   792
05030618   667
05030619   798
05030620   365
05030621   501
05030622   803
05030623   630
05030700   417
05030701   518
05030702   641
05030703   554
05030704   444
05030705   621
05030706  1070
05030707   622
05030708   301
05030709   142
05030710   175
05030711   738
05030712   565
05030713   685
05030714   401
05030715   299
05030716   535
05030717   658
05030718  1036
05030719   525
05030720   436
05030721   366
05030722   492
05030723   613
05030800   728
05030801   618
05030802   507
05030803   672
05030804   371
05030805   473
05030806   506
05030807   459
05030808   486
05030809   491
05030810   312
05030811   445
05030812   203
05030813   239
05030814   153
05030815   119
05030816   369
05030817   648
05030818   502
05030819   596
05030820   715
05030821   491
05030822   407
05030823   261
05030900   313
05030901   566
05030902   499
05030903   612
05030904   484
05030905   602
05030906   384
05030907   224
05030908   359
05030909   226
05030910   306
05030911   322
05030912   336
05030913   286
05030914   214
05030915   439
05030916   559
05030917   572
05030918   451
05030919   785
05030920   841
05030921   379
05030922   285
05030923   689
05031000   729
05031001   540
05031002   462
05031003   388
05031004   293
05031005   339
05031006   298
05031007   260
05031008   397
05031009   309
05031010   275
05031011   257
05031012   280
05031013   317
05031014   298
05031015   644
05031016   303
05031017   126
05031018   125
05031019   129
05031020    85
05031021   129
05031022    87
05031023    47
05031100    78
05031101   170
05031102   214
05031103   175
05031104   222
05031105   202
05031106   142
05031107   186
05031108   243
05031109    61
05031110    65
05031111   136
05031112   103
05031113   118
05031114    41
05031115    39
05031116    43
05031117    46
05031118    34
05031119    27
05031120    28
05031121    31
05031122    65
05031123    52
05031200    38
05031201    41
05031202    81
05031203   106
05031204    93
05031205    78
05031206    92
05031207    57
05031208    81
05031209    56
05031210    64
05031211    49
05031212    61
05031213    92
05031214    54
05031215    34
05031216    36
05031217    81
05031218    29
05031219    42
05031220    84
05031221    71
05031222    83
05031223   127
05031300    74
05031301    42
05031302    26
05031303    29
05031304    29
05031305    36
05031306    35
05031307    46
05031308    61
05031309   132
05031310   109
05031311   213
05031312   168
05031313    82
05031314    68
05031315    78
05031316    50
05031317   114
05031318   280
05031319   145
05031320   105
05031321   145
05031322   429
05031323   565
05031400   487
05031401   404
05031402   718
05031403   541
05031404   554
05031405   698
05031406   283
05031407   197
05031408   225
05031409   335
05031410   563
05031411   469
05031412   425
05031413   930
05031414   381
05031415   107
05031416    97
05031417   223
05031418   174
05031419   190
05031420    66
05031421    44
05031422   153
05031423   359
05031500   141
05031501    68
05031502    36
05031503    50
05031504    89
05031505    93
05031506    80
05031507    79
05031508    75
05031509    67
05031510    41
05031511    44
05031512    36
05031513    50
05031514    86
05031515    51
05031516    53
05031517    34
05031518    28
05031519    24
05031520    29
05031521    53
05031522   100
05031523   123
05031600    51
05031601    36
05031602    24
05031603    24
05031604    28
05031605    31
05031606    48
05031607    42
05031608    44
05031609    39
05031610    53
05031611    55
05031612    61
05031613    58
05031614   178
05031615   273
05031616   128
05031617    78
05031618   266
05031619   211
05031620   191
05031621   221
05031622   142
05031623   390
05031700   371
05031701   308
05031702   293
05031703   443
05031704   439
05031705   467
05031706   419
05031707   360
05031708   222
05031709   489
05031710   429
05031711   377
05031712   110
05031713    61
05031714    64
05031715    66
05031716   218
05031717   609
05031718   147
05031719    39
05031720    52
05031721    84
05031722   123
05031723    64
05031800    78
05031801    71
05031802    67
05031803    63
05031804    74
05031805    47
05031806    32
05031807    61
05031808   170
05031809   186
05031810   245
05031811   105
05031812    44
05031813    36
05031814    26
05031815    30
05031816    52
05031817   242
05031818   756
05031819   675
05031820   676
05031821   519
05031822   310
05031823   476
05031900   616
05031901   466
05031902   384
05031903   341
05031904   164
05031905   192
05031906   301
05031907   263
05031908   160
05031909   104
05031910    94
05031911   240
05031912   310
05031913    72
05031914    22
05031915    32
05031916    28
05031917    20
05031918    20
05031919    21
05031920    31
05031921    47
05031922    59
05031923    42
05032000    35
05032001    29
05032002    28
05032003    41
05032004   130
05032005    75
05032006    56
05032007    73
05032008    69
05032009    79
05032010   266
05032011   317
05032012   330
05032013   203
05032014   172
05032015   141
05032016   118
05032017   134
05032018   249
05032019   131
05032020    82
05032021   122
05032022   134
05032023   128
05032100    90
05032101    75
05032102    76
05032103   100
05032104    51
05032105    52
05032106    42
05032107    42
05032108    69
05032109    69
05032110    86
05032111   483
05032112   585
05032113   132
05032114    44
05032115    96
05032116   151
05032117   184
05032118    86
05032119    95
05032120    98
05032121   107
05032122   142
05032123    44
05032200    31
05032201    30
05032202    24
05032203    23
05032204    25
05032205    21
05032206    30
05032207    25
05032208    33
05032209    40
05032210    42
05032211    39
05032212    38
05032213    39
05032214    37
05032215    38
05032216    40
05032217    55
05032218    56
05032219    28
05032220    36
05032221    53
05032222    33
05032223    33
05032300    32
05032301    33
05032302    28
05032303    28
05032304    25
05032305    23
05032306    31
05032307    40
05032308    49
05032309    54
05032310    52
05032311    52
05032312    49
05032313    61
05032314    82
05032315    56
05032316   183
05032317   328
05032318   255
05032319   202
05032320   105
05032321   181
05032322   139
05032323    51
05032400    49
05032401    40
05032402    29
05032403    31
05032404    46
05032405    86
05032406    66
05032407    74
05032408    76
05032409    53
05032410   125
05032411   119
05032412    76
05032413    94
05032414   139
05032415   118
05032416    39
05032417    41
05032418    31
05032419    49
05032420   229
05032421    90
05032422    45
05032423    56
05032500    47
05032501    40
05032502    34
05032503    50
05032504   239
05032505   527
05032506   652
05032507   825
05032508   526
05032509   208
05032510   115
05032511   150
05032512   116
05032513   270
05032514   173
05032515   310
05032516   422
05032517   400
05032518   341
05032519   182
05032520   151
05032521   354
05032522   493
05032523   335
05032600   124
05032601   114
05032602   103
05032603   137
05032604   412
05032605   343
05032606   386
05032607   379
05032608   405
05032609   668
05032610   527
05032611   679
05032612   545
05032613   412
05032614   406
05032615   275
05032616   184
05032617   272
05032618   207
05032619   213
05032620   169
05032621   120
05032622    68
05032623   109
05032700    88
05032701   189
05032702   152
05032703   167
05032704   143
05032705   111
05032706   329
05032707   433
05032708   234
05032709   330
05032710   236
05032711   190
05032712   112
05032713   478
05032714   185
05032715   109
05032716   389
05032717   550
05032718   482
05032719   334
05032720   445
05032721   247
05032722   172
05032723   210
05032800   101
05032801    93
05032802    81
05032803    73
05032804    87
05032805    57
05032806    76
05032807    85
05032808    75
05032809    50
05032810    54
05032811    49
05032812    51
05032813    46
05032814    43
05032815    67
05032816    53
05032817    42
05032818    39
05032819    33
05032820    59
05032821   155
05032822   102
05032823    48
05032900    39
05032901    33
05032902    34
05032903    35
05032904    47
05032905    33
05032906    28
05032907    28
05032908    31
05032909    35
05032910    43
05032911    44
05032912    44
05032913    42
05032914    47
05032915    54
05032916    95
05032917    47
05032918    25
05032919    34
05032920    30
05032921    68
05032922   192
05032923   318
05033000   221
05033001   155
05033002   174
05033003   209
05033004   390
05033005   327
05033006   407
05033007   231
05033008   235
05033009   323
05033010   362
05033011   312
05033012   225
05033013   178
05033014    70
05033015    55
05033016    92
05033017   340
05033018    76
05033019    54
05033020    77
05033021    74
05033022    46
05033023    40
05033100    34
05033101    51
05033102   106
05033103   259
05033104    99
05033105    41
05033106    53
05033107    81
05033108   337
05033109   136
05033110    73
05033111    66
05033112    55
05033113    50
05033114    53
05033115   126
05033116   187
05033117   351
05033118   534
05033119   467
05033120   133
05033121   254
05033122   154
05033123    51

Fri Ju 2
