05060100   622
05060101   518
05060102   378
05060103   218
05060104   201
05060105   273
05060106   158
05060107   190
05060108   100
05060109    61
05060110    78
05060111   101
05060112   134
05060113   100
05060114    82
05060115    92
05060116   161
05060117   254
05060118   126
05060119    69
05060120    98
05060121    85
05060122    52
05060123    58
05060200    71
05060201    69
05060202   179
05060203   148
05060204    48
05060205    35
05060206    83
05060207   147
05060208    96
05060209    90
05060210   203
05060211   277
05060212   180
05060213   112
05060214    76
05060215    74
05060216    69
05060217    47
05060218    89
05060219    34
05060220    48
05060221   108
05060222   273
05060223   380
05060300   252
05060301   243
05060302   118
05060303   120
05060304   115
05060305   160
05060306   352
05060307   214
05060308   115
05060309    84
05060310   120
05060311   217
05060312   267
05060313   135
05060314   100
05060315    87
05060316    88
05060317    72
05060318    85
05060319    66
05060320    95
05060321    71
05060322    65
05060323    62
05060400   101
05060401   111
05060402   268
05060403   197
05060404   178
05060405   180
05060406    81
05060407    87
05060408   297
05060409   175
05060410   169
05060411   270
05060412   253
05060413   210
05060414   317
05060415   272
05060416   437
05060417   364
05060418   661
05060419  1206
05060420   634
05060421   194
05060422   494
05060423   580
05060500   466
05060501   359
05060502   517
05060503   413
05060504   322
05060505   310
05060506   550
05060507   755
05060508   405
05060509   493
05060510   306
05060511   191
05060512   151
05060513   149
05060514    65
05060515   160
05060516   384
05060517   431
05060518   407
05060519   247
05060520   200
05060521   388
05060522   421
05060523   545
05060600   367
05060601   225
05060602   497
05060603   516
05060604   196
05060605   160
05060606   293
05060607   354
05060608   110
05060609    41
05060610    40
05060611    42
05060612    67
05060613   216
05060614   135
05060615    57
05060616    62
05060617   199
05060618   243
05060619   234
05060620   315
05060621   478
05060622   613
05060623   507
05060700   530
05060701   501
05060702   529
05060703   759
05060704   731
05060705   623
05060706   583
05060707   245
05060708   130
05060709   218
05060710   188
05060711   395
05060712   415
05060713   287
05060714   165
05060715    88
05060716    78
05060717    74
05060718    98
05060719   114
05060720   186
05060721   394
05060722   313
05060723   382
05060800   364
05060801   263
05060802   265
05060803   281
05060804    97
05060805    53
05060806   100
05060807   211
05060808   246
05060809   162
05060810   142
05060811   123
05060812    64
05060813    87
05060814    64
05060815    57
05060816   106
05060817    77
05060818    89
05060819   118
05060820   104
05060821    57
05060822    56
05060823   113
05060900   126
05060901    74
05060902    52
05060903    51
05060904    44
05060905    51
05060906    54
05060907    44
05060908    45
05060909    49
05060910    86
05060911   116
05060912   213
05060913   133
05060914   215
05060915   267
05060916    90
05060917    69
05060918    62
05060919    97
05060920   111
05060921   137
05060922   172
05060923   196
05061000    84
05061001    89
05061002    56
05061003    61
05061004    79
05061005    73
05061006    82
05061007    98
05061008   164
05061009   105
05061010   190
05061011   129
05061012   118
05061013   112
05061014    99
05061015    51
05061016    79
05061017    78
05061018   161
05061019   229
05061020   157
05061021   116
05061022   101
05061023   101
05061100   121
05061101   183
05061102   272
05061103   123
05061104    61
05061105    60
05061106    75
05061107   113
05061108    77
05061109    56
05061110    93
05061111   142
05061112    88
05061113    75
05061114   108
05061115   131
05061116   200
05061117   236
05061118   157
05061119   126
05061120   233
05061121   254
05061122   293
05061123   259
05061200   184
05061201   199
05061202   111
05061203    97
05061204   176
05061205   219
05061206   460
05061207   469
05061208   333
05061209   211
05061210   212
05061211   289
05061212   199
05061213   233
05061214   700
05061215   435
05061216   392
05061217   564
05061218  1559
05061219  1561
05061220  1323
05061221  1004
05061222   636
05061223  1065
05061300   860
05061301   676
05061302   947
05061303   982
05061304   951
05061305  1021
05061306  1189
05061307   839
05061308   876
05061309   933
05061310   668
05061311   465
05061312   848
05061313   632
05061314   469
05061315   184
05061316   205
05061317   316
05061318   543
05061319   217
05061320   148
05061321   151
05061322   140
05061323    86
05061400   126
05061401   164
05061402   186
05061403    96
05061404    59
05061405   165
05061406   331
05061407   307
05061408   335
05061409   273
05061410   275
05061411   160
05061412    79
05061413    71
05061414    98
05061415    80
05061416    38
05061417    35
05061418   131
05061419   337
05061420   552
05061421   434
05061422   133
05061423   183
05061500   201
05061501   155
05061502   125
05061503   478
05061504   593
05061505   492
05061506   526
05061507   720
05061508   823
05061509   655
05061510   845
05061511   723
05061512   631
05061513   679
05061514   367
05061515   177
05061516   174
05061517   108
05061518    45
05061519    51
05061520    33
05061521    55
05061522    68
05061523    50
05061600    52
05061601    45
05061602    39
05061603    39
05061604    47
05061605    49
05061606    58
05061607    72
05061608    86
05061609   302
05061610   685
05061611   837
05061612   403
05061613   279
05061614   366
05061615   444
05061616   459
05061617   254
05061618   352
05061619   469
05061620   475
05061621   270
05061622   261
05061623   427
05061700   501
05061701   750
05061702   888
05061703   680
05061704   344
05061705   181
05061706   231
05061707   165
05061708    49
05061709    60
05061710   186
05061711   394
05061712   416
05061713   308
05061714   197
05061715   377
05061716   402
05061717   237
05061718   383
05061719   345
05061720   248
05061721   110
05061722    77
05061723    90
05061800   111
05061801   109
05061802    93
05061803   177
05061804   278
05061805    85
05061806   127
05061807   184
05061808   240
05061809   135
05061810    79
05061811   100
05061812   178
05061813   292
05061814   177
05061815   174
05061816   217
05061817   159
05061818   121
05061819   234
05061820   410
05061821   169
05061822    80
05061823    51
05061900    48
05061901    58
05061902   126
05061903   129
05061904   133
05061905   144
05061906   110
05061907    47
05061908   183
05061909   296
05061910   223
05061911   205
05061912   191
05061913   252
05061914   147
05061915   141
05061916   194
05061917    98
05061918    74
05061919    74
05061920    99
05061921    95
05061922   108
05061923    80
05062000    78
05062001    79
05062002    73
05062003   131
05062004   111
05062005    92
05062006    72
05062007    97
05062008   117
05062009   110
05062010   117
05062011   205
05062012   244
05062013   137
05062014    47
05062015    54
05062016    57
05062017    59
05062018    43
05062019    52
05062020    32
05062021    34
05062022    34
05062023    39
05062100    32
05062101    32
05062102    35
05062103    31
05062104    32
05062105    40
05062106    43
05062107    48
05062108    38
05062109    37
05062110    40
05062111    47
05062112    47
05062113    51
05062114    41
05062115    52
05062116    54
05062117    31
05062118    43
05062119    46
05062120    59
05062121    63
05062122    62
05062123    68
05062200    52
05062201    55
05062202    59
05062203    58
05062204    55
05062205    41
05062206    36
05062207    44
05062208    50
05062209    53
05062210    70
05062211    77
05062212    73
05062213    73
05062214    57
05062215    36
05062216    34
05062217    65
05062218   128
05062219   234
05062220   232
05062221   263
05062222   325
05062223   537
05062300   690
05062301   693
05062302   525
05062303   926
05062304  1125
05062305  1035
05062306  1028
05062307  1228
05062308  1332
05062309   977
05062310   760
05062311   353
05062312   878
05062313   425
05062314   174
05062315   496
05062316   362
05062317   575
05062318   599
05062319   829
05062320   679
05062321   371
05062322   217
05062323   249
05062400   380
05062401   678
05062402   591
05062403   498
05062404   296
05062405   218
05062406   104
05062407   106
05062408   183
05062409   112
05062410   352
05062411   408
05062412   138
05062413    70
05062414    65
05062415    99
05062416   125
05062417    70
05062418    63
05062419    35
05062420    41
05062421    44
05062422    82
05062423   202
05062500   275
05062501   423
05062502   654
05062503   499
05062504   237
05062505   290
05062506    68
05062507    50
05062508   121
05062509   123
05062510   173
05062511   213
05062512   214
05062513    98
05062514   124
05062515   151
05062516   381
05062517   386
05062518   329
05062519   195
05062520   381
05062521   378
05062522   307
05062523   397
05062600   211
05062601   202
05062602   381
05062603   507
05062604   333
05062605   108
05062606    62
05062607    97
05062608   304
05062609   306
05062610   248
05062611   257
05062612   180
05062613   265
05062614   293
05062615   285
05062616   212
05062617   236
05062618   121
05062619    70
05062620    65
05062621   164
05062622   235
05062623    92
05062700    64
05062701    97
05062702    73
05062703    31
05062704    24
05062705    36
05062706    41
05062707    38
05062708    38
05062709    59
05062710   119
05062711   158
05062712   144
05062713   255
05062714   200
05062715    71
05062716    79
05062717    73
05062718    72
05062719    79
05062720   247
05062721   253
05062722   116
05062723    66
05062800    51
05062801    58
05062802    51
05062803    72
05062804   122
05062805   105
05062806    86
05062807    96
05062808   173
05062809   115
05062810    62
05062811    83
05062812   106
05062813   105
05062814    66
05062815    83
05062816    86
05062817    50
05062818   135
05062819   134
05062820   110
05062821   101
05062822    79
05062823   111
05062900   211
05062901   213
05062902   104
05062903    93
05062904   102
05062905   193
05062906   137
05062907    60
05062908    51
05062909   146
05062910   316
05062911   186
05062912    65
05062913   112
05062914   217
05062915   192
05062916   114
05062917    37
05062918    57
05062919    58
05062920    67
05062921    56
05062922    91
05062923    75
05063000   126
05063001   104
05063002   175
05063003   121
05063004    78
05063005   117
05063006    77
05063007    76
05063008    86
05063009   153
05063010   400
05063011   296
05063012   144
05063013    84
05063014   159
05063015   182
05063016   155
05063017   236
05063018    93
05063019   105
05063020    78
05063021    68
05063022    93
05063023    86

Fri Ju 2
