05020100   272
05020101   108
05020102    41
05020103    26
05020104    27
05020105    34
05020106    32
05020107    30
05020108    37
05020109    98
05020110   191
05020111   295
05020112   166
05020113    70
05020114   103
05020115   352
05020116   180
05020117   106
05020118   109
05020119    85
05020120    52
05020121    58
05020122    33
05020123    23
05020200    26
05020201    16
05020202    27
05020203    27
05020204    67
05020205    64
05020206    90
05020207   118
05020208   315
05020209   223
05020210   217
05020211   165
05020212    79
05020213    65
05020214   160
05020215   140
05020216   273
05020217   386
05020218    68
05020219   393
05020220   278
05020221    51
05020222    29
05020223    37
05020300    40
05020301    78
05020302    63
05020303   201
05020304   561
05020305   270
05020306   223
05020307   205
05020308   454
05020309   147
05020310    37
05020311    57
05020312    58
05020313    82
05020314   109
05020315    43
05020316    51
05020317   229
05020318   139
05020319    35
05020320    27
05020321    43
05020322    55
05020323    24
05020400    23
05020401    17
05020402    17
05020403    22
05020404    23
05020405    22
05020406    23
05020407    32
05020408    22
05020409    32
05020410   105
05020411   193
05020412   103
05020413    82
05020414   105
05020415   175
05020416   155
05020417   155
05020418   165
05020419    90
05020420    39
05020421    63
05020422    46
05020423    25
05020500    22
05020501    15
05020502    24
05020503    26
05020504    22
05020505    27
05020506    34
05020507    73
05020508    51
05020509    35
05020510    26
05020511    75
05020512   118
05020513   126
05020514    29
05020515    33
05020516    31
05020517    18
05020518    41
05020519    85
05020520    62
05020521    26
05020522    19
05020523    16
05020600    16
05020601    30
05020602    82
05020603   144
05020604   206
05020605   173
05020606   342
05020607   385
05020608   209
05020609    99
05020610    44
05020611    43
05020612    23
05020613    47
05020614    70
05020615    57
05020616   188
05020617   275
05020618   300
05020619   309
05020620   281
05020621   151
05020622   262
05020623   349
05020700   267
05020701   177
05020702   235
05020703   274
05020704   322
05020705   184
05020706   179
05020707    97
05020708    71
05020709   134
05020710   275
05020711   336
05020712   167
05020713   339
05020714   972
05020715   536
05020716   267
05020717   249
05020718   509
05020719  1056
05020720   614
05020721   673
05020722   743
05020723   518
05020800   366
05020801   211
05020802   359
05020803   717
05020804   377
05020805   422
05020806   370
05020807   230
05020808   309
05020809   462
05020810   290
05020811   129
05020812   460
05020813   865
05020814   801
05020815   472
05020816   471
05020817   723
05020818   831
05020819   506
05020820   388
05020821   533
05020822   445
05020823   298
05020900   322
05020901   387
05020902   242
05020903   490
05020904   459
05020905   562
05020906   730
05020907   610
05020908   339
05020909   393
05020910   614
05020911   501
05020912   401
05020913   529
05020914   451
05020915   416
05020916   400
05020917   461
05020918   439
05020919   258
05020920   164
05020921   494
05020922   578
05020923   396
05021000   304
05021001   309
05021002   436
05021003   290
05021004   268
05021005   264
05021006   258
05021007   409
05021008   411
05021009   454
05021010   514
05021011   342
05021012   425
05021013   549
05021014   426
05021015   208
05021016   289
05021017   333
05021018   437
05021019   587
05021020   169
05021021    99
05021022   182
05021023    88
05021100    56
05021101    75
05021102   154
05021103   398
05021104   203
05021105   123
05021106   221
05021107   141
05021108   120
05021109   305
05021110   346
05021111   481
05021112   251
05021113   271
05021114   145
05021115    81
05021116    87
05021117   151
05021118   384
05021119   550
05021120   225
05021121   233
05021122   162
05021123   132
05021200   159
05021201   128
05021202   101
05021203   118
05021204    78
05021205   121
05021206    91
05021207    88
05021208    92
05021209    48
05021210    50
05021211    64
05021212    86
05021213    80
05021214    41
05021215   103
05021216   158
05021217   130
05021218   212
05021219    54
05021220    34
05021221    28
05021222    27
05021223    28
05021300    31
05021301    60
05021302    83
05021303    67
05021304    31
05021305    19
05021306    23
05021307    32
05021308    80
05021309    71
05021310   117
05021311    82
05021312    81
05021313    73
05021314    70
05021315   104
05021316   118
05021317    49
05021318   201
05021319   231
05021320    37
05021321    32
05021322    26
05021323    35
05021400    45
05021401    34
05021402    39
05021403   104
05021404   192
05021405   151
05021406    92
05021407    94
05021408    54
05021409    44
05021410    68
05021411   108
05021412   128
05021413   166
05021414    80
05021415    50
05021416    88
05021417   129
05021418   274
05021419   269
05021420   208
05021421   152
05021422   198
05021423   145
05021500    77
05021501    56
05021502    42
05021503    38
05021504    60
05021505    59
05021506   145
05021507    78
05021508    40
05021509    27
05021510    19
05021511    25
05021512    27
05021513    28
05021514    28
05021515    34
05021516    36
05021517    37
05021518    35
05021519    47
05021520    68
05021521    93
05021522    28
05021523    56
05021600    61
05021601   195
05021602    84
05021603    79
05021604    41
05021605    98
05021606    63
05021607    46
05021608   154
05021609   277
05021610   525
05021611   392
05021612   309
05021613   520
05021614   572
05021615   455
05021616   582
05021617   808
05021618   557
05021619   222
05021620   131
05021621   204
05021622   417
05021623   225
05021700   122
05021701    79
05021702    87
05021703    88
05021704   134
05021705    82
05021706    28
05021707    20
05021708    32
05021709    17
05021710    19
05021711    88
05021712   191
05021713    73
05021714    36
05021715    55
05021716   102
05021717   122
05021718    70
05021719    32
05021720   100
05021721   273
05021722   200
05021723   290
05021800   704
05021801   850
05021802   541
05021803   421
05021804   225
05021805   263
05021806   433
05021807   618
05021808   292
05021809   256
05021810   288
05021811   513
05021812   443
05021813   426
05021814   407
05021815   753
05021816   256
05021817    96
05021818   315
05021819   371
05021820   212
05021821    96
05021822   102
05021823   136
05021900   107
05021901    49
05021902    48
05021903    33
05021904    44
05021905    98
05021906   249
05021907   415
05021908   540
05021909   496
05021910   199
05021911   422
05021912   600
05021913   366
05021914   254
05021915   133
05021916   153
05021917   480
05021918   473
05021919   235
05021920   125
05021921   169
05021922   125
05021923   311
05022000   487
05022001   134
05022002    57
05022003    44
05022004    87
05022005   291
05022006   370
05022007   133
05022008    35
05022009    22
05022010    29
05022011    33
05022012   102
05022013   269
05022014   258
05022015   426
05022016   405
05022017   303
05022018   234
05022019   386
05022020   345
05022021   176
05022022   339
05022023   306
05022100   268
05022101   313
05022102   358
05022103   257
05022104   221
05022105   300
05022106   225
05022107   141
05022108   132
05022109   201
05022110   153
05022111   146
05022112   186
05022113   220
05022114   265
05022115   258
05022116   176
05022117   113
05022118    60
05022119    42
05022120    59
05022121    70
05022122   104
05022123    66
05022200    41
05022201    38
05022202    34
05022203    42
05022204    67
05022205    42
05022206    21
05022207    12
05022208    17
05022209    20
05022210    23
05022211    21
05022212    25
05022213    27
05022214    37
05022215    75
05022216   208
05022217   293
05022218   277
05022219   155
05022220    79
05022221    63
05022222    33
05022223    36
05022300    52
05022301    74
05022302    53
05022303    42
05022304    53
05022305    54
05022306    73
05022307    49
05022308    41
05022309    36
05022310    36
05022311    35
05022312    49
05022313    35
05022314    33
05022315    25
05022316    27
05022317    36
05022318    32
05022319    28
05022320    23
05022321    20
05022322    20
05022323    22
05022400    26
05022401    29
05022402    30
05022403    26
05022404    19
05022405    40
05022406    33
05022407    23
05022408    23
05022409    49
05022410    62
05022411    89
05022412   291
05022413   404
05022414    75
05022415    44
05022416    42
05022417    32
05022418    39
05022419    33
05022420    32
05022421    35
05022422   110
05022423   197
05022500   144
05022501    39
05022502    36
05022503    45
05022504    38
05022505    51
05022506    61
05022507    48
05022508   183
05022509   233
05022510   275
05022511   234
05022512   100
05022513   170
05022514   106
05022515   219
05022516   408
05022517   568
05022518   613
05022519   290
05022520    99
05022521   122
05022522   106
05022523   123
05022600   227
05022601   315
05022602   167
05022603   126
05022604   234
05022605   160
05022606   125
05022607   110
05022608    95
05022609   130
05022610   280
05022611   301
05022612   175
05022613   146
05022614   346
05022615   474
05022616   261
05022617   293
05022618   321
05022619   232
05022620   167
05022621    57
05022622    64
05022623    62
05022700    53
05022701    45
05022702    45
05022703    58
05022704   155
05022705   263
05022706   129
05022707   245
05022708   108
05022709    73
05022710    56
05022711    90
05022712   306
05022713   516
05022714   261
05022715    85
05022716   114
05022717    76
05022718    83
05022719    40
05022720    55
05022721    89
05022722    61
05022723    66
05022800    78
05022801    99
05022802   123
05022803   105
05022804   174
05022805   185
05022806   370
05022807   545
05022808   321
05022809   141
05022810   177
05022811   452
05022812   240
05022813    60
05022814    84
05022815   153
05022816   142
05022817   213
05022818   137
05022819    54
05022820    44
05022821   134
05022822   439
05022823   174

Fri Ju 2
