06120100    48
06120101    32
06120102    36
06120103    58
06120104    60
06120105    73
06120106    69
06120107    61
06120108    53
06120109    61
06120110    60
06120111    69
06120112    72
06120113    62
06120114   109
06120115    83
06120116   117
06120117    32
06120118   174
06120119   204
06120120    51
06120121    44
06120122   137
06120123   130
06120200    45
06120201    37
06120202    25
06120203    37
06120204    54
06120205    60
06120206   129
06120207    73
06120208    65
06120209    95
06120210    62
06120211    30
06120212    31
06120213   129
06120214   117
06120215    34
06120216    34
06120217    21
06120218    18
06120219    18
06120220    30
06120221    17
06120222    17
06120223    17
06120300    24
06120301    33
06120302    38
06120303    75
06120304   109
06120305    93
06120306    91
06120307    42
06120308    45
06120309    42
06120310    50
06120311    27
06120312    28
06120313    20
06120314    15
06120315    74
06120316   118
06120317    54
06120318    33
06120319    26
06120320    44
06120321    51
06120322    31
06120323    19
06120400    18
06120401    17
06120402    19
06120403    15
06120404    17
06120405    17
06120406    14
06120407     9
06120408    14
06120409    17
06120410    17
06120411    14
06120412    15
06120413    14
06120414    17
06120415    18
06120416    23
06120417    36
06120418    22
06120419    14
06120420    17
06120421    18
06120422    19
06120423    12
06120500    12
06120501    13
06120502    15
06120503    15
06120504    12
06120505    12
06120506    12
06120507    12
06120508    21
06120509    40
06120510    71
06120511    35
06120512    20
06120513    18
06120514    16
06120515    31
06120516   110
06120517   121
06120518    18
06120519    34
06120520    24
06120521    18
06120522    25
06120523    90
06120600   288
06120601   273
06120602   285
06120603   367
06120604   240
06120605   147
06120606   233
06120607   331
06120608   186
06120609   207
06120610   410
06120611   810
06120612   633
06120613   512
06120614   563
06120615   573
06120616   297
06120617   327
06120618   442
06120619   765
06120620   519
06120621   408
06120622   266
06120623   264
06120700   484
06120701   409
06120702   629
06120703   515
06120704   379
06120705   218
06120706   584
06120707   488
06120708   239
06120709    88
06120710   453
06120711   697
06120712   551
06120713   284
06120714   133
06120715   427
06120716   543
06120717   558
06120718   434
06120719   489
06120720   553
06120721   680
06120722   655
06120723   563
06120800   642
06120801   437
06120802   662
06120803   768
06120804   873
06120805   720
06120806   466
06120807   553
06120808   506
06120809   338
06120810   540
06120811   562
06120812   366
06120813   543
06120814   289
06120815   311
06120816   251
06120817   223
06120818   497
06120819   552
06120820   211
06120821   167
06120822   105
06120823    95
06120900   109
06120901   155
06120902    83
06120903    53
06120904    93
06120905    88
06120906   119
06120907    96
06120908   101
06120909    53
06120910    32
06120911    32
06120912    35
06120913    33
06120914    81
06120915   211
06120916   296
06120917   301
06120918   263
06120919    93
06120920   130
06120921   248
06120922   756
06120923   215
06121000    54
06121001    94
06121002    87
06121003   143
06121004   270
06121005   150
06121006    40
06121007    39
06121008   131
06121009   218
06121010   424
06121011   184
06121012   132
06121013   445
06121014   568
06121015   267
06121016   608
06121017   555
06121018   264
06121019   120
06121020   135
06121021   228
06121022   380
06121023   294
06121100   255
06121101   322
06121102   264
06121103   114
06121104   171
06121105   353
06121106   384
06121107   165
06121108    34
06121109   117
06121110   174
06121111   165
06121112    76
06121113   152
06121114   133
06121115    73
06121116    29
06121117    27
06121118    34
06121119    73
06121120    81
06121121   202
06121122   592
06121123   314
06121200   159
06121201    66
06121202   219
06121203   409
06121204   633
06121205   718
06121206   480
06121207   145
06121208    80
06121209    99
06121210   378
06121211   397
06121212   209
06121213   824
06121214   445
06121215   155
06121216   367
06121217   582
06121218   250
06121219   556
06121220   706
06121221   461
06121222   320
06121223   240
06121300   227
06121301   323
06121302   155
06121303   120
06121304   177
06121305    82
06121306    35
06121307    35
06121308    40
06121309    30
06121310    50
06121311    54
06121312    61
06121313    48
06121314    30
06121315    46
06121316    39
06121317    28
06121318    27
06121319    47
06121320    26
06121321    69
06121322    45
06121323    44
06121400   103
06121401   171
06121402   176
06121403   104
06121404    94
06121405    84
06121406    52
06121407   123
06121408   209
06121409   223
06121410   147
06121411   107
06121412   244
06121413   220
06121414  1016
06121415  1616
06121416  1162
06121417  1269
06121418   886
06121419   561
06121420   577
06121421   341
06121422   765
06121423   888
06121500   900
06121501   543
06121502  1290
06121503  1263
06121504   912
06121505   754
06121506   801
06121507  1068
06121508  1245
06121509  1372
06121510  1117
06121511  1333
06121512  1295
06121513  1163
06121514   860
06121515   547
06121516   513
06121517   532
06121518   612
06121519   374
06121520   416
06121521   314
06121522   323
06121523   279
06121600   312
06121601   227
06121602   176
06121603   237
06121604   100
06121605    48
06121606    47
06121607    90
06121608    94
06121609    46
06121610    18
06121611    21
06121612    25
06121613    18
06121614    20
06121615    28
06121616    41
06121617    78
06121618   124
06121619    67
06121620   136
06121621    85
06121622    57
06121623    91
06121700    62
06121701   128
06121702   117
06121703    52
06121704    35
06121705    49
06121706    34
06121707    53
06121708    49
06121709    27
06121710    26
06121711    31
06121712    18
06121713    24
06121714    56
06121715    37
06121716    62
06121717    33
06121718    39
06121719    48
06121720    77
06121721    33
06121722    21
06121723    23
06121800    25
06121801    27
06121802    30
06121803    65
06121804   103
06121805    85
06121806    72
06121807    79
06121808    60
06121809    38
06121810   240
06121811   161
06121812    43
06121813    35
06121814    77
06121815    69
06121816    49
06121817   134
06121818   136
06121819   162
06121820    35
06121821   131
06121822   367
06121823   356
06121900   261
06121901   246
06121902   216
06121903   142
06121904   283
06121905   286
06121906   104
06121907    87
06121908   199
06121909   668
06121910   462
06121911   759
06121912   290
06121913   333
06121914   392
06121915   340
06121916   333
06121917   235
06121918   128
06121919   124
06121920   116
06121921   117
06121922    73
06121923   223
06122000   579
06122001   519
06122002   241
06122003   156
06122004   367
06122005   387
06122006   234
06122007   228
06122008   230
06122009   171
06122010   303
06122011   289
06122012   134
06122013   513
06122014   693
06122015   461
06122016   392
06122017   177
06122018   344
06122019   499
06122020   564
06122021   482
06122022   595
06122023   560
06122100   327
06122101   259
06122102   484
06122103   205
06122104   124
06122105   145
06122106   345
06122107   306
06122108   481
06122109   246
06122110   285
06122111   425
06122112   348
06122113   327
06122114   257
06122115   199
06122116   343
06122117   426
06122118   233
06122119    91
06122120   101
06122121   122
06122122    84
06122123   105
06122200   171
06122201   176
06122202   131
06122203    95
06122204   123
06122205   347
06122206   244
06122207   193
06122208   397
06122209   699
06122210   488
06122211   548
06122212   231
06122213    55
06122214    88
06122215   248
06122216   361
06122217   384
06122218   275
06122219   288
06122220   359
06122221   275
06122222   275
06122223   174
06122300   139
06122301   106
06122302   100
06122303   138
06122304    49
06122305   109
06122306   295
06122307   245
06122308    72
06122309    63
06122310    65
06122311   236
06122312   471
06122313   494
06122314   252
06122315    76
06122316   312
06122317   581
06122318   593
06122319   223
06122320    54
06122321    56
06122322    80
06122323   193
06122400   263
06122401    85
06122402    37
06122403    61
06122404   105
06122405   151
06122406    92
06122407   262
06122408   180
06122409    46
06122410    64
06122411    63
06122412    86
06122413   216
06122414   202
06122415   286
06122416   197
06122417   388
06122418   255
06122419   257
06122420   104
06122421    65
06122422   124
06122423   134
06122500    78
06122501   121
06122502   277
06122503   145
06122504    51
06122505    82
06122506   161
06122507   100
06122508    80
06122509    37
06122510    44
06122511    96
06122512   290
06122513   182
06122514    98
06122515    99
06122516   212
06122517    94
06122518    32
06122519    24
06122520    23
06122521    23
06122522    29
06122523    22
06122600    27
06122601    18
06122602    36
06122603    26
06122604    17
06122605    19
06122606    26
06122607    30
06122608   101
06122609    94
06122610    47
06122611    31
06122612    93
06122613    74
06122614    82
06122615   150
06122616   216
06122617   123
06122618    60
06122619    32
06122620    20
06122621    14
06122622    12
06122623    10
06122700    11
06122701    11
06122702    20
06122703    29
06122704    19
06122705    10
06122706     8
06122707    13
06122708    27
06122709    86
06122710    48
06122711    50
06122712    77
06122713    37
06122714    12
06122715    25
06122716    39
06122717    22
06122718    20
06122719    14
06122720    12
06122721     9
06122722    11
06122723    11
06122800    10
06122801    10
06122802     7
06122803    17
06122804    20
06122805     9
06122806     5
06122807     4
06122808     5
06122809     6
06122810     7
06122811    10
06122812    14
06122813    43
06122814    38
06122815    45
06122816    20
06122817    17
06122818    14
06122819    13
06122820    36
06122821    27
06122822    16
06122823    16
06122900    19
06122901    29
06122902    23
06122903    14
06122904    16
06122905    15
06122906    13
06122907     9
06122908    13
06122909    10
06122910    56
06122911   119
06122912    63
06122913    28
06122914    23
06122915    22
06122916    28
06122917    36
06122918    36
06122919    39
06122920    30
06122921    20
06122922    16
06122923    11
06123000    15
06123001    18
06123002    19
06123003    18
06123004    19
06123005    61
06123006    67
06123007    42
06123008    19
06123009    15
06123010    12
06123011    10
06123012    13
06123013    32
06123014    59
06123015    78
06123016    30
06123017    33
06123018    31
06123019    27
06123020    23
06123021    11
06123022    18
06123023    21
06123100    30
06123101    39
06123102    28
06123103    23
06123104    15
06123105    11
06123106     6
06123107     5
06123108     7
06123109    11
06123110    18
06123111    11
06123112    22
06123113     8
06123114    12
06123115    13
06123116    18
06123117    39
06123118    21
06123119    11
06123120    11
06123121    14
06123122    17
06123123    18

Fri Ju 2
