06110100   198
06110101   114
06110102   109
06110103   144
06110104    98
06110105    71
06110106   118
06110107    94
06110108   106
06110109    95
06110110   175
06110111   101
06110112    63
06110113    74
06110114   394
06110115   148
06110116   150
06110117   220
06110118   119
06110119    61
06110120    63
06110121    77
06110122   162
06110123   133
06110200   191
06110201   116
06110202    93
06110203    76
06110204   155
06110205   310
06110206   274
06110207   174
06110208   186
06110209   203
06110210   233
06110211   269
06110212   158
06110213   198
06110214    88
06110215   234
06110216   442
06110217   501
06110218   363
06110219   200
06110220   236
06110221   368
06110222   261
06110223   208
06110300   243
06110301   188
06110302   145
06110303   145
06110304   188
06110305   193
06110306   142
06110307   218
06110308   200
06110309    94
06110310   134
06110311   479
06110312   697
06110313   473
06110314   154
06110315   146
06110316    49
06110317    26
06110318    21
06110319    48
06110320    28
06110321    34
06110322    26
06110323    20
06110400    15
06110401    29
06110402    48
06110403    57
06110404   104
06110405   162
06110406   287
06110407   192
06110408    81
06110409    92
06110410    56
06110411    28
06110412    44
06110413    26
06110414    18
06110415    58
06110416   207
06110417   290
06110418   110
06110419    77
06110420   157
06110421   150
06110422   142
06110423    65
06110500    43
06110501    30
06110502    21
06110503    15
06110504    31
06110505    70
06110506   159
06110507   158
06110508   332
06110509   233
06110510   408
06110511   412
06110512   388
06110513   148
06110514    35
06110515    58
06110516   234
06110517   125
06110518    69
06110519    68
06110520    68
06110521    56
06110522    38
06110523    27
06110600    22
06110601    20
06110602    18
06110603    13
06110604    13
06110605    29
06110606    68
06110607   147
06110608   205
06110609    79
06110610    44
06110611    40
06110612    38
06110613    22
06110614    20
06110615    20
06110616    29
06110617    20
06110618    16
06110619    16
06110620    21
06110621    26
06110622    40
06110623    18
06110700    13
06110701    14
06110702    10
06110703    11
06110704    12
06110705    17
06110706    16
06110707    18
06110708    18
06110709    21
06110710    21
06110711    24
06110712    28
06110713    30
06110714    26
06110715    25
06110716    22
06110717    18
06110718    15
06110719    14
06110720    15
06110721    14
06110722    13
06110723    10
06110800    10
06110801    11
06110802    10
06110803    13
06110804    14
06110805    12
06110806     7
06110807    11
06110808    16
06110809    22
06110810    27
06110811    32
06110812    31
06110813    31
06110814    30
06110815    35
06110816    35
06110817    27
06110818    23
06110819    17
06110820    19
06110821    14
06110822    17
06110823    10
06110900     8
06110901    10
06110902    12
06110903    13
06110904    11
06110905     8
06110906    11
06110907     7
06110908     8
06110909    17
06110910    14
06110911    19
06110912    26
06110913    35
06110914    31
06110915    34
06110916    41
06110917    48
06110918   113
06110919   369
06110920   289
06110921   356
06110922   863
06110923   683
06111000   565
06111001   463
06111002   584
06111003   280
06111004   423
06111005   842
06111006   610
06111007   311
06111008   174
06111009   524
06111010  1042
06111011   454
06111012   264
06111013   618
06111014   695
06111015   161
06111016   273
06111017   261
06111018   399
06111019   447
06111020   159
06111021    87
06111022   215
06111023   308
06111100   410
06111101   478
06111102   397
06111103   585
06111104   418
06111105   556
06111106   637
06111107   436
06111108   389
06111109   617
06111110   507
06111111   314
06111112   517
06111113   464
06111114   365
06111115   231
06111116   558
06111117   336
06111118   236
06111119   231
06111120   263
06111121   110
06111122   149
06111123   195
06111200   156
06111201   157
06111202    94
06111203   164
06111204   169
06111205    85
06111206   148
06111207   278
06111208   320
06111209   203
06111210   123
06111211   276
06111212   180
06111213   239
06111214   114
06111215    63
06111216    35
06111217    31
06111218    24
06111219    23
06111220    57
06111221    86
06111222    80
06111223    71
06111300    36
06111301    38
06111302    29
06111303    17
06111304    15
06111305    18
06111306    39
06111307    87
06111308    80
06111309    16
06111310    15
06111311    12
06111312    13
06111313    16
06111314    18
06111315    20
06111316    20
06111317    33
06111318    15
06111319    18
06111320    17
06111321    15
06111322    14
06111323    13
06111400     8
06111401     6
06111402     6
06111403    10
06111404    13
06111405    29
06111406    57
06111407    56
06111408    93
06111409   224
06111410   107
06111411    48
06111412   150
06111413    78
06111414    88
06111415   123
06111416    82
06111417   146
06111418   149
06111419   125
06111420   218
06111421   185
06111422   256
06111423   449
06111500   124
06111501    50
06111502   101
06111503   228
06111504    95
06111505    65
06111506    59
06111507   114
06111508   141
06111509    72
06111510   146
06111511   205
06111512    93
06111513    47
06111514    24
06111515    54
06111516    73
06111517    39
06111518    22
06111519    26
06111520    71
06111521   187
06111522   358
06111523   334
06111600   578
06111601   567
06111602   245
06111603   139
06111604   137
06111605    28
06111606    45
06111607   125
06111608    84
06111609    29
06111610    36
06111611    40
06111612    37
06111613    28
06111614    33
06111615    24
06111616    16
06111617    31
06111618    27
06111619    20
06111620    14
06111621    11
06111622    11
06111623    23
06111700    74
06111701   170
06111702   232
06111703   214
06111704   233
06111705   209
06111706   126
06111707   141
06111708   166
06111709   100
06111710    40
06111711    96
06111712   226
06111713   432
06111714   210
06111715    98
06111716   109
06111717    38
06111718    38
06111719    28
06111720    33
06111721    26
06111722    11
06111723    13
06111800    13
06111801    19
06111802    22
06111803    19
06111804    20
06111805    17
06111806    14
06111807     9
06111808    15
06111809    23
06111810   124
06111811    67
06111812    62
06111813    42
06111814    26
06111815    21
06111816    51
06111817    40
06111818    38
06111819    64
06111820    42
06111821    35
06111822    44
06111823    36
06111900    36
06111901    51
06111902    49
06111903    58
06111904   115
06111905    98
06111906    98
06111907   110
06111908   122
06111909    91
06111910    64
06111911    79
06111912    35
06111913    37
06111914    69
06111915    42
06111916    50
06111917    27
06111918    19
06111919    19
06111920    18
06111921    20
06111922    18
06111923    14
06112000    12
06112001    13
06112002    14
06112003    15
06112004    11
06112005     9
06112006     9
06112007    10
06112008     8
06112009    10
06112010    12
06112011    15
06112012    20
06112013    22
06112014    14
06112015    13
06112016    16
06112017    16
06112018    17
06112019    18
06112020    16
06112021    17
06112022    16
06112023    17
06112100    10
06112101    17
06112102    10
06112103    11
06112104    11
06112105    11
06112106     8
06112107     9
06112108    13
06112109    13
06112110    12
06112111    10
06112112    14
06112113    12
06112114    12
06112115    17
06112116    22
06112117    17
06112118    15
06112119    15
06112120    15
06112121    15
06112122    12
06112123    11
06112200     9
06112201     7
06112202     7
06112203     7
06112204     6
06112205     6
06112206     9
06112207     7
06112208     8
06112209    10
06112210    13
06112211    17
06112212    19
06112213    24
06112214    28
06112215   103
06112216    45
06112217    27
06112218    39
06112219   107
06112220   363
06112221   329
06112222   170
06112223    64
06112300    31
06112301    44
06112302    42
06112303    20
06112304    52
06112305    73
06112306   119
06112307   295
06112308   465
06112309   507
06112310   486
06112311   636
06112312   377
06112313   419
06112314   469
06112315   110
06112316   119
06112317   335
06112318   508
06112319   554
06112320   564
06112321   216
06112322   420
06112323   420
06112400   399
06112401   354
06112402   434
06112403   686
06112404   340
06112405   448
06112406   653
06112407   292
06112408   388
06112409   361
06112410   241
06112411   358
06112412   457
06112413   400
06112414   189
06112415   223
06112416   161
06112417    93
06112418   111
06112419   162
06112420   118
06112421   136
06112422   191
06112423   161
06112500    95
06112501   100
06112502   121
06112503   181
06112504   183
06112505   286
06112506   151
06112507    86
06112508    62
06112509    57
06112510   115
06112511   178
06112512   305
06112513   154
06112514   134
06112515   599
06112516   336
06112517   271
06112518   368
06112519   484
06112520   168
06112521   148
06112522   376
06112523   305
06112600   201
06112601   112
06112602    88
06112603   333
06112604   166
06112605   122
06112606   154
06112607   428
06112608   408
06112609   248
06112610   202
06112611   146
06112612   227
06112613   175
06112614   131
06112615    80
06112616    57
06112617    30
06112618    78
06112619   269
06112620   291
06112621   242
06112622   336
06112623   256
06112700   179
06112701   217
06112702   190
06112703    97
06112704    79
06112705   126
06112706   119
06112707   164
06112708   298
06112709   336
06112710   297
06112711   159
06112712    65
06112713    28
06112714    37
06112715   205
06112716    67
06112717   159
06112718   232
06112719   132
06112720   128
06112721    97
06112722    32
06112723    25
06112800    28
06112801    48
06112802    71
06112803    46
06112804    58
06112805    89
06112806    46
06112807    57
06112808    27
06112809   149
06112810   274
06112811   153
06112812   179
06112813   344
06112814   369
06112815   191
06112816   163
06112817    59
06112818    51
06112819    36
06112820    61
06112821   123
06112822   151
06112823   123
06112900    83
06112901   108
06112902   199
06112903   324
06112904   450
06112905   251
06112906    98
06112907    38
06112908    18
06112909    14
06112910    19
06112911    16
06112912    19
06112913    18
06112914    26
06112915    24
06112916    18
06112917    20
06112918    15
06112919    27
06112920    46
06112921    48
06112922   110
06112923   204
06113000   268
06113001   298
06113002   346
06113003   668
06113004   713
06113005   884
06113006   967
06113007   719
06113008   944
06113009  1275
06113010   820
06113011   479
06113012   636
06113013   677
06113014   993
06113015   663
06113016   543
06113017   401
06113018   198
06113019   104
06113020    52
06113021    70
06113022    69
06113023    41

Fri Ju 2
