06070100    76
06070101    61
06070102    88
06070103   128
06070104   194
06070105   306
06070106   143
06070107   224
06070108   117
06070109    57
06070110    93
06070111   180
06070112   210
06070113    71
06070114    47
06070115    47
06070116    56
06070117    58
06070118    74
06070119    83
06070120    51
06070121    45
06070122    41
06070123    29
06070200    35
06070201    42
06070202    45
06070203    39
06070204    37
06070205    42
06070206    45
06070207   104
06070208   157
06070209   125
06070210   117
06070211    99
06070212    75
06070213    46
06070214    37
06070215    42
06070216    42
06070217    49
06070218    48
06070219    49
06070220    42
06070221    41
06070222    36
06070223    43
06070300    45
06070301    52
06070302    54
06070303    44
06070304    34
06070305    28
06070306    75
06070307   145
06070308   118
06070309   171
06070310   143
06070311    59
06070312    62
06070313    48
06070314    49
06070315    48
06070316    48
06070317    30
06070318    40
06070319    44
06070320    53
06070321    39
06070322    39
06070323    54
06070400    43
06070401    48
06070402    47
06070403    55
06070404    67
06070405   119
06070406    94
06070407    72
06070408    66
06070409    92
06070410   135
06070411   285
06070412   381
06070413   343
06070414   226
06070415   139
06070416   146
06070417   287
06070418   421
06070419   665
06070420   439
06070421   367
06070422   661
06070423   633
06070500   512
06070501   571
06070502   337
06070503   595
06070504   634
06070505   705
06070506   977
06070507   376
06070508    58
06070509    56
06070510   148
06070511   251
06070512   186
06070513   100
06070514   122
06070515   165
06070516   150
06070517   133
06070518   224
06070519   227
06070520   310
06070521   361
06070522   615
06070523   600
06070600   606
06070601   501
06070602   292
06070603   215
06070604    99
06070605   287
06070606   402
06070607   194
06070608   371
06070609   528
06070610   397
06070611   257
06070612   108
06070613    60
06070614    61
06070615    53
06070616   148
06070617   339
06070618   171
06070619    80
06070620    73
06070621    51
06070622    91
06070623   204
06070700   363
06070701   318
06070702   149
06070703   109
06070704   158
06070705   106
06070706   222
06070707   142
06070708   140
06070709   192
06070710   233
06070711   170
06070712   164
06070713   236
06070714   297
06070715   511
06070716   424
06070717   145
06070718    63
06070719    58
06070720    41
06070721    59
06070722    74
06070723   116
06070800    88
06070801    40
06070802    19
06070803    25
06070804    31
06070805    66
06070806   141
06070807   129
06070808    67
06070809    79
06070810    67
06070811    32
06070812    67
06070813    43
06070814    49
06070815    56
06070816    41
06070817    56
06070818    76
06070819    80
06070820   101
06070821   100
06070822   168
06070823    71
06070900    49
06070901    40
06070902    41
06070903    42
06070904    58
06070905    71
06070906    40
06070907    38
06070908    68
06070909    73
06070910    78
06070911    98
06070912   105
06070913   113
06070914    75
06070915    54
06070916    34
06070917    72
06070918    88
06070919    74
06070920   104
06070921   145
06070922   240
06070923   234
06071000   163
06071001   260
06071002   173
06071003   161
06071004    63
06071005    53
06071006    35
06071007    43
06071008   117
06071009   162
06071010   213
06071011   277
06071012   286
06071013   269
06071014   430
06071015   530
06071016   492
06071017   541
06071018   307
06071019   339
06071020   200
06071021   112
06071022    41
06071023    49
06071100    36
06071101    41
06071102    37
06071103    38
06071104    67
06071105    42
06071106    30
06071107    18
06071108    29
06071109    45
06071110    61
06071111    61
06071112    73
06071113    75
06071114    57
06071115    86
06071116   111
06071117   106
06071118    69
06071119   140
06071120   193
06071121   244
06071122   108
06071123    48
06071200    64
06071201   239
06071202   275
06071203   108
06071204   123
06071205   268
06071206   377
06071207   217
06071208   270
06071209   244
06071210   186
06071211   544
06071212   421
06071213    96
06071214    60
06071215    98
06071216   145
06071217   287
06071218   162
06071219    64
06071220    58
06071221    43
06071222    80
06071223   122
06071300   100
06071301   118
06071302   114
06071303   224
06071304   275
06071305   335
06071306   179
06071307   114
06071308   200
06071309   274
06071310   151
06071311    94
06071312   121
06071313   146
06071314    51
06071315    51
06071316    39
06071317    30
06071318    25
06071319    35
06071320    38
06071321    45
06071322    49
06071323    46
06071400    48
06071401    51
06071402    51
06071403    54
06071404    51
06071405    69
06071406    85
06071407    64
06071408    66
06071409    62
06071410    75
06071411    96
06071412   235
06071413   371
06071414   498
06071415   560
06071416   774
06071417   726
06071418   676
06071419   754
06071420   501
06071421   294
06071422   252
06071423    87
06071500    46
06071501    62
06071502    55
06071503   202
06071504   338
06071505   356
06071506   213
06071507   124
06071508   157
06071509   240
06071510   207
06071511   267
06071512   277
06071513    73
06071514    46
06071515    42
06071516    52
06071517    78
06071518    81
06071519    62
06071520    49
06071521    54
06071522    76
06071523    85
06071600    45
06071601    59
06071602    61
06071603    81
06071604   178
06071605   202
06071606    69
06071607    98
06071608   176
06071609   142
06071610    81
06071611    51
06071612    39
06071613    47
06071614    78
06071615    71
06071616    47
06071617    61
06071618    58
06071619    39
06071620    38
06071621    36
06071622    33
06071623    40
06071700    44
06071701    84
06071702    85
06071703    98
06071704    51
06071705    60
06071706    81
06071707    97
06071708    74
06071709   102
06071710    87
06071711   132
06071712    85
06071713   120
06071714   147
06071715   141
06071716   145
06071717    68
06071718    62
06071719    61
06071720    57
06071721    34
06071722    28
06071723    18
06071800    21
06071801    32
06071802    69
06071803    99
06071804    84
06071805    47
06071806    31
06071807    29
06071808    63
06071809   133
06071810   153
06071811   133
06071812    86
06071813    73
06071814    64
06071815    76
06071816    90
06071817   132
06071818    59
06071819    45
06071820    45
06071821    40
06071822    38
06071823    25
06071900    36
06071901    63
06071902    91
06071903   147
06071904    75
06071905    43
06071906    37
06071907    32
06071908    29
06071909    35
06071910    38
06071911    35
06071912    38
06071913    39
06071914    44
06071915    38
06071916    31
06071917    29
06071918    44
06071919    56
06071920    48
06071921    44
06071922    40
06071923    34
06072000    46
06072001    53
06072002    56
06072003    74
06072004    65
06072005    68
06072006    70
06072007    67
06072008    40
06072009    45
06072010    94
06072011   127
06072012   111
06072013   108
06072014    94
06072015    84
06072016    61
06072017    27
06072018    38
06072019    60
06072020    57
06072021    67
06072022    97
06072023   134
06072100    65
06072101    53
06072102    38
06072103    42
06072104    51
06072105    40
06072106    40
06072107    48
06072108    66
06072109    45
06072110    47
06072111    53
06072112    63
06072113    42
06072114    47
06072115    46
06072116    35
06072117    38
06072118    41
06072119    50
06072120    47
06072121    42
06072122    43
06072123    38
06072200    48
06072201    60
06072202    65
06072203    82
06072204   165
06072205   212
06072206   221
06072207   174
06072208   105
06072209    76
06072210    49
06072211    65
06072212    75
06072213    55
06072214    53
06072215    56
06072216    41
06072217    32
06072218    40
06072219    53
06072220    71
06072221    62
06072222    55
06072223    63
06072300    51
06072301    44
06072302    71
06072303   136
06072304   103
06072305   117
06072306   129
06072307   179
06072308   267
06072309   214
06072310   213
06072311   135
06072312   134
06072313    94
06072314    59
06072315    75
06072316    80
06072317    40
06072318    46
06072319    53
06072320    54
06072321    47
06072322    40
06072323    38
06072400    45
06072401    49
06072402    59
06072403    53
06072404    45
06072405    41
06072406    40
06072407    78
06072408   163
06072409   161
06072410   158
06072411   198
06072412   171
06072413   105
06072414   220
06072415   491
06072416   316
06072417   189
06072418    56
06072419    47
06072420    50
06072421    85
06072422    70
06072423    79
06072500    73
06072501   116
06072502   344
06072503   491
06072504   295
06072505   172
06072506    72
06072507    86
06072508    80
06072509    62
06072510    72
06072511   103
06072512   120
06072513   314
06072514   263
06072515   168
06072516   101
06072517    78
06072518    53
06072519    80
06072520    73
06072521   128
06072522   217
06072523   355
06072600   566
06072601   207
06072602   229
06072603    97
06072604    73
06072605   129
06072606   110
06072607    28
06072608    39
06072609    93
06072610   132
06072611    61
06072612    65
06072613   104
06072614    47
06072615    44
06072616    41
06072617    55
06072618    40
06072619    42
06072620    52
06072621    50
06072622    46
06072623    36
06072700    54
06072701    67
06072702    52
06072703    47
06072704    40
06072705    33
06072706    53
06072707   136
06072708   129
06072709    95
06072710    61
06072711    85
06072712    95
06072713    75
06072714   102
06072715    92
06072716   159
06072717    76
06072718   115
06072719    91
06072720   161
06072721   518
06072722   454
06072723   233
06072800   207
06072801   274
06072802   886
06072803  1101
06072804   848
06072805   445
06072806   333
06072807   596
06072808   351
06072809   257
06072810   423
06072811   194
06072812   241
06072813   152
06072814    88
06072815   197
06072816    98
06072817    39
06072818    64
06072819    38
06072820    31
06072821    60
06072822    90
06072823   149
06072900    85
06072901   160
06072902   190
06072903    66
06072904    84
06072905   152
06072906   274
06072907   302
06072908   170
06072909   153
06072910   166
06072911   107
06072912    67
06072913    53
06072914    44
06072915    48
06072916    40
06072917    44
06072918    47
06072919    56
06072920    37
06072921    38
06072922    35
06072923    38
06073000    41
06073001    56
06073002    48
06073003    68
06073004   100
06073005   122
06073006   124
06073007    95
06073008    61
06073009    79
06073010   122
06073011    97
06073012    57
06073013    52
06073014    51
06073015   107
06073016    88
06073017    41
06073018    60
06073019    59
06073020    48
06073021    54
06073022    58
06073023   100
06073100    94
06073101    64
06073102    46
06073103    55
06073104    97
06073105   316
06073106   404
06073107   390
06073108   211
06073109    94
06073110   119
06073111   254
06073112   408
06073113   399
06073114   622
06073115   220
06073116   137
06073117   121
06073118   151
06073119   241
06073120   371
06073121   253
06073122   230
06073123   430

Fri Ju 2
