06020100    16
06020101    15
06020102    21
06020103    21
06020104    28
06020105    38
06020106    43
06020107   161
06020108   176
06020109   265
06020110   274
06020111   188
06020112   106
06020113   212
06020114   183
06020115    41
06020116    30
06020117    23
06020118    16
06020119    23
06020120    38
06020121    43
06020122   123
06020123   301
06020200   157
06020201   103
06020202   101
06020203    48
06020204    41
06020205    46
06020206    37
06020207    22
06020208    33
06020209   120
06020210   306
06020211   186
06020212    81
06020213    46
06020214    34
06020215    22
06020216    60
06020217   153
06020218   265
06020219   374
06020220   288
06020221   142
06020222    91
06020223    88
06020300    35
06020301    28
06020302    43
06020303    34
06020304    26
06020305    26
06020306    25
06020307    36
06020308    51
06020309   173
06020310    37
06020311    85
06020312    99
06020313    69
06020314    48
06020315    50
06020316    56
06020317   144
06020318   301
06020319   509
06020320   154
06020321    58
06020322    44
06020323   155
06020400   243
06020401   115
06020402   105
06020403   179
06020404   192
06020405   111
06020406   113
06020407   221
06020408   212
06020409    89
06020410   139
06020411   154
06020412   224
06020413   142
06020414    68
06020415    96
06020416   100
06020417    79
06020418    27
06020419    33
06020420    30
06020421    19
06020422    24
06020423    35
06020500    48
06020501    33
06020502    31
06020503    21
06020504    19
06020505    38
06020506    80
06020507   182
06020508   106
06020509    40
06020510    21
06020511    20
06020512    20
06020513    21
06020514    19
06020515    32
06020516    30
06020517    27
06020518    20
06020519    24
06020520    26
06020521    20
06020522    19
06020523    15
06020600    14
06020601    25
06020602    34
06020603    99
06020604   305
06020605   375
06020606   341
06020607   346
06020608   411
06020609   518
06020610   641
06020611   602
06020612   681
06020613   407
06020614   153
06020615   158
06020616   308
06020617   355
06020618   286
06020619   295
06020620   400
06020621   451
06020622   510
06020623   184
06020700   104
06020701   112
06020702    25
06020703    37
06020704    59
06020705   141
06020706   184
06020707    84
06020708    61
06020709    26
06020710    23
06020711    22
06020712    21
06020713    26
06020714    41
06020715    83
06020716    26
06020717    36
06020718   107
06020719   130
06020720   106
06020721    85
06020722   147
06020723   184
06020800   229
06020801   101
06020802    74
06020803    59
06020804    59
06020805    71
06020806   151
06020807   212
06020808    90
06020809    71
06020810    50
06020811   125
06020812   105
06020813    95
06020814    59
06020815    98
06020816    40
06020817    26
06020818    23
06020819    77
06020820    29
06020821    22
06020822    22
06020823    19
06020900    15
06020901    17
06020902    16
06020903    22
06020904    18
06020905    21
06020906    24
06020907    33
06020908    38
06020909    29
06020910    89
06020911   120
06020912   179
06020913    83
06020914    27
06020915    32
06020916    36
06020917    38
06020918    45
06020919    21
06020920    56
06020921   106
06020922    17
06020923    19
06021000    16
06021001    22
06021002    22
06021003    25
06021004    28
06021005    29
06021006    51
06021007    73
06021008    46
06021009    40
06021010    50
06021011    68
06021012    23
06021013    19
06021014    16
06021015    16
06021016    17
06021017    14
06021018    14
06021019    46
06021020   128
06021021   202
06021022   178
06021023    52
06021100    96
06021101   143
06021102   222
06021103   135
06021104   113
06021105    94
06021106   175
06021107   212
06021108    96
06021109    38
06021110    52
06021111    36
06021112    71
06021113   289
06021114    55
06021115    45
06021116   188
06021117   368
06021118    67
06021119    33
06021120    36
06021121    27
06021122    23
06021123    20
06021200    21
06021201    59
06021202   138
06021203   246
06021204    78
06021205    62
06021206   118
06021207   115
06021208    19
06021209    18
06021210    34
06021211    32
06021212    19
06021213    93
06021214   146
06021215    57
06021216    88
06021217    85
06021218    21
06021219    16
06021220    15
06021221    13
06021222    16
06021223    18
06021300    14
06021301     8
06021302     9
06021303    11
06021304    17
06021305    12
06021306    16
06021307    25
06021308    21
06021309    14
06021310    14
06021311    14
06021312    26
06021313    53
06021314   201
06021315   193
06021316   121
06021317   149
06021318   122
06021319   162
06021320    58
06021321    55
06021322    76
06021323    78
06021400    27
06021401    25
06021402    15
06021403    28
06021404    15
06021405    18
06021406    21
06021407    19
06021408    21
06021409    19
06021410    14
06021411    12
06021412    20
06021413    21
06021414    14
06021415    14
06021416    16
06021417    16
06021418    15
06021419    14
06021420    13
06021421    16
06021422    22
06021423    21
06021500    20
06021501    21
06021502    22
06021503    28
06021504    34
06021505    32
06021506    24
06021507    77
06021508   157
06021509   116
06021510   602
06021511   296
06021512   101
06021513    41
06021514   111
06021515   171
06021516    98
06021517   145
06021518    78
06021519   108
06021520   573
06021521   653
06021522   145
06021523   111
06021600   223
06021601   326
06021602   218
06021603   100
06021604    55
06021605   247
06021606   402
06021607   399
06021608   344
06021609   305
06021610   125
06021611   100
06021612   149
06021613   168
06021614    80
06021615    73
06021616    46
06021617    72
06021618   207
06021619   277
06021620   205
06021621   125
06021622    48
06021623    62
06021700    43
06021701    64
06021702    82
06021703    90
06021704   130
06021705   213
06021706   210
06021707   162
06021708    86
06021709    35
06021710    49
06021711    53
06021712    78
06021713    63
06021714   224
06021715   135
06021716   131
06021717    41
06021718    27
06021719    24
06021720    17
06021721    33
06021722    72
06021723    54
06021800    27
06021801    22
06021802    17
06021803    21
06021804    24
06021805    18
06021806    24
06021807    35
06021808    42
06021809    28
06021810    90
06021811    48
06021812   193
06021813   184
06021814    34
06021815    30
06021816    55
06021817    69
06021818    17
06021819    15
06021820    23
06021821    24
06021822    19
06021823    21
06021900    46
06021901    85
06021902   136
06021903    89
06021904   113
06021905    91
06021906   245
06021907   153
06021908    90
06021909    69
06021910    74
06021911    53
06021912    55
06021913    52
06021914    71
06021915   103
06021916   223
06021917   300
06021918   259
06021919   195
06021920   292
06021921   281
06021922   308
06021923   218
06022000   188
06022001   188
06022002   111
06022003   126
06022004    80
06022005   176
06022006   217
06022007   377
06022008   391
06022009   736
06022010   568
06022011   486
06022012   355
06022013   305
06022014   781
06022015   996
06022016   750
06022017   306
06022018   480
06022019   242
06022020   406
06022021   252
06022022   221
06022023   275
06022100   241
06022101   196
06022102   285
06022103   294
06022104   152
06022105   188
06022106   142
06022107   326
06022108   459
06022109   266
06022110   511
06022111   799
06022112   555
06022113   293
06022114   518
06022115   389
06022116   170
06022117   483
06022118   296
06022119   117
06022120    47
06022121    65
06022122   134
06022123   361
06022200   375
06022201   373
06022202   390
06022203   200
06022204    86
06022205   155
06022206   389
06022207   308
06022208   120
06022209   286
06022210   651
06022211   600
06022212   273
06022213   249
06022214   221
06022215   376
06022216   386
06022217   120
06022218   165
06022219   128
06022220   245
06022221   163
06022222    57
06022223    73
06022300    68
06022301    65
06022302    84
06022303   127
06022304   107
06022305   113
06022306   284
06022307   257
06022308   132
06022309   132
06022310   135
06022311   128
06022312    44
06022313    30
06022314    30
06022315    28
06022316    31
06022317    40
06022318    86
06022319    18
06022320    16
06022321    36
06022322    58
06022323    58
06022400   120
06022401   131
06022402    87
06022403   182
06022404   166
06022405    84
06022406    55
06022407    64
06022408    49
06022409   102
06022410   179
06022411   392
06022412   584
06022413   328
06022414   107
06022415   100
06022416   107
06022417    42
06022418    31
06022419    22
06022420    24
06022421    20
06022422    23
06022423    24
06022500    34
06022501    90
06022502   102
06022503    25
06022504    28
06022505    24
06022506    27
06022507    39
06022508    42
06022509    43
06022510    25
06022511    32
06022512    28
06022513    25
06022514    24
06022515    20
06022516    19
06022517    12
06022518    11
06022519    15
06022520    18
06022521    15
06022522    18
06022523    24
06022600    36
06022601    31
06022602    22
06022603    36
06022604   100
06022605   198
06022606    93
06022607    24
06022608    24
06022609    26
06022610    35
06022611    31
06022612    59
06022613   122
06022614   180
06022615   431
06022616   566
06022617   495
06022618   224
06022619   200
06022620   125
06022621    99
06022622   374
06022623   334
06022700   216
06022701   155
06022702   143
06022703    95
06022704   110
06022705   101
06022706   165
06022707   111
06022708    78
06022709    63
06022710    58
06022711    52
06022712    75
06022713    61
06022714    41
06022715    25
06022716    29
06022717    21
06022718    18
06022719    25
06022720    29
06022721   121
06022722   131
06022723    50
06022800    29
06022801    20
06022802    16
06022803    16
06022804    20
06022805    24
06022806    20
06022807    37
06022808    55
06022809   287
06022810   598
06022811   485
06022812   159
06022813    48
06022814    30
06022815    25
06022816    49
06022817    69
06022818    37
06022819    48
06022820    91
06022821    67
06022822   159
06022823    46

Fri Ju 2
