06050100    22
06050101    19
06050102    21
06050103    24
06050104    23
06050105    23
06050106    27
06050107    72
06050108   177
06050109   154
06050110    53
06050111    40
06050112    39
06050113    45
06050114    50
06050115    39
06050116    42
06050117    32
06050118    32
06050119    29
06050120    25
06050121    24
06050122    23
06050123    33
06050200    42
06050201    22
06050202    21
06050203    28
06050204    28
06050205    38
06050206    57
06050207    39
06050208    29
06050209    33
06050210    37
06050211    43
06050212    56
06050213    67
06050214    79
06050215   143
06050216   107
06050217    63
06050218    49
06050219    42
06050220    52
06050221    44
06050222    27
06050223    26
06050300    28
06050301    45
06050302    87
06050303    70
06050304    54
06050305    38
06050306    34
06050307    27
06050308    39
06050309    44
06050310    44
06050311    45
06050312    50
06050313    49
06050314    49
06050315    49
06050316    46
06050317    48
06050318    57
06050319    66
06050320    50
06050321    73
06050322    38
06050323    15
06050400    14
06050401    17
06050402    20
06050403    29
06050404    26
06050405    55
06050406   234
06050407   302
06050408   278
06050409   312
06050410   318
06050411   365
06050412   521
06050413   881
06050414   681
06050415   427
06050416   113
06050417    64
06050418    97
06050419    48
06050420    40
06050421    57
06050422    84
06050423   106
06050500   339
06050501   608
06050502   506
06050503   406
06050504   512
06050505   643
06050506   404
06050507   256
06050508   366
06050509   435
06050510   193
06050511    79
06050512    83
06050513    89
06050514   253
06050515   174
06050516   101
06050517    42
06050518    31
06050519    29
06050520    30
06050521    61
06050522    79
06050523   112
06050600   103
06050601    89
06050602    63
06050603   211
06050604   365
06050605   256
06050606   158
06050607   154
06050608   251
06050609   313
06050610   281
06050611   201
06050612   275
06050613   408
06050614   697
06050615  1012
06050616   256
06050617   121
06050618   200
06050619   247
06050620   630
06050621   716
06050622   361
06050623   249
06050700   172
06050701   131
06050702   282
06050703   426
06050704   269
06050705   219
06050706   843
06050707   593
06050708   590
06050709   448
06050710   546
06050711   523
06050712   327
06050713   350
06050714   164
06050715    58
06050716    68
06050717   142
06050718    96
06050719   128
06050720   366
06050721   245
06050722   119
06050723   155
06050800   259
06050801   227
06050802   282
06050803   519
06050804   386
06050805   202
06050806   207
06050807   281
06050808   202
06050809   123
06050810   114
06050811   153
06050812    67
06050813    37
06050814    39
06050815    41
06050816    61
06050817    35
06050818    33
06050819    40
06050820    55
06050821    36
06050822    60
06050823    29
06050900    22
06050901    45
06050902    38
06050903    39
06050904    34
06050905    35
06050906    51
06050907    53
06050908   124
06050909   262
06050910   137
06050911    46
06050912    52
06050913    65
06050914    53
06050915    44
06050916    89
06050917    80
06050918    42
06050919    35
06050920    49
06050921    65
06050922    29
06050923    27
06051000    24
06051001    23
06051002    28
06051003    27
06051004    23
06051005    24
06051006    25
06051007    30
06051008    48
06051009    61
06051010    79
06051011    72
06051012    61
06051013    50
06051014    36
06051015    39
06051016    34
06051017    34
06051018    45
06051019    73
06051020   150
06051021   234
06051022   369
06051023   382
06051100   419
06051101   245
06051102   230
06051103   643
06051104   274
06051105   200
06051106   333
06051107   588
06051108   445
06051109   651
06051110   228
06051111   160
06051112   137
06051113   280
06051114   376
06051115   198
06051116   138
06051117   141
06051118   256
06051119   401
06051120   342
06051121   335
06051122   633
06051123   774
06051200   517
06051201   624
06051202   584
06051203   212
06051204   169
06051205   472
06051206   350
06051207   263
06051208   381
06051209   251
06051210   215
06051211   200
06051212   265
06051213   533
06051214   295
06051215   203
06051216   199
06051217   190
06051218   108
06051219   137
06051220    80
06051221   127
06051222   253
06051223   377
06051300   373
06051301   354
06051302    75
06051303   311
06051304   427
06051305   287
06051306   316
06051307   258
06051308   241
06051309   311
06051310   388
06051311   202
06051312   307
06051313   298
06051314   240
06051315    90
06051316   164
06051317   102
06051318   206
06051319   176
06051320    64
06051321    35
06051322    62
06051323   140
06051400   307
06051401   458
06051402   218
06051403   150
06051404   259
06051405   390
06051406   203
06051407   130
06051408   127
06051409    87
06051410   271
06051411   295
06051412   162
06051413    55
06051414    36
06051415    41
06051416    41
06051417    72
06051418   139
06051419   120
06051420   112
06051421    88
06051422    93
06051423    59
06051500    48
06051501    76
06051502    83
06051503   100
06051504    57
06051505    61
06051506   201
06051507   221
06051508   151
06051509   113
06051510   116
06051511   132
06051512   173
06051513   121
06051514    77
06051515    81
06051516    71
06051517    73
06051518    38
06051519    36
06051520    30
06051521    72
06051522   112
06051523   116
06051600    66
06051601    31
06051602    26
06051603    26
06051604    23
06051605    28
06051606    23
06051607    32
06051608    41
06051609    47
06051610    63
06051611    80
06051612    76
06051613   128
06051614    65
06051615    55
06051616    28
06051617    54
06051618    48
06051619    37
06051620    50
06051621    52
06051622    68
06051623    74
06051700   105
06051701   204
06051702   199
06051703   271
06051704   388
06051705   324
06051706   151
06051707    68
06051708    85
06051709   128
06051710   189
06051711   138
06051712   146
06051713    95
06051714   127
06051715    98
06051716   200
06051717   334
06051718   231
06051719    85
06051720    52
06051721    80
06051722    67
06051723    90
06051800    93
06051801    97
06051802   119
06051803   127
06051804    64
06051805    49
06051806    56
06051807   218
06051808   423
06051809   345
06051810   114
06051811   163
06051812    62
06051813    51
06051814    62
06051815   359
06051816   719
06051817   730
06051818   684
06051819   626
06051820   225
06051821    82
06051822   210
06051823   257
06051900   111
06051901    74
06051902   194
06051903   214
06051904   215
06051905   287
06051906   348
06051907   189
06051908    49
06051909    63
06051910    51
06051911    92
06051912    97
06051913    50
06051914    48
06051915    82
06051916   128
06051917    84
06051918    95
06051919    76
06051920    52
06051921   118
06051922   208
06051923   218
06052000   180
06052001    92
06052002    48
06052003   122
06052004    54
06052005    56
06052006   190
06052007   312
06052008   222
06052009   444
06052010   457
06052011   251
06052012    89
06052013    51
06052014    53
06052015    87
06052016   110
06052017   114
06052018    86
06052019   165
06052020    81
06052021    69
06052022    71
06052023    98
06052100   247
06052101   326
06052102    93
06052103    38
06052104    51
06052105    52
06052106   140
06052107    92
06052108   126
06052109   265
06052110   135
06052111    44
06052112    63
06052113    59
06052114    40
06052115    38
06052116    60
06052117   212
06052118   327
06052119   457
06052120   403
06052121   210
06052122    63
06052123    86
06052200    46
06052201   144
06052202   121
06052203   196
06052204    63
06052205    28
06052206    27
06052207    46
06052208   105
06052209    93
06052210    50
06052211   102
06052212   149
06052213   174
06052214   141
06052215   109
06052216   214
06052217   322
06052218   299
06052219   111
06052220    82
06052221   307
06052222   297
06052223   208
06052300   273
06052301   557
06052302   342
06052303   163
06052304    67
06052305   235
06052306   190
06052307    98
06052308    81
06052309    94
06052310   164
06052311   136
06052312   111
06052313    82
06052314    93
06052315    95
06052316    62
06052317    48
06052318    33
06052319    38
06052320    39
06052321    35
06052322    35
06052323    32
06052400    44
06052401    35
06052402    34
06052403    34
06052404    47
06052405   152
06052406   216
06052407   212
06052408   100
06052409   101
06052410   174
06052411   173
06052412   201
06052413   108
06052414    53
06052415   126
06052416    73
06052417    49
06052418    31
06052419    36
06052420    37
06052421    38
06052422    41
06052423    40
06052500    48
06052501    58
06052502    50
06052503    64
06052504    68
06052505    85
06052506   140
06052507   180
06052508   202
06052509    76
06052510    76
06052511    61
06052512    52
06052513    55
06052514    36
06052515    30
06052516    31
06052517    48
06052518    45
06052519    47
06052520    75
06052521   131
06052522   221
06052523   295
06052600   217
06052601   230
06052602   168
06052603    87
06052604    42
06052605    37
06052606    42
06052607    57
06052608    91
06052609    83
06052610    84
06052611   102
06052612   112
06052613    93
06052614    74
06052615    49
06052616    44
06052617    67
06052618    63
06052619    94
06052620    64
06052621    49
06052622    49
06052623    48
06052700    55
06052701    66
06052702    56
06052703    44
06052704    29
06052705    27
06052706    30
06052707    36
06052708    66
06052709   130
06052710    77
06052711    65
06052712    84
06052713    76
06052714   111
06052715    94
06052716    48
06052717    53
06052718    53
06052719    57
06052720    54
06052721    53
06052722    46
06052723    42
06052800    36
06052801    51
06052802    77
06052803   176
06052804   276
06052805   301
06052806   113
06052807    52
06052808    43
06052809    83
06052810   265
06052811   349
06052812   253
06052813   233
06052814   179
06052815   106
06052816    91
06052817    45
06052818    48
06052819    55
06052820   125
06052821   127
06052822   239
06052823   462
06052900   289
06052901   205
06052902   142
06052903    82
06052904    57
06052905    36
06052906    32
06052907    41
06052908    85
06052909   166
06052910   174
06052911   115
06052912    90
06052913    75
06052914    57
06052915    40
06052916    62
06052917    80
06052918   172
06052919   135
06052920   112
06052921   147
06052922   177
06052923   191
06053000   121
06053001    82
06053002   115
06053003   128
06053004    71
06053005    62
06053006    51
06053007    53
06053008    55
06053009    48
06053010    82
06053011   336
06053012   426
06053013   310
06053014   112
06053015    71
06053016    67
06053017   137
06053018   226
06053019   304
06053020   226
06053021   117
06053022    67
06053023   131
06053100   250
06053101   294
06053102   158
06053103   109
06053104   136
06053105   230
06053106   251
06053107   250
06053108   220
06053109   209
06053110   121
06053111    64
06053112    84
06053113   108
06053114    99
06053115    57
06053116    29
06053117    38
06053118    92
06053119    61
06053120    37
06053121    50
06053122    40
06053123    36

Fri Ju 2
