06080100   292
06080101    75
06080102    56
06080103   240
06080104   440
06080105   688
06080106   488
06080107   328
06080108   392
06080109   339
06080110   211
06080111   375
06080112   226
06080113   213
06080114   188
06080115   322
06080116   371
06080117    84
06080118    49
06080119    64
06080120    52
06080121    79
06080122   131
06080123   293
06080200   201
06080201   139
06080202   425
06080203   435
06080204   307
06080205   145
06080206   211
06080207   382
06080208   330
06080209   208
06080210   247
06080211   440
06080212   213
06080213    68
06080214   153
06080215   157
06080216   218
06080217   152
06080218    42
06080219    76
06080220    94
06080221   220
06080222   482
06080223   519
06080300   228
06080301   260
06080302   151
06080303   104
06080304    85
06080305   275
06080306   123
06080307    51
06080308    67
06080309   103
06080310   103
06080311    86
06080312   108
06080313    51
06080314    41
06080315    33
06080316    44
06080317    79
06080318    99
06080319   112
06080320    46
06080321    78
06080322   107
06080323   129
06080400    49
06080401    49
06080402    64
06080403   114
06080404    32
06080405    35
06080406    65
06080407    53
06080408    49
06080409    74
06080410    70
06080411    57
06080412    47
06080413    64
06080414    59
06080415    51
06080416    20
06080417    26
06080418    37
06080419    39
06080420    43
06080421    36
06080422    30
06080423    71
06080500   126
06080501   157
06080502   123
06080503   143
06080504   129
06080505    97
06080506   142
06080507    63
06080508    37
06080509    36
06080510    66
06080511    58
06080512    57
06080513    68
06080514    58
06080515    40
06080516    58
06080517    27
06080518    40
06080519    44
06080520    38
06080521    35
06080522    26
06080523    29
06080600    49
06080601    50
06080602    54
06080603    53
06080604    40
06080605    32
06080606    40
06080607    66
06080608    46
06080609    49
06080610    58
06080611    59
06080612    80
06080613   116
06080614   108
06080615    65
06080616    66
06080617    46
06080618    32
06080619    32
06080620    28
06080621    30
06080622    31
06080623    38
06080700    40
06080701    93
06080702   440
06080703   543
06080704   334
06080705   373
06080706   855
06080707   708
06080708   360
06080709   803
06080710   692
06080711   590
06080712   554
06080713   658
06080714   479
06080715   289
06080716   349
06080717   635
06080718   180
06080719   227
06080720   308
06080721   142
06080722    81
06080723   218
06080800   224
06080801   195
06080802   251
06080803   439
06080804   472
06080805   166
06080806   443
06080807   307
06080808   423
06080809   320
06080810   188
06080811   502
06080812   321
06080813   171
06080814   238
06080815   306
06080816   112
06080817   160
06080818   184
06080819   133
06080820    58
06080821    69
06080822    42
06080823    38
06080900    67
06080901    73
06080902   208
06080903   541
06080904   284
06080905    78
06080906    45
06080907   126
06080908   238
06080909   285
06080910   491
06080911   341
06080912   187
06080913   200
06080914   254
06080915   218
06080916   106
06080917   116
06080918   108
06080919   107
06080920    67
06080921   294
06080922   183
06080923    70
06081000    79
06081001    36
06081002    43
06081003    43
06081004    32
06081005    57
06081006    42
06081007    30
06081008    27
06081009    32
06081010    48
06081011    75
06081012   106
06081013    92
06081014    47
06081015    46
06081016    43
06081017    46
06081018    52
06081019    42
06081020    69
06081021   248
06081022   359
06081023   156
06081100   291
06081101   294
06081102   143
06081103    53
06081104    60
06081105    77
06081106    89
06081107   200
06081108   108
06081109   219
06081110   215
06081111   103
06081112   203
06081113   251
06081114   247
06081115   125
06081116    59
06081117    82
06081118    27
06081119    46
06081120    25
06081121    39
06081122    51
06081123    81
06081200    31
06081201    82
06081202   183
06081203   139
06081204    64
06081205   287
06081206   342
06081207   238
06081208   324
06081209   236
06081210    52
06081211    46
06081212    70
06081213    47
06081214   151
06081215   357
06081216   185
06081217    74
06081218   128
06081219    86
06081220    84
06081221    96
06081222    51
06081223    78
06081300    41
06081301    39
06081302    41
06081303    33
06081304    35
06081305    31
06081306    34
06081307    32
06081308    45
06081309    66
06081310    84
06081311    68
06081312    52
06081313    41
06081314    36
06081315    27
06081316    37
06081317    48
06081318    57
06081319    52
06081320    44
06081321    39
06081322    39
06081323    60
06081400    64
06081401    47
06081402    41
06081403    45
06081404    45
06081405    38
06081406    39
06081407   117
06081408   144
06081409   180
06081410   119
06081411    94
06081412    75
06081413   100
06081414   102
06081415   119
06081416    93
06081417    60
06081418    62
06081419    63
06081420    60
06081421    34
06081422    28
06081423    29
06081500    44
06081501    54
06081502    60
06081503    70
06081504    60
06081505    54
06081506    45
06081507    48
06081508   124
06081509    72
06081510    79
06081511    56
06081512    75
06081513    85
06081514    45
06081515    36
06081516    26
06081517    45
06081518    41
06081519    51
06081520    63
06081521    59
06081522   119
06081523   102
06081600    82
06081601    26
06081602    44
06081603    42
06081604    51
06081605    47
06081606    29
06081607    32
06081608    40
06081609    51
06081610    56
06081611    62
06081612    68
06081613    71
06081614    48
06081615    55
06081616    30
06081617    29
06081618    39
06081619    43
06081620    42
06081621    40
06081622    37
06081623    31
06081700    24
06081701    30
06081702    33
06081703    40
06081704    39
06081705    42
06081706    80
06081707    68
06081708    54
06081709    69
06081710    61
06081711    52
06081712    50
06081713    51
06081714    44
06081715    57
06081716    47
06081717    86
06081718   107
06081719   151
06081720   120
06081721   370
06081722   161
06081723   111
06081800   106
06081801   218
06081802   259
06081803   510
06081804   475
06081805   455
06081806   338
06081807   338
06081808   405
06081809   321
06081810   236
06081811   329
06081812   266
06081813    70
06081814    64
06081815    50
06081816    41
06081817    75
06081818    61
06081819    49
06081820    65
06081821   118
06081822   136
06081823    75
06081900    50
06081901    38
06081902    59
06081903    53
06081904    43
06081905    44
06081906    39
06081907    29
06081908    37
06081909    56
06081910    64
06081911   225
06081912   277
06081913   439
06081914  1314
06081915  1637
06081916  1319
06081917   625
06081918   662
06081919   787
06081920  1127
06081921   889
06081922  1030
06081923  1195
06082000   894
06082001   628
06082002   337
06082003   825
06082004   874
06082005   304
06082006    77
06082007    69
06082008    43
06082009    41
06082010    27
06082011    28
06082012    31
06082013    40
06082014   101
06082015   210
06082016   328
06082017   301
06082018   192
06082019   159
06082020   160
06082021   157
06082022   129
06082023   228
06082100   183
06082101   221
06082102   298
06082103   231
06082104   518
06082105   371
06082106   349
06082107   362
06082108   474
06082109   403
06082110   189
06082111   117
06082112   255
06082113    98
06082114    60
06082115   238
06082116   383
06082117   624
06082118   615
06082119   567
06082120   312
06082121   234
06082122   874
06082123   257
06082200   311
06082201   451
06082202   298
06082203   167
06082204    65
06082205    88
06082206   222
06082207   312
06082208   693
06082209  1156
06082210   781
06082211   520
06082212   148
06082213   261
06082214   444
06082215   317
06082216   357
06082217   686
06082218   502
06082219   187
06082220    79
06082221    50
06082222   125
06082223   198
06082300   206
06082301   148
06082302    90
06082303   213
06082304   359
06082305   106
06082306   455
06082307   200
06082308    52
06082309    37
06082310    33
06082311    25
06082312    36
06082313    35
06082314    51
06082315    36
06082316    60
06082317    75
06082318    83
06082319    55
06082320    51
06082321    89
06082322    90
06082323    87
06082400   116
06082401   223
06082402   134
06082403    73
06082404   104
06082405   106
06082406    67
06082407    73
06082408    70
06082409    59
06082410    62
06082411    58
06082412    57
06082413    86
06082414   116
06082415   164
06082416   352
06082417   307
06082418   167
06082419    94
06082420    55
06082421    81
06082422   134
06082423   139
06082500    81
06082501    20
06082502    21
06082503    28
06082504    24
06082505    34
06082506    69
06082507    28
06082508    36
06082509    70
06082510    82
06082511    53
06082512    64
06082513    42
06082514   101
06082515    69
06082516    49
06082517    41
06082518    36
06082519    33
06082520    40
06082521    38
06082522    58
06082523    57
06082600    27
06082601    22
06082602    31
06082603    39
06082604    31
06082605    58
06082606    69
06082607   108
06082608   112
06082609    64
06082610    36
06082611    40
06082612    43
06082613    44
06082614    50
06082615    73
06082616    51
06082617    35
06082618    33
06082619    51
06082620    49
06082621    69
06082622    49
06082623    38
06082700    78
06082701   125
06082702   124
06082703   145
06082704   138
06082705   110
06082706    94
06082707    45
06082708    81
06082709   163
06082710   494
06082711   568
06082712   624
06082713   420
06082714   399
06082715   623
06082716   572
06082717   375
06082718   284
06082719   485
06082720   301
06082721   298
06082722   188
06082723   108
06082800   117
06082801   236
06082802   532
06082803   380
06082804   235
06082805    62
06082806   147
06082807   259
06082808   238
06082809    86
06082810   100
06082811   107
06082812    61
06082813    65
06082814   145
06082815   106
06082816   233
06082817   381
06082818   235
06082819   125
06082820    93
06082821   242
06082822   306
06082823   178
06082900   366
06082901   202
06082902    75
06082903   106
06082904   170
06082905    89
06082906    82
06082907    58
06082908   319
06082909   574
06082910   304
06082911   117
06082912   104
06082913    97
06082914   143
06082915    58
06082916   112
06082917   146
06082918   202
06082919   147
06082920    50
06082921    65
06082922    41
06082923    31
06083000    27
06083001    28
06083002    28
06083003    33
06083004    58
06083005   134
06083006   290
06083007   275
06083008   208
06083009   249
06083010   202
06083011    81
06083012    43
06083013    33
06083014    33
06083015    39
06083016    74
06083017   215
06083018   124
06083019   124
06083020    79
06083021    89
06083022    34
06083023    30
06083100    34
06083101    35
06083102    55
06083103    62
06083104    67
06083105    50
06083106    37
06083107    70
06083108   147
06083109   196
06083110   154
06083111   207
06083112   163
06083113   150
06083114   207
06083115   329
06083116   633
06083117   826
06083118   922
06083119   909
06083120   762
06083121   584
06083122   491
06083123   498

Fri Ju 2
