06090100   509
06090101   469
06090102   201
06090103    61
06090104    45
06090105    77
06090106    77
06090107   160
06090108   257
06090109   310
06090110   297
06090111   287
06090112   176
06090113    90
06090114   243
06090115   733
06090116   603
06090117   638
06090118   660
06090119   565
06090120   647
06090121   338
06090122   483
06090123   518
06090200   350
06090201   113
06090202   104
06090203   118
06090204   121
06090205    67
06090206    34
06090207    60
06090208    97
06090209    51
06090210   102
06090211   139
06090212   118
06090213   193
06090214   246
06090215   236
06090216   151
06090217   139
06090218   171
06090219   318
06090220   226
06090221   191
06090222   406
06090223   252
06090300   111
06090301    83
06090302    92
06090303   117
06090304   335
06090305   298
06090306   264
06090307   226
06090308    51
06090309    78
06090310   121
06090311   287
06090312   130
06090313    89
06090314    62
06090315    53
06090316    57
06090317   160
06090318    72
06090319    49
06090320    51
06090321    76
06090322   119
06090323    53
06090400   173
06090401   554
06090402   534
06090403  1044
06090404  1027
06090405   518
06090406   280
06090407   507
06090408   254
06090409   212
06090410   217
06090411   372
06090412   204
06090413    90
06090414   108
06090415   247
06090416   331
06090417   557
06090418   445
06090419   351
06090420   186
06090421   224
06090422   342
06090423   341
06090500   333
06090501   373
06090502   378
06090503   190
06090504   264
06090505   376
06090506   290
06090507   222
06090508   383
06090509   325
06090510   564
06090511   308
06090512   249
06090513   190
06090514    77
06090515   157
06090516   457
06090517   264
06090518   101
06090519    94
06090520    41
06090521    31
06090522    55
06090523   109
06090600   171
06090601   118
06090602    68
06090603    81
06090604   198
06090605   340
06090606   303
06090607   282
06090608   118
06090609   194
06090610   475
06090611   538
06090612   385
06090613   396
06090614   563
06090615   299
06090616   133
06090617   117
06090618    75
06090619   116
06090620   193
06090621    79
06090622   190
06090623   135
06090700    68
06090701   108
06090702    91
06090703   129
06090704   183
06090705   205
06090706   312
06090707   413
06090708   479
06090709   176
06090710   131
06090711   161
06090712   202
06090713   446
06090714   392
06090715   177
06090716    85
06090717   255
06090718   163
06090719    64
06090720    34
06090721    30
06090722    38
06090723    37
06090800    46
06090801    35
06090802   106
06090803    80
06090804   141
06090805   241
06090806   194
06090807    87
06090808    42
06090809    38
06090810    54
06090811    51
06090812    59
06090813    42
06090814    50
06090815    41
06090816    39
06090817    34
06090818    38
06090819    45
06090820    42
06090821    56
06090822    35
06090823    43
06090900    53
06090901    35
06090902    25
06090903    41
06090904    25
06090905    27
06090906    39
06090907    27
06090908    39
06090909    66
06090910    38
06090911    42
06090912    54
06090913    46
06090914    37
06090915    41
06090916    41
06090917    31
06090918    33
06090919    33
06090920    32
06090921    30
06090922    27
06090923    24
06091000    37
06091001    36
06091002    41
06091003    46
06091004   168
06091005   177
06091006   159
06091007   170
06091008    92
06091009   131
06091010   207
06091011    77
06091012    61
06091013    64
06091014    61
06091015   101
06091016   254
06091017   219
06091018    85
06091019    91
06091020    76
06091021    51
06091022    50
06091023    50
06091100   113
06091101   272
06091102   394
06091103   285
06091104    70
06091105    36
06091106   125
06091107   309
06091108   386
06091109   145
06091110   115
06091111   265
06091112   281
06091113   212
06091114    89
06091115    54
06091116    69
06091117    38
06091118    29
06091119    38
06091120    34
06091121    64
06091122    34
06091123    39
06091200    84
06091201    72
06091202    33
06091203    30
06091204    40
06091205    82
06091206   153
06091207   182
06091208    81
06091209   162
06091210   167
06091211   108
06091212    45
06091213    34
06091214    30
06091215    31
06091216    26
06091217    57
06091218    69
06091219    45
06091220    42
06091221    32
06091222    25
06091223    26
06091300    25
06091301    21
06091302    49
06091303   199
06091304   323
06091305   311
06091306   280
06091307   122
06091308   201
06091309   163
06091310   111
06091311    63
06091312   141
06091313    96
06091314    75
06091315    36
06091316    40
06091317    32
06091318    53
06091319    33
06091320    26
06091321    27
06091322    22
06091323    21
06091400    20
06091401    54
06091402    40
06091403    48
06091404    66
06091405   251
06091406   290
06091407   233
06091408   196
06091409   205
06091410   309
06091411   202
06091412   108
06091413    84
06091414    82
06091415    69
06091416    33
06091417    28
06091418    20
06091419    29
06091420    26
06091421    26
06091422    28
06091423    30
06091500    25
06091501    23
06091502    25
06091503    25
06091504    29
06091505    22
06091506    25
06091507    85
06091508    59
06091509    39
06091510    31
06091511    35
06091512    33
06091513    36
06091514    30
06091515    22
06091516    17
06091517    21
06091518    30
06091519    27
06091520    24
06091521    22
06091522    19
06091523    17
06091600    14
06091601    16
06091602    22
06091603    24
06091604    21
06091605    20
06091606    20
06091607    16
06091608    22
06091609    32
06091610    36
06091611    35
06091612    38
06091613    40
06091614    42
06091615    52
06091616    96
06091617    59
06091618    43
06091619    47
06091620    77
06091621    42
06091622    29
06091623    16
06091700    19
06091701    24
06091702    35
06091703    51
06091704    65
06091705   128
06091706   228
06091707   276
06091708   240
06091709   564
06091710   544
06091711   416
06091712   630
06091713   436
06091714    91
06091715    40
06091716    23
06091717    51
06091718    33
06091719   332
06091720   764
06091721   375
06091722   160
06091723    70
06091800   315
06091801   677
06091802   689
06091803   362
06091804   510
06091805   404
06091806   352
06091807   404
06091808   439
06091809   646
06091810   494
06091811   416
06091812   228
06091813   162
06091814   415
06091815   340
06091816   171
06091817   379
06091818   709
06091819   312
06091820   122
06091821   546
06091822   459
06091823   259
06091900   152
06091901   422
06091902   494
06091903   262
06091904   434
06091905   358
06091906   395
06091907   418
06091908   303
06091909   310
06091910   215
06091911   340
06091912   250
06091913   255
06091914   288
06091915   173
06091916   150
06091917   118
06091918   226
06091919   104
06091920    47
06091921    74
06091922    72
06091923    65
06092000    71
06092001    40
06092002   203
06092003   186
06092004   124
06092005    63
06092006    84
06092007    53
06092008    77
06092009    42
06092010    37
06092011    20
06092012    46
06092013    55
06092014    67
06092015    64
06092016    36
06092017    26
06092018    59
06092019    67
06092020    27
06092021    26
06092022    26
06092023    19
06092100    26
06092101    18
06092102    18
06092103    21
06092104    35
06092105    99
06092106   129
06092107   159
06092108   121
06092109    87
06092110    78
06092111    69
06092112    37
06092113    43
06092114    33
06092115    72
06092116    64
06092117    27
06092118    30
06092119    25
06092120    21
06092121    45
06092122    21
06092123    21
06092200    29
06092201    25
06092202    23
06092203    31
06092204    36
06092205    38
06092206    32
06092207    39
06092208    35
06092209    34
06092210    33
06092211    58
06092212    79
06092213    23
06092214    26
06092215    34
06092216    26
06092217    29
06092218    23
06092219    28
06092220    24
06092221    21
06092222    47
06092223    37
06092300    31
06092301    23
06092302    23
06092303    24
06092304    41
06092305   114
06092306   156
06092307   129
06092308   125
06092309   169
06092310   201
06092311   127
06092312    64
06092313   114
06092314    84
06092315    40
06092316    70
06092317    99
06092318   374
06092319   346
06092320   276
06092321   684
06092322   518
06092323   312
06092400   240
06092401   645
06092402   455
06092403   723
06092404   435
06092405   267
06092406   363
06092407   369
06092408   266
06092409   448
06092410   557
06092411   354
06092412   495
06092413   395
06092414   114
06092415   103
06092416   118
06092417   126
06092418    62
06092419   132
06092420   126
06092421   119
06092422   193
06092423   169
06092500   107
06092501    79
06092502    55
06092503    62
06092504   128
06092505   167
06092506    67
06092507    44
06092508   131
06092509   435
06092510   378
06092511   310
06092512   322
06092513   152
06092514    61
06092515    85
06092516    46
06092517    40
06092518    42
06092519    29
06092520    63
06092521   122
06092522   190
06092523    77
06092600    65
06092601    83
06092602   135
06092603   173
06092604   155
06092605   215
06092606   167
06092607    57
06092608    48
06092609    57
06092610    51
06092611    39
06092612   206
06092613   124
06092614   103
06092615    39
06092616   171
06092617   184
06092618   182
06092619   133
06092620   106
06092621   152
06092622   220
06092623   175
06092700   177
06092701   180
06092702   205
06092703    89
06092704    48
06092705    60
06092706    47
06092707    56
06092708    38
06092709    70
06092710   155
06092711    66
06092712    40
06092713    36
06092714    41
06092715    35
06092716    54
06092717   106
06092718    53
06092719    32
06092720    28
06092721    26
06092722    25
06092723    29
06092800    22
06092801    11
06092802    13
06092803    15
06092804    16
06092805    23
06092806   138
06092807    51
06092808    44
06092809    38
06092810   109
06092811   122
06092812    54
06092813    30
06092814    28
06092815    27
06092816    28
06092817    23
06092818    31
06092819    49
06092820    25
06092821    44
06092822    92
06092823   102
06092900   102
06092901    17
06092902    15
06092903    21
06092904    39
06092905    47
06092906    49
06092907    27
06092908    90
06092909    79
06092910    31
06092911    25
06092912    31
06092913    30
06092914    31
06092915    29
06092916    28
06092917    40
06092918    47
06092919    51
06092920    29
06092921    15
06092922    14
06092923    13
06093000    17
06093001    28
06093002    36
06093003    51
06093004   158
06093005   359
06093006   645
06093007   462
06093008   290
06093009   264
06093010   488
06093011   263
06093012    43
06093013    53
06093014    34
06093015    40
06093016    75
06093017   135
06093018   150
06093019   120
06093020   131
06093021   197
06093022   240
06093023   325

Fri Ju 2
