06010100   288
06010101   144
06010102    53
06010103    65
06010104    90
06010105    76
06010106    51
06010107    40
06010108    32
06010109    27
06010110    25
06010111    21
06010112    20
06010113    25
06010114    32
06010115    35
06010116    33
06010117    26
06010118    46
06010119    45
06010120    43
06010121   110
06010122    99
06010123    47
06010200    23
06010201    22
06010202    13
06010203    15
06010204    27
06010205    31
06010206    25
06010207    36
06010208    46
06010209    65
06010210   175
06010211    75
06010212    30
06010213    22
06010214    17
06010215    24
06010216    23
06010217    18
06010218    17
06010219    19
06010220    95
06010221   225
06010222    69
06010223    41
06010300    22
06010301    30
06010302    48
06010303    20
06010304    12
06010305    10
06010306    17
06010307    15
06010308    18
06010309    60
06010310    66
06010311    39
06010312    28
06010313   113
06010314   223
06010315    74
06010316   249
06010317   194
06010318    58
06010319   157
06010320   109
06010321    61
06010322    30
06010323    15
06010400    14
06010401     8
06010402    16
06010403    24
06010404    18
06010405    24
06010406    20
06010407    19
06010408     9
06010409     7
06010410    11
06010411     7
06010412    18
06010413    19
06010414    45
06010415    42
06010416    30
06010417    25
06010418    39
06010419   103
06010420    45
06010421    10
06010422    10
06010423    22
06010500    20
06010501    21
06010502    24
06010503    25
06010504    29
06010505    36
06010506    95
06010507    85
06010508   132
06010509    58
06010510    90
06010511   192
06010512    69
06010513    95
06010514   151
06010515    86
06010516   104
06010517   156
06010518   118
06010519   100
06010520   149
06010521   128
06010522    95
06010523   116
06010600   142
06010601    70
06010602    75
06010603   105
06010604   193
06010605   151
06010606   117
06010607   219
06010608   198
06010609   195
06010610   131
06010611   297
06010612   529
06010613   356
06010614   150
06010615   276
06010616   415
06010617   178
06010618    79
06010619    57
06010620   113
06010621   128
06010622    48
06010623    89
06010700   191
06010701    96
06010702    52
06010703    68
06010704    75
06010705    78
06010706    87
06010707   211
06010708   294
06010709   223
06010710   199
06010711    93
06010712    29
06010713    42
06010714    87
06010715   363
06010716   278
06010717    79
06010718    76
06010719    84
06010720    43
06010721    66
06010722    33
06010723    33
06010800    31
06010801    24
06010802    33
06010803    42
06010804    39
06010805    68
06010806    88
06010807   252
06010808   226
06010809   118
06010810    74
06010811   320
06010812   193
06010813   220
06010814   159
06010815   125
06010816   104
06010817    82
06010818    76
06010819    59
06010820    49
06010821    96
06010822    26
06010823    23
06010900    27
06010901    28
06010902    27
06010903    26
06010904    36
06010905    29
06010906    30
06010907    29
06010908    28
06010909    39
06010910    33
06010911    25
06010912    49
06010913    31
06010914    30
06010915    30
06010916    30
06010917    30
06010918    27
06010919    24
06010920    22
06010921    22
06010922    20
06010923    19
06011000    19
06011001    18
06011002    18
06011003    18
06011004    18
06011005    18
06011006    21
06011007    16
06011008    14
06011009    14
06011010    27
06011011    93
06011012   106
06011013    85
06011014    95
06011015   174
06011016   147
06011017   100
06011018    92
06011019    74
06011020   106
06011021    71
06011022    60
06011023    43
06011100    28
06011101    28
06011102    31
06011103    31
06011104    39
06011105    42
06011106    37
06011107    35
06011108    59
06011109    44
06011110    37
06011111    40
06011112    88
06011113   224
06011114   228
06011115   158
06011116    35
06011117    45
06011118    34
06011119    66
06011120   128
06011121    68
06011122    37
06011123    37
06011200    38
06011201    95
06011202    79
06011203    99
06011204    50
06011205    49
06011206    61
06011207    76
06011208   144
06011209   121
06011210    93
06011211    33
06011212    19
06011213    15
06011214    18
06011215    18
06011216    23
06011217    22
06011218    44
06011219   115
06011220   118
06011221    80
06011222    86
06011223   105
06011300    58
06011301    59
06011302    26
06011303    44
06011304    31
06011305    26
06011306    28
06011307    26
06011308    33
06011309    26
06011310    27
06011311    41
06011312    75
06011313   153
06011314    50
06011315    41
06011316    85
06011317   129
06011318    98
06011319    72
06011320    70
06011321    87
06011322    55
06011323    45
06011400    27
06011401    40
06011402    44
06011403    50
06011404    19
06011405    24
06011406    25
06011407    37
06011408    67
06011409    95
06011410   191
06011411   105
06011412    17
06011413    12
06011414    46
06011415   134
06011416    97
06011417    50
06011418    44
06011419   213
06011420    28
06011421    39
06011422    40
06011423    32
06011500    35
06011501    56
06011502    89
06011503    81
06011504    72
06011505    91
06011506    58
06011507    57
06011508    42
06011509    30
06011510    35
06011511    33
06011512    43
06011513    72
06011514    63
06011515    32
06011516    51
06011517   139
06011518   470
06011519   248
06011520    43
06011521    46
06011522    53
06011523    41
06011600    34
06011601    34
06011602    38
06011603    34
06011604   210
06011605    88
06011606    81
06011607   271
06011608   351
06011609   364
06011610   262
06011611   187
06011612   147
06011613   257
06011614   430
06011615   336
06011616   143
06011617   551
06011618   528
06011619    69
06011620    54
06011621   157
06011622   247
06011623   332
06011700   168
06011701    90
06011702   127
06011703   234
06011704   162
06011705    94
06011706    64
06011707   116
06011708   272
06011709   371
06011710   122
06011711    66
06011712    87
06011713   329
06011714   289
06011715   126
06011716    54
06011717    40
06011718    76
06011719   235
06011720   129
06011721    67
06011722    51
06011723    67
06011800    71
06011801    93
06011802    77
06011803   136
06011804   106
06011805    84
06011806   195
06011807   206
06011808   153
06011809   116
06011810   500
06011811   402
06011812    61
06011813    40
06011814    33
06011815   186
06011816   277
06011817   140
06011818   208
06011819   139
06011820    60
06011821   100
06011822   195
06011823   125
06011900    56
06011901    80
06011902    59
06011903    46
06011904    38
06011905    38
06011906   161
06011907   142
06011908    95
06011909   135
06011910    94
06011911   220
06011912   337
06011913   220
06011914   133
06011915    49
06011916    43
06011917   307
06011918   211
06011919   139
06011920   116
06011921    80
06011922   258
06011923   191
06012000    67
06012001    49
06012002    51
06012003    48
06012004    55
06012005    33
06012006    29
06012007    73
06012008    94
06012009    53
06012010   158
06012011   162
06012012   104
06012013    49
06012014   226
06012015   201
06012016   113
06012017   452
06012018   464
06012019   132
06012020    47
06012021    44
06012022    72
06012023    61
06012100    44
06012101    68
06012102    66
06012103   160
06012104   171
06012105    91
06012106    77
06012107   110
06012108   115
06012109   142
06012110   222
06012111   200
06012112   313
06012113   233
06012114    87
06012115    54
06012116    48
06012117    61
06012118    35
06012119    31
06012120    28
06012121    22
06012122    23
06012123    22
06012200    21
06012201    21
06012202    21
06012203    23
06012204    42
06012205    89
06012206   146
06012207    88
06012208    82
06012209    62
06012210   219
06012211   287
06012212    99
06012213   240
06012214   380
06012215   310
06012216    94
06012217    71
06012218    42
06012219    42
06012220    29
06012221    21
06012222    24
06012223    25
06012300    24
06012301    18
06012302    60
06012303   282
06012304   413
06012305   326
06012306   237
06012307    97
06012308   136
06012309   500
06012310   543
06012311   276
06012312   176
06012313   226
06012314   264
06012315   143
06012316   201
06012317   239
06012318    68
06012319    62
06012320   106
06012321   110
06012322   255
06012323   501
06012400   180
06012401   158
06012402   157
06012403    82
06012404   153
06012405   363
06012406   228
06012407   154
06012408   247
06012409    62
06012410    39
06012411    27
06012412    29
06012413    25
06012414    26
06012415    44
06012416    24
06012417    28
06012418    26
06012419    22
06012420    19
06012421    23
06012422    23
06012423    18
06012500    20
06012501    25
06012502    19
06012503    21
06012504    25
06012505    20
06012506    19
06012507    18
06012508    32
06012509    88
06012510   178
06012511   109
06012512    45
06012513    28
06012514    40
06012515   110
06012516   131
06012517    42
06012518    89
06012519   362
06012520   628
06012521   422
06012522   474
06012523   634
06012600   708
06012601   525
06012602   399
06012603   578
06012604   294
06012605   159
06012606    65
06012607   114
06012608   223
06012609   347
06012610   235
06012611   131
06012612   251
06012613   443
06012614   255
06012615   301
06012616   399
06012617   980
06012618   318
06012619   172
06012620   279
06012621   756
06012622   352
06012623   356
06012700   272
06012701   268
06012702   152
06012703    84
06012704    76
06012705    84
06012706   124
06012707   197
06012708   118
06012709   133
06012710   161
06012711   328
06012712   246
06012713   151
06012714   269
06012715   320
06012716   176
06012717   157
06012718   188
06012719   161
06012720   397
06012721   204
06012722    73
06012723   138
06012800   102
06012801    76
06012802    84
06012803    64
06012804    53
06012805    70
06012806   102
06012807   161
06012808    75
06012809    93
06012810   167
06012811   154
06012812   181
06012813    87
06012814    51
06012815    25
06012816    60
06012817   112
06012818   190
06012819   306
06012820    90
06012821    84
06012822    77
06012823    74
06012900    51
06012901    48
06012902    35
06012903    26
06012904    37
06012905    77
06012906    48
06012907    22
06012908    31
06012909    71
06012910    77
06012911    33
06012912    40
06012913    37
06012914    25
06012915    25
06012916    14
06012917    15
06012918    15
06012919    15
06012920    14
06012921    25
06012922    19
06012923    24
06013000    35
06013001    25
06013002    21
06013003    25
06013004    18
06013005    24
06013006    35
06013007    40
06013008    36
06013009    36
06013010    49
06013011    32
06013012    30
06013013    49
06013014    48
06013015    73
06013016   101
06013017    66
06013018    92
06013019    61
06013020    25
06013021    24
06013022    21
06013023    26
06013100    19
06013101    16
06013102    17
06013103    19
06013104    22
06013105    30
06013106    32
06013107    71
06013108    45
06013109    52
06013110    43
06013111    83
06013112   120
06013113   150
06013114   152
06013115    91
06013116    92
06013117   127
06013118    37
06013119    21
06013120    28
06013121    22
06013122    42
06013123    33

Fri Ju 2
