06030100    58
06030101   179
06030102   140
06030103   110
06030104   123
06030105   100
06030106    64
06030107    71
06030108    92
06030109   202
06030110   231
06030111   213
06030112   233
06030113   272
06030114   364
06030115   143
06030116    43
06030117    35
06030118    25
06030119    19
06030120    21
06030121    17
06030122    18
06030123    24
06030200    24
06030201    31
06030202    25
06030203    24
06030204    27
06030205    38
06030206    37
06030207    82
06030208   150
06030209   101
06030210   151
06030211    88
06030212    65
06030213    96
06030214    54
06030215    28
06030216    27
06030217    23
06030218    13
06030219    15
06030220    30
06030221    43
06030222    71
06030223   112
06030300   111
06030301    37
06030302    26
06030303    22
06030304    28
06030305    33
06030306    22
06030307    25
06030308    31
06030309    45
06030310    90
06030311   131
06030312    59
06030313    30
06030314    43
06030315    55
06030316    38
06030317   100
06030318   129
06030319    40
06030320    17
06030321    21
06030322    28
06030323    24
06030400    24
06030401    33
06030402    34
06030403    47
06030404    28
06030405    34
06030406   104
06030407   148
06030408    79
06030409    59
06030410    26
06030411    55
06030412    66
06030413    57
06030414   106
06030415   110
06030416    50
06030417    71
06030418    52
06030419    23
06030420    22
06030421    19
06030422    25
06030423    47
06030500    35
06030501    15
06030502    24
06030503    28
06030504    23
06030505    31
06030506    49
06030507    38
06030508    26
06030509    28
06030510    27
06030511    24
06030512    26
06030513    27
06030514    27
06030515    29
06030516    33
06030517    36
06030518    26
06030519    18
06030520    14
06030521    22
06030522    39
06030523    20
06030600    16
06030601    16
06030602    25
06030603    31
06030604    36
06030605    32
06030606    38
06030607    37
06030608    32
06030609    51
06030610   150
06030611    70
06030612    45
06030613   108
06030614   319
06030615   378
06030616   259
06030617   232
06030618   378
06030619   443
06030620   354
06030621   477
06030622   616
06030623   547
06030700   625
06030701   479
06030702   480
06030703   397
06030704   126
06030705   233
06030706   168
06030707   234
06030708   191
06030709   349
06030710   235
06030711   255
06030712   212
06030713   183
06030714   161
06030715    74
06030716    59
06030717    51
06030718    29
06030719    19
06030720    46
06030721    55
06030722    78
06030723    46
06030800    29
06030801    93
06030802    43
06030803    51
06030804    87
06030805   130
06030806    61
06030807    42
06030808    44
06030809    46
06030810   100
06030811    38
06030812    48
06030813   113
06030814   131
06030815   101
06030816    41
06030817    75
06030818   250
06030819   253
06030820   347
06030821   262
06030822   196
06030823   118
06030900    51
06030901    25
06030902    18
06030903    31
06030904    49
06030905    28
06030906    51
06030907    41
06030908    26
06030909    35
06030910    50
06030911    40
06030912    43
06030913    37
06030914    40
06030915    55
06030916    48
06030917    45
06030918   331
06030919   486
06030920   122
06030921    44
06030922    45
06030923    48
06031000    60
06031001    29
06031002    42
06031003    86
06031004   174
06031005   185
06031006    55
06031007    76
06031008   222
06031009   258
06031010   496
06031011   252
06031012   116
06031013   230
06031014   244
06031015    65
06031016   218
06031017   194
06031018   170
06031019    69
06031020    54
06031021   163
06031022   658
06031023   660
06031100   588
06031101   358
06031102   310
06031103   204
06031104   223
06031105   258
06031106   252
06031107   266
06031108   626
06031109   353
06031110   483
06031111   193
06031112    67
06031113    34
06031114    83
06031115   203
06031116   272
06031117   160
06031118    72
06031119    30
06031120    40
06031121    88
06031122    32
06031123    36
06031200    24
06031201    17
06031202    14
06031203    19
06031204    26
06031205    75
06031206    71
06031207    94
06031208   241
06031209   253
06031210    93
06031211    39
06031212    49
06031213    70
06031214    69
06031215    52
06031216    53
06031217   109
06031218   185
06031219   113
06031220    56
06031221    31
06031222    24
06031223    21
06031300    20
06031301    18
06031302    14
06031303    22
06031304    29
06031305    26
06031306    26
06031307    35
06031308    54
06031309   153
06031310    84
06031311    55
06031312    62
06031313    30
06031314    25
06031315    27
06031316    28
06031317    25
06031318    24
06031319    22
06031320    22
06031321    39
06031322    97
06031323    58
06031400    30
06031401    26
06031402    26
06031403    28
06031404    22
06031405    20
06031406    22
06031407    30
06031408    61
06031409    33
06031410    37
06031411    44
06031412    53
06031413   227
06031414   156
06031415    44
06031416    36
06031417    29
06031418    31
06031419    24
06031420    20
06031421    27
06031422    55
06031423   123
06031500   103
06031501    65
06031502    91
06031503   123
06031504    76
06031505    50
06031506    57
06031507    83
06031508    56
06031509   217
06031510   136
06031511    42
06031512    43
06031513    42
06031514    51
06031515    36
06031516    74
06031517   250
06031518   342
06031519   223
06031520    68
06031521    28
06031522    28
06031523    27
06031600    28
06031601    26
06031602    52
06031603   137
06031604   144
06031605   134
06031606   103
06031607   265
06031608   179
06031609   203
06031610   389
06031611   176
06031612   129
06031613    68
06031614    95
06031615   438
06031616   229
06031617    65
06031618    35
06031619    24
06031620    48
06031621    61
06031622    27
06031623    24
06031700    24
06031701    20
06031702    22
06031703    22
06031704    31
06031705    33
06031706    34
06031707    41
06031708    46
06031709    36
06031710    80
06031711   111
06031712   102
06031713    70
06031714    37
06031715    23
06031716    23
06031717    30
06031718    51
06031719    27
06031720    41
06031721    27
06031722    33
06031723    34
06031800    23
06031801    23
06031802    30
06031803    37
06031804    55
06031805   150
06031806   191
06031807   420
06031808   401
06031809   369
06031810   760
06031811   337
06031812   118
06031813   195
06031814   525
06031815   757
06031816   496
06031817   367
06031818   426
06031819   691
06031820   558
06031821   850
06031822   764
06031823   661
06031900   674
06031901   748
06031902   302
06031903   330
06031904   654
06031905   312
06031906   631
06031907   752
06031908   375
06031909   200
06031910   298
06031911   565
06031912   480
06031913   258
06031914   490
06031915   527
06031916   504
06031917   297
06031918   202
06031919   407
06031920   604
06031921   856
06031922   620
06031923   480
06032000   442
06032001   553
06032002   599
06032003   480
06032004   536
06032005   302
06032006   412
06032007   590
06032008   502
06032009   313
06032010   596
06032011   165
06032012    57
06032013    59
06032014   158
06032015   400
06032016   489
06032017   425
06032018   545
06032019   523
06032020   538
06032021   249
06032022   183
06032023   260
06032100   158
06032101    84
06032102   236
06032103   456
06032104   345
06032105   207
06032106    85
06032107    81
06032108    88
06032109   227
06032110   241
06032111   325
06032112   340
06032113   455
06032114   549
06032115   614
06032116   821
06032117   956
06032118   598
06032119   295
06032120   205
06032121   414
06032122   147
06032123    74
06032200   257
06032201   370
06032202   363
06032203   414
06032204   284
06032205   259
06032206   426
06032207   161
06032208   202
06032209   166
06032210    76
06032211    63
06032212    46
06032213    51
06032214    60
06032215    45
06032216    38
06032217    56
06032218   224
06032219   394
06032220   392
06032221   111
06032222   135
06032223   247
06032300   156
06032301   111
06032302   158
06032303   187
06032304    98
06032305   164
06032306   127
06032307   206
06032308   158
06032309    66
06032310    51
06032311    39
06032312    39
06032313    62
06032314   127
06032315    66
06032316    43
06032317    31
06032318    18
06032319    33
06032320    48
06032321    61
06032322    34
06032323    54
06032400    40
06032401   100
06032402    39
06032403    37
06032404    31
06032405    33
06032406    31
06032407    28
06032408    37
06032409    40
06032410    58
06032411    72
06032412    46
06032413    35
06032414    33
06032415    25
06032416    25
06032417    53
06032418   150
06032419   174
06032420   197
06032421   236
06032422   266
06032423   275
06032500   174
06032501   138
06032502    92
06032503   261
06032504   134
06032505    92
06032506   121
06032507   121
06032508   143
06032509   107
06032510    52
06032511    79
06032512   214
06032513   142
06032514    69
06032515    62
06032516   164
06032517   166
06032518   198
06032519   277
06032520   126
06032521    47
06032522    35
06032523    36
06032600    27
06032601    28
06032602    57
06032603   105
06032604   100
06032605    56
06032606    59
06032607    55
06032608    49
06032609    51
06032610    91
06032611   219
06032612   157
06032613   155
06032614   216
06032615   239
06032616   321
06032617   494
06032618   561
06032619   337
06032620   137
06032621   129
06032622   291
06032623   270
06032700   453
06032701   246
06032702   225
06032703   337
06032704    63
06032705    52
06032706    60
06032707    52
06032708    41
06032709    47
06032710    50
06032711    52
06032712    54
06032713    58
06032714    36
06032715   119
06032716   259
06032717    46
06032718    33
06032719    43
06032720    32
06032721    85
06032722   442
06032723   216
06032800    26
06032801    22
06032802    62
06032803    86
06032804   438
06032805   287
06032806    85
06032807    41
06032808    38
06032809    41
06032810    45
06032811    56
06032812    59
06032813    88
06032814    45
06032815    57
06032816    66
06032817    77
06032818   106
06032819    58
06032820    48
06032821    45
06032822    32
06032823    30
06032900    26
06032901    25
06032902    58
06032903    53
06032904    93
06032905   102
06032906   116
06032907    82
06032908    78
06032909    53
06032910   110
06032911    62
06032912    46
06032913    46
06032914    48
06032915    50
06032916    52
06032917    28
06032918    83
06032919   147
06032920   189
06032921   295
06032922   256
06032923    80
06033000    97
06033001    73
06033002    78
06033003    56
06033004    34
06033005    30
06033006    26
06033007    22
06033008    36
06033009    45
06033010    57
06033011    62
06033012    78
06033013    75
06033014    42
06033015    46
06033016    66
06033017    51
06033018    52
06033019    47
06033020   126
06033021   138
06033022    77
06033023   133
06033100    39
06033101    35
06033102    45
06033103    38
06033104    39
06033105    40
06033106    53
06033107   104
06033108   193
06033109   277
06033110   176
06033111   182
06033112   381
06033113   302
06033114   175
06033115   234
06033116    59
06033117    60
06033118   110
06033119   280
06033120   203
06033121    55
06033122    41
06033123    36

Wed Au 1
