07080100   608
07080101   421
07080102   286
07080103    55
07080104    50
07080105   474
07080106   502
07080107   270
07080108   172
07080109   170
07080110   261
07080111   299
07080112   117
07080113   215
07080114   213
07080115   235
07080116   375
07080117   265
07080118   252
07080119   186
07080120   172
07080121   222
07080122   343
07080123   193
07080200    27
07080201    72
07080202    62
07080203    58
07080204   133
07080205   347
07080206   189
07080207   155
07080208   141
07080209    53
07080210    45
07080211    73
07080212    85
07080213   254
07080214   288
07080215   298
07080216   230
07080217   150
07080218    72
07080219    67
07080220    46
07080221    38
07080222    37
07080223    51
07080300    60
07080301    76
07080302    67
07080303    56
07080304   142
07080305   280
07080306   174
07080307    48
07080308    44
07080309    71
07080310    81
07080311   110
07080312   151
07080313   139
07080314    61
07080315    88
07080316    31
07080317    33
07080318    33
07080319    43
07080320    49
07080321    57
07080322    63
07080323    42
07080400    27
07080401    30
07080402    31
07080403    25
07080404    13
07080405    16
07080406    40
07080407    30
07080408    16
07080409    28
07080410    35
07080411    34
07080412    32
07080413    49
07080414    29
07080415    24
07080416    37
07080417    41
07080418    34
07080419    39
07080420    41
07080421    47
07080422    35
07080423    24
07080500    16
07080501    14
07080502    11
07080503    15
07080504    30
07080505    23
07080506    19
07080507    16
07080508    28
07080509    40
07080510    35
07080511    33
07080512    35
07080513    37
07080514    29
07080515    27
07080516    39
07080517    50
07080518    45
07080519    53
07080520    45
07080521    39
07080522    39
07080523    48
07080600    60
07080601    39
07080602    25
07080603    22
07080604    18
07080605    13
07080606    29
07080607    76
07080608   238
07080609   202
07080610    83
07080611    49
07080612    84
07080613   140
07080614   192
07080615   207
07080616   211
07080617   450
07080618   237
07080619   148
07080620   346
07080621   766
07080622   786
07080623   220
07080700   319
07080701   346
07080702   711
07080703   507
07080704   446
07080705   235
07080706   610
07080707   413
07080708   421
07080709   510
07080710   333
07080711   358
07080712   445
07080713   373
07080714   301
07080715   170
07080716   337
07080717   454
07080718   240
07080719   192
07080720   293
07080721   317
07080722   417
07080723   291
07080800   187
07080801   212
07080802    61
07080803   257
07080804   489
07080805   316
07080806   196
07080807   303
07080808   190
07080809   115
07080810    43
07080811    59
07080812    35
07080813    30
07080814    65
07080815    92
07080816    95
07080817    56
07080818    37
07080819    44
07080820    58
07080821    66
07080822    64
07080823    67
07080900    78
07080901   107
07080902    35
07080903    26
07080904    59
07080905    86
07080906   151
07080907   122
07080908   137
07080909   183
07080910    86
07080911    67
07080912    53
07080913    40
07080914    75
07080915    48
07080916    66
07080917    71
07080918    53
07080919    40
07080920    40
07080921    47
07080922    45
07080923    35
07081000    34
07081001    38
07081002    35
07081003    53
07081004    70
07081005   107
07081006   137
07081007   186
07081008   268
07081009   215
07081010   176
07081011   351
07081012   416
07081013   427
07081014   583
07081015   496
07081016   337
07081017   626
07081018   481
07081019   224
07081020   131
07081021   162
07081022   243
07081023   276
07081100   426
07081101   476
07081102   301
07081103   165
07081104   241
07081105   359
07081106   379
07081107   222
07081108   252
07081109   169
07081110   134
07081111   119
07081112   244
07081113   370
07081114   213
07081115   245
07081116   443
07081117   457
07081118   491
07081119   416
07081120   180
07081121   188
07081122   192
07081123   295
07081200   117
07081201    84
07081202   242
07081203   265
07081204   235
07081205   194
07081206   154
07081207   192
07081208   117
07081209   239
07081210   393
07081211   475
07081212   155
07081213    47
07081214    36
07081215    25
07081216    61
07081217   124
07081218   149
07081219    75
07081220    57
07081221    28
07081222    33
07081223    30
07081300    26
07081301    22
07081302    51
07081303    71
07081304    40
07081305    21
07081306    12
07081307    21
07081308    31
07081309    44
07081310    43
07081311    48
07081312    57
07081313    41
07081314    27
07081315    27
07081316    38
07081317    50
07081318    45
07081319    39
07081320    43
07081321    43
07081322    29
07081323    37
07081400    38
07081401    37
07081402    20
07081403    29
07081404    34
07081405    56
07081406   162
07081407   141
07081408   128
07081409    68
07081410    56
07081411    69
07081412    63
07081413    47
07081414   121
07081415    80
07081416    39
07081417    42
07081418    54
07081419    48
07081420    62
07081421    34
07081422    31
07081423    82
07081500   128
07081501   411
07081502   279
07081503   252
07081504   281
07081505   285
07081506    97
07081507    63
07081508    50
07081509    60
07081510   163
07081511   268
07081512   201
07081513   236
07081514    96
07081515    53
07081516   130
07081517   238
07081518    54
07081519    87
07081520   125
07081521   100
07081522    91
07081523   108
07081600   167
07081601   286
07081602   345
07081603   249
07081604    83
07081605   128
07081606   163
07081607   129
07081608   203
07081609   353
07081610   160
07081611    66
07081612    63
07081613    49
07081614    37
07081615    36
07081616    38
07081617   106
07081618   138
07081619   168
07081620   127
07081621    90
07081622    85
07081623    73
07081700   121
07081701    99
07081702    27
07081703    61
07081704    54
07081705    80
07081706    21
07081707    40
07081708    98
07081709    64
07081710    53
07081711    38
07081712    40
07081713    33
07081714    29
07081715    40
07081716    27
07081717    41
07081718    57
07081719    70
07081720    57
07081721    48
07081722    49
07081723    82
07081800    98
07081801    39
07081802    32
07081803    30
07081804    22
07081805    11
07081806    19
07081807    30
07081808    37
07081809    39
07081810    45
07081811    44
07081812    43
07081813    39
07081814    31
07081815    24
07081816    21
07081817    27
07081818    38
07081819    55
07081820    58
07081821    51
07081822    42
07081823    31
07081900    27
07081901    26
07081902    16
07081903    12
07081904     6
07081905     9
07081906     9
07081907    11
07081908    17
07081909    33
07081910    46
07081911    40
07081912    47
07081913    49
07081914    94
07081915   200
07081916   106
07081917    32
07081918    37
07081919    40
07081920    35
07081921    35
07081922    35
07081923    33
07082000    30
07082001    16
07082002    17
07082003    18
07082004    21
07082005    26
07082006    33
07082007    45
07082008    38
07082009    48
07082010    50
07082011    46
07082012    36
07082013    28
07082014    17
07082015    18
07082016    17
07082017    21
07082018    31
07082019    38
07082020    47
07082021    49
07082022    50
07082023    55
07082100   167
07082101   137
07082102   100
07082103    22
07082104    12
07082105    17
07082106    21
07082107    52
07082108   111
07082109    53
07082110   100
07082111   104
07082112   109
07082113    39
07082114   110
07082115    53
07082116   117
07082117    91
07082118    40
07082119    38
07082120    43
07082121    41
07082122    32
07082123    37
07082200    36
07082201    34
07082202    17
07082203    14
07082204    10
07082205    15
07082206    17
07082207    25
07082208    35
07082209    46
07082210   120
07082211   238
07082212   187
07082213   137
07082214   265
07082215   231
07082216   192
07082217    81
07082218    64
07082219    59
07082220    38
07082221    32
07082222    26
07082223    22
07082300    20
07082301    16
07082302    16
07082303    27
07082304    21
07082305    18
07082306    14
07082307    21
07082308    52
07082309   104
07082310    53
07082311    53
07082312    58
07082313   132
07082314    55
07082315    56
07082316    38
07082317    23
07082318    24
07082319    33
07082320    37
07082321    35
07082322    33
07082323    31
07082400    19
07082401    27
07082402    25
07082403    59
07082404    15
07082405     8
07082406    11
07082407    20
07082408    28
07082409    32
07082410    38
07082411    41
07082412    36
07082413    35
07082414    33
07082415    31
07082416    38
07082417    37
07082418    32
07082419    26
07082420    27
07082421    19
07082422    15
07082423    20
07082500    33
07082501   157
07082502    77
07082503    66
07082504    77
07082505   105
07082506   168
07082507   158
07082508    81
07082509    52
07082510    88
07082511   274
07082512   589
07082513   384
07082514   138
07082515    65
07082516   139
07082517   138
07082518   120
07082519   260
07082520   162
07082521    97
07082522    36
07082523    71
07082600   120
07082601   139
07082602   166
07082603   219
07082604   101
07082605    64
07082606    51
07082607   100
07082608   171
07082609    87
07082610    60
07082611    83
07082612    67
07082613    81
07082614   123
07082615   177
07082616   211
07082617   382
07082618   203
07082619    90
07082620    65
07082621   208
07082622   181
07082623   108
07082700    83
07082701    92
07082702   153
07082703   110
07082704   108
07082705   157
07082706   442
07082707   431
07082708   136
07082709   107
07082710   224
07082711   229
07082712    59
07082713    63
07082714    48
07082715    35
07082716    39
07082717    44
07082718   137
07082719   569
07082720   517
07082721   283
07082722   456
07082723   628
07082800   617
07082801   457
07082802   240
07082803   284
07082804    87
07082805   123
07082806   130
07082807   385
07082808   401
07082809   709
07082810   514
07082811   366
07082812   215
07082813   208
07082814    98
07082815    28
07082816    31
07082817    49
07082818    66
07082819   109
07082820   104
07082821    55
07082822    71
07082823   159
07082900   129
07082901    31
07082902    23
07082903    23
07082904    29
07082905    24
07082906    92
07082907    80
07082908    91
07082909    48
07082910    46
07082911    49
07082912    51
07082913    65
07082914   138
07082915    90
07082916    49
07082917    40
07082918    39
07082919    69
07082920    79
07082921    43
07082922    80
07082923    92
07083000    59
07083001    74
07083002   202
07083003   130
07083004   102
07083005    57
07083006   102
07083007   142
07083008    60
07083009    50
07083010    46
07083011    44
07083012    65
07083013    68
07083014   114
07083015    40
07083016    45
07083017    36
07083018    43
07083019    62
07083020    82
07083021    47
07083022    55
07083023    49
07083100    61
07083101    46
07083102    47
07083103    61
07083104    57
07083105    33
07083106    37
07083107    75
07083108   200
07083109   173
07083110   230
07083111   161
07083112   168
07083113   178
07083114   126
07083115   114
07083116    72
07083117    59
07083118    54
07083119    71
07083120    91
07083121   127
07083122   227
07083123   241

Sat Ju 1
