07100100    67
07100101   127
07100102   260
07100103   184
07100104   163
07100105    75
07100106   136
07100107    89
07100108   270
07100109   360
07100110   368
07100111   448
07100112   303
07100113   127
07100114    78
07100115   117
07100116   195
07100117   100
07100118    32
07100119    32
07100120    27
07100121    60
07100122    87
07100123    68
07100200    63
07100201   153
07100202   188
07100203    81
07100204   146
07100205    89
07100206   124
07100207   136
07100208   132
07100209   166
07100210    88
07100211    39
07100212    67
07100213    74
07100214    90
07100215    78
07100216    37
07100217    22
07100218    27
07100219    46
07100220    40
07100221    44
07100222    93
07100223   451
07100300   194
07100301    54
07100302    76
07100303   222
07100304   261
07100305   357
07100306   286
07100307   352
07100308   376
07100309   175
07100310   236
07100311   202
07100312   136
07100313   526
07100314   541
07100315   146
07100316   101
07100317   194
07100318    96
07100319    59
07100320   307
07100321   346
07100322   275
07100323   229
07100400   325
07100401   506
07100402   543
07100403   449
07100404   437
07100405   128
07100406    63
07100407    75
07100408   283
07100409   272
07100410   235
07100411   208
07100412   356
07100413   193
07100414   244
07100415   435
07100416   185
07100417   159
07100418   248
07100419    89
07100420    26
07100421    23
07100422    17
07100423    14
07100500    24
07100501    58
07100502   106
07100503   165
07100504   221
07100505   278
07100506   269
07100507   158
07100508   207
07100509    92
07100510    35
07100511    50
07100512    92
07100513   239
07100514   222
07100515   165
07100516   154
07100517   100
07100518    68
07100519    68
07100520    50
07100521    24
07100522    20
07100523    20
07100600    17
07100601    22
07100602    49
07100603    44
07100604    34
07100605    47
07100606   132
07100607   130
07100608   101
07100609    68
07100610   142
07100611   229
07100612   267
07100613   333
07100614   199
07100615   164
07100616    85
07100617    34
07100618    29
07100619    27
07100620    34
07100621    29
07100622    75
07100623    45
07100700    25
07100701    63
07100702    21
07100703    19
07100704    19
07100705    23
07100706    98
07100707    90
07100708    63
07100709    97
07100710    37
07100711    32
07100712    52
07100713   150
07100714    96
07100715    33
07100716    21
07100717    24
07100718    27
07100719    15
07100720    18
07100721    20
07100722    15
07100723    12
07100800    11
07100801    12
07100802    15
07100803    21
07100804    21
07100805    16
07100806    17
07100807    24
07100808    32
07100809    42
07100810    40
07100811    33
07100812    34
07100813    34
07100814    30
07100815    19
07100816    17
07100817    17
07100818    15
07100819    16
07100820    18
07100821    18
07100822    28
07100823    30
07100900    17
07100901    14
07100902    19
07100903    23
07100904    26
07100905    28
07100906    63
07100907    84
07100908    61
07100909   104
07100910    40
07100911    32
07100912    52
07100913    97
07100914    35
07100915    26
07100916    15
07100917    17
07100918    14
07100919    13
07100920    12
07100921    11
07100922    11
07100923    13
07101000    16
07101001    18
07101002    18
07101003    21
07101004    38
07101005    43
07101006    43
07101007   154
07101008    74
07101009    45
07101010    29
07101011    41
07101012    95
07101013   145
07101014    89
07101015    63
07101016    33
07101017    30
07101018    19
07101019    17
07101020    13
07101021    11
07101022    12
07101023    13
07101100    11
07101101    11
07101102    14
07101103    17
07101104    15
07101105    11
07101106     8
07101107    10
07101108    23
07101109    36
07101110    35
07101111    32
07101112    36
07101113    34
07101114    32
07101115    27
07101116    26
07101117    23
07101118    21
07101119    21
07101120    25
07101121    21
07101122    17
07101123    11
07101200    10
07101201    13
07101202    18
07101203    18
07101204    38
07101205    65
07101206    42
07101207    42
07101208    39
07101209    32
07101210    31
07101211    74
07101212   109
07101213    43
07101214    29
07101215    40
07101216    72
07101217    40
07101218    44
07101219    63
07101220   137
07101221   203
07101222    89
07101223    21
07101300    20
07101301    14
07101302    11
07101303    12
07101304    12
07101305     9
07101306    10
07101307    13
07101308    17
07101309    25
07101310    25
07101311    31
07101312    56
07101313    62
07101314    53
07101315    18
07101316    20
07101317    20
07101318    21
07101319    21
07101320    20
07101321    18
07101322    23
07101323    72
07101400    38
07101401    15
07101402    37
07101403    85
07101404   104
07101405   135
07101406   236
07101407   190
07101408   142
07101409   302
07101410   364
07101411   378
07101412   282
07101413   138
07101414    37
07101415    56
07101416    56
07101417    28
07101418    19
07101419    25
07101420    25
07101421    24
07101422    21
07101423    18
07101500    26
07101501   108
07101502   122
07101503    69
07101504    25
07101505    12
07101506     8
07101507    14
07101508    21
07101509    30
07101510    26
07101511    90
07101512    40
07101513    35
07101514    32
07101515    60
07101516    68
07101517    34
07101518    19
07101519    25
07101520    28
07101521    18
07101522    14
07101523    11
07101600     9
07101601     9
07101602    12
07101603    14
07101604    13
07101605    12
07101606    14
07101607    41
07101608    41
07101609   103
07101610    95
07101611    43
07101612    51
07101613    46
07101614   143
07101615   377
07101616   286
07101617   151
07101618    48
07101619    39
07101620    27
07101621    14
07101622    11
07101623    14
07101700    17
07101701    27
07101702    33
07101703    16
07101704    12
07101705    14
07101706    12
07101707    12
07101708    29
07101709    40
07101710    30
07101711    36
07101712    38
07101713    27
07101714    24
07101715    34
07101716    18
07101717    18
07101718    14
07101719    15
07101720    16
07101721    15
07101722    12
07101723    14
07101800    15
07101801    14
07101802    24
07101803    60
07101804   210
07101805   156
07101806    49
07101807    86
07101808   303
07101809   188
07101810   131
07101811   553
07101812   120
07101813    36
07101814    32
07101815    29
07101816    50
07101817    92
07101818   247
07101819   277
07101820   413
07101821   298
07101822   134
07101823   116
07101900   235
07101901   162
07101902   198
07101903   116
07101904   110
07101905   149
07101906    89
07101907   196
07101908   208
07101909   125
07101910   170
07101911   107
07101912   194
07101913   652
07101914   672
07101915   189
07101916   253
07101917   369
07101918   425
07101919   280
07101920   377
07101921   370
07101922    68
07101923    58
07102000   190
07102001   387
07102002   346
07102003   610
07102004   474
07102005   299
07102006   368
07102007   158
07102008   230
07102009   398
07102010   288
07102011   315
07102012   116
07102013    48
07102014    65
07102015   105
07102016   138
07102017   275
07102018   192
07102019    51
07102020    30
07102021    51
07102022    38
07102023    30
07102100    22
07102101    14
07102102    10
07102103    21
07102104    41
07102105    56
07102106   107
07102107    89
07102108    94
07102109   153
07102110    36
07102111    20
07102112    94
07102113    28
07102114    35
07102115    39
07102116    19
07102117    23
07102118    63
07102119    63
07102120    37
07102121    53
07102122    50
07102123    39
07102200    39
07102201    21
07102202    31
07102203    48
07102204    44
07102205    36
07102206    36
07102207    40
07102208    25
07102209    30
07102210    21
07102211    32
07102212    29
07102213    32
07102214    22
07102215    20
07102216    72
07102217   326
07102218   407
07102219   152
07102220   124
07102221   282
07102222   210
07102223   248
07102300   356
07102301    86
07102302    76
07102303   164
07102304   166
07102305   157
07102306   173
07102307    86
07102308    67
07102309   193
07102310    95
07102311    34
07102312    86
07102313    79
07102314    19
07102315    26
07102316    55
07102317   183
07102318   187
07102319   109
07102320    94
07102321    35
07102322    24
07102323    21
07102400    30
07102401    48
07102402    22
07102403    23
07102404    27
07102405    35
07102406    38
07102407    35
07102408    46
07102409    56
07102410    50
07102411    48
07102412   173
07102413    38
07102414    23
07102415    31
07102416   111
07102417   169
07102418    41
07102419    15
07102420    15
07102421    17
07102422    16
07102423    18
07102500    16
07102501    16
07102502    22
07102503    52
07102504    48
07102505    53
07102506    77
07102507    92
07102508    60
07102509    33
07102510   135
07102511   138
07102512   335
07102513   538
07102514   386
07102515   327
07102516   731
07102517  1004
07102518   907
07102519   577
07102520   398
07102521   268
07102522   198
07102523   195
07102600   214
07102601   196
07102602   238
07102603   308
07102604   182
07102605    74
07102606    70
07102607   135
07102608   133
07102609   132
07102610   226
07102611   448
07102612   577
07102613   642
07102614   434
07102615   274
07102616   164
07102617   336
07102618   302
07102619   120
07102620   126
07102621   290
07102622   236
07102623   131
07102700   190
07102701   141
07102702   266
07102703   190
07102704   151
07102705   135
07102706    46
07102707    42
07102708   188
07102709   593
07102710   622
07102711   303
07102712   224
07102713   145
07102714   251
07102715   215
07102716   423
07102717   263
07102718   167
07102719    52
07102720    44
07102721   106
07102722   110
07102723   162
07102800   145
07102801   183
07102802   100
07102803   231
07102804   106
07102805    53
07102806   179
07102807   177
07102808   161
07102809   190
07102810   253
07102811   331
07102812    96
07102813    61
07102814   150
07102815   227
07102816   401
07102817   274
07102818   171
07102819    56
07102820    30
07102821    32
07102822    32
07102823    41
07102900    60
07102901   124
07102902    64
07102903    19
07102904    19
07102905    44
07102906   154
07102907   170
07102908   183
07102909   332
07102910   370
07102911   333
07102912   252
07102913   308
07102914   286
07102915   313
07102916   291
07102917   376
07102918   745
07102919   729
07102920   762
07102921   383
07102922    75
07102923   124
07103000   158
07103001   361
07103002   475
07103003   212
07103004   214
07103005   144
07103006   123
07103007   180
07103008    55
07103009    88
07103010   274
07103011   175
07103012   228
07103013   151
07103014    70
07103015   171
07103016   316
07103017   103
07103018    60
07103019    75
07103020    39
07103021    33
07103022    64
07103023    77
07103100    75
07103101    45
07103102    70
07103103    98
07103104    48
07103105    39
07103106    94
07103107   193
07103108   118
07103109    78
07103110   125
07103111   134
07103112   151
07103113   175
07103114   124
07103115   125
07103116    57
07103117    37
07103118    66
07103119    29
07103120    31
07103121    27
07103122    40
07103123    81

Sat Ju 1
