07110100   147
07110101   132
07110102    26
07110103    16
07110104    16
07110105    11
07110106    32
07110107    76
07110108   119
07110109   127
07110110    73
07110111    56
07110112    34
07110113    28
07110114    51
07110115    98
07110116   161
07110117    77
07110118    41
07110119    31
07110120    23
07110121    35
07110122    37
07110123    28
07110200    13
07110201    12
07110202    24
07110203    37
07110204    55
07110205   141
07110206    69
07110207    47
07110208    42
07110209    31
07110210    94
07110211   167
07110212    37
07110213    19
07110214    29
07110215    15
07110216    14
07110217    17
07110218    13
07110219    12
07110220    12
07110221    14
07110222    14
07110223    12
07110300    17
07110301    28
07110302    43
07110303    53
07110304    30
07110305    53
07110306    90
07110307   117
07110308   103
07110309    39
07110310    51
07110311    74
07110312    59
07110313   180
07110314    36
07110315    30
07110316    23
07110317    16
07110318    21
07110319    14
07110320    17
07110321    13
07110322    14
07110323    11
07110400    24
07110401    13
07110402     8
07110403     8
07110404    19
07110405    18
07110406    30
07110407    68
07110408    56
07110409    85
07110410    88
07110411    74
07110412   109
07110413   109
07110414   109
07110415    89
07110416    67
07110417   237
07110418   262
07110419   143
07110420   126
07110421   141
07110422    64
07110423    23
07110500    15
07110501    36
07110502    18
07110503    50
07110504   138
07110505    82
07110506    32
07110507    43
07110508    91
07110509   126
07110510   141
07110511   231
07110512   121
07110513    60
07110514    62
07110515    27
07110516    20
07110517    14
07110518     9
07110519     8
07110520    10
07110521    12
07110522    11
07110523     8
07110600     6
07110601     7
07110602     8
07110603     7
07110604     6
07110605     4
07110606    13
07110607    21
07110608    61
07110609    65
07110610    47
07110611    40
07110612    87
07110613    51
07110614    22
07110615    11
07110616    13
07110617    13
07110618    11
07110619     8
07110620     8
07110621     7
07110622     8
07110623    11
07110700     9
07110701    10
07110702    16
07110703    25
07110704    31
07110705    25
07110706    10
07110707    17
07110708    13
07110709    21
07110710    20
07110711    26
07110712    68
07110713    55
07110714    29
07110715    22
07110716    12
07110717    15
07110718    15
07110719    15
07110720    12
07110721    11
07110722    10
07110723    10
07110800    10
07110801     9
07110802    14
07110803    14
07110804    21
07110805    25
07110806    47
07110807    73
07110808    60
07110809    39
07110810    18
07110811    30
07110812    42
07110813    54
07110814    25
07110815    19
07110816    13
07110817    16
07110818    25
07110819    24
07110820    25
07110821    27
07110822    19
07110823    18
07110900    24
07110901    26
07110902    22
07110903    20
07110904    35
07110905    27
07110906    28
07110907    26
07110908    38
07110909    33
07110910    34
07110911    20
07110912    17
07110913    34
07110914    53
07110915    98
07110916   119
07110917    39
07110918    28
07110919    13
07110920    19
07110921    19
07110922    23
07110923    32
07111000    64
07111001    19
07111002    20
07111003    14
07111004    11
07111005    28
07111006    50
07111007    36
07111008    66
07111009   218
07111010   130
07111011   143
07111012   199
07111013    88
07111014    92
07111015   144
07111016    68
07111017    32
07111018    21
07111019    18
07111020    18
07111021    16
07111022    18
07111023    21
07111100    20
07111101    21
07111102    18
07111103    21
07111104    14
07111105    24
07111106    52
07111107    64
07111108    39
07111109    28
07111110    20
07111111    17
07111112    71
07111113    57
07111114    26
07111115    19
07111116    14
07111117    14
07111118    13
07111119    13
07111120    16
07111121    16
07111122    16
07111123    18
07111200    18
07111201    18
07111202    21
07111203    18
07111204    18
07111205    21
07111206    20
07111207    22
07111208    18
07111209    23
07111210    24
07111211    15
07111212    14
07111213    18
07111214    11
07111215     9
07111216    16
07111217    42
07111218   113
07111219    75
07111220    25
07111221    29
07111222    37
07111223    85
07111300   116
07111301   380
07111302   160
07111303   274
07111304   199
07111305   202
07111306    54
07111307    30
07111308    27
07111309    87
07111310   158
07111311   209
07111312   192
07111313    67
07111314    41
07111315    97
07111316    62
07111317   113
07111318   216
07111319   183
07111320   108
07111321   127
07111322   176
07111323   236
07111400   238
07111401   220
07111402   179
07111403   195
07111404    97
07111405    98
07111406    73
07111407    55
07111408   143
07111409   260
07111410   145
07111411    90
07111412   442
07111413   167
07111414   146
07111415   375
07111416   279
07111417    74
07111418    56
07111419    31
07111420    31
07111421    56
07111422    37
07111423    59
07111500    89
07111501    54
07111502    59
07111503    76
07111504    90
07111505    72
07111506    35
07111507    24
07111508    35
07111509    39
07111510    44
07111511    66
07111512   112
07111513   105
07111514   149
07111515   173
07111516   118
07111517   107
07111518    49
07111519   132
07111520   204
07111521   185
07111522   138
07111523   168
07111600    47
07111601    27
07111602    25
07111603    20
07111604    31
07111605    46
07111606   130
07111607   162
07111608   122
07111609    64
07111610    84
07111611    93
07111612   165
07111613   131
07111614   142
07111615   119
07111616   146
07111617    58
07111618    51
07111619    62
07111620    97
07111621    81
07111622   169
07111623   437
07111700   218
07111701    44
07111702    36
07111703    35
07111704    96
07111705   188
07111706   215
07111707   132
07111708    27
07111709    30
07111710    25
07111711    25
07111712    64
07111713   110
07111714   135
07111715    43
07111716    47
07111717   167
07111718   117
07111719    26
07111720    23
07111721    23
07111722    21
07111723    20
07111800    18
07111801    19
07111802    70
07111803    62
07111804    32
07111805    28
07111806    27
07111807    26
07111808    23
07111809    19
07111810    19
07111811    20
07111812    23
07111813    31
07111814    42
07111815    57
07111816    65
07111817    35
07111818    19
07111819    18
07111820    19
07111821    26
07111822    21
07111823    21
07111900    24
07111901    30
07111902    20
07111903    20
07111904    18
07111905    19
07111906    19
07111907    19
07111908    19
07111909    20
07111910    20
07111911    22
07111912    22
07111913    20
07111914    22
07111915    21
07111916    20
07111917    18
07111918    27
07111919    28
07111920    29
07111921    46
07111922    76
07111923   271
07112000   125
07112001    36
07112002    21
07112003    23
07112004    40
07112005   154
07112006   163
07112007   184
07112008   175
07112009   523
07112010   666
07112011   539
07112012   408
07112013  1068
07112014   872
07112015   799
07112016  1230
07112017   897
07112018   794
07112019   723
07112020   683
07112021   358
07112022   449
07112023   352
07112100   161
07112101   134
07112102   335
07112103   272
07112104   155
07112105   184
07112106   443
07112107   324
07112108   461
07112109   561
07112110   491
07112111   252
07112112   199
07112113   116
07112114    57
07112115   241
07112116   121
07112117    91
07112118    50
07112119    41
07112120    31
07112121    65
07112122    39
07112123    29
07112200    17
07112201    27
07112202    29
07112203    87
07112204   190
07112205   126
07112206   170
07112207   111
07112208   122
07112209   108
07112210   157
07112211   115
07112212    66
07112213    69
07112214   112
07112215   271
07112216   487
07112217   653
07112218   731
07112219   605
07112220   333
07112221   320
07112222   493
07112223   522
07112300   379
07112301   171
07112302    85
07112303   246
07112304   193
07112305    57
07112306   184
07112307   393
07112308   215
07112309   149
07112310   273
07112311   171
07112312    87
07112313   317
07112314   218
07112315   154
07112316    71
07112317   103
07112318   124
07112319    95
07112320   109
07112321    59
07112322   132
07112323   126
07112400   135
07112401   224
07112402   204
07112403   126
07112404    44
07112405    42
07112406    32
07112407   131
07112408   225
07112409    48
07112410    63
07112411   301
07112412   408
07112413   333
07112414   180
07112415   629
07112416   423
07112417   351
07112418   430
07112419   452
07112420   188
07112421    63
07112422    83
07112423   196
07112500   193
07112501   125
07112502   114
07112503   185
07112504   105
07112505    65
07112506   194
07112507   353
07112508   162
07112509   162
07112510   169
07112511   391
07112512   229
07112513   135
07112514    58
07112515   450
07112516   459
07112517   260
07112518   147
07112519    80
07112520    52
07112521   155
07112522   354
07112523   205
07112600   200
07112601   210
07112602   213
07112603   180
07112604   114
07112605   233
07112606   249
07112607   157
07112608   102
07112609   167
07112610   403
07112611   143
07112612    93
07112613    96
07112614   106
07112615    89
07112616    94
07112617   100
07112618    95
07112619   101
07112620    67
07112621   108
07112622   116
07112623    36
07112700    32
07112701    21
07112702    25
07112703    87
07112704   118
07112705   116
07112706    86
07112707    59
07112708    94
07112709   267
07112710   162
07112711    60
07112712    70
07112713    82
07112714   160
07112715    41
07112716    71
07112717    53
07112718    73
07112719    59
07112720    73
07112721    67
07112722    91
07112723    58
07112800    84
07112801   153
07112802    47
07112803    19
07112804    24
07112805    27
07112806    19
07112807    28
07112808    59
07112809    72
07112810    73
07112811   158
07112812   274
07112813   374
07112814   172
07112815   170
07112816   295
07112817   145
07112818    50
07112819    34
07112820    31
07112821    32
07112822    57
07112823    31
07112900    26
07112901    22
07112902    20
07112903    25
07112904    16
07112905    32
07112906    76
07112907    40
07112908    32
07112909    30
07112910    52
07112911    60
07112912    51
07112913   161
07112914   352
07112915   175
07112916   149
07112917    86
07112918    26
07112919    28
07112920    19
07112921    20
07112922    33
07112923    20
07113000    21
07113001    21
07113002    16
07113003    14
07113004    17
07113005    23
07113006    22
07113007    18
07113008    17
07113009    56
07113010   112
07113011   181
07113012   125
07113013    64
07113014    25
07113015    40
07113016    32
07113017    64
07113018    63
07113019    32
07113020    27
07113021    32
07113022    22
07113023    31

Thu Ma 1
