07040100   161
07040101   421
07040102   646
07040103   310
07040104   168
07040105   353
07040106   712
07040107   643
07040108   538
07040109   437
07040110    82
07040111   225
07040112   675
07040113   508
07040114   360
07040115   200
07040116   410
07040117   427
07040118   441
07040119   418
07040120   523
07040121   491
07040122   650
07040123   522
07040200   462
07040201   434
07040202   434
07040203   589
07040204   544
07040205   676
07040206   773
07040207   323
07040208   446
07040209   301
07040210   398
07040211   570
07040212   254
07040213   288
07040214   406
07040215   403
07040216   441
07040217   282
07040218   450
07040219   404
07040220   347
07040221   307
07040222   489
07040223   458
07040300   275
07040301    93
07040302   167
07040303   479
07040304   264
07040305   140
07040306   180
07040307   197
07040308   297
07040309   260
07040310   187
07040311   128
07040312    51
07040313    44
07040314    47
07040315    93
07040316   409
07040317   631
07040318   216
07040319    42
07040320    46
07040321    33
07040322    30
07040323   139
07040400   227
07040401   435
07040402   365
07040403   445
07040404   387
07040405   183
07040406   196
07040407   122
07040408    66
07040409    74
07040410   136
07040411   198
07040412   143
07040413   200
07040414    42
07040415    46
07040416   166
07040417   203
07040418   139
07040419   164
07040420   129
07040421    85
07040422   122
07040423   169
07040500    71
07040501    34
07040502    37
07040503    50
07040504    43
07040505    42
07040506   106
07040507   183
07040508    88
07040509    74
07040510    37
07040511    71
07040512   131
07040513   180
07040514   114
07040515    50
07040516   115
07040517    72
07040518    65
07040519    42
07040520    36
07040521    21
07040522    43
07040523    84
07040600    78
07040601    45
07040602    37
07040603    44
07040604    58
07040605   102
07040606    37
07040607    66
07040608   153
07040609    88
07040610    51
07040611    52
07040612    52
07040613    43
07040614   107
07040615    99
07040616   191
07040617   201
07040618    91
07040619    41
07040620    44
07040621    54
07040622   139
07040623   140
07040700   111
07040701   179
07040702   144
07040703   119
07040704    78
07040705    39
07040706    27
07040707    39
07040708    26
07040709    28
07040710    43
07040711    47
07040712    78
07040713    33
07040714    37
07040715    55
07040716    71
07040717    33
07040718    33
07040719    28
07040720    31
07040721    34
07040722    30
07040723    30
07040800    22
07040801    18
07040802    17
07040803    20
07040804    20
07040805    19
07040806    30
07040807    53
07040808    41
07040809    57
07040810    53
07040811    43
07040812    35
07040813    35
07040814    42
07040815   101
07040816   160
07040817    73
07040818    29
07040819    27
07040820    28
07040821    29
07040822    31
07040823    45
07040900    68
07040901   105
07040902    59
07040903    28
07040904    43
07040905    69
07040906    73
07040907    39
07040908    41
07040909    62
07040910   275
07040911   314
07040912   228
07040913   146
07040914    57
07040915    34
07040916    36
07040917    30
07040918    33
07040919    23
07040920    29
07040921    24
07040922    31
07040923    34
07041000    32
07041001    44
07041002    29
07041003    27
07041004    25
07041005    21
07041006    24
07041007    39
07041008    54
07041009    39
07041010    40
07041011    75
07041012   148
07041013   169
07041014   164
07041015   132
07041016   131
07041017   323
07041018    94
07041019    61
07041020    47
07041021   224
07041022   384
07041023   463
07041100   218
07041101   103
07041102    89
07041103    40
07041104    31
07041105    88
07041106    61
07041107    72
07041108   144
07041109    69
07041110    36
07041111    31
07041112    36
07041113    49
07041114    42
07041115    38
07041116    38
07041117    33
07041118    28
07041119    24
07041120    25
07041121    25
07041122    24
07041123    37
07041200    34
07041201    39
07041202   154
07041203   163
07041204    80
07041205    49
07041206    26
07041207    35
07041208    72
07041209   144
07041210   498
07041211   578
07041212   500
07041213   574
07041214   279
07041215   107
07041216   171
07041217   245
07041218   261
07041219    93
07041220    29
07041221    30
07041222    49
07041223    28
07041300    26
07041301    16
07041302    18
07041303    18
07041304    18
07041305    24
07041306    61
07041307    14
07041308    22
07041309    29
07041310    35
07041311    35
07041312    33
07041313    30
07041314    26
07041315    26
07041316    31
07041317    28
07041318    23
07041319    22
07041320    17
07041321    26
07041322    26
07041323    22
07041400    20
07041401    17
07041402    21
07041403    26
07041404    30
07041405    29
07041406    18
07041407    18
07041408    26
07041409    32
07041410    37
07041411    32
07041412    31
07041413    31
07041414    27
07041415    24
07041416    23
07041417    43
07041418    44
07041419    34
07041420    30
07041421    48
07041422    73
07041423   334
07041500   264
07041501   150
07041502   252
07041503   321
07041504   170
07041505    92
07041506   119
07041507   147
07041508   175
07041509   164
07041510    84
07041511    49
07041512    39
07041513    42
07041514    71
07041515   192
07041516   146
07041517    70
07041518    34
07041519    31
07041520    30
07041521    33
07041522    31
07041523    26
07041600    22
07041601    19
07041602    18
07041603    17
07041604    15
07041605     9
07041606    10
07041607    19
07041608    31
07041609    40
07041610    34
07041611    30
07041612    27
07041613    28
07041614    43
07041615    67
07041616    54
07041617    27
07041618    18
07041619    20
07041620    29
07041621    30
07041622    27
07041623    25
07041700    28
07041701    31
07041702    33
07041703    34
07041704    29
07041705    33
07041706    26
07041707    65
07041708    68
07041709   189
07041710   384
07041711   533
07041712   541
07041713   360
07041714   230
07041715   240
07041716   370
07041717   437
07041718   504
07041719   327
07041720    82
07041721    55
07041722   159
07041723   402
07041800   454
07041801   261
07041802   374
07041803   397
07041804   282
07041805   286
07041806   109
07041807   134
07041808   131
07041809    67
07041810    37
07041811    39
07041812    35
07041813    29
07041814    50
07041815   110
07041816   147
07041817   145
07041818    87
07041819    83
07041820   312
07041821   206
07041822   153
07041823   146
07041900   226
07041901   168
07041902   360
07041903   222
07041904   123
07041905   195
07041906   257
07041907   217
07041908   114
07041909   216
07041910   187
07041911   124
07041912   135
07041913    73
07041914   126
07041915   109
07041916    55
07041917    34
07041918    29
07041919    29
07041920    39
07041921    42
07041922    57
07041923    60
07042000    80
07042001    49
07042002   111
07042003   114
07042004   102
07042005    76
07042006   101
07042007   113
07042008    48
07042009    44
07042010    37
07042011    34
07042012    43
07042013    49
07042014    56
07042015    78
07042016    34
07042017    24
07042018    29
07042019    28
07042020    53
07042021    51
07042022    74
07042023    36
07042100    24
07042101    21
07042102    21
07042103    32
07042104    48
07042105    72
07042106    48
07042107    65
07042108    58
07042109    54
07042110    45
07042111    42
07042112    45
07042113    42
07042114    39
07042115    37
07042116    43
07042117    70
07042118    55
07042119    29
07042120    35
07042121    30
07042122    24
07042123    30
07042200    26
07042201    56
07042202   114
07042203   131
07042204   159
07042205   168
07042206    81
07042207    29
07042208    33
07042209    66
07042210   332
07042211   333
07042212    92
07042213    88
07042214    86
07042215   241
07042216   299
07042217   234
07042218    68
07042219    87
07042220   124
07042221   126
07042222   288
07042223    85
07042300   111
07042301   541
07042302   737
07042303   553
07042304   290
07042305   599
07042306   532
07042307    53
07042308    45
07042309    41
07042310    32
07042311    30
07042312    16
07042313    23
07042314    40
07042315    64
07042316   116
07042317    97
07042318    40
07042319    38
07042320    29
07042321    23
07042322    29
07042323    29
07042400    28
07042401    21
07042402    20
07042403    21
07042404    19
07042405    16
07042406    13
07042407    31
07042408    49
07042409    59
07042410    38
07042411    32
07042412    27
07042413    26
07042414    23
07042415    32
07042416    59
07042417    27
07042418    43
07042419    35
07042420    33
07042421    54
07042422    43
07042423    42
07042500    38
07042501    95
07042502   204
07042503    68
07042504    32
07042505    25
07042506    24
07042507    32
07042508    30
07042509    33
07042510    38
07042511    37
07042512    48
07042513    73
07042514    32
07042515    67
07042516   212
07042517   261
07042518   109
07042519    28
07042520    30
07042521    34
07042522    36
07042523    57
07042600    52
07042601    66
07042602   129
07042603    46
07042604    31
07042605    23
07042606    65
07042607    66
07042608    54
07042609    44
07042610    49
07042611    84
07042612   153
07042613   191
07042614   142
07042615   125
07042616   285
07042617   170
07042618   132
07042619    82
07042620   184
07042621   239
07042622   315
07042623   190
07042700   123
07042701   172
07042702   308
07042703   154
07042704   102
07042705    73
07042706    42
07042707    50
07042708    66
07042709   149
07042710   741
07042711   422
07042712   182
07042713   222
07042714   129
07042715    75
07042716   231
07042717   537
07042718   648
07042719   537
07042720   166
07042721   377
07042722   831
07042723   902
07042800   699
07042801   598
07042802   382
07042803   165
07042804   407
07042805   594
07042806   401
07042807   558
07042808   441
07042809   736
07042810   749
07042811   360
07042812   463
07042813   522
07042814   675
07042815   610
07042816   435
07042817   521
07042818   547
07042819   168
07042820   197
07042821   490
07042822   486
07042823   424
07042900   435
07042901   398
07042902   507
07042903   468
07042904   553
07042905   608
07042906   343
07042907   118
07042908   680
07042909   472
07042910   270
07042911   332
07042912   260
07042913   327
07042914   176
07042915   302
07042916   271
07042917   213
07042918   319
07042919   514
07042920   471
07042921   436
07042922   323
07042923   592
07043000   803
07043001   573
07043002   591
07043003   680
07043004   642
07043005   516
07043006   471
07043007   546
07043008   493
07043009   315
07043010   283
07043011   194
07043012   105
07043013    90
07043014    77
07043015   252
07043016   349
07043017   100
07043018    36
07043019    61
07043020    57
07043021    66
07043022    59
07043023    52

Thu Ma 1
