07020100   415
07020101    71
07020102    36
07020103    72
07020104    98
07020105    51
07020106    57
07020107    57
07020108   249
07020109   339
07020110   391
07020111   333
07020112   109
07020113    30
07020114   102
07020115   175
07020116    51
07020117    53
07020118   125
07020119    97
07020120    58
07020121    67
07020122   107
07020123    74
07020200    46
07020201    37
07020202    38
07020203    53
07020204    44
07020205    58
07020206    69
07020207    65
07020208    55
07020209    71
07020210    28
07020211    50
07020212    41
07020213    25
07020214    61
07020215   169
07020216   161
07020217   103
07020218    52
07020219    35
07020220    23
07020221    32
07020222    61
07020223    69
07020300    48
07020301    65
07020302    42
07020303    47
07020304   124
07020305   100
07020306    51
07020307    67
07020308   101
07020309    77
07020310   110
07020311    56
07020312    32
07020313    31
07020314    22
07020315    22
07020316    24
07020317    25
07020318    23
07020319    13
07020320    11
07020321    16
07020322    19
07020323    19
07020400    22
07020401    21
07020402    22
07020403    14
07020404    14
07020405    18
07020406    33
07020407   128
07020408   101
07020409   132
07020410   212
07020411   103
07020412    51
07020413    30
07020414    20
07020415    24
07020416    23
07020417    20
07020418    16
07020419    17
07020420    17
07020421    24
07020422    33
07020423    46
07020500    57
07020501    42
07020502    32
07020503    33
07020504    32
07020505    61
07020506   175
07020507    50
07020508    41
07020509    51
07020510   123
07020511   190
07020512   234
07020513   428
07020514   318
07020515   111
07020516   220
07020517   360
07020518   407
07020519   456
07020520   206
07020521   106
07020522   136
07020523   161
07020600   103
07020601   102
07020602    45
07020603   112
07020604   188
07020605   287
07020606   183
07020607   166
07020608   374
07020609   276
07020610   156
07020611    66
07020612    42
07020613    33
07020614    24
07020615    29
07020616    33
07020617    73
07020618    97
07020619    29
07020620    36
07020621    37
07020622    33
07020623    32
07020700   126
07020701   288
07020702   320
07020703   202
07020704    83
07020705    76
07020706   130
07020707   271
07020708   103
07020709    90
07020710   216
07020711   399
07020712   251
07020713   252
07020714   120
07020715    85
07020716   113
07020717   320
07020718   187
07020719   406
07020720   320
07020721   178
07020722   191
07020723   249
07020800   146
07020801   119
07020802   204
07020803   183
07020804   177
07020805   145
07020806   246
07020807   291
07020808   208
07020809   244
07020810   266
07020811   129
07020812   165
07020813   165
07020814    79
07020815   173
07020816   385
07020817    98
07020818    51
07020819    51
07020820    78
07020821    65
07020822    70
07020823    94
07020900   118
07020901   105
07020902    44
07020903    57
07020904    67
07020905   161
07020906   154
07020907    66
07020908    61
07020909    94
07020910   122
07020911   168
07020912    40
07020913    26
07020914    17
07020915    35
07020916    64
07020917   130
07020918   124
07020919   206
07020920    97
07020921    84
07020922    97
07020923    50
07021000    33
07021001   114
07021002   132
07021003    87
07021004    97
07021005    68
07021006    19
07021007    19
07021008    27
07021009    34
07021010    91
07021011    26
07021012    16
07021013    18
07021014    29
07021015    62
07021016   163
07021017    47
07021018    41
07021019   139
07021020   109
07021021    80
07021022    75
07021023    60
07021100    24
07021101    19
07021102    33
07021103    94
07021104    65
07021105    44
07021106    24
07021107    33
07021108    30
07021109    22
07021110    27
07021111    38
07021112    40
07021113    14
07021114    24
07021115    20
07021116    24
07021117    26
07021118    60
07021119    92
07021120    44
07021121    68
07021122    67
07021123    30
07021200    29
07021201    22
07021202    26
07021203    42
07021204    80
07021205   102
07021206    70
07021207    52
07021208    36
07021209    21
07021210    34
07021211   253
07021212   332
07021213   271
07021214    79
07021215   117
07021216   314
07021217   281
07021218    99
07021219    63
07021220    30
07021221    32
07021222   111
07021223   164
07021300   126
07021301    89
07021302   139
07021303   277
07021304    86
07021305    77
07021306   112
07021307   202
07021308   120
07021309    93
07021310    42
07021311    33
07021312    58
07021313    58
07021314    39
07021315   267
07021316   648
07021317   701
07021318   412
07021319   241
07021320   280
07021321   461
07021322   447
07021323   935
07021400   386
07021401   269
07021402   145
07021403   204
07021404   176
07021405   295
07021406   306
07021407   127
07021408   118
07021409   379
07021410   545
07021411   361
07021412   232
07021413   190
07021414   156
07021415    97
07021416    72
07021417   433
07021418   607
07021419   757
07021420   443
07021421   207
07021422   114
07021423   121
07021500    79
07021501   119
07021502   220
07021503   386
07021504   158
07021505    92
07021506    52
07021507    61
07021508   168
07021509   114
07021510   277
07021511   265
07021512   336
07021513   202
07021514   145
07021515   151
07021516   303
07021517   339
07021518   141
07021519   135
07021520   298
07021521   118
07021522    68
07021523    99
07021600    43
07021601    30
07021602    22
07021603    30
07021604    67
07021605   163
07021606   178
07021607    82
07021608    62
07021609    44
07021610    58
07021611    90
07021612   290
07021613   193
07021614   103
07021615   133
07021616   193
07021617   127
07021618   180
07021619    58
07021620    26
07021621    45
07021622   152
07021623   188
07021700   146
07021701   245
07021702   179
07021703   220
07021704   268
07021705   196
07021706    75
07021707    57
07021708   108
07021709    58
07021710   119
07021711   157
07021712   172
07021713   142
07021714   285
07021715   244
07021716   201
07021717    90
07021718    28
07021719    32
07021720    58
07021721   154
07021722   347
07021723   181
07021800    92
07021801    16
07021802    11
07021803     9
07021804    13
07021805    18
07021806    18
07021807   106
07021808   144
07021809   141
07021810    39
07021811   119
07021812   202
07021813   236
07021814   124
07021815   198
07021816   214
07021817    63
07021818   101
07021819    83
07021820    63
07021821    46
07021822    20
07021823    15
07021900    18
07021901    15
07021902    13
07021903    16
07021904    15
07021905    13
07021906    23
07021907    53
07021908    57
07021909    23
07021910    24
07021911    72
07021912   161
07021913    88
07021914    60
07021915   162
07021916   195
07021917   125
07021918    41
07021919    23
07021920    18
07021921    25
07021922    21
07021923    18
07022000    14
07022001    11
07022002    11
07022003    11
07022004    28
07022005    26
07022006    24
07022007    19
07022008    14
07022009    15
07022010    68
07022011    80
07022012    50
07022013    32
07022014    23
07022015    58
07022016    79
07022017    26
07022018    23
07022019    17
07022020    15
07022021    15
07022022    17
07022023    21
07022100    16
07022101    12
07022102    12
07022103    20
07022104    40
07022105    39
07022106    17
07022107    15
07022108    39
07022109    45
07022110    29
07022111    19
07022112    20
07022113    20
07022114    52
07022115    49
07022116    19
07022117    14
07022118    13
07022119    13
07022120    11
07022121    15
07022122    14
07022123    17
07022200    17
07022201    13
07022202     9
07022203    11
07022204    14
07022205    11
07022206    18
07022207    18
07022208    18
07022209    32
07022210    18
07022211    18
07022212    22
07022213    24
07022214    95
07022215    71
07022216    58
07022217   166
07022218    53
07022219    30
07022220    47
07022221    80
07022222    95
07022223    35
07022300    29
07022301    85
07022302    48
07022303    51
07022304    61
07022305    60
07022306    41
07022307    28
07022308    18
07022309    23
07022310    21
07022311    24
07022312    80
07022313   119
07022314    85
07022315    28
07022316    23
07022317    23
07022318    21
07022319    63
07022320    67
07022321    44
07022322    37
07022323    58
07022400   132
07022401    83
07022402    39
07022403    14
07022404    15
07022405    15
07022406    20
07022407    51
07022408    53
07022409    34
07022410    30
07022411    18
07022412    18
07022413    23
07022414    53
07022415    31
07022416    27
07022417    25
07022418    16
07022419    11
07022420    15
07022421    21
07022422    19
07022423    26
07022500    38
07022501    37
07022502    84
07022503   127
07022504    51
07022505    40
07022506   111
07022507    99
07022508    47
07022509    21
07022510    23
07022511    19
07022512    15
07022513    47
07022514   141
07022515   106
07022516   152
07022517   177
07022518   291
07022519    78
07022520    30
07022521    33
07022522    34
07022523    22
07022600    80
07022601   156
07022602   177
07022603   270
07022604   231
07022605   122
07022606    24
07022607    27
07022608    32
07022609   101
07022610    47
07022611    33
07022612    19
07022613    17
07022614    13
07022615    12
07022616    13
07022617    11
07022618     9
07022619     9
07022620    13
07022621    17
07022622    16
07022623    13
07022700    10
07022701    10
07022702    10
07022703     8
07022704     9
07022705     8
07022706    21
07022707    61
07022708   138
07022709   192
07022710    87
07022711   144
07022712   101
07022713    44
07022714    27
07022715   177
07022716   392
07022717   137
07022718   292
07022719   692
07022720   583
07022721   122
07022722   222
07022723   346
07022800   444
07022801   502
07022802   395
07022803   173
07022804   344
07022805   863
07022806   640
07022807   447
07022808   389
07022809   364
07022810   448
07022811   481
07022812   363
07022813   249
07022814   103
07022815   364
07022816   434
07022817   411
07022818   396
07022819   149
07022820   223
07022821   590
07022822   375
07022823   488

Sat Ju 1
