07060100   155
07060101   133
07060102   100
07060103   165
07060104   217
07060105   234
07060106   107
07060107    43
07060108    68
07060109   131
07060110   147
07060111   117
07060112    76
07060113    66
07060114    73
07060115    96
07060116    46
07060117    77
07060118   136
07060119   122
07060120    90
07060121    93
07060122    74
07060123    42
07060200    37
07060201    37
07060202    48
07060203    33
07060204    14
07060205    12
07060206    42
07060207    36
07060208    37
07060209    39
07060210    63
07060211    63
07060212    60
07060213    52
07060214    43
07060215    40
07060216    41
07060217    40
07060218    31
07060219    39
07060220    34
07060221   104
07060222    46
07060223    37
07060300    63
07060301    80
07060302   144
07060303    73
07060304    48
07060305    44
07060306    59
07060307    98
07060308    74
07060309   103
07060310    77
07060311    47
07060312    54
07060313    56
07060314    58
07060315   113
07060316    93
07060317   105
07060318   474
07060319   394
07060320    90
07060321   101
07060322   180
07060323   193
07060400   135
07060401   103
07060402   148
07060403   380
07060404   187
07060405   102
07060406    38
07060407    50
07060408    86
07060409    91
07060410    50
07060411    57
07060412    65
07060413    69
07060414    67
07060415   147
07060416   269
07060417   385
07060418   331
07060419   174
07060420    69
07060421    39
07060422    32
07060423    25
07060500    27
07060501    26
07060502    22
07060503    17
07060504    16
07060505    22
07060506    56
07060507   107
07060508    74
07060509    54
07060510    39
07060511    44
07060512    46
07060513    34
07060514    44
07060515    87
07060516    65
07060517    59
07060518    44
07060519    56
07060520    63
07060521    54
07060522    49
07060523    57
07060600    48
07060601    39
07060602    34
07060603    20
07060604    16
07060605    10
07060606    27
07060607    30
07060608    78
07060609    65
07060610    52
07060611    49
07060612    50
07060613    47
07060614    48
07060615    56
07060616    40
07060617    48
07060618    44
07060619    46
07060620    55
07060621    49
07060622    54
07060623    76
07060700    71
07060701    67
07060702    71
07060703    39
07060704    17
07060705    15
07060706    31
07060707    34
07060708    51
07060709    80
07060710    52
07060711    42
07060712    35
07060713    36
07060714    62
07060715    42
07060716    43
07060717    37
07060718    50
07060719    54
07060720    49
07060721    48
07060722    37
07060723    44
07060800    81
07060801    59
07060802    75
07060803   218
07060804   389
07060805   150
07060806    47
07060807    27
07060808    40
07060809    43
07060810    39
07060811    34
07060812    39
07060813    36
07060814    72
07060815   199
07060816   379
07060817   421
07060818   423
07060819   381
07060820   377
07060821   359
07060822   423
07060823   209
07060900   139
07060901   185
07060902   271
07060903   318
07060904   393
07060905   291
07060906   187
07060907   246
07060908   346
07060909   333
07060910   350
07060911   526
07060912   366
07060913   126
07060914    84
07060915    66
07060916    48
07060917   191
07060918   161
07060919    54
07060920    83
07060921   250
07060922   244
07060923   114
07061000   141
07061001   217
07061002   438
07061003   414
07061004   342
07061005    87
07061006    37
07061007   180
07061008   488
07061009   252
07061010    91
07061011    59
07061012    56
07061013   137
07061014   204
07061015    86
07061016    62
07061017    92
07061018    79
07061019    62
07061020    56
07061021    41
07061022    63
07061023    62
07061100    83
07061101   102
07061102    93
07061103    86
07061104    46
07061105    34
07061106    54
07061107   148
07061108   153
07061109    95
07061110    95
07061111    60
07061112    50
07061113    63
07061114    55
07061115    65
07061116   115
07061117   123
07061118   101
07061119    76
07061120    64
07061121    52
07061122    31
07061123    27
07061200    30
07061201    47
07061202    60
07061203    53
07061204    63
07061205   175
07061206   154
07061207   209
07061208   140
07061209   102
07061210    63
07061211    49
07061212    46
07061213    36
07061214    28
07061215    20
07061216    29
07061217    62
07061218    95
07061219    78
07061220    79
07061221    84
07061222    86
07061223    62
07061300    40
07061301    36
07061302    46
07061303    31
07061304    31
07061305    60
07061306   154
07061307   209
07061308   152
07061309    55
07061310   102
07061311   122
07061312   127
07061313    59
07061314    68
07061315   101
07061316   191
07061317   334
07061318   415
07061319   192
07061320   153
07061321    63
07061322    67
07061323    45
07061400   132
07061401   599
07061402   167
07061403    31
07061404   137
07061405   682
07061406   698
07061407   631
07061408   438
07061409   237
07061410   586
07061411   361
07061412   107
07061413   132
07061414   164
07061415   167
07061416   391
07061417   622
07061418   404
07061419   340
07061420   222
07061421   192
07061422   412
07061423   239
07061500   179
07061501    74
07061502    91
07061503   217
07061504   446
07061505   393
07061506   234
07061507   172
07061508    57
07061509    92
07061510   130
07061511   242
07061512   260
07061513   141
07061514    77
07061515   159
07061516    65
07061517    50
07061518    39
07061519    45
07061520    41
07061521    38
07061522    68
07061523    75
07061600   138
07061601   125
07061602   328
07061603   350
07061604   150
07061605   104
07061606    42
07061607    35
07061608    91
07061609    86
07061610    53
07061611    92
07061612   381
07061613   216
07061614    41
07061615    77
07061616   139
07061617   307
07061618   257
07061619   131
07061620    86
07061621    65
07061622    57
07061623    44
07061700   100
07061701    72
07061702    84
07061703    64
07061704    99
07061705    66
07061706    87
07061707   222
07061708   150
07061709    79
07061710    64
07061711   160
07061712   386
07061713   207
07061714    95
07061715   103
07061716    70
07061717    59
07061718    52
07061719    45
07061720    40
07061721    45
07061722    66
07061723    69
07061800    64
07061801    61
07061802    79
07061803    61
07061804    46
07061805    29
07061806    37
07061807   112
07061808   178
07061809   151
07061810    79
07061811    65
07061812    57
07061813    61
07061814    51
07061815    69
07061816   126
07061817   156
07061818   262
07061819    79
07061820    58
07061821    55
07061822    54
07061823   123
07061900   164
07061901   174
07061902    75
07061903    82
07061904   169
07061905   255
07061906   132
07061907   191
07061908   300
07061909   251
07061910   258
07061911   130
07061912    56
07061913    48
07061914    55
07061915   105
07061916   203
07061917    74
07061918    59
07061919    36
07061920    32
07061921    36
07061922    35
07061923    59
07062000    63
07062001    47
07062002    47
07062003    69
07062004    67
07062005    62
07062006   115
07062007    81
07062008    52
07062009    50
07062010   114
07062011    93
07062012    70
07062013    70
07062014    38
07062015    36
07062016    43
07062017    27
07062018    35
07062019    37
07062020    45
07062021    45
07062022    41
07062023    34
07062100    39
07062101    51
07062102    70
07062103   156
07062104   171
07062105   274
07062106   347
07062107   236
07062108   183
07062109   161
07062110   128
07062111    92
07062112   283
07062113   365
07062114   437
07062115   407
07062116   121
07062117   303
07062118   358
07062119   116
07062120    78
07062121   230
07062122   385
07062123   639
07062200   420
07062201   492
07062202   590
07062203   353
07062204   297
07062205   203
07062206   519
07062207   416
07062208   290
07062209   189
07062210   716
07062211   399
07062212   220
07062213   122
07062214   102
07062215    85
07062216    87
07062217    71
07062218    53
07062219    46
07062220   159
07062221   356
07062222   267
07062223   236
07062300   276
07062301   501
07062302   471
07062303   390
07062304   411
07062305   377
07062306   245
07062307   307
07062308   287
07062309    88
07062310    55
07062311    49
07062312    42
07062313    35
07062314   113
07062315   169
07062316   147
07062317   112
07062318   155
07062319   181
07062320   169
07062321   113
07062322   230
07062323   230
07062400   125
07062401   194
07062402   155
07062403    99
07062404   171
07062405   272
07062406    88
07062407   109
07062408   129
07062409    33
07062410    42
07062411   129
07062412   180
07062413   116
07062414   148
07062415   162
07062416   263
07062417   272
07062418   151
07062419   155
07062420   187
07062421   145
07062422   118
07062423   108
07062500   124
07062501   147
07062502    41
07062503    37
07062504    60
07062505    63
07062506    44
07062507    48
07062508    44
07062509    51
07062510    49
07062511    34
07062512    33
07062513    37
07062514    65
07062515   123
07062516   237
07062517   215
07062518   125
07062519    78
07062520    73
07062521    63
07062522    76
07062523    43
07062600    38
07062601    34
07062602    33
07062603    25
07062604    35
07062605    28
07062606    21
07062607    27
07062608    48
07062609    60
07062610   102
07062611   194
07062612   212
07062613    58
07062614    37
07062615    40
07062616    50
07062617    50
07062618    89
07062619    70
07062620    58
07062621    82
07062622    61
07062623    39
07062700    39
07062701    96
07062702   168
07062703   137
07062704   132
07062705   276
07062706   350
07062707   120
07062708    73
07062709    51
07062710    52
07062711    48
07062712    47
07062713    43
07062714    43
07062715    93
07062716   267
07062717   191
07062718    62
07062719    43
07062720    46
07062721    49
07062722    75
07062723   119
07062800   182
07062801   108
07062802    66
07062803    68
07062804   128
07062805   168
07062806   217
07062807   248
07062808   222
07062809   215
07062810   104
07062811    49
07062812    53
07062813    64
07062814   161
07062815    45
07062816    61
07062817    83
07062818    51
07062819    55
07062820    63
07062821    81
07062822   137
07062823   125
07062900   125
07062901   114
07062902    64
07062903    65
07062904    52
07062905    77
07062906    45
07062907   111
07062908   199
07062909   123
07062910    57
07062911    45
07062912    51
07062913    90
07062914    50
07062915    78
07062916    53
07062917    56
07062918   104
07062919   288
07062920   442
07062921   258
07062922   115
07062923    68
07063000    63
07063001   194
07063002   279
07063003   396
07063004   343
07063005   262
07063006   202
07063007    84
07063008    67
07063009    85
07063010    57
07063011    34
07063012    40
07063013    37
07063014    35
07063015    48
07063016    38
07063017    39
07063018    47
07063019    40
07063020    41
07063021    40
07063022    38
07063023    49

Sat Ju 1
