07090100   180
07090101   174
07090102    82
07090103    23
07090104    38
07090105   123
07090106   258
07090107   181
07090108   188
07090109   309
07090110   182
07090111   549
07090112   188
07090113    63
07090114    45
07090115    47
07090116   143
07090117   167
07090118   186
07090119   168
07090120   189
07090121   396
07090122   348
07090123   537
07090200   529
07090201   545
07090202   357
07090203   905
07090204   455
07090205   301
07090206    60
07090207   189
07090208   266
07090209   402
07090210   716
07090211   980
07090212   382
07090213   438
07090214   240
07090215   196
07090216   321
07090217   175
07090218   484
07090219   650
07090220   220
07090221   238
07090222   139
07090223   178
07090300   156
07090301    70
07090302   221
07090303   378
07090304   258
07090305   428
07090306   317
07090307   146
07090308   135
07090309   122
07090310    49
07090311   302
07090312   400
07090313   279
07090314   156
07090315   403
07090316   351
07090317   132
07090318    61
07090319    34
07090320    32
07090321   196
07090322   239
07090323   208
07090400    96
07090401   139
07090402   111
07090403    54
07090404    81
07090405    79
07090406   122
07090407   243
07090408   335
07090409   322
07090410   165
07090411    94
07090412    51
07090413    37
07090414    29
07090415    22
07090416    21
07090417    44
07090418    58
07090419    40
07090420    39
07090421    35
07090422    63
07090423   107
07090500   230
07090501   249
07090502   212
07090503   221
07090504   489
07090505   461
07090506   276
07090507   318
07090508   586
07090509   199
07090510   284
07090511   280
07090512   401
07090513   316
07090514   186
07090515   126
07090516   116
07090517    89
07090518   107
07090519   257
07090520    97
07090521    60
07090522    92
07090523   203
07090600    81
07090601   108
07090602   341
07090603   210
07090604   187
07090605   192
07090606   172
07090607    41
07090608    27
07090609    77
07090610   399
07090611   352
07090612    53
07090613    45
07090614   172
07090615   413
07090616   569
07090617   660
07090618   596
07090619   326
07090620   185
07090621   243
07090622   635
07090623   615
07090700   531
07090701   641
07090702   665
07090703   547
07090704   275
07090705    94
07090706    52
07090707    95
07090708    84
07090709    68
07090710   115
07090711   108
07090712   138
07090713   333
07090714   114
07090715   106
07090716   105
07090717   314
07090718   134
07090719    49
07090720    43
07090721    35
07090722    30
07090723    23
07090800    37
07090801   107
07090802   163
07090803    94
07090804    82
07090805    95
07090806   323
07090807   178
07090808    76
07090809   112
07090810   216
07090811    78
07090812    26
07090813    25
07090814    30
07090815   108
07090816   243
07090817   195
07090818    92
07090819   146
07090820   140
07090821    69
07090822    42
07090823    17
07090900    15
07090901    21
07090902    16
07090903    18
07090904    16
07090905    18
07090906    24
07090907    29
07090908    49
07090909    41
07090910    44
07090911    70
07090912    49
07090913    39
07090914    35
07090915    41
07090916    22
07090917    20
07090918    31
07090919    33
07090920    32
07090921    30
07090922    29
07090923    26
07091000    12
07091001    16
07091002    37
07091003    43
07091004    41
07091005    43
07091006    83
07091007   127
07091008   101
07091009    67
07091010    37
07091011    28
07091012    41
07091013    48
07091014    63
07091015    95
07091016    64
07091017    32
07091018    26
07091019    34
07091020    35
07091021    37
07091022    33
07091023    24
07091100    24
07091101    23
07091102    20
07091103    18
07091104    20
07091105    43
07091106   143
07091107    70
07091108    49
07091109   136
07091110   117
07091111    57
07091112    67
07091113   129
07091114    73
07091115    47
07091116   104
07091117    79
07091118    45
07091119    44
07091120    45
07091121    46
07091122    45
07091123    31
07091200    40
07091201    63
07091202   146
07091203   129
07091204    90
07091205   175
07091206   211
07091207   163
07091208   158
07091209    91
07091210    81
07091211    95
07091212    56
07091213    60
07091214    38
07091215    20
07091216    25
07091217    26
07091218    26
07091219    30
07091220    35
07091221    36
07091222    33
07091223    29
07091300    24
07091301    21
07091302    20
07091303    20
07091304    18
07091305    12
07091306    11
07091307    20
07091308    30
07091309    36
07091310    40
07091311    37
07091312    35
07091313    27
07091314    22
07091315    26
07091316    30
07091317    34
07091318    33
07091319    35
07091320    33
07091321    34
07091322    38
07091323    34
07091400    28
07091401    22
07091402    20
07091403    17
07091404    19
07091405    20
07091406    18
07091407    27
07091408    29
07091409    35
07091410    38
07091411    40
07091412    36
07091413    42
07091414    74
07091415    80
07091416    29
07091417    30
07091418    39
07091419    34
07091420    46
07091421    68
07091422    60
07091423    36
07091500    59
07091501    76
07091502    69
07091503    40
07091504    26
07091505    21
07091506    18
07091507    19
07091508    23
07091509    29
07091510    26
07091511    29
07091512    29
07091513    23
07091514    19
07091515    15
07091516    37
07091517    21
07091518    36
07091519    64
07091520    37
07091521    52
07091522    44
07091523    41
07091600    44
07091601    69
07091602    64
07091603    66
07091604    61
07091605    43
07091606    23
07091607    23
07091608    24
07091609    31
07091610    61
07091611    39
07091612    28
07091613    26
07091614    27
07091615    35
07091616    18
07091617    39
07091618    26
07091619    22
07091620    24
07091621    24
07091622    20
07091623    23
07091700    23
07091701    29
07091702    31
07091703    28
07091704    21
07091705    15
07091706    18
07091707    26
07091708    28
07091709    33
07091710    27
07091711    40
07091712    72
07091713   108
07091714    67
07091715    27
07091716    16
07091717    11
07091718    27
07091719    28
07091720    31
07091721    46
07091722    41
07091723    54
07091800    59
07091801    84
07091802   314
07091803   144
07091804    85
07091805    78
07091806    57
07091807    33
07091808    25
07091809    24
07091810    18
07091811    67
07091812    48
07091813   157
07091814    52
07091815    64
07091816    28
07091817    14
07091818    21
07091819    34
07091820    33
07091821    27
07091822    27
07091823    28
07091900    31
07091901    41
07091902    47
07091903    45
07091904    53
07091905   167
07091906    68
07091907    48
07091908    34
07091909    33
07091910    27
07091911    93
07091912    29
07091913    60
07091914    46
07091915    19
07091916    16
07091917    17
07091918    22
07091919    29
07091920    30
07091921    27
07091922    23
07091923    22
07092000    21
07092001    23
07092002    24
07092003    21
07092004    16
07092005    16
07092006    13
07092007    13
07092008    15
07092009    18
07092010    39
07092011   151
07092012   150
07092013    89
07092014    82
07092015   224
07092016   240
07092017   160
07092018   571
07092019   689
07092020   560
07092021   127
07092022   150
07092023   467
07092100   387
07092101   185
07092102   160
07092103    83
07092104    57
07092105   104
07092106    51
07092107    63
07092108   151
07092109   134
07092110    70
07092111    56
07092112    56
07092113    79
07092114   200
07092115    57
07092116    44
07092117   148
07092118   178
07092119   125
07092120   143
07092121   232
07092122   216
07092123   135
07092200   215
07092201   286
07092202   120
07092203   100
07092204    49
07092205    78
07092206    58
07092207   161
07092208   225
07092209   179
07092210   152
07092211    72
07092212    75
07092213   143
07092214   147
07092215   308
07092216   251
07092217   105
07092218    64
07092219   178
07092220   400
07092221   178
07092222    66
07092223    64
07092300   321
07092301   247
07092302   101
07092303    93
07092304   357
07092305   509
07092306   347
07092307   250
07092308   252
07092309   123
07092310   331
07092311   368
07092312   231
07092313    86
07092314    55
07092315    73
07092316   115
07092317    35
07092318    43
07092319    65
07092320   103
07092321   249
07092322   527
07092323   200
07092400   329
07092401   144
07092402   246
07092403   192
07092404   444
07092405   400
07092406   168
07092407   148
07092408   202
07092409   147
07092410    73
07092411    93
07092412   341
07092413   249
07092414   140
07092415   103
07092416   157
07092417   104
07092418    46
07092419    47
07092420    49
07092421    89
07092422    57
07092423   140
07092500   343
07092501   161
07092502   100
07092503    57
07092504    40
07092505    46
07092506    35
07092507    69
07092508    87
07092509    37
07092510    35
07092511    35
07092512    53
07092513    39
07092514    39
07092515    46
07092516    93
07092517    54
07092518    28
07092519    82
07092520   155
07092521    45
07092522    51
07092523    45
07092600    85
07092601   175
07092602    48
07092603    62
07092604    50
07092605    39
07092606    42
07092607    29
07092608    20
07092609    21
07092610    43
07092611    56
07092612    59
07092613    20
07092614    21
07092615    16
07092616    17
07092617    28
07092618    20
07092619    37
07092620    40
07092621    26
07092622    18
07092623    15
07092700    14
07092701    20
07092702    26
07092703    16
07092704    12
07092705    14
07092706    12
07092707    13
07092708    18
07092709    26
07092710    30
07092711    35
07092712    37
07092713    39
07092714    29
07092715    97
07092716   709
07092717   581
07092718   103
07092719   161
07092720   362
07092721   241
07092722   225
07092723   358
07092800   601
07092801   636
07092802   584
07092803   371
07092804   386
07092805   217
07092806   141
07092807   586
07092808   522
07092809   365
07092810   158
07092811   187
07092812    59
07092813    89
07092814    40
07092815    63
07092816   124
07092817   224
07092818   181
07092819   464
07092820   559
07092821   460
07092822   809
07092823   376
07092900   692
07092901   471
07092902   522
07092903   706
07092904   675
07092905   651
07092906   206
07092907   408
07092908   671
07092909   503
07092910   476
07092911   235
07092912   376
07092913   400
07092914   326
07092915   407
07092916   478
07092917   326
07092918   171
07092919   516
07092920   396
07092921   329
07092922   296
07092923   655
07093000   602
07093001   243
07093002    87
07093003    62
07093004   196
07093005   275
07093006   172
07093007   414
07093008   492
07093009   255
07093010   332
07093011   234
07093012    89
07093013    73
07093014    83
07093015    87
07093016   148
07093017   107
07093018   175
07093019   148
07093020   125
07093021    40
07093022    64
07093023    41

Sat Ju 1
