07050100    86
07050101   258
07050102   387
07050103   300
07050104   245
07050105   249
07050106   205
07050107   403
07050108   147
07050109    54
07050110    51
07050111   100
07050112   144
07050113   142
07050114    60
07050115    56
07050116    73
07050117   205
07050118   291
07050119   144
07050120    75
07050121    83
07050122   137
07050123    87
07050200    63
07050201   126
07050202   141
07050203   168
07050204    70
07050205    53
07050206    53
07050207    64
07050208    44
07050209    50
07050210    48
07050211    57
07050212    48
07050213    74
07050214    55
07050215    94
07050216    76
07050217    38
07050218    45
07050219    47
07050220    42
07050221    35
07050222    43
07050223    46
07050300    37
07050301    35
07050302    34
07050303    45
07050304    47
07050305    67
07050306   299
07050307   223
07050308   133
07050309   101
07050310   130
07050311   113
07050312   134
07050313   124
07050314    91
07050315    64
07050316    87
07050317   195
07050318   166
07050319   172
07050320    84
07050321    38
07050322    33
07050323    31
07050400    46
07050401    91
07050402    90
07050403    94
07050404    51
07050405    30
07050406    13
07050407    19
07050408    29
07050409    43
07050410    95
07050411   142
07050412    69
07050413    51
07050414    86
07050415   101
07050416    72
07050417    50
07050418    55
07050419    39
07050420    45
07050421    37
07050422    32
07050423    40
07050500    53
07050501    82
07050502    93
07050503    64
07050504    41
07050505    31
07050506    52
07050507   138
07050508    82
07050509    81
07050510   102
07050511    54
07050512    34
07050513    33
07050514    39
07050515    51
07050516    59
07050517    35
07050518    30
07050519    39
07050520    38
07050521    40
07050522    35
07050523    31
07050600    36
07050601    51
07050602    62
07050603    68
07050604    49
07050605    35
07050606    28
07050607    31
07050608    44
07050609    50
07050610    43
07050611    42
07050612    37
07050613    31
07050614    62
07050615    39
07050616    33
07050617    38
07050618    50
07050619    52
07050620    57
07050621    56
07050622    46
07050623    38
07050700    50
07050701    71
07050702   148
07050703   143
07050704    55
07050705    34
07050706    76
07050707   167
07050708   408
07050709   269
07050710   145
07050711   108
07050712    87
07050713    52
07050714   142
07050715   474
07050716  1034
07050717   422
07050718   191
07050719    72
07050720   148
07050721   205
07050722   187
07050723   140
07050800    79
07050801    77
07050802   136
07050803   281
07050804   619
07050805   319
07050806   146
07050807   374
07050808   149
07050809   175
07050810   241
07050811   220
07050812   152
07050813   146
07050814   327
07050815   209
07050816   273
07050817   253
07050818   281
07050819   421
07050820   276
07050821   144
07050822   179
07050823   216
07050900    66
07050901    63
07050902    91
07050903   211
07050904   118
07050905    92
07050906    29
07050907   104
07050908   122
07050909   170
07050910   152
07050911    98
07050912    75
07050913    75
07050914    38
07050915    70
07050916   133
07050917   113
07050918    65
07050919    65
07050920    66
07050921    34
07050922    40
07050923    29
07051000    36
07051001    42
07051002    56
07051003    34
07051004    32
07051005    18
07051006    12
07051007    18
07051008    52
07051009    61
07051010    69
07051011    40
07051012    39
07051013    29
07051014    45
07051015    57
07051016    56
07051017   102
07051018   155
07051019   219
07051020   201
07051021    73
07051022    56
07051023    41
07051100    32
07051101    48
07051102    36
07051103    39
07051104    35
07051105    30
07051106    35
07051107    37
07051108    70
07051109    40
07051110    40
07051111    52
07051112    69
07051113    49
07051114    34
07051115    30
07051116    53
07051117    94
07051118    72
07051119    58
07051120    59
07051121    91
07051122    63
07051123    35
07051200    34
07051201    33
07051202    38
07051203    37
07051204    30
07051205    55
07051206    17
07051207    17
07051208    30
07051209    42
07051210    76
07051211    48
07051212    45
07051213    30
07051214    27
07051215    33
07051216    40
07051217    29
07051218    35
07051219    43
07051220    45
07051221    50
07051222    52
07051223    41
07051300    33
07051301    31
07051302    48
07051303   128
07051304   171
07051305   110
07051306   142
07051307   215
07051308   174
07051309    87
07051310    42
07051311    43
07051312    29
07051313    25
07051314    28
07051315    41
07051316    39
07051317    45
07051318    38
07051319    33
07051320    31
07051321    37
07051322    44
07051323    42
07051400    44
07051401    33
07051402    27
07051403    25
07051404    24
07051405    17
07051406    15
07051407    39
07051408    71
07051409    75
07051410    71
07051411    47
07051412    50
07051413    46
07051414    65
07051415    69
07051416   147
07051417   184
07051418   194
07051419   140
07051420    67
07051421    57
07051422    46
07051423    43
07051500    40
07051501    76
07051502    66
07051503    49
07051504    48
07051505    47
07051506    35
07051507    70
07051508   167
07051509    81
07051510    61
07051511    46
07051512   127
07051513   241
07051514   165
07051515    88
07051516    56
07051517    66
07051518    62
07051519   103
07051520   149
07051521    78
07051522    43
07051523    45
07051600    28
07051601    38
07051602    43
07051603    45
07051604    54
07051605    29
07051606    88
07051607   165
07051608   150
07051609   129
07051610    64
07051611    54
07051612    44
07051613    41
07051614    61
07051615    50
07051616    31
07051617    38
07051618    46
07051619    68
07051620    73
07051621    78
07051622   180
07051623   147
07051700    92
07051701    77
07051702   103
07051703   186
07051704   159
07051705   152
07051706    86
07051707    59
07051708   118
07051709   110
07051710    81
07051711    71
07051712    88
07051713    91
07051714    75
07051715   143
07051716   223
07051717   255
07051718   215
07051719   161
07051720    85
07051721   189
07051722   394
07051723   534
07051800   383
07051801   281
07051802   186
07051803   189
07051804    62
07051805    29
07051806    62
07051807   376
07051808   703
07051809   204
07051810   279
07051811   401
07051812   305
07051813   208
07051814   240
07051815   183
07051816   224
07051817   307
07051818   319
07051819   323
07051820   143
07051821   156
07051822   129
07051823   210
07051900    85
07051901   193
07051902   198
07051903   200
07051904   173
07051905   425
07051906   338
07051907   201
07051908   156
07051909   380
07051910   346
07051911   127
07051912   137
07051913   238
07051914   213
07051915   132
07051916   276
07051917   296
07051918   417
07051919   227
07051920   118
07051921   101
07051922    91
07051923   312
07052000   417
07052001   109
07052002    83
07052003    95
07052004    67
07052005    76
07052006   182
07052007   169
07052008   109
07052009    57
07052010   261
07052011   290
07052012   134
07052013    57
07052014    64
07052015    61
07052016   120
07052017    78
07052018    94
07052019   116
07052020    89
07052021   177
07052022   195
07052023    51
07052100    70
07052101   204
07052102   119
07052103    96
07052104    58
07052105    18
07052106    24
07052107    18
07052108    20
07052109    34
07052110    42
07052111    37
07052112    44
07052113    38
07052114    39
07052115    63
07052116   101
07052117    58
07052118    56
07052119    48
07052120    50
07052121    49
07052122    49
07052123    46
07052200    50
07052201    56
07052202    59
07052203    44
07052204    24
07052205    20
07052206    17
07052207    25
07052208    40
07052209    51
07052210    69
07052211   322
07052212   285
07052213   264
07052214   201
07052215   151
07052216    74
07052217   230
07052218   476
07052219   932
07052220   676
07052221   699
07052222   526
07052223   578
07052300   834
07052301   347
07052302   320
07052303   257
07052304   185
07052305   228
07052306   570
07052307  1117
07052308   941
07052309   628
07052310   835
07052311   954
07052312   961
07052313   913
07052314   517
07052315   102
07052316   121
07052317   103
07052318   650
07052319   735
07052320  1008
07052321   877
07052322   635
07052323   537
07052400   828
07052401   642
07052402   366
07052403   286
07052404   536
07052405   484
07052406   465
07052407   605
07052408   385
07052409   311
07052410   220
07052411   206
07052412   360
07052413   604
07052414   414
07052415   675
07052416   707
07052417   499
07052418   510
07052419   554
07052420   641
07052421   677
07052422   643
07052423   258
07052500   115
07052501   208
07052502   127
07052503    90
07052504   183
07052505   454
07052506   635
07052507   487
07052508   272
07052509   121
07052510   605
07052511   559
07052512   283
07052513   149
07052514   269
07052515   426
07052516   668
07052517   706
07052518   542
07052519   546
07052520   311
07052521   156
07052522    99
07052523   141
07052600   112
07052601   134
07052602   358
07052603   650
07052604   719
07052605   541
07052606   162
07052607   234
07052608   192
07052609   466
07052610   501
07052611   411
07052612   819
07052613   551
07052614   462
07052615   188
07052616   260
07052617   183
07052618   116
07052619   204
07052620   132
07052621   118
07052622   137
07052623   163
07052700   253
07052701   169
07052702   216
07052703   283
07052704   227
07052705   369
07052706   399
07052707   275
07052708   282
07052709   593
07052710   301
07052711   246
07052712   125
07052713    79
07052714   113
07052715   149
07052716   391
07052717   137
07052718   150
07052719   336
07052720   169
07052721    97
07052722   108
07052723   149
07052800    71
07052801   202
07052802   319
07052803   312
07052804   288
07052805   290
07052806   219
07052807   179
07052808   103
07052809   162
07052810   122
07052811    62
07052812    54
07052813    72
07052814    69
07052815    44
07052816    37
07052817    37
07052818    48
07052819    59
07052820    62
07052821    53
07052822    63
07052823    44
07052900    65
07052901    70
07052902    77
07052903    76
07052904    79
07052905   248
07052906   183
07052907   139
07052908   135
07052909   153
07052910    71
07052911    45
07052912    54
07052913   184
07052914   168
07052915    70
07052916    22
07052917    59
07052918    41
07052919    44
07052920    56
07052921    46
07052922    59
07052923    77
07053000   137
07053001   134
07053002   108
07053003   100
07053004    83
07053005   108
07053006   178
07053007   135
07053008    52
07053009    41
07053010    43
07053011    49
07053012    47
07053013    57
07053014    80
07053015    81
07053016    52
07053017    53
07053018    58
07053019    41
07053020    42
07053021    39
07053022    46
07053023    39
07053100    41
07053101    49
07053102    49
07053103    47
07053104    26
07053105    14
07053106    28
07053107    54
07053108    98
07053109   122
07053110    98
07053111    55
07053112    36
07053113    37
07053114    33
07053115    50
07053116    47
07053117    75
07053118    71
07053119    62
07053120    81
07053121    97
07053122    92
07053123   109

Sat Ju 1
