07030100   528
07030101   188
07030102    67
07030103   114
07030104   286
07030105   361
07030106   363
07030107   274
07030108   218
07030109   129
07030110   129
07030111   189
07030112   548
07030113   451
07030114   367
07030115   339
07030116   201
07030117    82
07030118    37
07030119    27
07030120    29
07030121    39
07030122    35
07030123    23
07030200    22
07030201    32
07030202    22
07030203    30
07030204    50
07030205    91
07030206   219
07030207   171
07030208    79
07030209   151
07030210   124
07030211    76
07030212   103
07030213    88
07030214    39
07030215    27
07030216    25
07030217    50
07030218    23
07030219    69
07030220    44
07030221    40
07030222    82
07030223    41
07030300    19
07030301    15
07030302    16
07030303    19
07030304    22
07030305    23
07030306    35
07030307    45
07030308    56
07030309    33
07030310    24
07030311    40
07030312    88
07030313    40
07030314    28
07030315   127
07030316    81
07030317    28
07030318    26
07030319    20
07030320    27
07030321    30
07030322    31
07030323    23
07030400    19
07030401    17
07030402    20
07030403    22
07030404    27
07030405    32
07030406    43
07030407    76
07030408   112
07030409    80
07030410   112
07030411    71
07030412    46
07030413    79
07030414    75
07030415    54
07030416    52
07030417    35
07030418    27
07030419    28
07030420    44
07030421    52
07030422    71
07030423   207
07030500   409
07030501   124
07030502    27
07030503    29
07030504    26
07030505    36
07030506    28
07030507    55
07030508    46
07030509   267
07030510   470
07030511   233
07030512   177
07030513   193
07030514   162
07030515   154
07030516   160
07030517   219
07030518   127
07030519   259
07030520   262
07030521    72
07030522   229
07030523   337
07030600   357
07030601   421
07030602   447
07030603   694
07030604   306
07030605   403
07030606   157
07030607    72
07030608    52
07030609   237
07030610   360
07030611   390
07030612   529
07030613   135
07030614    58
07030615    50
07030616    35
07030617    31
07030618    50
07030619    36
07030620    28
07030621    68
07030622   139
07030623   362
07030700   653
07030701   434
07030702   396
07030703   254
07030704   341
07030705   314
07030706   440
07030707   277
07030708   350
07030709   492
07030710   117
07030711    73
07030712   218
07030713   308
07030714   335
07030715   352
07030716    87
07030717   280
07030718   467
07030719   379
07030720   239
07030721   207
07030722   261
07030723   304
07030800   274
07030801   112
07030802   179
07030803   151
07030804   162
07030805   120
07030806   117
07030807    72
07030808    43
07030809    27
07030810    87
07030811    89
07030812    82
07030813    69
07030814   107
07030815    69
07030816    30
07030817    69
07030818    47
07030819    44
07030820    27
07030821    31
07030822    26
07030823    22
07030900    21
07030901    19
07030902    15
07030903    25
07030904    34
07030905    42
07030906    43
07030907    48
07030908    59
07030909    62
07030910    33
07030911    42
07030912    32
07030913   151
07030914   122
07030915   133
07030916   104
07030917   104
07030918   206
07030919   238
07030920   157
07030921   185
07030922   233
07030923   154
07031000   151
07031001   233
07031002   161
07031003   142
07031004   180
07031005   133
07031006   143
07031007   159
07031008   117
07031009   105
07031010    95
07031011    44
07031012    38
07031013    54
07031014    78
07031015   141
07031016   102
07031017    65
07031018    99
07031019   181
07031020    96
07031021    65
07031022    96
07031023   126
07031100    72
07031101    42
07031102    64
07031103    47
07031104    53
07031105    79
07031106   133
07031107   108
07031108   132
07031109   416
07031110   525
07031111   641
07031112   331
07031113   116
07031114    92
07031115   139
07031116   145
07031117   355
07031118   490
07031119   158
07031120    83
07031121    70
07031122    51
07031123    40
07031200    33
07031201    47
07031202    84
07031203   215
07031204    60
07031205    45
07031206    32
07031207    26
07031208    38
07031209    47
07031210    98
07031211   138
07031212   570
07031213   322
07031214   105
07031215    53
07031216   123
07031217   353
07031218   175
07031219   183
07031220   303
07031221   161
07031222    89
07031223    75
07031300   415
07031301   814
07031302   419
07031303   760
07031304   369
07031305   334
07031306   362
07031307   177
07031308   525
07031309   750
07031310   177
07031311   561
07031312   391
07031313   228
07031314   468
07031315   394
07031316   103
07031317   165
07031318   310
07031319   374
07031320   209
07031321   187
07031322   135
07031323   324
07031400   303
07031401   361
07031402   207
07031403   324
07031404   176
07031405   121
07031406   108
07031407    94
07031408   185
07031409   359
07031410   166
07031411   387
07031412   362
07031413   303
07031414   226
07031415   333
07031416   310
07031417    59
07031418    69
07031419    94
07031420    39
07031421    34
07031422    33
07031423    28
07031500    23
07031501    19
07031502    96
07031503   193
07031504   103
07031505   117
07031506   216
07031507   335
07031508   194
07031509   473
07031510   370
07031511   199
07031512    95
07031513    49
07031514    37
07031515   129
07031516   113
07031517    43
07031518    27
07031519    32
07031520    76
07031521   336
07031522   228
07031523   305
07031600   346
07031601   346
07031602   475
07031603   257
07031604   112
07031605   256
07031606   106
07031607    62
07031608    71
07031609   133
07031610   198
07031611    95
07031612    69
07031613   290
07031614   227
07031615   134
07031616    38
07031617    35
07031618    26
07031619    33
07031620    82
07031621   482
07031622   265
07031623   312
07031700   195
07031701    51
07031702   191
07031703   198
07031704   134
07031705   169
07031706   225
07031707   261
07031708   200
07031709   207
07031710   338
07031711   273
07031712   221
07031713    50
07031714    70
07031715    42
07031716    97
07031717   134
07031718    88
07031719    65
07031720    49
07031721    25
07031722    19
07031723    18
07031800    18
07031801    17
07031802    19
07031803    20
07031804    23
07031805    32
07031806    55
07031807    72
07031808    79
07031809    56
07031810    54
07031811    66
07031812   200
07031813   110
07031814   124
07031815    46
07031816    29
07031817    62
07031818    29
07031819    29
07031820    22
07031821    30
07031822    40
07031823    25
07031900    20
07031901    16
07031902    19
07031903    23
07031904    38
07031905    32
07031906    34
07031907    35
07031908    53
07031909    76
07031910    84
07031911    71
07031912    60
07031913    42
07031914    38
07031915    28
07031916    33
07031917    32
07031918    29
07031919    24
07031920    25
07031921    33
07031922    24
07031923    19
07032000    14
07032001    12
07032002    18
07032003    26
07032004    30
07032005    33
07032006    31
07032007    31
07032008    38
07032009    53
07032010    49
07032011    42
07032012    41
07032013    32
07032014    80
07032015   147
07032016    87
07032017    20
07032018    30
07032019    37
07032020    36
07032021    30
07032022    25
07032023    21
07032100    18
07032101    17
07032102    24
07032103    34
07032104    33
07032105    42
07032106    37
07032107    88
07032108    52
07032109    46
07032110    62
07032111    94
07032112    50
07032113    44
07032114    51
07032115    44
07032116    40
07032117    36
07032118    30
07032119    27
07032120    25
07032121    29
07032122    25
07032123    24
07032200    21
07032201    19
07032202    24
07032203    39
07032204    45
07032205    45
07032206    50
07032207    66
07032208    67
07032209   157
07032210   118
07032211    71
07032212    71
07032213    75
07032214    38
07032215    33
07032216    59
07032217   211
07032218    57
07032219    22
07032220    31
07032221    53
07032222    47
07032223    51
07032300    36
07032301    38
07032302    59
07032303    55
07032304    64
07032305    80
07032306   131
07032307    90
07032308    75
07032309    59
07032310   108
07032311   328
07032312   275
07032313   267
07032314   495
07032315   477
07032316   388
07032317   265
07032318   118
07032319    84
07032320   157
07032321   289
07032322   379
07032323   631
07032400   623
07032401   473
07032402   717
07032403   452
07032404   536
07032405   573
07032406   634
07032407   744
07032408   669
07032409   622
07032410   746
07032411   401
07032412   281
07032413   415
07032414   127
07032415    90
07032416    55
07032417    61
07032418    51
07032419    45
07032420    48
07032421    45
07032422    31
07032423    40
07032500    38
07032501    40
07032502    34
07032503    31
07032504    33
07032505    38
07032506   159
07032507   131
07032508   127
07032509   462
07032510   729
07032511   237
07032512   284
07032513   626
07032514   362
07032515   118
07032516    59
07032517    37
07032518    41
07032519    42
07032520    49
07032521   150
07032522   140
07032523    62
07032600    48
07032601    35
07032602    35
07032603    85
07032604   123
07032605   189
07032606   201
07032607   246
07032608   137
07032609   152
07032610    53
07032611    46
07032612   126
07032613   130
07032614    53
07032615   443
07032616   795
07032617   814
07032618   376
07032619   124
07032620    44
07032621    70
07032622   141
07032623   203
07032700    60
07032701    64
07032702   136
07032703    53
07032704    48
07032705   306
07032706   377
07032707   110
07032708    57
07032709   143
07032710   447
07032711   335
07032712   123
07032713    65
07032714    41
07032715    38
07032716    43
07032717   151
07032718   334
07032719   257
07032720    63
07032721    63
07032722    91
07032723   148
07032800   133
07032801   148
07032802   303
07032803   265
07032804   290
07032805   241
07032806   140
07032807   146
07032808    79
07032809   141
07032810   260
07032811   205
07032812   120
07032813    49
07032814    57
07032815    27
07032816    51
07032817    91
07032818    52
07032819    42
07032820    39
07032821    41
07032822    34
07032823    34
07032900    26
07032901    37
07032902    64
07032903    52
07032904    40
07032905    31
07032906    30
07032907    27
07032908    40
07032909    86
07032910    97
07032911   112
07032912   148
07032913    83
07032914    82
07032915    26
07032916    25
07032917    26
07032918    26
07032919    24
07032920    20
07032921    26
07032922    25
07032923    22
07033000    33
07033001    85
07033002    39
07033003    48
07033004    51
07033005    39
07033006    82
07033007    80
07033008   165
07033009   310
07033010   412
07033011   450
07033012   234
07033013   106
07033014    34
07033015    33
07033016    27
07033017    26
07033018    30
07033019    26
07033020    23
07033021    26
07033022    32
07033023    33
07033100    28
07033101    21
07033102    21
07033103    24
07033104    29
07033105    34
07033106    38
07033107    65
07033108    41
07033109    78
07033110    91
07033111    92
07033112    59
07033113    39
07033114    89
07033115    79
07033116    39
07033117    34
07033118    33
07033119    27
07033120    31
07033121    41
07033122    38
07033123    45

Sat Ju 1
