07070100    64
07070101    74
07070102    87
07070103   106
07070104    65
07070105    75
07070106   125
07070107   292
07070108   297
07070109   145
07070110   102
07070111    73
07070112   127
07070113    67
07070114    35
07070115    43
07070116    48
07070117    57
07070118    54
07070119    55
07070120    75
07070121    80
07070122    75
07070123    55
07070200    58
07070201    78
07070202    65
07070203    69
07070204    55
07070205    37
07070206    53
07070207   111
07070208   146
07070209   204
07070210    95
07070211    65
07070212    44
07070213    46
07070214    32
07070215    77
07070216    48
07070217    55
07070218    46
07070219    50
07070220    54
07070221    36
07070222    44
07070223    46
07070300    49
07070301    53
07070302    51
07070303    49
07070304    45
07070305    76
07070306   149
07070307   217
07070308   178
07070309   190
07070310   168
07070311   103
07070312    66
07070313    78
07070314   277
07070315   503
07070316   604
07070317   436
07070318   162
07070319    93
07070320    83
07070321   134
07070322   345
07070323   223
07070400   184
07070401   339
07070402   306
07070403   300
07070404   397
07070405   686
07070406   424
07070407   109
07070408   123
07070409   431
07070410   642
07070411   296
07070412   135
07070413   177
07070414   389
07070415   409
07070416   381
07070417   441
07070418   351
07070419   308
07070420   132
07070421    56
07070422    59
07070423    38
07070500    51
07070501    74
07070502   117
07070503   153
07070504   235
07070505   165
07070506   253
07070507   230
07070508   147
07070509    75
07070510   118
07070511   157
07070512   220
07070513    97
07070514    71
07070515    80
07070516    55
07070517    47
07070518    47
07070519    61
07070520    76
07070521    46
07070522    60
07070523    92
07070600    82
07070601    59
07070602    53
07070603    88
07070604   112
07070605   102
07070606   189
07070607    84
07070608   134
07070609    96
07070610   142
07070611   190
07070612   191
07070613   132
07070614   147
07070615    95
07070616   138
07070617   262
07070618   163
07070619   163
07070620   162
07070621   133
07070622   105
07070623    73
07070700   134
07070701   320
07070702   293
07070703   276
07070704   185
07070705    72
07070706    46
07070707   100
07070708   143
07070709   107
07070710    66
07070711    69
07070712    46
07070713    40
07070714    58
07070715   166
07070716   143
07070717   110
07070718    44
07070719    59
07070720   103
07070721   163
07070722   133
07070723   196
07070800   209
07070801   176
07070802   222
07070803   224
07070804   256
07070805   261
07070806   222
07070807   101
07070808   101
07070809   113
07070810   116
07070811    85
07070812    83
07070813    94
07070814    64
07070815    60
07070816    83
07070817   126
07070818   100
07070819    60
07070820    63
07070821    52
07070822    40
07070823    35
07070900    32
07070901    57
07070902    74
07070903    77
07070904    46
07070905    52
07070906    53
07070907    55
07070908    57
07070909    63
07070910    61
07070911    48
07070912    40
07070913    45
07070914    33
07070915    32
07070916    41
07070917    46
07070918    49
07070919    42
07070920    35
07070921    33
07070922    31
07070923    30
07071000    32
07071001    48
07071002    50
07071003    40
07071004    48
07071005    48
07071006    58
07071007    67
07071008    49
07071009    66
07071010    71
07071011    66
07071012   102
07071013    40
07071014    35
07071015    33
07071016    43
07071017    49
07071018    45
07071019    45
07071020    62
07071021   132
07071022   342
07071023   507
07071100   553
07071101   444
07071102   206
07071103    89
07071104   182
07071105   429
07071106   532
07071107   469
07071108   590
07071109   508
07071110   679
07071111   321
07071112   109
07071113    53
07071114    78
07071115   272
07071116   263
07071117   146
07071118    52
07071119    58
07071120    48
07071121    28
07071122    51
07071123    97
07071200   206
07071201   160
07071202   166
07071203   288
07071204   328
07071205   268
07071206   179
07071207   436
07071208   131
07071209    72
07071210    51
07071211    57
07071212    95
07071213   172
07071214   105
07071215   122
07071216   122
07071217   110
07071218   100
07071219   108
07071220    74
07071221    58
07071222    51
07071223    54
07071300    30
07071301    29
07071302    41
07071303    72
07071304    51
07071305    27
07071306    41
07071307    55
07071308    86
07071309    57
07071310    58
07071311    30
07071312    19
07071313    24
07071314    22
07071315    32
07071316    45
07071317    44
07071318    36
07071319    30
07071320    42
07071321    43
07071322    48
07071323    50
07071400    40
07071401    28
07071402    30
07071403    17
07071404    15
07071405    15
07071406    40
07071407   154
07071408   187
07071409   106
07071410   431
07071411   834
07071412   827
07071413   904
07071414   911
07071415   909
07071416   695
07071417   353
07071418   888
07071419   899
07071420   593
07071421   217
07071422   296
07071423   388
07071500   742
07071501   703
07071502   687
07071503   337
07071504   412
07071505   555
07071506   305
07071507   178
07071508   206
07071509   183
07071510   144
07071511   374
07071512   133
07071513    45
07071514    63
07071515    64
07071516    51
07071517    71
07071518    93
07071519   121
07071520    59
07071521    39
07071522    57
07071523    61
07071600   152
07071601   133
07071602   109
07071603    94
07071604   270
07071605   250
07071606   216
07071607   216
07071608   151
07071609    89
07071610   240
07071611   213
07071612    92
07071613    41
07071614    44
07071615    76
07071616   119
07071617    66
07071618    58
07071619    56
07071620    71
07071621    64
07071622    51
07071623    45
07071700    63
07071701    72
07071702    87
07071703    35
07071704    44
07071705    84
07071706    92
07071707    90
07071708    69
07071709    57
07071710   123
07071711    51
07071712    46
07071713    80
07071714    63
07071715    42
07071716    56
07071717    42
07071718    49
07071719    36
07071720    41
07071721    46
07071722    46
07071723    48
07071800    53
07071801    55
07071802    72
07071803    55
07071804    75
07071805    24
07071806    46
07071807    36
07071808    70
07071809    90
07071810    61
07071811    40
07071812    38
07071813    36
07071814    44
07071815    35
07071816    42
07071817    45
07071818    48
07071819    45
07071820    49
07071821    39
07071822    35
07071823    32
07071900    30
07071901    40
07071902    42
07071903    38
07071904    28
07071905    17
07071906    15
07071907    35
07071908    65
07071909    56
07071910    35
07071911    37
07071912    42
07071913    55
07071914    36
07071915    40
07071916    36
07071917    42
07071918    39
07071919    36
07071920    35
07071921    45
07071922    50
07071923    36
07072000    32
07072001    36
07072002    39
07072003    39
07072004    40
07072005    27
07072006    47
07072007   115
07072008   196
07072009   591
07072010   697
07072011   654
07072012   558
07072013   308
07072014   157
07072015   218
07072016   353
07072017   208
07072018   103
07072019    86
07072020    84
07072021   278
07072022   586
07072023   433
07072100   112
07072101    63
07072102   295
07072103   724
07072104   600
07072105   449
07072106   397
07072107   371
07072108   203
07072109   108
07072110   102
07072111   131
07072112   188
07072113    53
07072114    61
07072115    93
07072116    69
07072117    81
07072118   118
07072119   238
07072120   313
07072121   103
07072122    62
07072123    73
07072200    55
07072201    50
07072202    86
07072203    42
07072204    92
07072205   150
07072206   190
07072207   179
07072208   132
07072209   128
07072210    78
07072211    52
07072212    46
07072213    43
07072214    38
07072215    61
07072216    52
07072217    24
07072218    22
07072219    30
07072220    46
07072221    37
07072222    29
07072223    29
07072300    31
07072301    30
07072302    36
07072303    38
07072304    26
07072305    20
07072306    31
07072307   101
07072308    64
07072309    67
07072310    55
07072311    40
07072312    73
07072313    31
07072314    25
07072315    31
07072316    46
07072317    89
07072318    88
07072319    36
07072320    60
07072321    67
07072322    53
07072323    43
07072400    33
07072401    34
07072402    34
07072403    31
07072404    27
07072405    26
07072406    27
07072407    26
07072408    41
07072409    46
07072410    39
07072411    55
07072412    41
07072413    53
07072414   118
07072415    82
07072416    58
07072417    47
07072418    24
07072419    31
07072420    40
07072421    43
07072422    39
07072423    43
07072500    42
07072501    46
07072502    44
07072503    37
07072504    26
07072505    24
07072506    20
07072507    21
07072508    25
07072509    50
07072510    53
07072511    85
07072512    90
07072513    59
07072514    53
07072515    45
07072516    34
07072517    31
07072518    39
07072519    34
07072520    34
07072521    36
07072522    37
07072523    33
07072600    36
07072601    39
07072602    28
07072603    22
07072604    18
07072605    19
07072606    28
07072607    32
07072608    51
07072609    45
07072610    45
07072611    65
07072612    65
07072613    61
07072614    79
07072615   114
07072616   246
07072617   346
07072618   197
07072619   279
07072620   136
07072621   166
07072622   213
07072623   243
07072700   554
07072701   344
07072702   178
07072703   159
07072704   426
07072705   215
07072706   113
07072707    72
07072708   188
07072709   215
07072710   228
07072711   324
07072712   323
07072713   324
07072714   178
07072715    99
07072716    56
07072717    38
07072718    33
07072719    34
07072720    34
07072721    34
07072722    45
07072723    40
07072800    38
07072801    41
07072802    86
07072803    49
07072804    39
07072805    50
07072806   127
07072807    94
07072808    87
07072809    85
07072810    94
07072811    89
07072812    40
07072813    35
07072814   148
07072815    65
07072816    63
07072817    57
07072818    35
07072819    49
07072820    54
07072821    48
07072822    63
07072823   138
07072900   247
07072901   144
07072902    69
07072903   166
07072904   565
07072905   308
07072906   221
07072907    97
07072908    99
07072909   327
07072910   481
07072911   258
07072912   290
07072913   320
07072914    82
07072915    52
07072916   163
07072917   100
07072918   101
07072919    98
07072920   166
07072921   251
07072922   298
07072923   210
07073000   430
07073001   377
07073002   463
07073003   569
07073004   380
07073005   467
07073006   276
07073007   313
07073008   303
07073009    65
07073010    40
07073011    52
07073012    50
07073013    71
07073014    48
07073015   212
07073016   251
07073017   196
07073018    78
07073019   118
07073020    52
07073021    41
07073022    51
07073023    57
07073100    51
07073101    29
07073102    23
07073103    30
07073104    21
07073105    78
07073106   174
07073107   250
07073108   378
07073109   221
07073110    83
07073111   173
07073112   111
07073113   158
07073114   177
07073115    72
07073116    38
07073117    34
07073118    32
07073119    43
07073120    37
07073121    52
07073122    74
07073123   152

Sat Ju 1
