08070100    77
08070101   120
08070102   125
08070103    90
08070104    85
08070105    74
08070106   174
08070107   220
08070108    66
08070109    48
08070110    58
08070111   118
08070112   272
08070113    59
08070114    45
08070115    37
08070116    56
08070117    31
08070118    31
08070119    32
08070120    36
08070121    38
08070122    36
08070123    63
08070200    81
08070201    64
08070202    57
08070203    45
08070204    31
08070205    34
08070206    32
08070207    35
08070208    35
08070209    40
08070210    45
08070211    37
08070212    36
08070213    33
08070214    67
08070215    35
08070216    29
08070217    24
08070218    36
08070219    47
08070220    50
08070221    34
08070222    39
08070223    44
08070300    53
08070301    51
08070302    38
08070303    34
08070304    21
08070305    13
08070306    10
08070307    15
08070308    29
08070309    37
08070310    46
08070311    52
08070312    54
08070313    47
08070314    39
08070315    81
08070316   119
08070317    53
08070318    35
08070319    32
08070320    34
08070321    32
08070322    35
08070323    41
08070400    39
08070401    38
08070402    39
08070403    37
08070404    28
08070405    24
08070406    36
08070407    61
08070408    42
08070409    47
08070410    52
08070411    51
08070412    52
08070413    57
08070414    73
08070415   260
08070416   201
08070417    35
08070418    37
08070419    49
08070420    61
08070421    50
08070422    40
08070423    35
08070500    52
08070501    43
08070502    69
08070503    58
08070504    28
08070505    21
08070506    20
08070507    23
08070508    31
08070509    87
08070510   225
08070511   388
08070512   280
08070513   238
08070514   357
08070515   176
08070516   111
08070517    38
08070518    52
08070519   118
08070520    61
08070521    64
08070522   151
08070523   246
08070600   110
08070601    86
08070602    75
08070603    46
08070604    98
08070605   137
08070606   229
08070607   128
08070608   180
08070609    53
08070610    49
08070611    41
08070612    39
08070613    50
08070614   147
08070615   111
08070616    85
08070617    80
08070618    62
08070619    42
08070620    41
08070621    32
08070622    35
08070623    45
08070700    57
08070701    91
08070702    93
08070703   127
08070704   181
08070705   194
08070706    86
08070707    74
08070708    45
08070709    66
08070710    37
08070711    34
08070712    37
08070713    48
08070714    41
08070715    36
08070716    45
08070717    48
08070718    43
08070719    31
08070720    45
08070721    56
08070722    65
08070723    66
08070800    37
08070801    22
08070802    22
08070803    21
08070804    19
08070805    14
08070806    14
08070807    25
08070808    45
08070809    54
08070810    62
08070811    45
08070812    43
08070813    50
08070814    33
08070815    25
08070816    30
08070817    31
08070818    27
08070819    36
08070820    56
08070821    70
08070822    57
08070823    42
08070900    39
08070901    47
08070902    46
08070903    54
08070904    61
08070905   103
08070906    45
08070907    19
08070908    46
08070909    73
08070910   136
08070911    80
08070912    82
08070913    48
08070914    87
08070915    85
08070916    51
08070917    38
08070918    34
08070919    39
08070920    63
08070921    54
08070922    46
08070923    38
08071000    33
08071001    42
08071002    53
08071003    42
08071004    24
08071005    12
08071006    14
08071007    18
08071008    28
08071009    46
08071010   101
08071011   144
08071012   124
08071013    39
08071014    26
08071015    26
08071016    67
08071017   151
08071018   109
08071019    64
08071020    59
08071021    64
08071022    58
08071023   150
08071100   111
08071101    67
08071102    40
08071103    36
08071104    39
08071105    59
08071106    27
08071107    31
08071108   118
08071109    72
08071110   106
08071111   247
08071112   278
08071113   308
08071114   113
08071115    67
08071116    37
08071117    42
08071118    26
08071119    35
08071120    70
08071121    64
08071122    68
08071123    59
08071200    37
08071201    39
08071202   183
08071203   646
08071204   615
08071205   733
08071206   750
08071207   620
08071208   537
08071209   517
08071210   499
08071211   203
08071212   271
08071213   357
08071214   120
08071215   142
08071216   168
08071217   174
08071218   108
08071219   255
08071220   233
08071221   173
08071222    77
08071223    42
08071300    94
08071301   168
08071302   188
08071303   206
08071304   141
08071305    91
08071306   209
08071307   311
08071308   469
08071309   589
08071310   187
08071311   104
08071312   161
08071313   381
08071314   254
08071315    85
08071316   167
08071317   405
08071318   474
08071319   282
08071320   289
08071321   296
08071322   267
08071323   146
08071400   269
08071401   293
08071402   244
08071403   234
08071404   108
08071405   334
08071406   394
08071407   409
08071408   413
08071409   341
08071410   164
08071411   140
08071412   181
08071413    69
08071414   194
08071415   309
08071416   307
08071417   328
08071418   126
08071419    56
08071420    55
08071421    60
08071422   212
08071423   264
08071500   290
08071501   293
08071502   194
08071503   222
08071504   229
08071505   238
08071506    67
08071507    62
08071508   270
08071509   250
08071510   235
08071511   162
08071512    92
08071513   123
08071514   102
08071515    47
08071516    36
08071517    71
08071518   103
08071519    78
08071520    46
08071521    58
08071522    67
08071523   113
08071600    94
08071601    95
08071602   109
08071603   360
08071604   261
08071605   188
08071606   129
08071607    44
08071608   136
08071609    78
08071610    66
08071611   107
08071612   179
08071613    75
08071614    56
08071615   149
08071616   253
08071617   176
08071618    86
08071619    84
08071620   168
08071621   197
08071622   120
08071623   170
08071700   303
08071701   153
08071702   278
08071703   190
08071704    78
08071705    74
08071706    81
08071707    86
08071708    86
08071709   128
08071710   139
08071711    68
08071712    70
08071713   113
08071714    43
08071715    60
08071716    79
08071717    99
08071718    64
08071719    50
08071720    53
08071721    44
08071722    33
08071723    40
08071800    60
08071801    77
08071802    73
08071803    82
08071804    92
08071805   226
08071806   128
08071807   329
08071808   202
08071809   188
08071810   113
08071811    91
08071812   198
08071813    38
08071814    33
08071815    27
08071816    31
08071817    39
08071818    56
08071819    48
08071820    53
08071821    49
08071822    42
08071823    41
08071900    41
08071901    37
08071902    32
08071903    28
08071904    24
08071905    18
08071906    23
08071907    37
08071908    38
08071909    40
08071910    46
08071911    49
08071912    44
08071913    60
08071914   119
08071915    51
08071916    37
08071917    31
08071918    34
08071919    48
08071920    48
08071921    43
08071922    32
08071923    45
08072000    55
08072001    77
08072002   103
08072003    43
08072004    42
08072005    31
08072006    26
08072007    36
08072008    44
08072009    55
08072010    50
08072011    42
08072012    42
08072013    33
08072014    24
08072015    33
08072016    43
08072017    55
08072018    75
08072019    63
08072020    63
08072021    48
08072022    37
08072023    48
08072100    81
08072101   129
08072102   104
08072103    60
08072104    55
08072105    47
08072106    58
08072107   203
08072108   257
08072109   272
08072110   233
08072111   433
08072112   124
08072113    48
08072114    49
08072115    63
08072116   128
08072117   196
08072118    53
08072119    82
08072120    50
08072121    56
08072122    90
08072123    60
08072200    55
08072201    80
08072202    94
08072203    81
08072204   135
08072205   128
08072206   136
08072207   146
08072208    63
08072209    96
08072210   151
08072211   267
08072212    80
08072213   152
08072214   141
08072215   102
08072216   196
08072217   279
08072218   270
08072219   279
08072220   203
08072221   205
08072222   443
08072223   615
08072300   335
08072301   182
08072302   165
08072303   204
08072304   672
08072305   413
08072306   494
08072307   223
08072308   115
08072309   170
08072310   448
08072311   327
08072312   573
08072313   730
08072314   338
08072315   448
08072316   435
08072317   339
08072318   223
08072319   174
08072320   367
08072321   176
08072322   142
08072323   453
08072400   596
08072401   353
08072402   299
08072403   152
08072404   304
08072405   379
08072406   327
08072407   311
08072408   241
08072409   165
08072410   110
08072411   251
08072412   318
08072413   179
08072414   168
08072415   134
08072416    52
08072417    39
08072418    61
08072419    53
08072420    97
08072421    71
08072422    31
08072423    33
08072500    40
08072501    30
08072502    42
08072503    58
08072504   109
08072505   187
08072506    71
08072507    89
08072508    56
08072509   112
08072510   291
08072511   114
08072512    62
08072513    48
08072514    39
08072515    27
08072516    24
08072517    27
08072518    28
08072519    42
08072520    46
08072521    43
08072522    40
08072523    38
08072600    40
08072601    68
08072602    58
08072603    59
08072604    88
08072605    82
08072606    43
08072607   110
08072608   203
08072609    96
08072610    85
08072611   224
08072612    90
08072613    59
08072614    74
08072615   116
08072616   123
08072617    58
08072618   105
08072619    83
08072620    39
08072621    29
08072622    33
08072623    30
08072700    16
08072701    12
08072702    12
08072703     9
08072704    10
08072705    12
08072706    22
08072707    29
08072708   112
08072709   205
08072710   233
08072711   142
08072712   127
08072713   111
08072714    39
08072715    46
08072716   103
08072717   150
08072718   101
08072719   111
08072720   119
08072721   231
08072722   517
08072723   529
08072800   129
08072801    40
08072802    50
08072803   103
08072804   169
08072805   386
08072806   276
08072807   119
08072808   224
08072809   119
08072810    71
08072811   133
08072812    68
08072813    59
08072814    63
08072815   253
08072816   214
08072817    77
08072818    42
08072819    48
08072820    53
08072821    43
08072822    37
08072823    33
08072900    31
08072901    35
08072902    34
08072903    30
08072904    30
08072905    37
08072906    71
08072907    54
08072908    86
08072909    89
08072910   139
08072911    80
08072912    59
08072913    48
08072914    97
08072915   142
08072916    91
08072917    31
08072918    37
08072919    62
08072920    63
08072921    60
08072922    55
08072923    68
08073000    80
08073001    57
08073002   124
08073003   297
08073004   233
08073005    92
08073006    92
08073007   105
08073008   120
08073009    89
08073010    47
08073011    39
08073012    44
08073013    38
08073014    34
08073015    28
08073016    32
08073017    41
08073018    41
08073019    81
08073020    61
08073021    34
08073022    33
08073023    29
08073100    35
08073101    48
08073102    42
08073103    32
08073104    20
08073105    21
08073106    32
08073107    31
08073108    64
08073109   254
08073110   219
08073111    99
08073112    40
08073113    32
08073114    48
08073115    54
08073116    47
08073117   134
08073118    96
08073119    54
08073120    44
08073121    44
08073122    39
08073123    41

Mon Ap 1
