08020100   392
08020101   112
08020102   101
08020103   142
08020104   139
08020105   162
08020106   313
08020107   180
08020108   120
08020109   174
08020110   272
08020111   305
08020112    75
08020113    72
08020114   143
08020115   109
08020116   111
08020117   632
08020118   914
08020119   478
08020120   275
08020121   493
08020122   683
08020123   585
08020200   215
08020201   218
08020202   467
08020203   579
08020204   505
08020205   373
08020206   176
08020207   200
08020208   241
08020209   233
08020210   134
08020211    32
08020212   156
08020213   620
08020214   319
08020215    71
08020216   142
08020217   163
08020218   105
08020219   346
08020220   132
08020221   315
08020222   305
08020223   289
08020300    88
08020301   176
08020302   227
08020303   160
08020304   106
08020305   224
08020306   154
08020307   199
08020308   393
08020309   531
08020310   312
08020311   366
08020312   276
08020313   115
08020314    96
08020315   446
08020316   211
08020317   113
08020318   319
08020319   199
08020320   137
08020321   244
08020322   286
08020323   152
08020400    93
08020401   265
08020402   173
08020403   131
08020404   115
08020405   132
08020406   132
08020407    81
08020408   139
08020409   407
08020410   246
08020411   147
08020412   101
08020413    48
08020414    67
08020415   136
08020416    68
08020417   105
08020418    60
08020419    62
08020420    64
08020421   167
08020422    89
08020423    68
08020500    48
08020501    60
08020502   124
08020503   103
08020504    75
08020505    87
08020506    41
08020507    27
08020508    34
08020509    32
08020510    25
08020511    24
08020512   115
08020513    80
08020514    76
08020515   178
08020516   146
08020517   154
08020518   135
08020519    96
08020520    44
08020521    42
08020522    29
08020523    26
08020600    26
08020601    20
08020602    19
08020603    20
08020604    29
08020605    54
08020606    71
08020607    63
08020608    39
08020609    39
08020610    31
08020611    21
08020612    25
08020613    68
08020614    50
08020615   132
08020616   177
08020617   108
08020618   301
08020619   299
08020620   327
08020621   344
08020622   244
08020623   232
08020700   275
08020701   290
08020702   256
08020703   237
08020704   109
08020705    18
08020706    15
08020707    16
08020708    16
08020709    17
08020710    17
08020711    22
08020712    24
08020713    23
08020714    29
08020715    32
08020716   213
08020717   301
08020718    41
08020719    31
08020720    26
08020721    24
08020722    32
08020723   100
08020800   124
08020801    78
08020802    72
08020803    53
08020804    98
08020805    91
08020806   145
08020807   107
08020808    80
08020809    75
08020810    43
08020811    33
08020812    24
08020813    31
08020814    28
08020815    46
08020816    46
08020817    59
08020818   122
08020819   155
08020820   153
08020821   172
08020822    28
08020823    27
08020900    32
08020901    48
08020902    46
08020903    33
08020904    30
08020905    24
08020906    22
08020907    18
08020908    20
08020909    41
08020910   109
08020911    73
08020912    67
08020913   203
08020914   283
08020915    96
08020916    47
08020917    33
08020918    37
08020919    71
08020920    61
08020921    95
08020922    62
08020923    49
08021000    31
08021001    32
08021002    36
08021003    42
08021004   156
08021005   309
08021006   294
08021007   178
08021008    72
08021009    95
08021010   276
08021011   403
08021012   907
08021013   355
08021014   142
08021015   692
08021016   993
08021017   516
08021018   487
08021019   302
08021020   173
08021021   358
08021022   268
08021023   261
08021100   298
08021101   450
08021102   683
08021103   345
08021104   421
08021105   240
08021106   184
08021107   104
08021108   154
08021109   436
08021110   334
08021111   561
08021112   520
08021113   248
08021114   190
08021115   107
08021116   192
08021117   486
08021118   178
08021119    37
08021120    53
08021121    50
08021122   125
08021123   201
08021200   195
08021201    68
08021202    51
08021203   248
08021204   199
08021205   152
08021206   137
08021207   223
08021208   116
08021209   176
08021210   364
08021211   551
08021212   411
08021213   349
08021214   708
08021215   484
08021216   246
08021217   281
08021218   106
08021219   184
08021220   173
08021221   126
08021222    59
08021223   137
08021300   104
08021301    55
08021302   186
08021303   240
08021304   169
08021305    86
08021306   107
08021307   270
08021308   412
08021309   162
08021310    50
08021311   247
08021312   139
08021313   218
08021314   621
08021315   140
08021316   137
08021317   449
08021318   480
08021319   327
08021320    88
08021321    83
08021322    48
08021323    59
08021400   115
08021401   136
08021402   116
08021403   210
08021404    90
08021405   128
08021406   171
08021407   133
08021408   253
08021409   153
08021410    72
08021411    79
08021412   469
08021413   234
08021414    51
08021415    50
08021416    86
08021417    57
08021418    73
08021419   401
08021420   721
08021421   195
08021422    38
08021423    36
08021500    69
08021501   117
08021502   114
08021503   210
08021504   200
08021505   130
08021506   274
08021507   293
08021508   190
08021509   298
08021510   627
08021511   359
08021512   270
08021513   384
08021514   147
08021515   100
08021516   262
08021517   244
08021518   146
08021519    59
08021520    90
08021521    54
08021522    45
08021523    45
08021600    57
08021601    48
08021602   150
08021603   146
08021604   113
08021605   102
08021606    47
08021607   103
08021608   262
08021609   104
08021610    84
08021611   329
08021612   193
08021613    58
08021614   129
08021615   129
08021616    50
08021617    52
08021618   202
08021619   166
08021620    42
08021621    30
08021622    27
08021623    27
08021700    29
08021701    26
08021702    30
08021703    54
08021704    62
08021705    41
08021706    36
08021707    57
08021708   259
08021709   332
08021710   151
08021711    94
08021712   153
08021713   251
08021714    73
08021715    43
08021716    31
08021717    20
08021718    27
08021719    19
08021720    20
08021721    25
08021722    34
08021723    37
08021800    24
08021801    28
08021802    26
08021803    26
08021804    44
08021805    43
08021806   112
08021807   163
08021808   137
08021809   254
08021810   725
08021811   461
08021812   488
08021813   464
08021814   672
08021815   391
08021816   368
08021817   109
08021818   127
08021819   249
08021820   429
08021821   425
08021822   396
08021823   625
08021900   663
08021901   164
08021902    41
08021903    51
08021904    87
08021905   261
08021906   398
08021907   300
08021908   351
08021909   253
08021910   133
08021911   100
08021912   416
08021913   469
08021914   328
08021915   223
08021916   155
08021917   227
08021918   447
08021919   372
08021920   330
08021921   112
08021922    45
08021923    28
08022000    52
08022001    39
08022002    42
08022003    92
08022004   217
08022005   149
08022006   110
08022007   216
08022008   176
08022009   149
08022010   143
08022011   155
08022012   106
08022013    31
08022014    31
08022015   144
08022016    38
08022017    25
08022018    20
08022019    22
08022020    21
08022021    21
08022022    25
08022023    23
08022100    23
08022101    24
08022102    29
08022103    43
08022104    26
08022105    27
08022106    27
08022107    44
08022108    93
08022109   171
08022110   256
08022111   282
08022112   476
08022113   415
08022114   195
08022115   260
08022116   132
08022117    97
08022118   121
08022119    79
08022120    62
08022121    43
08022122    38
08022123    36
08022200    30
08022201    32
08022202    24
08022203    29
08022204    51
08022205   101
08022206   154
08022207   153
08022208    99
08022209   143
08022210   110
08022211    32
08022212    30
08022213   146
08022214   172
08022215    57
08022216    39
08022217    33
08022218    23
08022219    23
08022220    22
08022221    26
08022222    26
08022223    29
08022300    26
08022301    30
08022302    29
08022303    27
08022304    36
08022305    71
08022306    97
08022307    95
08022308    48
08022309    30
08022310    27
08022311    81
08022312   112
08022313    77
08022314    45
08022315   313
08022316   130
08022317    58
08022318    33
08022319    61
08022320   135
08022321    55
08022322    46
08022323    71
08022400    38
08022401    26
08022402    23
08022403    43
08022404    26
08022405    26
08022406    26
08022407    35
08022408    82
08022409    51
08022410    95
08022411    49
08022412    33
08022413    69
08022414    67
08022415    82
08022416    32
08022417    31
08022418    31
08022419    37
08022420    23
08022421    62
08022422    32
08022423    29
08022500    29
08022501    29
08022502    42
08022503    47
08022504    60
08022505    83
08022506   126
08022507   120
08022508   177
08022509   113
08022510   155
08022511    58
08022512    73
08022513    61
08022514    28
08022515    27
08022516    32
08022517    34
08022518    19
08022519    16
08022520    18
08022521    15
08022522    17
08022523    18
08022600    18
08022601    18
08022602    22
08022603    24
08022604    64
08022605    45
08022606    45
08022607    43
08022608    35
08022609    41
08022610    37
08022611    43
08022612    37
08022613    31
08022614   143
08022615   152
08022616    60
08022617    40
08022618    64
08022619    83
08022620    66
08022621    49
08022622    28
08022623    27
08022700    34
08022701    34
08022702   132
08022703   133
08022704    81
08022705    45
08022706    16
08022707    43
08022708    92
08022709    58
08022710    32
08022711    22
08022712   165
08022713   209
08022714   175
08022715   306
08022716   216
08022717   306
08022718   432
08022719  1188
08022720   669
08022721   211
08022722    90
08022723    67
08022800    53
08022801   175
08022802   372
08022803   312
08022804   342
08022805   296
08022806   235
08022807    95
08022808   102
08022809    93
08022810   158
08022811   615
08022812   284
08022813   111
08022814   103
08022815   328
08022816   468
08022817   684
08022818   554
08022819   765
08022820   657
08022821   667
08022822   495
08022823   552
08022900   583
08022901   454
08022902   369
08022903   240
08022904   304
08022905   429
08022906   477
08022907   304
08022908   434
08022909   317
08022910   302
08022911   605
08022912   292
08022913   294
08022914   256
08022915   780
08022916   835
08022917   792
08022918   424
08022919    96
08022920   328
08022921   536
08022922   311
08022923   608

Mon Ap 1
