08040100    96
08040101    78
08040102   155
08040103   204
08040104   235
08040105   214
08040106   239
08040107   157
08040108   161
08040109   101
08040110    49
08040111    36
08040112    48
08040113    64
08040114   108
08040115    83
08040116    50
08040117    57
08040118    42
08040119    30
08040120    27
08040121    22
08040122    17
08040123    21
08040200    21
08040201    17
08040202    20
08040203    27
08040204    27
08040205    14
08040206    11
08040207    25
08040208    22
08040209    35
08040210    33
08040211    26
08040212    24
08040213    30
08040214    30
08040215    35
08040216    42
08040217    41
08040218    40
08040219    27
08040220    24
08040221    24
08040222    24
08040223    26
08040300    28
08040301    26
08040302    25
08040303    29
08040304    12
08040305     8
08040306     6
08040307    19
08040308    33
08040309    41
08040310    43
08040311    44
08040312    43
08040313    46
08040314    47
08040315    44
08040316    44
08040317    41
08040318    35
08040319    32
08040320    29
08040321    26
08040322    28
08040323    27
08040400    21
08040401    14
08040402    11
08040403    14
08040404    19
08040405    21
08040406    33
08040407    64
08040408    54
08040409    52
08040410    93
08040411    47
08040412    43
08040413    51
08040414   307
08040415   400
08040416   346
08040417   349
08040418   459
08040419   665
08040420   496
08040421   255
08040422   351
08040423   148
08040500    38
08040501    27
08040502    39
08040503    27
08040504    19
08040505    27
08040506    33
08040507   102
08040508    64
08040509   134
08040510   282
08040511   484
08040512   275
08040513   350
08040514   163
08040515   565
08040516  1028
08040517   946
08040518   431
08040519   286
08040520   185
08040521   211
08040522   326
08040523   608
08040600   344
08040601   134
08040602    43
08040603    58
08040604   373
08040605   724
08040606   383
08040607   323
08040608   176
08040609   343
08040610   294
08040611   246
08040612   388
08040613   291
08040614   204
08040615   213
08040616   104
08040617   116
08040618   236
08040619   284
08040620    98
08040621   236
08040622   250
08040623   321
08040700   327
08040701   439
08040702   421
08040703   493
08040704   360
08040705   410
08040706   224
08040707   131
08040708    77
08040709    97
08040710   169
08040711   166
08040712    47
08040713    67
08040714    79
08040715   289
08040716   587
08040717   468
08040718   240
08040719   156
08040720   147
08040721   190
08040722   460
08040723   159
08040800    50
08040801    20
08040802    59
08040803   115
08040804    93
08040805    85
08040806    68
08040807   219
08040808   208
08040809   252
08040810   503
08040811   533
08040812   243
08040813   220
08040814   294
08040815    51
08040816    43
08040817   233
08040818   228
08040819   151
08040820   328
08040821   551
08040822   233
08040823    98
08040900   292
08040901   310
08040902   353
08040903   293
08040904   338
08040905   292
08040906   430
08040907   497
08040908   178
08040909   106
08040910   391
08040911   565
08040912   376
08040913   136
08040914   190
08040915   147
08040916    61
08040917    56
08040918    56
08040919   138
08040920    87
08040921    42
08040922    88
08040923   232
08041000   266
08041001    50
08041002   132
08041003   200
08041004    73
08041005   162
08041006   313
08041007   278
08041008   184
08041009   178
08041010   185
08041011   197
08041012   250
08041013   174
08041014    42
08041015   121
08041016   144
08041017    71
08041018    55
08041019    40
08041020   151
08041021    86
08041022    62
08041023    79
08041100   135
08041101    37
08041102    29
08041103    32
08041104    47
08041105    24
08041106     9
08041107    16
08041108    31
08041109    36
08041110   160
08041111   415
08041112   304
08041113   190
08041114   116
08041115    57
08041116   153
08041117   160
08041118    44
08041119    31
08041120    31
08041121    33
08041122    28
08041123    34
08041200    81
08041201   178
08041202    79
08041203    91
08041204   354
08041205   315
08041206   138
08041207   231
08041208   453
08041209   615
08041210   540
08041211   411
08041212   371
08041213   191
08041214    69
08041215    42
08041216    61
08041217    61
08041218   151
08041219   159
08041220    56
08041221    74
08041222   155
08041223   126
08041300    42
08041301    24
08041302    35
08041303    64
08041304    93
08041305   199
08041306    40
08041307   125
08041308    90
08041309   165
08041310   290
08041311   195
08041312   114
08041313   106
08041314   168
08041315   306
08041316   556
08041317   253
08041318    59
08041319    42
08041320    68
08041321    48
08041322    29
08041323    40
08041400    32
08041401    34
08041402    75
08041403    34
08041404    31
08041405    39
08041406    15
08041407    17
08041408    25
08041409    31
08041410    32
08041411    35
08041412    35
08041413    32
08041414    30
08041415    31
08041416    28
08041417    23
08041418    25
08041419    23
08041420    21
08041421    14
08041422    32
08041423    26
08041500    24
08041501    22
08041502    18
08041503    12
08041504    11
08041505    22
08041506    21
08041507    25
08041508    34
08041509    42
08041510    49
08041511    48
08041512    59
08041513    61
08041514    79
08041515    61
08041516    46
08041517   138
08041518   135
08041519    46
08041520    47
08041521    91
08041522   286
08041523   489
08041600   501
08041601   300
08041602   290
08041603   220
08041604   270
08041605   265
08041606   244
08041607   429
08041608   253
08041609   153
08041610   136
08041611   115
08041612   240
08041613   258
08041614   193
08041615   161
08041616   108
08041617   199
08041618   689
08041619   709
08041620   682
08041621   295
08041622   174
08041623   280
08041700   461
08041701   200
08041702    75
08041703    52
08041704    89
08041705   352
08041706   217
08041707   178
08041708    53
08041709    79
08041710   102
08041711    69
08041712    40
08041713    32
08041714    29
08041715    47
08041716   163
08041717   298
08041718   100
08041719    50
08041720    41
08041721    34
08041722    34
08041723    31
08041800    38
08041801    80
08041802    47
08041803    30
08041804    84
08041805   266
08041806   167
08041807    36
08041808    89
08041809    51
08041810    71
08041811    86
08041812    95
08041813    39
08041814   123
08041815    52
08041816    92
08041817    90
08041818    49
08041819    38
08041820    50
08041821    42
08041822    75
08041823    88
08041900   126
08041901    92
08041902    47
08041903   106
08041904    76
08041905    32
08041906    26
08041907   108
08041908   189
08041909   153
08041910   101
08041911    91
08041912    47
08041913    29
08041914    27
08041915    41
08041916    55
08041917    36
08041918    30
08041919    74
08041920    87
08041921   274
08041922   210
08041923   144
08042000    72
08042001   136
08042002    39
08042003    23
08042004    23
08042005    21
08042006    18
08042007    28
08042008    43
08042009    43
08042010    44
08042011    91
08042012   176
08042013   110
08042014    55
08042015   117
08042016   334
08042017   386
08042018   304
08042019   191
08042020    65
08042021    47
08042022    36
08042023    28
08042100    27
08042101    65
08042102    80
08042103   134
08042104   213
08042105   160
08042106   180
08042107   100
08042108    71
08042109   120
08042110    77
08042111    98
08042112    40
08042113    38
08042114    27
08042115    33
08042116    40
08042117    34
08042118    25
08042119    28
08042120    28
08042121    28
08042122    26
08042123    23
08042200    26
08042201    25
08042202    19
08042203    12
08042204     9
08042205    15
08042206    22
08042207    52
08042208    46
08042209    65
08042210    57
08042211    50
08042212    46
08042213    42
08042214    41
08042215    40
08042216    75
08042217    78
08042218   115
08042219   127
08042220   108
08042221    72
08042222   128
08042223   139
08042300   204
08042301   450
08042302   502
08042303   148
08042304   336
08042305   478
08042306   434
08042307   258
08042308   637
08042309   451
08042310   203
08042311   125
08042312   237
08042313   478
08042314   271
08042315  1035
08042316  1224
08042317   958
08042318   687
08042319   333
08042320   485
08042321   472
08042322   405
08042323   611
08042400   741
08042401   327
08042402   163
08042403   433
08042404   190
08042405   443
08042406   624
08042407   660
08042408   451
08042409   298
08042410   213
08042411   219
08042412   559
08042413   229
08042414   288
08042415   105
08042416   144
08042417    35
08042418    85
08042419   122
08042420   161
08042421   183
08042422   488
08042423   307
08042500   184
08042501   423
08042502   385
08042503   269
08042504   229
08042505   290
08042506   256
08042507   233
08042508   261
08042509   260
08042510   263
08042511    56
08042512    76
08042513    74
08042514    56
08042515   114
08042516    45
08042517    91
08042518   103
08042519   126
08042520    71
08042521    69
08042522   108
08042523   207
08042600   230
08042601   234
08042602   169
08042603   187
08042604   166
08042605   161
08042606   211
08042607   151
08042608   156
08042609   386
08042610   387
08042611   138
08042612    44
08042613   106
08042614   256
08042615   420
08042616   367
08042617   518
08042618   401
08042619   385
08042620   336
08042621   390
08042622   401
08042623   351
08042700   165
08042701    73
08042702   148
08042703   175
08042704   264
08042705   129
08042706   283
08042707   340
08042708   194
08042709   205
08042710   128
08042711    60
08042712    61
08042713    53
08042714    58
08042715   123
08042716   426
08042717   406
08042718    86
08042719    61
08042720    56
08042721    38
08042722    58
08042723    53
08042800    51
08042801    55
08042802    32
08042803    30
08042804    24
08042805    25
08042806    37
08042807    69
08042808   324
08042809   324
08042810   219
08042811   176
08042812   344
08042813   320
08042814   544
08042815   431
08042816   302
08042817   457
08042818   523
08042819   235
08042820   294
08042821   246
08042822   121
08042823   147
08042900   282
08042901   238
08042902   270
08042903   210
08042904   115
08042905   276
08042906   227
08042907    54
08042908    39
08042909    32
08042910    57
08042911    40
08042912    74
08042913   163
08042914   158
08042915   119
08042916   145
08042917   112
08042918    33
08042919    69
08042920   102
08042921    90
08042922    42
08042923    32
08043000    27
08043001    30
08043002    57
08043003    77
08043004    18
08043005    18
08043006    17
08043007    36
08043008    65
08043009   128
08043010   187
08043011   132
08043012    60
08043013    50
08043014    42
08043015    98
08043016   238
08043017   587
08043018   480
08043019   286
08043020    70
08043021    46
08043022    48
08043023    36

Mon Ap 1
