08010100    33
08010101    37
08010102    39
08010103    63
08010104    42
08010105    34
08010106    26
08010107    84
08010108    88
08010109    59
08010110    47
08010111   147
08010112    89
08010113    34
08010114    28
08010115    34
08010116    33
08010117    20
08010118    16
08010119    13
08010120    13
08010121    12
08010122    10
08010123     8
08010200    10
08010201    10
08010202     9
08010203    10
08010204    13
08010205    12
08010206    24
08010207    14
08010208    25
08010209    39
08010210    33
08010211    33
08010212    69
08010213    25
08010214    21
08010215    19
08010216    18
08010217    21
08010218    18
08010219    19
08010220    11
08010221    14
08010222    11
08010223     6
08010300     9
08010301     7
08010302     6
08010303    12
08010304    10
08010305     8
08010306    12
08010307    58
08010308    90
08010309    92
08010310    36
08010311    11
08010312     7
08010313     9
08010314    12
08010315    13
08010316    15
08010317    14
08010318    14
08010319    13
08010320    10
08010321    13
08010322     9
08010323     8
08010400     9
08010401     7
08010402     8
08010403     9
08010404     7
08010405     7
08010406     8
08010407    14
08010408    47
08010409   101
08010410    48
08010411    61
08010412    19
08010413    15
08010414    12
08010415    15
08010416    16
08010417    19
08010418    18
08010419    13
08010420    13
08010421    12
08010422    12
08010423    15
08010500    16
08010501    22
08010502    52
08010503   112
08010504    98
08010505   128
08010506    81
08010507    73
08010508   302
08010509   626
08010510   178
08010511    60
08010512   123
08010513   504
08010514   688
08010515   518
08010516   131
08010517    79
08010518   129
08010519   440
08010520   462
08010521   437
08010522   464
08010523   228
08010600   134
08010601    75
08010602   132
08010603   203
08010604   230
08010605   208
08010606   143
08010607    77
08010608   352
08010609   281
08010610   171
08010611   130
08010612   133
08010613   362
08010614   428
08010615   385
08010616   554
08010617   294
08010618   321
08010619   284
08010620   243
08010621   502
08010622   402
08010623   249
08010700   200
08010701   412
08010702   394
08010703   251
08010704   197
08010705   255
08010706   222
08010707    78
08010708   154
08010709    78
08010710    51
08010711   441
08010712   475
08010713   211
08010714    64
08010715    55
08010716    57
08010717    26
08010718    39
08010719    43
08010720    45
08010721    90
08010722   193
08010723    87
08010800    44
08010801    55
08010802    79
08010803    71
08010804   121
08010805   218
08010806   141
08010807    77
08010808   231
08010809   380
08010810   136
08010811   196
08010812   161
08010813    41
08010814    90
08010815   111
08010816   312
08010817   512
08010818   537
08010819   272
08010820   190
08010821   262
08010822   187
08010823   208
08010900   296
08010901   215
08010902   174
08010903   134
08010904    61
08010905    54
08010906    80
08010907   262
08010908   147
08010909    37
08010910    81
08010911   178
08010912   129
08010913   121
08010914    53
08010915    39
08010916    87
08010917    70
08010918    62
08010919    52
08010920    38
08010921    38
08010922    46
08010923    50
08011000    47
08011001   117
08011002    35
08011003    29
08011004    21
08011005    25
08011006    30
08011007    38
08011008    60
08011009    52
08011010    29
08011011   158
08011012   187
08011013    91
08011014    52
08011015    81
08011016    66
08011017    26
08011018    36
08011019    21
08011020    24
08011021    32
08011022    29
08011023    38
08011100    61
08011101    37
08011102    41
08011103    27
08011104    33
08011105    32
08011106    69
08011107    64
08011108    36
08011109    37
08011110   121
08011111   126
08011112    18
08011113    11
08011114    13
08011115    18
08011116    23
08011117    39
08011118    60
08011119    71
08011120    22
08011121    14
08011122    20
08011123    17
08011200    11
08011201     9
08011202     8
08011203     8
08011204     6
08011205     6
08011206    11
08011207    21
08011208    50
08011209   133
08011210   149
08011211   212
08011212   250
08011213    72
08011214    33
08011215   280
08011216   763
08011217   740
08011218   287
08011219    80
08011220    64
08011221    47
08011222   111
08011223   206
08011300   292
08011301   267
08011302   106
08011303   100
08011304   106
08011305   205
08011306   176
08011307   108
08011308    84
08011309    59
08011310   127
08011311   131
08011312   197
08011313   498
08011314   489
08011315   258
08011316   368
08011317   343
08011318   435
08011319   235
08011320   129
08011321    83
08011322    83
08011323   110
08011400   288
08011401   223
08011402   276
08011403   139
08011404   132
08011405   206
08011406   220
08011407   118
08011408   167
08011409   188
08011410   293
08011411   808
08011412   275
08011413   136
08011414    58
08011415   180
08011416   260
08011417   412
08011418   241
08011419   294
08011420   337
08011421   206
08011422   182
08011423   281
08011500   133
08011501   141
08011502   337
08011503   167
08011504   102
08011505   146
08011506   312
08011507   170
08011508    85
08011509    45
08011510    93
08011511   191
08011512   314
08011513   182
08011514   145
08011515   294
08011516    56
08011517    73
08011518    21
08011519    35
08011520    29
08011521    72
08011522    76
08011523   185
08011600   243
08011601   175
08011602   133
08011603   146
08011604   209
08011605   183
08011606   240
08011607   271
08011608   201
08011609   163
08011610   315
08011611   389
08011612   426
08011613   313
08011614   266
08011615   167
08011616   193
08011617   128
08011618    97
08011619   119
08011620    91
08011621   231
08011622   222
08011623   183
08011700   539
08011701   312
08011702    45
08011703    42
08011704    47
08011705    67
08011706    92
08011707   155
08011708    96
08011709    55
08011710    66
08011711   307
08011712   394
08011713   416
08011714   327
08011715   201
08011716   118
08011717    97
08011718    39
08011719    78
08011720   116
08011721   102
08011722   207
08011723   360
08011800   183
08011801   151
08011802   265
08011803   235
08011804   174
08011805   178
08011806   254
08011807   121
08011808   297
08011809   108
08011810    67
08011811   152
08011812   259
08011813   301
08011814   461
08011815   572
08011816   211
08011817   221
08011818   250
08011819   157
08011820    73
08011821    49
08011822   110
08011823    69
08011900    32
08011901    32
08011902    27
08011903    59
08011904    57
08011905    73
08011906   155
08011907   333
08011908   322
08011909   159
08011910   311
08011911   534
08011912   376
08011913   255
08011914   273
08011915   289
08011916   572
08011917   358
08011918   223
08011919   159
08011920    77
08011921   121
08011922   125
08011923    61
08012000    28
08012001    27
08012002    21
08012003    71
08012004   173
08012005   151
08012006   130
08012007    98
08012008   157
08012009    44
08012010    29
08012011   138
08012012   188
08012013    48
08012014    84
08012015    39
08012016    19
08012017    15
08012018    39
08012019    84
08012020   121
08012021   101
08012022    83
08012023    44
08012100    32
08012101    18
08012102    22
08012103    33
08012104    43
08012105    43
08012106    38
08012107    87
08012108   133
08012109   159
08012110    55
08012111    54
08012112    42
08012113   166
08012114    60
08012115    99
08012116   197
08012117   214
08012118   117
08012119    60
08012120    47
08012121    25
08012122    45
08012123    46
08012200    41
08012201    53
08012202    44
08012203    50
08012204    47
08012205    19
08012206     8
08012207     9
08012208    12
08012209    11
08012210    12
08012211     9
08012212    16
08012213    17
08012214    22
08012215    20
08012216    19
08012217    32
08012218    17
08012219    19
08012220    15
08012221    10
08012222    12
08012223    10
08012300    14
08012301     9
08012302     9
08012303     8
08012304     7
08012305    12
08012306    88
08012307    53
08012308    33
08012309    18
08012310    13
08012311    12
08012312    17
08012313    26
08012314    59
08012315    63
08012316    99
08012317    66
08012318    42
08012319    41
08012320    54
08012321    44
08012322    29
08012323    22
08012400    26
08012401    31
08012402    88
08012403    66
08012404    39
08012405    30
08012406    58
08012407   151
08012408   174
08012409   231
08012410   137
08012411   130
08012412   196
08012413   260
08012414   141
08012415   132
08012416   244
08012417   235
08012418    64
08012419    27
08012420    68
08012421    41
08012422    22
08012423    23
08012500    36
08012501   156
08012502   153
08012503   338
08012504   387
08012505   293
08012506   366
08012507   141
08012508   117
08012509   288
08012510   234
08012511   100
08012512    47
08012513    43
08012514    44
08012515    58
08012516    25
08012517    32
08012518    66
08012519   315
08012520   251
08012521   129
08012522    81
08012523   187
08012600   216
08012601    72
08012602    65
08012603    61
08012604   137
08012605   253
08012606   144
08012607    61
08012608    90
08012609   236
08012610   207
08012611   191
08012612   181
08012613   162
08012614    74
08012615    71
08012616   147
08012617   100
08012618    31
08012619    15
08012620    19
08012621    17
08012622    32
08012623    16
08012700    14
08012701    27
08012702    34
08012703    32
08012704    16
08012705    25
08012706    35
08012707    29
08012708    29
08012709    49
08012710    17
08012711    20
08012712    35
08012713   127
08012714    86
08012715    68
08012716    68
08012717    72
08012718    59
08012719   168
08012720   115
08012721    67
08012722    85
08012723    74
08012800    35
08012801    26
08012802    27
08012803    32
08012804    57
08012805    23
08012806    11
08012807     9
08012808    20
08012809    70
08012810   156
08012811   268
08012812   147
08012813    89
08012814    22
08012815    20
08012816    15
08012817    28
08012818    87
08012819    46
08012820    24
08012821    36
08012822    86
08012823    39
08012900    24
08012901    20
08012902    92
08012903   282
08012904    64
08012905    37
08012906    29
08012907    94
08012908   188
08012909   147
08012910    46
08012911    35
08012912    52
08012913    21
08012914    80
08012915    74
08012916    36
08012917    16
08012918    12
08012919    13
08012920    16
08012921    13
08012922    15
08012923    11
08013000    15
08013001    30
08013002    24
08013003    32
08013004    90
08013005    48
08013006    14
08013007     9
08013008    17
08013009    68
08013010    41
08013011    18
08013012    25
08013013    38
08013014    54
08013015    15
08013016    10
08013017    10
08013018    11
08013019    11
08013020    10
08013021    13
08013022    17
08013023    17
08013100    16
08013101    14
08013102    13
08013103    11
08013104     9
08013105     9
08013106    11
08013107    10
08013108    11
08013109    14
08013110    17
08013111    16
08013112    16
08013113    21
08013114    24
08013115    25
08013116    75
08013117   127
08013118   473
08013119   188
08013120   107
08013121   411
08013122   426
08013123   447

Mon Ap 1
