08030100   615
08030101   396
08030102   478
08030103   202
08030104   497
08030105   262
08030106   254
08030107   359
08030108   493
08030109   545
08030110   360
08030111   182
08030112   167
08030113    82
08030114   392
08030115   458
08030116   227
08030117    95
08030118   282
08030119   292
08030120   232
08030121   180
08030122    50
08030123   264
08030200    89
08030201    82
08030202   127
08030203   119
08030204   104
08030205    60
08030206   130
08030207   276
08030208   188
08030209    89
08030210   240
08030211   124
08030212   123
08030213    68
08030214   119
08030215   237
08030216   449
08030217   327
08030218   105
08030219    68
08030220    59
08030221    92
08030222    86
08030223   161
08030300   265
08030301   156
08030302    90
08030303    41
08030304   159
08030305   208
08030306    63
08030307    85
08030308    54
08030309   185
08030310   149
08030311    41
08030312    83
08030313    54
08030314   105
08030315   168
08030316   312
08030317    95
08030318    45
08030319    41
08030320    25
08030321    18
08030322    21
08030323    40
08030400    69
08030401    16
08030402    18
08030403    14
08030404    44
08030405   149
08030406   265
08030407   166
08030408   162
08030409   162
08030410    45
08030411    33
08030412    44
08030413    86
08030414    30
08030415    27
08030416    18
08030417    14
08030418    14
08030419    15
08030420    17
08030421    19
08030422    18
08030423    20
08030500    27
08030501    41
08030502   150
08030503   194
08030504    91
08030505    84
08030506   205
08030507   194
08030508   282
08030509   322
08030510   423
08030511   403
08030512   408
08030513   368
08030514   642
08030515   185
08030516   159
08030517    76
08030518   229
08030519   229
08030520   106
08030521    41
08030522    31
08030523    31
08030600    28
08030601    36
08030602    26
08030603    11
08030604    13
08030605    10
08030606    12
08030607    12
08030608    14
08030609    18
08030610    18
08030611    23
08030612    41
08030613    21
08030614    26
08030615    72
08030616    91
08030617    52
08030618    42
08030619    21
08030620    22
08030621    29
08030622    52
08030623   130
08030700    90
08030701   194
08030702   123
08030703    59
08030704   102
08030705    96
08030706   146
08030707   137
08030708    80
08030709    70
08030710    83
08030711    59
08030712    46
08030713    77
08030714    57
08030715    88
08030716    83
08030717   102
08030718    92
08030719   106
08030720    67
08030721    82
08030722    23
08030723    15
08030800    14
08030801    10
08030802    12
08030803    12
08030804    13
08030805    22
08030806    26
08030807    34
08030808    47
08030809    25
08030810    24
08030811    49
08030812   298
08030813   733
08030814   380
08030815   113
08030816    72
08030817   288
08030818   649
08030819   351
08030820    70
08030821    34
08030822    29
08030823    67
08030900    38
08030901   238
08030902   719
08030903   791
08030904   861
08030905   900
08030906   664
08030907   729
08030908   286
08030909   252
08030910   586
08030911   451
08030912   191
08030913   490
08030914   437
08030915   114
08030916    76
08030917   236
08030918   269
08030919   204
08030920   110
08030921   361
08030922   819
08030923   348
08031000   257
08031001   466
08031002   409
08031003   246
08031004   319
08031005   372
08031006   195
08031007   100
08031008   131
08031009    55
08031010    44
08031011   490
08031012   391
08031013   106
08031014   127
08031015   201
08031016   183
08031017   389
08031018   492
08031019   212
08031020   370
08031021   156
08031022   387
08031023   450
08031100   151
08031101    53
08031102    35
08031103    39
08031104    32
08031105   101
08031106   471
08031107   471
08031108   251
08031109    87
08031110    62
08031111   231
08031112   719
08031113   591
08031114   530
08031115   428
08031116   413
08031117   265
08031118   213
08031119   135
08031120    92
08031121   119
08031122   114
08031123    87
08031200   150
08031201   177
08031202    85
08031203   250
08031204   248
08031205   121
08031206   233
08031207   572
08031208   235
08031209   111
08031210    48
08031211   141
08031212    64
08031213    83
08031214   239
08031215   110
08031216    55
08031217    37
08031218    94
08031219   265
08031220   488
08031221   152
08031222    33
08031223    34
08031300    26
08031301    83
08031302   199
08031303   343
08031304   182
08031305   114
08031306   177
08031307   127
08031308   323
08031309   212
08031310   148
08031311   738
08031312   530
08031313   757
08031314   495
08031315   278
08031316   108
08031317    57
08031318    57
08031319    68
08031320    60
08031321    35
08031322    26
08031323    44
08031400    23
08031401    40
08031402   160
08031403   178
08031404   244
08031405   296
08031406   258
08031407   197
08031408   137
08031409    60
08031410    98
08031411   354
08031412   245
08031413   178
08031414   249
08031415   217
08031416   634
08031417   635
08031418   362
08031419   583
08031420   395
08031421   368
08031422   405
08031423   131
08031500   194
08031501   303
08031502   305
08031503   145
08031504   161
08031505   177
08031506    99
08031507   120
08031508   291
08031509   446
08031510   689
08031511   619
08031512   395
08031513   228
08031514    89
08031515   123
08031516    87
08031517    35
08031518    32
08031519    22
08031520    44
08031521    44
08031522    32
08031523    28
08031600    38
08031601    98
08031602   172
08031603   217
08031604   247
08031605   197
08031606   149
08031607   103
08031608    69
08031609    92
08031610    22
08031611    42
08031612    81
08031613   131
08031614   135
08031615    85
08031616    55
08031617    47
08031618    40
08031619    27
08031620    33
08031621    30
08031622    78
08031623   135
08031700   193
08031701   113
08031702    43
08031703    44
08031704    38
08031705    37
08031706    20
08031707    17
08031708    16
08031709    69
08031710    75
08031711    25
08031712    28
08031713    21
08031714    42
08031715    39
08031716   233
08031717   276
08031718   131
08031719    65
08031720    49
08031721    33
08031722    31
08031723    19
08031800    18
08031801    44
08031802   305
08031803   377
08031804   131
08031805   123
08031806   171
08031807    81
08031808    82
08031809   219
08031810   103
08031811    31
08031812    78
08031813   140
08031814    87
08031815   129
08031816    98
08031817    20
08031818    16
08031819    22
08031820    19
08031821    23
08031822    29
08031823    21
08031900    17
08031901    18
08031902    19
08031903    23
08031904    30
08031905    28
08031906    26
08031907    86
08031908    99
08031909    42
08031910    29
08031911    35
08031912    91
08031913   258
08031914   388
08031915   272
08031916   400
08031917   517
08031918   541
08031919   297
08031920   196
08031921   380
08031922   229
08031923    73
08032000    34
08032001    32
08032002    74
08032003    83
08032004    53
08032005    29
08032006    76
08032007    36
08032008    86
08032009   114
08032010    67
08032011   193
08032012   627
08032013   370
08032014   129
08032015   170
08032016    68
08032017    65
08032018    66
08032019    51
08032020    36
08032021    36
08032022   106
08032023    66
08032100    77
08032101   216
08032102   205
08032103   118
08032104    89
08032105    77
08032106    71
08032107    78
08032108   166
08032109   208
08032110   203
08032111    41
08032112    36
08032113    39
08032114    60
08032115    32
08032116    55
08032117    98
08032118   187
08032119   186
08032120    97
08032121    81
08032122   171
08032123   328
08032200   138
08032201    45
08032202    26
08032203    21
08032204    21
08032205    39
08032206    34
08032207    87
08032208    94
08032209   114
08032210   114
08032211    66
08032212    33
08032213    32
08032214    26
08032215    28
08032216    23
08032217    22
08032218    26
08032219    36
08032220    41
08032221   173
08032222   224
08032223   112
08032300    81
08032301   380
08032302   507
08032303   343
08032304    67
08032305    64
08032306   304
08032307   240
08032308   198
08032309   210
08032310   198
08032311   201
08032312    89
08032313    57
08032314    79
08032315    76
08032316    38
08032317   106
08032318    41
08032319    57
08032320    38
08032321    33
08032322    35
08032323    22
08032400    20
08032401    21
08032402    23
08032403    38
08032404    43
08032405    94
08032406    60
08032407    63
08032408    30
08032409    33
08032410    40
08032411    61
08032412    44
08032413    38
08032414    32
08032415    27
08032416    27
08032417    26
08032418    31
08032419    27
08032420    28
08032421    29
08032422    31
08032423    24
08032500    21
08032501    21
08032502    23
08032503    27
08032504    21
08032505    12
08032506     7
08032507    13
08032508    19
08032509    25
08032510    28
08032511    32
08032512    72
08032513    72
08032514    37
08032515    28
08032516    32
08032517    41
08032518    44
08032519    52
08032520    46
08032521    59
08032522   118
08032523   129
08032600    78
08032601    49
08032602    53
08032603    69
08032604    66
08032605    90
08032606   521
08032607   751
08032608   462
08032609   226
08032610    92
08032611   414
08032612   826
08032613   546
08032614   203
08032615   836
08032616   853
08032617   846
08032618   484
08032619   559
08032620   463
08032621   661
08032622   410
08032623   264
08032700   529
08032701   304
08032702   655
08032703   591
08032704   543
08032705   670
08032706   570
08032707   459
08032708   585
08032709   474
08032710   516
08032711   317
08032712   235
08032713   293
08032714   343
08032715   392
08032716   384
08032717   621
08032718   717
08032719   784
08032720   753
08032721   685
08032722   838
08032723   591
08032800   524
08032801   465
08032802   533
08032803   378
08032804   174
08032805   141
08032806   452
08032807   551
08032808   584
08032809   557
08032810   545
08032811   561
08032812   545
08032813   294
08032814   399
08032815   607
08032816   703
08032817   688
08032818   531
08032819   624
08032820   404
08032821   276
08032822   395
08032823   393
08032900    92
08032901    85
08032902   101
08032903    90
08032904   255
08032905   187
08032906    76
08032907   144
08032908   319
08032909   343
08032910   329
08032911   298
08032912   321
08032913   278
08032914    75
08032915    37
08032916   190
08032917   217
08032918   195
08032919   187
08032920   276
08032921   313
08032922   335
08032923   354
08033000   356
08033001   227
08033002   450
08033003   229
08033004   256
08033005   255
08033006   281
08033007   189
08033008   330
08033009   134
08033010   102
08033011    76
08033012   207
08033013   275
08033014   141
08033015   100
08033016   151
08033017   177
08033018   168
08033019    80
08033020    47
08033021    67
08033022   200
08033023   179
08033100   101
08033101    57
08033102    48
08033103    44
08033104    33
08033105    17
08033106    10
08033107    28
08033108    51
08033109   202
08033110   162
08033111    93
08033112   201
08033113   107
08033114   205
08033115   144
08033116   117
08033117   126
08033118   138
08033119   102
08033120    59
08033121    39
08033122    55
08033123    60

Mon Ap 1
