09040100    24
09040101    23
09040102    27
09040103    34
09040104    32
09040105    28
09040106    20
09040107    14
09040108    21
09040109    32
09040110    85
09040111   168
09040112    67
09040113    51
09040114    34
09040115    29
09040116    34
09040117    35
09040118    29
09040119    26
09040120    34
09040121    38
09040122    45
09040123    41
09040200    16
09040201    20
09040202    22
09040203    25
09040204    33
09040205    42
09040206    71
09040207   112
09040208   152
09040209    62
09040210    50
09040211    48
09040212    57
09040213    71
09040214    58
09040215   114
09040216   152
09040217    63
09040218    64
09040219    47
09040220    30
09040221    25
09040222    20
09040223    22
09040300    18
09040301    16
09040302    12
09040303    18
09040304    19
09040305    20
09040306    21
09040307    73
09040308    32
09040309    35
09040310    37
09040311    41
09040312    44
09040313    47
09040314    48
09040315    90
09040316    92
09040317    77
09040318    56
09040319    28
09040320    23
09040321    25
09040322    22
09040323    15
09040400    19
09040401    19
09040402    25
09040403    27
09040404    28
09040405    26
09040406    30
09040407    32
09040408    46
09040409    50
09040410    42
09040411    37
09040412    41
09040413    94
09040414    70
09040415    28
09040416    27
09040417    30
09040418    33
09040419    27
09040420    23
09040421    23
09040422    24
09040423    23
09040500    19
09040501    26
09040502    31
09040503    28
09040504    32
09040505    35
09040506    57
09040507   137
09040508    95
09040509   145
09040510   116
09040511    45
09040512    45
09040513    39
09040514    29
09040515    26
09040516    29
09040517    43
09040518    24
09040519    21
09040520    17
09040521    22
09040522    22
09040523    22
09040600    20
09040601    17
09040602    27
09040603    31
09040604    27
09040605    22
09040606    19
09040607    22
09040608    32
09040609    42
09040610    46
09040611    40
09040612    38
09040613    34
09040614    32
09040615    91
09040616    86
09040617    20
09040618    20
09040619    19
09040620    22
09040621    19
09040622    22
09040623    22
09040700    20
09040701    18
09040702    23
09040703    32
09040704    35
09040705    29
09040706    24
09040707    54
09040708    94
09040709    59
09040710    83
09040711    39
09040712    60
09040713    31
09040714    31
09040715    29
09040716    33
09040717    40
09040718    27
09040719    20
09040720    17
09040721    17
09040722    15
09040723    17
09040800    23
09040801    20
09040802    29
09040803    32
09040804    32
09040805    35
09040806    29
09040807    81
09040808    40
09040809    70
09040810    48
09040811    52
09040812    83
09040813    80
09040814    74
09040815    35
09040816    48
09040817    27
09040818    32
09040819    66
09040820   126
09040821    93
09040822    25
09040823    19
09040900    32
09040901    70
09040902   212
09040903   260
09040904   250
09040905   264
09040906   280
09040907   135
09040908    98
09040909   245
09040910   293
09040911   224
09040912    99
09040913    52
09040914    65
09040915   244
09040916   352
09040917   576
09040918   574
09040919   445
09040920   204
09040921   137
09040922   259
09040923   161
09041000    61
09041001    97
09041002   254
09041003   170
09041004    45
09041005    26
09041006    31
09041007   173
09041008   363
09041009   275
09041010   260
09041011   142
09041012   129
09041013    93
09041014    67
09041015   221
09041016   244
09041017   263
09041018   295
09041019   400
09041020    70
09041021    25
09041022    57
09041023   160
09041100   329
09041101   608
09041102   258
09041103   145
09041104    95
09041105   163
09041106   194
09041107   191
09041108   112
09041109    86
09041110   273
09041111   113
09041112    51
09041113    47
09041114   179
09041115   470
09041116   298
09041117   254
09041118    61
09041119    65
09041120    66
09041121    97
09041122    80
09041123   335
09041200   305
09041201   198
09041202   171
09041203   164
09041204    99
09041205   224
09041206   158
09041207   263
09041208   172
09041209    78
09041210    56
09041211    54
09041212    57
09041213    73
09041214    36
09041215    31
09041216    64
09041217   214
09041218   277
09041219   189
09041220   251
09041221   132
09041222    74
09041223   179
09041300   192
09041301   126
09041302   103
09041303    72
09041304   139
09041305   194
09041306   169
09041307   129
09041308    74
09041309    52
09041310    36
09041311    33
09041312    38
09041313    31
09041314    41
09041315    46
09041316    36
09041317    90
09041318    68
09041319    43
09041320    18
09041321    26
09041322    29
09041323    40
09041400    33
09041401    28
09041402    38
09041403    40
09041404    31
09041405    18
09041406    11
09041407    34
09041408    71
09041409   129
09041410    98
09041411   145
09041412   161
09041413    62
09041414    70
09041415    92
09041416    85
09041417    40
09041418    30
09041419    29
09041420    33
09041421    31
09041422    62
09041423   104
09041500   169
09041501   283
09041502   171
09041503   130
09041504   127
09041505   102
09041506    40
09041507    42
09041508    53
09041509    44
09041510    98
09041511    60
09041512    49
09041513    47
09041514    40
09041515    31
09041516    44
09041517    48
09041518    41
09041519    45
09041520    60
09041521    52
09041522    45
09041523    51
09041600    47
09041601    58
09041602   136
09041603   106
09041604   110
09041605   219
09041606   279
09041607   210
09041608    55
09041609    49
09041610    87
09041611   201
09041612   223
09041613   263
09041614   282
09041615   114
09041616    92
09041617   109
09041618    95
09041619    35
09041620    34
09041621    46
09041622    90
09041623   164
09041700    69
09041701    30
09041702    25
09041703    26
09041704    26
09041705    36
09041706    31
09041707    44
09041708    48
09041709    41
09041710   133
09041711   220
09041712   164
09041713    99
09041714   111
09041715   185
09041716    47
09041717    59
09041718    18
09041719    21
09041720    24
09041721    74
09041722    31
09041723    56
09041800    33
09041801    55
09041802    85
09041803   202
09041804   248
09041805   483
09041806   489
09041807   255
09041808   118
09041809    45
09041810   108
09041811    78
09041812    98
09041813    72
09041814    51
09041815   235
09041816   161
09041817   125
09041818    27
09041819    32
09041820    53
09041821    35
09041822    48
09041823    37
09041900    30
09041901    38
09041902   103
09041903   135
09041904    86
09041905    59
09041906   206
09041907   185
09041908   123
09041909    74
09041910    39
09041911    40
09041912   108
09041913    70
09041914    67
09041915    46
09041916    30
09041917    28
09041918    49
09041919    40
09041920    38
09041921    30
09041922    60
09041923    43
09042000    38
09042001    72
09042002    99
09042003    42
09042004    50
09042005   206
09042006   218
09042007    43
09042008    39
09042009    41
09042010   122
09042011   114
09042012    34
09042013    27
09042014    45
09042015    66
09042016    39
09042017    38
09042018    24
09042019    32
09042020    31
09042021    37
09042022    35
09042023    33
09042100    37
09042101    32
09042102    25
09042103    35
09042104    37
09042105    60
09042106   124
09042107    88
09042108    50
09042109   181
09042110   105
09042111    48
09042112    29
09042113    27
09042114    25
09042115    22
09042116    65
09042117    39
09042118    38
09042119    33
09042120    36
09042121    45
09042122    39
09042123    36
09042200    33
09042201    26
09042202    33
09042203    37
09042204    24
09042205    32
09042206    31
09042207    20
09042208    34
09042209    36
09042210    39
09042211   157
09042212   154
09042213    38
09042214    27
09042215    31
09042216    20
09042217    20
09042218    24
09042219    31
09042220    34
09042221    56
09042222    65
09042223    28
09042300    18
09042301    20
09042302    32
09042303    23
09042304    31
09042305    35
09042306    22
09042307    26
09042308    34
09042309    56
09042310    43
09042311    54
09042312    41
09042313    33
09042314    24
09042315    29
09042316    27
09042317    24
09042318    28
09042319    37
09042320    35
09042321    33
09042322    32
09042323    30
09042400    30
09042401    33
09042402    31
09042403    28
09042404    34
09042405    86
09042406   204
09042407   108
09042408    64
09042409    42
09042410    45
09042411    59
09042412    52
09042413    44
09042414    57
09042415    71
09042416   112
09042417   174
09042418   107
09042419    67
09042420    49
09042421    42
09042422    43
09042423    36
09042500    37
09042501    28
09042502    25
09042503    35
09042504    41
09042505    30
09042506    26
09042507    29
09042508    33
09042509    50
09042510    89
09042511   112
09042512   102
09042513    94
09042514    91
09042515   142
09042516    83
09042517    40
09042518    36
09042519    36
09042520    63
09042521   111
09042522    81
09042523    59
09042600    47
09042601    32
09042602    28
09042603    35
09042604    31
09042605    70
09042606    88
09042607    20
09042608    34
09042609    59
09042610    83
09042611    87
09042612    70
09042613    43
09042614    29
09042615    29
09042616    35
09042617    38
09042618    35
09042619    37
09042620    46
09042621    56
09042622    59
09042623    78
09042700   140
09042701   195
09042702   216
09042703   174
09042704   145
09042705   138
09042706    89
09042707    64
09042708    39
09042709   120
09042710    47
09042711    35
09042712    33
09042713    29
09042714    36
09042715    26
09042716    24
09042717    30
09042718    38
09042719    49
09042720    42
09042721    39
09042722    41
09042723    30
09042800    28
09042801    27
09042802    28
09042803    30
09042804    36
09042805    39
09042806    40
09042807    51
09042808    50
09042809    57
09042810    54
09042811    44
09042812    43
09042813    33
09042814    29
09042815    36
09042816    37
09042817    42
09042818    40
09042819    39
09042820    29
09042821    33
09042822    35
09042823    36
09042900    40
09042901    40
09042902    39
09042903    36
09042904    31
09042905    34
09042906    31
09042907    33
09042908    37
09042909    66
09042910   102
09042911   222
09042912   124
09042913    52
09042914    26
09042915    33
09042916    66
09042917    62
09042918    30
09042919    27
09042920    25
09042921    31
09042922    35
09042923    34
09043000    49
09043001    55
09043002    33
09043003    37
09043004    43
09043005    58
09043006    61
09043007    47
09043008    43
09043009    75
09043010    55
09043011    76
09043012    73
09043013    40
09043014    39
09043015    44
09043016    67
09043017    54
09043018    19
09043019    23
09043020    29
09043021    31
09043022    32
09043023    29

Sun Ma 2
