09120100     5
09120101     7
09120102     9
09120103     8
09120104     6
09120105     4
09120106    13
09120107    18
09120108    22
09120109    19
09120110    11
09120111     9
09120112     9
09120113     8
09120114     9
09120115    11
09120116    10
09120117    11
09120118     8
09120119     8
09120120     6
09120121     6
09120122     3
09120123     4
09120200     5
09120201     7
09120202     8
09120203     9
09120204     8
09120205    13
09120206    74
09120207    81
09120208    18
09120209     8
09120210     8
09120211     5
09120212     7
09120213     7
09120214     7
09120215     7
09120216    10
09120217    10
09120218     9
09120219     6
09120220     5
09120221     6
09120222     5
09120223     5
09120300     4
09120301     5
09120302     7
09120303     8
09120304     7
09120305     6
09120306     6
09120307     7
09120308    20
09120309    12
09120310    17
09120311    23
09120312    33
09120313    29
09120314    19
09120315    18
09120316    11
09120317     7
09120318     5
09120319     7
09120320     7
09120321     7
09120322     4
09120323     6
09120400     5
09120401     5
09120402     7
09120403     6
09120404     5
09120405     5
09120406     5
09120407    19
09120408     6
09120409     5
09120410     5
09120411    10
09120412    14
09120413    24
09120414     8
09120415     8
09120416     7
09120417     7
09120418     6
09120419     4
09120420     5
09120421     4
09120422     3
09120423     4
09120500     7
09120501     7
09120502     6
09120503     6
09120504     6
09120505     5
09120506     6
09120507    10
09120508     8
09120509     6
09120510    10
09120511   106
09120512    62
09120513   150
09120514    57
09120515    19
09120516    16
09120517    47
09120518   147
09120519   296
09120520   200
09120521    72
09120522    44
09120523    51
09120600    67
09120601    76
09120602   134
09120603   113
09120604    64
09120605    38
09120606    17
09120607    20
09120608    18
09120609    13
09120610    18
09120611    25
09120612    12
09120613    16
09120614    13
09120615    15
09120616    10
09120617    12
09120618    25
09120619    17
09120620    10
09120621     9
09120622     6
09120623     8
09120700    36
09120701    27
09120702    15
09120703    15
09120704    19
09120705    26
09120706    29
09120707    41
09120708    65
09120709   113
09120710    30
09120711    22
09120712    22
09120713    42
09120714    15
09120715    12
09120716    57
09120717    84
09120718    78
09120719    19
09120720    19
09120721    16
09120722    17
09120723     9
09120800    10
09120801    13
09120802    22
09120803    23
09120804    17
09120805    30
09120806    25
09120807    11
09120808     6
09120809     5
09120810     5
09120811     6
09120812     9
09120813    12
09120814     9
09120815    13
09120816    14
09120817    12
09120818    10
09120819    10
09120820     8
09120821     9
09120822    10
09120823     6
09120900     4
09120901     7
09120902     9
09120903     9
09120904     8
09120905    10
09120906    13
09120907    15
09120908    34
09120909    46
09120910    19
09120911    21
09120912    43
09120913    47
09120914    24
09120915    19
09120916    13
09120917    12
09120918    12
09120919    10
09120920     9
09120921     7
09120922     6
09120923     6
09121000     7
09121001     6
09121002     6
09121003     7
09121004     6
09121005     7
09121006     8
09121007    15
09121008    18
09121009    39
09121010    14
09121011    11
09121012     8
09121013    10
09121014     9
09121015     7
09121016    14
09121017    26
09121018     7
09121019    10
09121020    11
09121021     9
09121022    11
09121023     9
09121100     9
09121101     9
09121102    11
09121103    11
09121104    12
09121105    10
09121106     9
09121107    11
09121108    11
09121109     6
09121110     8
09121111     9
09121112     4
09121113     5
09121114     8
09121115    10
09121116    10
09121117    10
09121118    12
09121119    11
09121120    12
09121121    11
09121122     9
09121123     9
09121200     8
09121201     6
09121202     7
09121203     7
09121204     6
09121205     6
09121206     8
09121207     8
09121208    15
09121209     9
09121210    17
09121211    33
09121212    20
09121213    64
09121214    51
09121215    29
09121216    17
09121217    15
09121218     9
09121219     8
09121220    11
09121221    10
09121222     8
09121223     7
09121300     8
09121301    10
09121302    11
09121303    10
09121304    10
09121305    12
09121306    60
09121307    29
09121308    59
09121309   131
09121310    89
09121311   118
09121312    69
09121313   200
09121314   202
09121315   108
09121316    95
09121317    99
09121318    51
09121319    43
09121320    36
09121321    49
09121322    35
09121323    31
09121400    38
09121401    23
09121402    26
09121403    42
09121404   123
09121405   356
09121406   166
09121407    77
09121408   109
09121409   272
09121410    98
09121411    41
09121412    23
09121413    13
09121414    24
09121415    23
09121416    30
09121417    15
09121418    12
09121419    10
09121420     9
09121421    10
09121422     8
09121423     6
09121500     6
09121501     6
09121502     7
09121503     7
09121504     3
09121505     3
09121506     4
09121507    10
09121508    18
09121509    14
09121510     8
09121511     6
09121512     5
09121513     4
09121514     5
09121515     4
09121516     7
09121517    26
09121518    21
09121519    29
09121520    12
09121521    17
09121522    19
09121523    15
09121600    19
09121601    21
09121602    71
09121603   110
09121604   113
09121605    26
09121606    16
09121607    15
09121608     8
09121609    20
09121610   109
09121611   160
09121612    90
09121613    41
09121614    13
09121615    36
09121616   223
09121617   155
09121618    26
09121619    33
09121620    23
09121621    19
09121622    17
09121623    13
09121700    12
09121701    13
09121702    17
09121703    13
09121704    18
09121705    18
09121706    31
09121707    25
09121708    59
09121709   129
09121710    39
09121711    17
09121712    19
09121713    29
09121714    37
09121715    25
09121716    35
09121717    13
09121718    27
09121719    26
09121720    15
09121721    14
09121722    13
09121723    19
09121800    13
09121801    11
09121802    10
09121803     9
09121804     8
09121805     6
09121806    21
09121807    43
09121808   137
09121809    81
09121810    66
09121811    25
09121812    16
09121813    15
09121814     9
09121815    10
09121816    17
09121817    31
09121818    21
09121819    13
09121820    10
09121821    11
09121822    13
09121823    16
09121900    18
09121901    21
09121902    18
09121903    13
09121904    17
09121905    21
09121906    11
09121907    18
09121908    38
09121909    38
09121910    63
09121911    26
09121912    23
09121913    23
09121914    87
09121915    61
09121916    27
09121917    16
09121918    12
09121919    12
09121920    15
09121921    15
09121922    16
09121923    21
09122000    25
09122001    24
09122002    26
09122003    35
09122004    34
09122005    24
09122006    23
09122007    21
09122008    21
09122009    25
09122010    25
09122011    59
09122012    42
09122013    19
09122014    15
09122015    27
09122016    86
09122017   190
09122018    31
09122019    21
09122020    20
09122021    14
09122022    13
09122023    15
09122100    15
09122101    22
09122102    26
09122103    24
09122104    16
09122105    18
09122106     9
09122107     6
09122108     6
09122109     8
09122110     6
09122111     7
09122112     7
09122113     9
09122114    10
09122115    11
09122116     9
09122117    10
09122118    10
09122119    21
09122120    43
09122121    16
09122122    12
09122123    17
09122200    10
09122201    12
09122202    13
09122203    13
09122204     6
09122205     5
09122206     6
09122207     6
09122208    11
09122209    10
09122210    41
09122211    87
09122212    38
09122213    24
09122214    31
09122215    43
09122216    22
09122217    12
09122218    10
09122219    13
09122220    28
09122221    17
09122222    23
09122223    32
09122300    21
09122301    20
09122302    21
09122303    19
09122304    28
09122305    33
09122306    31
09122307   195
09122308   121
09122309    63
09122310    37
09122311    21
09122312    23
09122313    14
09122314    37
09122315    38
09122316    26
09122317    16
09122318    11
09122319    26
09122320    24
09122321    30
09122322    30
09122323    18
09122400    25
09122401    34
09122402    34
09122403    49
09122404    40
09122405    57
09122406    61
09122407    69
09122408    42
09122409    24
09122410    39
09122411    58
09122412    93
09122413    23
09122414    11
09122415    14
09122416    13
09122417    11
09122418     9
09122419     5
09122420     6
09122421     8
09122422    11
09122423    10
09122500     8
09122501    10
09122502     8
09122503     7
09122504     6
09122505    15
09122506    39
09122507     9
09122508    18
09122509    40
09122510    69
09122511    33
09122512    27
09122513    19
09122514    57
09122515    25
09122516    26
09122517    22
09122518    40
09122519    82
09122520    43
09122521    33
09122522    77
09122523    58
09122600    36
09122601    42
09122602    50
09122603    39
09122604    52
09122605   123
09122606    76
09122607    24
09122608    98
09122609    90
09122610    63
09122611    34
09122612    23
09122613    64
09122614    39
09122615    36
09122616   108
09122617    95
09122618    53
09122619    23
09122620    18
09122621    21
09122622    11
09122623    10
09122700     9
09122701    11
09122702    18
09122703    14
09122704    13
09122705    24
09122706    38
09122707    69
09122708    73
09122709    61
09122710    71
09122711    34
09122712    49
09122713   197
09122714   193
09122715   167
09122716    92
09122717    45
09122718    33
09122719    24
09122720     9
09122721    10
09122722    12
09122723    10
09122800     8
09122801     8
09122802     8
09122803    10
09122804    10
09122805    14
09122806    18
09122807    13
09122808    54
09122809    88
09122810    69
09122811    20
09122812    13
09122813     8
09122814     7
09122815    10
09122816    14
09122817    15
09122818    13
09122819    15
09122820    14
09122821    14
09122822    13
09122823    13
09122900    14
09122901    14
09122902     9
09122903     9
09122904    10
09122905     9
09122906     7
09122907    22
09122908    36
09122909    43
09122910    22
09122911    16
09122912    12
09122913     9
09122914     8
09122915    10
09122916    11
09122917    12
09122918     9
09122919     7
09122920    10
09122921    14
09122922    13
09122923     9
09123000     8
09123001     8
09123002     7
09123003     5
09123004     4
09123005     5
09123006     5
09123007     6
09123008     9
09123009    11
09123010    17
09123011    19
09123012    23
09123013    15
09123014     8
09123015    11
09123016     8
09123017    10
09123018     7
09123019     7
09123020    12
09123021    11
09123022     9
09123023    10
09123100     8
09123101     7
09123102     5
09123103     4
09123104     3
09123105     6
09123106     9
09123107     8
09123108     8
09123109    10
09123110    19
09123111    24
09123112    81
09123113    94
09123114    20
09123115    16
09123116    13
09123117    11
09123118     6
09123119     8
09123120    11
09123121    12
09123122    11
09123123     8

Sun Ma 2
