09050100    18
09050101    13
09050102    11
09050103    15
09050104    16
09050105    20
09050106    41
09050107   127
09050108   147
09050109   190
09050110   119
09050111    91
09050112    48
09050113   130
09050114   161
09050115   163
09050116    43
09050117    37
09050118    30
09050119    28
09050120    37
09050121    43
09050122    33
09050123    25
09050200    23
09050201    37
09050202    50
09050203    61
09050204    51
09050205   110
09050206   245
09050207   166
09050208    86
09050209    66
09050210    45
09050211    40
09050212    38
09050213    30
09050214    35
09050215    28
09050216    24
09050217    24
09050218    32
09050219    35
09050220    19
09050221    27
09050222    30
09050223    73
09050300    88
09050301    22
09050302    18
09050303    22
09050304    27
09050305    45
09050306    33
09050307    36
09050308    41
09050309    48
09050310    76
09050311    36
09050312    33
09050313    38
09050314    35
09050315    41
09050316    33
09050317    35
09050318    34
09050319    31
09050320    32
09050321    36
09050322    30
09050323    22
09050400    19
09050401    18
09050402    25
09050403    48
09050404    64
09050405    37
09050406    32
09050407    69
09050408    91
09050409   206
09050410   110
09050411   166
09050412    72
09050413    38
09050414   142
09050415   123
09050416    42
09050417    39
09050418    33
09050419    42
09050420    40
09050421    34
09050422    22
09050423    17
09050500    14
09050501    15
09050502    19
09050503    21
09050504    26
09050505    16
09050506    13
09050507    27
09050508    39
09050509    37
09050510    41
09050511    40
09050512    36
09050513    37
09050514    35
09050515   130
09050516    61
09050517    36
09050518    46
09050519    42
09050520    31
09050521    24
09050522    35
09050523    28
09050600    27
09050601    35
09050602    88
09050603   106
09050604   126
09050605    54
09050606    40
09050607    84
09050608   106
09050609    66
09050610    86
09050611    89
09050612    81
09050613   122
09050614   112
09050615    81
09050616   151
09050617   257
09050618   145
09050619    94
09050620    97
09050621    86
09050622   212
09050623   528
09050700   318
09050701   356
09050702   274
09050703   248
09050704   266
09050705   313
09050706   262
09050707    94
09050708    56
09050709   149
09050710   258
09050711   114
09050712    92
09050713    83
09050714    99
09050715   266
09050716   277
09050717   119
09050718    97
09050719    85
09050720    50
09050721   254
09050722   243
09050723   384
09050800   524
09050801   673
09050802   416
09050803   126
09050804   234
09050805   342
09050806   472
09050807   475
09050808   186
09050809   170
09050810    79
09050811    96
09050812   251
09050813   231
09050814   336
09050815   190
09050816   152
09050817   204
09050818   208
09050819   168
09050820   106
09050821   147
09050822   129
09050823    42
09050900    21
09050901    17
09050902    19
09050903    23
09050904    34
09050905    25
09050906    44
09050907   129
09050908   247
09050909   292
09050910   460
09050911   235
09050912    55
09050913    49
09050914    99
09050915   272
09050916   145
09050917    26
09050918    42
09050919    48
09050920    69
09050921    61
09050922    76
09050923   138
09051000   153
09051001   138
09051002    85
09051003    88
09051004    72
09051005    39
09051006    99
09051007   132
09051008    81
09051009    65
09051010    46
09051011   105
09051012    67
09051013   147
09051014   235
09051015   113
09051016    37
09051017    36
09051018    56
09051019    71
09051020    48
09051021    54
09051022    28
09051023    51
09051100   188
09051101   172
09051102    82
09051103    45
09051104    37
09051105    70
09051106    45
09051107    56
09051108   162
09051109   179
09051110    54
09051111    98
09051112   154
09051113   139
09051114   176
09051115    94
09051116   133
09051117   208
09051118   104
09051119    45
09051120    57
09051121    43
09051122    28
09051123    30
09051200    35
09051201    40
09051202    35
09051203    24
09051204    17
09051205    12
09051206    29
09051207    55
09051208    73
09051209    69
09051210    79
09051211    45
09051212    42
09051213    40
09051214    56
09051215    76
09051216   131
09051217    43
09051218    28
09051219    34
09051220    58
09051221    41
09051222    46
09051223    54
09051300    81
09051301    53
09051302    49
09051303    29
09051304    14
09051305    36
09051306    38
09051307    58
09051308    65
09051309    62
09051310    55
09051311    52
09051312    49
09051313    38
09051314    27
09051315    63
09051316    87
09051317   107
09051318    32
09051319    29
09051320    27
09051321    24
09051322    26
09051323    36
09051400    26
09051401    37
09051402    48
09051403   103
09051404    62
09051405    66
09051406    77
09051407   242
09051408   231
09051409   144
09051410   134
09051411    55
09051412    44
09051413    43
09051414    34
09051415    28
09051416    69
09051417   231
09051418   470
09051419   514
09051420   325
09051421   164
09051422    86
09051423   129
09051500    92
09051501    46
09051502    36
09051503    46
09051504    50
09051505    36
09051506    34
09051507    46
09051508    39
09051509    66
09051510    52
09051511    40
09051512    46
09051513    43
09051514    31
09051515    44
09051516    44
09051517    47
09051518    33
09051519    29
09051520    43
09051521    45
09051522    28
09051523    29
09051600    34
09051601    26
09051602    39
09051603    61
09051604    61
09051605    38
09051606    15
09051607    27
09051608    39
09051609    45
09051610    59
09051611    67
09051612    80
09051613    52
09051614    43
09051615    95
09051616    88
09051617    54
09051618    45
09051619    54
09051620    68
09051621    83
09051622    86
09051623    96
09051700   114
09051701    53
09051702    46
09051703    46
09051704    71
09051705    88
09051706    29
09051707    23
09051708    33
09051709    39
09051710    36
09051711    34
09051712    35
09051713    26
09051714    30
09051715    29
09051716    32
09051717    39
09051718    38
09051719    44
09051720    50
09051721    41
09051722    35
09051723    44
09051800    45
09051801    42
09051802    57
09051803    69
09051804    89
09051805    55
09051806    44
09051807    29
09051808    29
09051809    35
09051810    40
09051811    37
09051812    33
09051813    31
09051814    37
09051815    41
09051816    40
09051817    42
09051818    43
09051819    44
09051820    41
09051821    44
09051822    71
09051823   110
09051900   101
09051901    75
09051902    76
09051903   128
09051904   250
09051905   168
09051906   106
09051907   176
09051908   157
09051909    71
09051910    84
09051911   154
09051912    90
09051913    46
09051914    48
09051915    56
09051916    36
09051917    45
09051918    44
09051919    67
09051920    46
09051921    32
09051922    36
09051923    57
09052000    39
09052001    30
09052002    31
09052003    53
09052004    79
09052005   115
09052006    41
09052007    30
09052008    49
09052009    48
09052010    50
09052011    47
09052012    44
09052013    42
09052014    41
09052015    54
09052016    80
09052017    34
09052018    44
09052019    49
09052020    54
09052021    40
09052022    33
09052023    31
09052100    30
09052101    34
09052102    24
09052103    24
09052104    21
09052105    17
09052106    54
09052107    66
09052108    73
09052109    54
09052110    62
09052111   176
09052112    93
09052113    74
09052114    39
09052115    42
09052116    32
09052117    38
09052118    51
09052119    55
09052120    60
09052121    52
09052122    49
09052123    41
09052200    32
09052201    39
09052202    38
09052203    38
09052204    39
09052205    17
09052206    14
09052207    69
09052208   137
09052209   207
09052210   115
09052211   119
09052212   313
09052213   229
09052214   183
09052215   163
09052216   257
09052217   241
09052218   114
09052219    54
09052220    53
09052221    40
09052222    35
09052223    30
09052300    35
09052301    36
09052302    40
09052303    45
09052304    41
09052305    56
09052306   128
09052307   296
09052308   327
09052309   160
09052310   109
09052311    42
09052312    51
09052313    34
09052314    27
09052315    45
09052316    51
09052317   155
09052318    89
09052319    79
09052320    84
09052321   146
09052322   151
09052323    62
09052400   111
09052401    47
09052402    40
09052403    89
09052404   224
09052405   208
09052406   206
09052407   130
09052408    90
09052409    56
09052410    54
09052411    79
09052412    64
09052413    33
09052414    27
09052415    66
09052416    50
09052417    42
09052418    65
09052419    56
09052420    54
09052421    65
09052422    49
09052423    42
09052500    31
09052501    36
09052502    38
09052503    31
09052504    20
09052505    11
09052506    14
09052507    36
09052508    86
09052509   131
09052510    74
09052511    56
09052512    48
09052513    39
09052514    29
09052515    22
09052516    32
09052517    47
09052518    47
09052519    43
09052520    63
09052521    53
09052522    47
09052523    57
09052600    52
09052601    59
09052602    51
09052603    46
09052604    35
09052605    54
09052606   126
09052607   185
09052608    55
09052609    46
09052610    49
09052611    51
09052612    44
09052613    38
09052614    39
09052615    75
09052616    87
09052617    54
09052618    57
09052619    66
09052620    62
09052621    67
09052622    53
09052623    36
09052700    41
09052701    52
09052702    51
09052703    54
09052704    63
09052705    56
09052706    58
09052707    55
09052708    60
09052709    66
09052710    46
09052711    40
09052712    34
09052713    37
09052714    49
09052715    41
09052716    44
09052717    57
09052718    55
09052719    60
09052720    54
09052721    49
09052722    47
09052723    59
09052800    45
09052801    41
09052802    34
09052803    30
09052804    35
09052805    89
09052806   180
09052807   156
09052808   225
09052809   190
09052810   310
09052811   392
09052812   308
09052813   139
09052814    75
09052815    75
09052816    68
09052817    64
09052818    39
09052819    38
09052820    45
09052821    48
09052822    57
09052823    49
09052900    47
09052901    50
09052902    78
09052903    72
09052904   207
09052905   134
09052906    57
09052907    20
09052908    27
09052909    41
09052910   107
09052911   203
09052912   156
09052913   222
09052914   214
09052915   181
09052916   264
09052917   105
09052918    84
09052919   108
09052920    82
09052921    50
09052922    45
09052923    63
09053000   115
09053001    60
09053002   105
09053003   174
09053004   139
09053005    94
09053006    79
09053007    87
09053008   118
09053009    97
09053010    73
09053011    81
09053012    68
09053013    62
09053014    60
09053015    79
09053016    88
09053017    73
09053018   119
09053019    71
09053020    39
09053021    37
09053022    37
09053023    39
09053100    41
09053101    36
09053102    31
09053103    28
09053104    25
09053105    20
09053106    30
09053107   131
09053108   112
09053109    66
09053110    50
09053111    59
09053112    50
09053113    49
09053114    40
09053115    33
09053116    52
09053117   100
09053118   136
09053119   116
09053120    49
09053121    34
09053122    59
09053123    51

Sun Ma 2
