09060100    60
09060101    67
09060102    78
09060103    77
09060104   103
09060105   105
09060106   189
09060107   149
09060108    77
09060109    44
09060110    41
09060111    39
09060112    34
09060113    35
09060114    39
09060115    43
09060116    43
09060117    61
09060118    61
09060119    51
09060120    26
09060121    23
09060122    20
09060123    24
09060200    36
09060201    40
09060202    30
09060203    28
09060204    19
09060205     9
09060206    16
09060207    34
09060208    44
09060209    56
09060210    63
09060211    43
09060212    41
09060213    38
09060214    51
09060215    58
09060216    52
09060217    38
09060218    57
09060219    39
09060220    37
09060221    38
09060222    47
09060223    58
09060300    51
09060301    48
09060302    33
09060303    21
09060304    12
09060305     9
09060306    33
09060307    47
09060308    51
09060309    54
09060310    48
09060311    45
09060312    37
09060313    37
09060314    46
09060315    79
09060316   106
09060317   103
09060318   129
09060319   106
09060320    60
09060321    54
09060322    55
09060323    57
09060400    53
09060401    54
09060402    83
09060403   122
09060404   284
09060405   280
09060406   114
09060407   227
09060408   161
09060409    84
09060410    89
09060411    93
09060412   131
09060413   128
09060414   105
09060415    95
09060416   149
09060417   173
09060418   131
09060419   109
09060420   118
09060421   127
09060422   226
09060423   369
09060500   132
09060501    77
09060502   108
09060503   117
09060504   188
09060505   265
09060506   319
09060507   279
09060508   279
09060509   444
09060510   324
09060511   197
09060512    65
09060513    97
09060514   304
09060515   293
09060516   120
09060517    90
09060518    55
09060519    39
09060520    33
09060521    44
09060522    69
09060523    59
09060600    48
09060601    43
09060602    77
09060603    97
09060604   137
09060605   223
09060606   268
09060607   131
09060608    66
09060609    57
09060610    67
09060611    82
09060612   110
09060613   109
09060614   102
09060615    34
09060616    42
09060617    45
09060618    54
09060619    81
09060620    97
09060621    89
09060622    72
09060623    51
09060700    46
09060701    53
09060702    62
09060703    47
09060704    41
09060705    55
09060706   206
09060707   102
09060708    31
09060709    37
09060710    69
09060711    96
09060712   180
09060713   192
09060714   197
09060715   128
09060716    76
09060717    80
09060718    74
09060719    59
09060720    51
09060721    54
09060722    56
09060723    89
09060800    90
09060801   122
09060802    94
09060803    79
09060804    73
09060805    94
09060806    54
09060807    57
09060808    71
09060809   115
09060810    49
09060811    39
09060812    36
09060813    33
09060814    59
09060815   160
09060816   105
09060817    37
09060818    46
09060819    50
09060820    48
09060821    42
09060822    44
09060823    41
09060900    42
09060901    44
09060902    40
09060903    37
09060904    28
09060905    19
09060906    23
09060907    25
09060908    30
09060909    45
09060910    53
09060911    66
09060912   126
09060913   120
09060914   114
09060915   135
09060916    40
09060917    46
09060918    45
09060919    47
09060920    46
09060921    45
09060922    46
09060923    41
09061000    37
09061001    43
09061002    49
09061003    36
09061004    27
09061005    39
09061006   137
09061007   268
09061008   139
09061009   104
09061010    57
09061011    68
09061012    42
09061013    49
09061014    48
09061015    96
09061016   138
09061017    48
09061018    32
09061019    41
09061020    39
09061021    38
09061022    35
09061023    40
09061100    65
09061101    65
09061102    72
09061103    53
09061104    28
09061105    12
09061106    19
09061107    32
09061108    25
09061109    41
09061110    35
09061111    35
09061112    46
09061113    28
09061114    27
09061115    34
09061116    38
09061117    53
09061118    55
09061119    54
09061120    58
09061121    35
09061122    41
09061123    42
09061200    50
09061201    51
09061202    37
09061203    33
09061204    29
09061205    27
09061206    64
09061207    93
09061208    67
09061209    53
09061210    41
09061211    42
09061212    43
09061213    41
09061214    39
09061215    35
09061216    38
09061217    32
09061218    33
09061219    43
09061220    44
09061221    41
09061222    44
09061223    46
09061300    41
09061301    39
09061302    37
09061303    31
09061304    38
09061305    34
09061306    41
09061307    40
09061308    47
09061309    48
09061310    55
09061311    45
09061312    42
09061313    85
09061314   163
09061315   115
09061316   153
09061317    86
09061318    40
09061319    65
09061320    56
09061321    64
09061322    47
09061323    50
09061400    56
09061401    43
09061402    39
09061403    36
09061404    31
09061405    28
09061406    35
09061407    35
09061408    64
09061409    66
09061410   162
09061411   188
09061412   112
09061413    80
09061414    65
09061415    86
09061416    49
09061417    64
09061418    70
09061419   101
09061420    64
09061421    77
09061422    79
09061423    42
09061500    31
09061501    60
09061502    87
09061503    86
09061504   174
09061505    93
09061506   165
09061507   146
09061508   143
09061509    63
09061510    47
09061511    44
09061512    42
09061513    40
09061514    39
09061515    34
09061516    40
09061517    48
09061518    38
09061519    45
09061520    46
09061521    44
09061522    40
09061523    35
09061600    28
09061601    35
09061602    41
09061603    36
09061604    34
09061605    31
09061606    27
09061607    41
09061608    57
09061609    51
09061610    52
09061611    55
09061612    44
09061613    46
09061614    66
09061615    47
09061616    24
09061617    26
09061618    40
09061619    37
09061620    50
09061621    46
09061622    31
09061623    25
09061700    31
09061701    51
09061702    45
09061703    52
09061704    42
09061705    32
09061706    66
09061707    83
09061708   116
09061709   132
09061710    85
09061711    44
09061712    49
09061713    42
09061714    48
09061715    25
09061716    31
09061717    36
09061718    34
09061719    40
09061720    37
09061721    47
09061722    44
09061723    31
09061800    24
09061801    24
09061802    26
09061803    29
09061804    44
09061805    81
09061806   118
09061807    58
09061808    51
09061809    57
09061810    31
09061811    30
09061812    29
09061813    45
09061814    59
09061815    50
09061816    80
09061817    32
09061818    50
09061819    31
09061820    33
09061821    45
09061822    52
09061823    78
09061900    52
09061901    43
09061902    43
09061903    32
09061904    14
09061905     9
09061906    25
09061907    41
09061908    51
09061909    50
09061910    59
09061911    71
09061912    74
09061913    60
09061914    39
09061915    58
09061916    39
09061917    39
09061918    41
09061919    37
09061920    43
09061921    41
09061922    41
09061923    42
09062000    45
09062001    42
09062002    37
09062003    27
09062004    19
09062005    23
09062006    63
09062007   105
09062008    87
09062009    64
09062010    66
09062011    69
09062012    54
09062013    35
09062014    40
09062015   115
09062016   119
09062017    43
09062018    48
09062019    66
09062020    85
09062021    47
09062022    54
09062023    64
09062100    96
09062101   130
09062102   153
09062103   304
09062104   259
09062105   139
09062106   100
09062107    59
09062108   104
09062109    94
09062110    59
09062111    95
09062112   131
09062113   142
09062114   152
09062115   103
09062116    80
09062117    50
09062118    44
09062119    50
09062120    61
09062121    64
09062122    49
09062123    59
09062200    57
09062201    53
09062202    58
09062203    46
09062204    44
09062205    52
09062206    38
09062207    38
09062208    40
09062209    49
09062210    44
09062211    45
09062212    39
09062213    73
09062214    52
09062215    31
09062216    29
09062217    26
09062218    26
09062219    37
09062220    51
09062221    47
09062222    35
09062223    29
09062300    34
09062301    45
09062302    43
09062303    40
09062304    30
09062305    23
09062306    32
09062307    52
09062308    52
09062309    60
09062310    59
09062311    49
09062312    43
09062313    38
09062314    45
09062315    83
09062316    46
09062317    40
09062318    41
09062319    47
09062320    56
09062321    73
09062322    94
09062323   170
09062400   279
09062401   215
09062402   199
09062403   157
09062404   128
09062405   122
09062406   150
09062407    32
09062408    59
09062409    96
09062410    57
09062411    75
09062412    69
09062413    76
09062414    48
09062415    66
09062416   146
09062417   103
09062418    86
09062419   242
09062420   330
09062421   238
09062422   195
09062423   240
09062500   190
09062501   142
09062502   134
09062503    89
09062504    59
09062505    45
09062506    80
09062507    96
09062508    59
09062509    57
09062510    67
09062511    58
09062512    53
09062513   171
09062514   349
09062515   180
09062516   162
09062517   204
09062518   204
09062519   205
09062520   177
09062521   162
09062522   379
09062523   200
09062600    77
09062601   156
09062602   157
09062603    67
09062604    59
09062605    44
09062606    30
09062607    62
09062608    53
09062609    51
09062610    35
09062611    86
09062612    46
09062613    75
09062614    79
09062615    70
09062616    36
09062617    39
09062618    38
09062619    55
09062620    67
09062621    54
09062622    37
09062623    41
09062700    63
09062701    59
09062702    57
09062703    48
09062704    33
09062705    24
09062706    24
09062707    39
09062708   108
09062709    37
09062710    63
09062711    53
09062712    40
09062713    38
09062714    69
09062715   189
09062716   164
09062717    42
09062718    40
09062719    51
09062720    61
09062721    55
09062722    44
09062723    64
09062800    60
09062801    64
09062802    37
09062803    32
09062804    25
09062805    27
09062806    22
09062807    31
09062808    42
09062809    61
09062810    30
09062811    37
09062812    61
09062813    43
09062814    86
09062815   194
09062816   549
09062817   571
09062818   414
09062819   632
09062820   910
09062821   642
09062822   574
09062823   526
09062900   380
09062901   437
09062902   692
09062903   543
09062904   445
09062905   186
09062906    91
09062907    51
09062908    64
09062909    95
09062910   190
09062911   133
09062912   120
09062913   127
09062914   225
09062915   150
09062916   159
09062917   186
09062918    52
09062919    29
09062920    28
09062921    29
09062922    40
09062923    50
09063000    46
09063001    39
09063002    64
09063003    96
09063004   185
09063005   195
09063006   164
09063007   248
09063008   120
09063009   125
09063010   136
09063011    31
09063012    37
09063013    45
09063014    47
09063015    62
09063016   200
09063017   509
09063018   195
09063019   134
09063020    87
09063021    53
09063022    48
09063023    47

Sun Ma 2
