09070100    41
09070101    58
09070102    96
09070103   222
09070104   125
09070105    81
09070106    58
09070107   123
09070108   189
09070109    51
09070110    51
09070111    30
09070112    32
09070113    32
09070114    33
09070115    44
09070116    48
09070117    60
09070118    48
09070119    38
09070120    36
09070121    33
09070122    35
09070123    48
09070200    47
09070201    28
09070202    34
09070203    48
09070204    42
09070205    42
09070206    67
09070207   128
09070208   143
09070209    94
09070210   104
09070211    99
09070212    46
09070213    58
09070214    80
09070215    23
09070216    24
09070217    33
09070218    33
09070219    32
09070220    35
09070221    40
09070222    36
09070223    25
09070300    44
09070301    42
09070302    36
09070303    37
09070304    60
09070305    62
09070306    40
09070307    25
09070308    32
09070309    36
09070310    57
09070311   153
09070312   140
09070313   127
09070314   133
09070315    58
09070316    50
09070317    43
09070318    52
09070319    45
09070320    55
09070321    62
09070322    77
09070323    84
09070400    92
09070401    90
09070402   113
09070403   117
09070404    85
09070405    60
09070406    67
09070407    46
09070408    50
09070409    49
09070410    76
09070411    83
09070412   136
09070413   100
09070414   117
09070415   143
09070416   167
09070417   177
09070418    68
09070419    55
09070420    51
09070421    45
09070422    44
09070423    34
09070500    37
09070501    79
09070502    94
09070503   142
09070504   171
09070505   149
09070506    32
09070507    32
09070508    56
09070509    38
09070510    32
09070511    36
09070512    35
09070513    27
09070514    30
09070515    49
09070516    48
09070517    78
09070518    86
09070519   133
09070520   132
09070521    69
09070522    42
09070523    38
09070600    35
09070601    34
09070602    50
09070603   105
09070604    90
09070605   118
09070606   126
09070607   127
09070608   120
09070609    52
09070610    47
09070611    45
09070612    46
09070613    86
09070614   129
09070615    80
09070616    58
09070617    71
09070618    41
09070619    54
09070620    54
09070621    51
09070622    63
09070623    67
09070700    73
09070701    79
09070702    70
09070703    60
09070704    86
09070705    61
09070706    57
09070707    56
09070708    52
09070709    63
09070710    54
09070711    51
09070712    39
09070713    39
09070714    56
09070715   166
09070716   245
09070717   173
09070718    52
09070719    53
09070720    50
09070721    45
09070722    38
09070723    35
09070800    40
09070801    59
09070802    69
09070803    72
09070804    80
09070805   153
09070806   220
09070807   177
09070808   240
09070809   368
09070810   329
09070811   298
09070812   314
09070813   219
09070814   140
09070815    82
09070816   140
09070817    90
09070818    47
09070819    38
09070820    69
09070821    72
09070822    88
09070823   120
09070900   192
09070901   182
09070902    93
09070903    43
09070904    27
09070905    16
09070906    55
09070907   156
09070908   213
09070909   174
09070910    81
09070911    47
09070912    51
09070913    66
09070914    48
09070915    26
09070916    48
09070917    86
09070918   192
09070919   116
09070920    54
09070921    42
09070922   104
09070923   101
09071000   146
09071001   109
09071002   143
09071003   136
09071004   162
09071005   265
09071006   257
09071007   221
09071008    94
09071009    41
09071010    54
09071011   120
09071012   100
09071013    89
09071014    63
09071015    58
09071016    63
09071017    78
09071018    91
09071019    53
09071020    48
09071021    58
09071022   108
09071023   163
09071100    90
09071101    67
09071102    93
09071103   112
09071104    51
09071105    98
09071106   100
09071107    50
09071108    41
09071109    54
09071110    90
09071111    50
09071112    85
09071113   174
09071114   128
09071115    42
09071116    30
09071117    32
09071118    40
09071119    42
09071120    43
09071121    47
09071122    47
09071123    52
09071200    56
09071201    68
09071202    67
09071203    63
09071204    82
09071205    67
09071206   170
09071207   205
09071208    87
09071209    52
09071210    43
09071211    47
09071212    51
09071213    62
09071214    52
09071215    94
09071216    54
09071217    45
09071218    47
09071219    45
09071220    50
09071221    45
09071222    47
09071223    33
09071300    38
09071301    55
09071302    77
09071303    56
09071304    64
09071305    52
09071306    41
09071307    31
09071308    30
09071309    59
09071310    48
09071311    59
09071312    94
09071313   164
09071314   379
09071315   363
09071316   121
09071317   244
09071318   138
09071319    76
09071320   155
09071321   125
09071322   268
09071323   291
09071400   253
09071401   671
09071402   670
09071403   308
09071404   345
09071405   174
09071406   280
09071407   212
09071408    93
09071409    60
09071410    87
09071411   186
09071412   338
09071413   301
09071414   237
09071415   167
09071416   180
09071417    99
09071418    66
09071419    67
09071420    62
09071421   135
09071422   117
09071423   142
09071500   103
09071501    72
09071502   172
09071503    90
09071504   122
09071505   291
09071506   242
09071507   174
09071508   103
09071509    79
09071510    38
09071511   106
09071512   121
09071513   126
09071514   195
09071515   175
09071516    86
09071517    37
09071518    38
09071519    33
09071520    32
09071521    25
09071522    36
09071523    30
09071600    34
09071601    37
09071602    32
09071603    23
09071604    25
09071605    38
09071606   166
09071607    95
09071608    83
09071609    89
09071610   115
09071611    67
09071612    40
09071613    44
09071614    68
09071615    57
09071616    26
09071617    26
09071618    29
09071619    26
09071620    28
09071621    35
09071622    31
09071623    39
09071700    41
09071701    40
09071702    33
09071703    23
09071704    20
09071705    21
09071706    34
09071707    24
09071708    26
09071709    34
09071710    38
09071711    23
09071712    25
09071713    28
09071714    42
09071715    36
09071716    29
09071717    25
09071718    24
09071719    27
09071720    20
09071721    18
09071722    34
09071723    26
09071800    18
09071801    15
09071802    14
09071803    21
09071804    29
09071805    26
09071806    24
09071807    22
09071808    30
09071809    47
09071810    29
09071811    30
09071812    34
09071813    47
09071814    50
09071815    20
09071816    17
09071817    20
09071818    23
09071819    23
09071820    35
09071821    42
09071822    39
09071823    32
09071900    30
09071901    38
09071902    29
09071903    27
09071904    23
09071905    14
09071906    10
09071907    42
09071908    67
09071909    84
09071910   112
09071911    39
09071912    49
09071913    46
09071914    65
09071915    52
09071916    30
09071917    37
09071918    35
09071919    45
09071920    41
09071921    36
09071922    36
09071923    29
09072000    28
09072001    39
09072002    45
09072003    40
09072004    43
09072005    27
09072006    28
09072007    52
09072008   137
09072009   322
09072010   308
09072011   285
09072012   383
09072013   283
09072014   447
09072015   469
09072016   233
09072017   208
09072018    46
09072019    50
09072020    33
09072021    30
09072022    38
09072023    46
09072100    42
09072101    47
09072102    37
09072103    30
09072104    19
09072105    26
09072106    25
09072107   118
09072108    80
09072109    51
09072110    52
09072111   122
09072112   108
09072113    76
09072114   106
09072115   144
09072116   168
09072117   241
09072118   173
09072119    98
09072120    87
09072121    74
09072122    82
09072123   130
09072200   202
09072201   384
09072202   517
09072203  1051
09072204  1058
09072205   872
09072206   480
09072207   173
09072208   596
09072209   622
09072210   152
09072211   155
09072212   151
09072213   166
09072214   196
09072215   217
09072216   227
09072217   312
09072218   377
09072219   280
09072220   134
09072221   113
09072222   122
09072223   111
09072300    77
09072301    40
09072302    48
09072303    48
09072304   112
09072305   136
09072306   381
09072307   263
09072308   122
09072309    43
09072310    57
09072311    57
09072312   131
09072313   196
09072314   196
09072315   263
09072316   260
09072317   106
09072318    91
09072319   121
09072320   145
09072321   110
09072322   105
09072323    89
09072400    70
09072401   164
09072402    97
09072403    38
09072404    20
09072405    86
09072406    47
09072407   165
09072408   149
09072409   214
09072410   142
09072411   105
09072412    94
09072413    66
09072414   161
09072415   308
09072416   296
09072417   193
09072418    48
09072419    40
09072420    53
09072421    60
09072422    65
09072423    85
09072500    98
09072501   128
09072502   350
09072503   307
09072504   177
09072505   118
09072506    34
09072507    20
09072508    22
09072509    30
09072510    39
09072511    75
09072512   185
09072513   165
09072514   125
09072515   103
09072516   112
09072517    81
09072518    42
09072519    47
09072520    43
09072521    57
09072522    52
09072523    44
09072600    48
09072601    36
09072602    36
09072603    41
09072604    26
09072605    25
09072606    24
09072607    53
09072608    64
09072609    35
09072610    38
09072611    37
09072612    44
09072613    59
09072614   114
09072615    60
09072616    73
09072617    34
09072618    29
09072619    31
09072620    42
09072621    37
09072622    32
09072623    36
09072700    40
09072701    48
09072702    35
09072703    43
09072704    29
09072705    41
09072706    51
09072707    22
09072708    36
09072709    56
09072710    73
09072711    61
09072712    48
09072713    61
09072714   123
09072715   143
09072716    81
09072717    36
09072718    66
09072719   102
09072720   113
09072721    88
09072722    53
09072723    37
09072800    46
09072801    75
09072802   116
09072803   150
09072804   108
09072805   177
09072806   121
09072807   121
09072808   132
09072809   183
09072810   148
09072811   103
09072812    53
09072813    51
09072814    84
09072815    88
09072816    49
09072817    42
09072818    28
09072819    39
09072820    38
09072821    37
09072822    39
09072823    40
09072900    35
09072901    53
09072902    76
09072903   104
09072904    89
09072905    57
09072906    24
09072907    17
09072908    44
09072909    48
09072910    92
09072911    46
09072912    60
09072913    59
09072914    42
09072915    33
09072916    45
09072917    31
09072918    32
09072919    29
09072920    39
09072921    40
09072922    34
09072923    36
09073000    41
09073001    37
09073002    40
09073003    35
09073004    19
09073005    10
09073006    10
09073007    17
09073008    22
09073009    33
09073010    48
09073011    45
09073012    41
09073013    38
09073014    36
09073015    37
09073016   109
09073017   168
09073018   140
09073019    46
09073020    42
09073021    45
09073022    43
09073023    31
09073100    30
09073101    29
09073102    33
09073103    31
09073104    28
09073105    35
09073106   170
09073107   254
09073108   335
09073109   130
09073110    56
09073111    43
09073112    66
09073113   206
09073114   258
09073115   194
09073116    94
09073117    33
09073118    33
09073119    46
09073120    77
09073121    92
09073122    89
09073123    66

Sun Ma 2
