09080100    44
09080101    49
09080102    54
09080103    56
09080104    43
09080105    42
09080106    71
09080107    45
09080108    45
09080109    46
09080110    50
09080111    70
09080112   141
09080113    45
09080114    50
09080115    70
09080116   204
09080117   107
09080118    35
09080119    41
09080120    54
09080121    49
09080122    47
09080123    46
09080200    41
09080201    44
09080202    50
09080203    39
09080204    53
09080205    73
09080206    27
09080207    38
09080208    58
09080209    54
09080210    33
09080211    32
09080212    34
09080213    27
09080214    29
09080215    29
09080216    32
09080217    33
09080218    38
09080219    36
09080220    35
09080221    63
09080222   122
09080223   191
09080300   226
09080301   326
09080302   374
09080303   266
09080304   139
09080305   363
09080306   387
09080307   247
09080308   161
09080309   251
09080310    57
09080311    47
09080312    49
09080313    29
09080314    29
09080315    51
09080316    41
09080317    48
09080318    72
09080319    94
09080320   108
09080321    38
09080322    28
09080323    16
09080400    26
09080401    42
09080402    38
09080403    21
09080404    33
09080405    44
09080406   182
09080407   165
09080408   144
09080409    89
09080410    43
09080411    43
09080412   139
09080413    61
09080414   101
09080415   151
09080416    49
09080417    40
09080418    67
09080419    90
09080420    47
09080421    31
09080422    25
09080423    53
09080500   113
09080501   104
09080502    51
09080503    65
09080504   123
09080505   304
09080506   293
09080507   270
09080508   344
09080509   317
09080510   176
09080511   207
09080512   114
09080513    53
09080514    37
09080515    32
09080516    26
09080517    23
09080518    29
09080519    37
09080520    36
09080521    28
09080522    27
09080523    27
09080600    34
09080601    41
09080602    67
09080603    99
09080604   203
09080605   285
09080606   433
09080607   546
09080608   151
09080609    84
09080610    77
09080611   105
09080612    56
09080613    51
09080614   154
09080615   167
09080616   160
09080617   215
09080618    80
09080619   143
09080620   121
09080621    61
09080622    55
09080623    92
09080700    62
09080701    49
09080702    58
09080703   135
09080704    47
09080705    17
09080706    80
09080707    83
09080708    62
09080709    76
09080710    74
09080711   159
09080712    45
09080713    30
09080714    30
09080715    58
09080716   141
09080717   145
09080718   157
09080719   177
09080720   242
09080721   311
09080722   345
09080723   177
09080800    84
09080801    52
09080802    63
09080803    85
09080804    37
09080805    39
09080806    38
09080807    19
09080808    29
09080809    33
09080810    36
09080811    38
09080812    38
09080813    34
09080814    32
09080815    62
09080816    47
09080817    34
09080818    38
09080819    49
09080820    42
09080821    32
09080822    31
09080823    28
09080900    27
09080901    42
09080902    61
09080903   129
09080904   279
09080905   292
09080906   371
09080907   332
09080908   222
09080909   257
09080910   326
09080911   378
09080912   124
09080913    39
09080914    32
09080915    22
09080916    27
09080917    27
09080918    43
09080919    57
09080920    68
09080921    84
09080922    30
09080923    93
09081000   236
09081001    55
09081002    28
09081003    28
09081004    12
09081005    19
09081006    24
09081007    30
09081008    63
09081009    44
09081010    39
09081011    42
09081012    41
09081013    59
09081014    33
09081015    30
09081016    28
09081017    50
09081018    38
09081019    47
09081020    44
09081021    39
09081022    35
09081023    26
09081100    31
09081101    42
09081102    40
09081103    37
09081104    53
09081105    42
09081106    58
09081107    48
09081108    43
09081109    84
09081110    42
09081111    40
09081112    40
09081113    28
09081114    28
09081115    41
09081116   184
09081117   217
09081118   124
09081119    46
09081120    52
09081121    74
09081122    56
09081123    46
09081200    31
09081201    32
09081202    40
09081203    38
09081204    55
09081205    75
09081206    81
09081207   122
09081208   164
09081209   120
09081210   128
09081211   134
09081212   269
09081213   245
09081214    58
09081215    41
09081216    31
09081217    66
09081218    34
09081219    28
09081220    75
09081221    82
09081222   146
09081223   211
09081300   147
09081301   105
09081302    57
09081303    34
09081304    38
09081305   128
09081306   244
09081307   221
09081308   165
09081309    90
09081310    92
09081311   207
09081312   143
09081313   118
09081314    75
09081315    55
09081316    35
09081317    30
09081318    29
09081319    43
09081320    55
09081321    39
09081322    38
09081323    43
09081400    48
09081401    56
09081402    56
09081403   130
09081404   118
09081405   116
09081406   177
09081407   145
09081408   146
09081409    97
09081410    57
09081411    47
09081412    55
09081413    38
09081414    23
09081415    25
09081416    19
09081417    22
09081418    22
09081419    33
09081420    31
09081421    38
09081422    38
09081423    40
09081500    42
09081501    32
09081502    30
09081503    35
09081504    26
09081505    52
09081506    77
09081507   103
09081508   201
09081509    95
09081510    46
09081511    38
09081512    24
09081513    25
09081514    36
09081515    77
09081516    29
09081517    25
09081518    33
09081519    26
09081520    35
09081521    33
09081522    28
09081523    28
09081600    31
09081601    35
09081602    34
09081603    24
09081604    18
09081605    36
09081606    23
09081607    31
09081608    42
09081609    49
09081610    43
09081611    46
09081612    37
09081613    77
09081614    34
09081615    28
09081616    25
09081617    37
09081618    41
09081619    53
09081620    54
09081621    44
09081622    26
09081623    26
09081700    26
09081701    34
09081702    28
09081703    23
09081704    15
09081705    13
09081706    18
09081707    23
09081708    32
09081709    42
09081710    42
09081711    45
09081712    43
09081713    40
09081714    50
09081715    42
09081716    36
09081717    43
09081718    52
09081719    57
09081720    49
09081721    45
09081722    29
09081723    40
09081800    40
09081801    34
09081802    25
09081803    45
09081804    41
09081805    68
09081806    29
09081807    26
09081808    49
09081809    59
09081810    44
09081811    42
09081812    37
09081813    34
09081814    23
09081815    38
09081816    29
09081817    29
09081818    38
09081819    37
09081820    60
09081821    45
09081822    44
09081823    38
09081900    37
09081901    47
09081902    32
09081903    27
09081904    29
09081905    32
09081906    54
09081907    44
09081908    44
09081909    47
09081910    85
09081911   347
09081912   545
09081913   513
09081914   511
09081915   599
09081916   413
09081917   196
09081918   290
09081919   303
09081920   188
09081921    98
09081922    87
09081923   337
09082000   342
09082001    37
09082002   216
09082003   541
09082004   103
09082005    31
09082006    45
09082007   148
09082008   213
09082009   105
09082010   130
09082011   135
09082012    52
09082013   151
09082014   100
09082015    59
09082016    34
09082017    40
09082018    54
09082019    66
09082020    68
09082021    83
09082022   156
09082023    32
09082100    26
09082101    54
09082102    78
09082103    32
09082104    32
09082105    21
09082106    32
09082107    93
09082108   418
09082109   120
09082110    60
09082111    45
09082112    50
09082113    81
09082114   294
09082115   240
09082116   134
09082117    80
09082118    48
09082119    60
09082120    57
09082121    61
09082122   174
09082123   125
09082200    49
09082201    42
09082202    21
09082203    60
09082204   270
09082205   295
09082206    88
09082207    32
09082208    32
09082209    40
09082210    51
09082211   146
09082212   127
09082213    58
09082214   101
09082215    63
09082216    45
09082217    45
09082218    76
09082219    82
09082220    46
09082221    30
09082222    36
09082223    47
09082300    50
09082301    62
09082302    71
09082303    73
09082304   107
09082305   372
09082306   241
09082307   157
09082308    48
09082309    39
09082310    35
09082311    40
09082312    44
09082313    58
09082314   100
09082315    73
09082316    57
09082317    70
09082318    72
09082319    48
09082320    52
09082321    51
09082322    44
09082323    44
09082400    41
09082401    41
09082402    37
09082403    35
09082404    24
09082405    36
09082406    25
09082407    34
09082408    39
09082409    38
09082410    39
09082411    43
09082412    55
09082413    77
09082414    35
09082415    39
09082416    26
09082417    39
09082418    38
09082419    43
09082420    42
09082421    42
09082422    34
09082423    24
09082500    27
09082501    29
09082502    23
09082503    23
09082504    20
09082505    25
09082506    19
09082507    26
09082508    32
09082509    46
09082510    40
09082511    40
09082512    44
09082513    70
09082514    77
09082515   113
09082516    99
09082517    27
09082518    31
09082519    32
09082520    41
09082521    56
09082522    49
09082523    61
09082600    66
09082601   152
09082602   109
09082603   117
09082604   180
09082605   144
09082606   269
09082607   297
09082608   229
09082609   125
09082610    57
09082611    43
09082612    35
09082613    30
09082614    22
09082615    26
09082616    35
09082617    29
09082618    38
09082619    42
09082620    46
09082621    40
09082622    22
09082623    28
09082700    47
09082701    54
09082702    40
09082703    35
09082704    58
09082705    39
09082706    30
09082707    24
09082708    36
09082709    44
09082710    48
09082711    55
09082712    63
09082713   136
09082714   212
09082715   246
09082716   246
09082717   425
09082718   373
09082719   304
09082720   276
09082721   106
09082722    43
09082723    23
09082800    36
09082801    46
09082802    74
09082803    77
09082804    81
09082805    59
09082806    22
09082807    21
09082808    23
09082809    30
09082810    35
09082811    23
09082812    25
09082813    23
09082814    44
09082815    83
09082816   103
09082817    34
09082818    45
09082819    44
09082820    50
09082821    39
09082822    31
09082823    26
09082900    17
09082901    26
09082902    28
09082903    25
09082904    26
09082905    49
09082906   132
09082907   182
09082908    91
09082909    63
09082910    43
09082911    36
09082912    32
09082913    32
09082914    34
09082915    29
09082916    30
09082917    21
09082918    26
09082919    38
09082920    42
09082921    43
09082922    31
09082923    22
09083000    21
09083001    34
09083002    36
09083003    45
09083004    30
09083005   114
09083006   393
09083007   477
09083008   515
09083009   313
09083010    90
09083011    44
09083012    39
09083013    74
09083014   127
09083015   560
09083016   915
09083017   434
09083018   115
09083019   474
09083020   546
09083021   203
09083022   303
09083023   166
09083100    93
09083101   220
09083102   202
09083103    89
09083104    54
09083105   151
09083106    54
09083107    31
09083108    52
09083109    36
09083110    69
09083111    91
09083112   142
09083113    67
09083114   135
09083115   156
09083116   174
09083117   131
09083118    92
09083119    47
09083120    50
09083121    35
09083122    20
09083123    23

Sun Ma 2
