09100100    39
09100101    59
09100102    93
09100103    90
09100104   102
09100105    79
09100106    39
09100107    58
09100108    61
09100109    49
09100110    74
09100111    30
09100112    27
09100113    23
09100114    39
09100115    28
09100116    26
09100117    27
09100118    23
09100119    24
09100120    17
09100121    21
09100122    18
09100123    14
09100200    15
09100201    20
09100202    26
09100203    21
09100204    28
09100205    15
09100206    15
09100207    20
09100208    25
09100209    36
09100210    59
09100211    72
09100212    74
09100213    48
09100214    38
09100215    27
09100216    30
09100217    29
09100218    25
09100219    21
09100220    14
09100221    13
09100222    13
09100223    12
09100300    14
09100301    14
09100302    16
09100303    19
09100304    16
09100305    11
09100306     7
09100307    12
09100308    18
09100309    22
09100310    25
09100311    27
09100312    31
09100313    30
09100314    28
09100315    22
09100316    22
09100317    22
09100318    29
09100319    33
09100320    20
09100321    12
09100322    11
09100323    11
09100400     9
09100401    12
09100402    11
09100403    11
09100404    27
09100405    40
09100406   165
09100407   100
09100408    75
09100409    45
09100410    45
09100411    41
09100412    31
09100413    37
09100414    33
09100415    30
09100416    28
09100417    28
09100418    26
09100419    30
09100420    24
09100421    18
09100422    16
09100423    12
09100500    10
09100501    12
09100502    17
09100503    25
09100504    19
09100505    12
09100506    21
09100507    25
09100508    26
09100509    34
09100510    31
09100511    55
09100512    35
09100513    31
09100514    29
09100515    34
09100516    34
09100517    31
09100518    24
09100519    24
09100520    22
09100521    23
09100522    17
09100523    10
09100600     6
09100601     9
09100602    13
09100603    19
09100604    33
09100605    38
09100606    35
09100607    29
09100608    92
09100609    48
09100610    34
09100611    33
09100612    36
09100613    31
09100614    27
09100615    26
09100616    28
09100617    28
09100618    22
09100619    22
09100620    21
09100621    17
09100622    13
09100623     9
09100700    10
09100701    12
09100702    15
09100703    19
09100704    17
09100705    13
09100706     8
09100707    13
09100708    42
09100709    51
09100710    41
09100711    52
09100712    37
09100713    39
09100714    37
09100715    35
09100716    36
09100717    34
09100718    48
09100719    37
09100720     9
09100721    12
09100722    13
09100723    11
09100800    11
09100801    11
09100802    13
09100803    23
09100804    36
09100805    71
09100806    44
09100807    16
09100808    26
09100809    43
09100810    36
09100811    29
09100812    33
09100813    36
09100814    31
09100815    29
09100816    29
09100817    30
09100818    26
09100819    21
09100820    21
09100821    40
09100822    21
09100823    13
09100900    13
09100901    14
09100902    25
09100903    30
09100904    39
09100905    52
09100906    41
09100907    36
09100908   144
09100909   134
09100910    53
09100911    38
09100912    47
09100913    96
09100914   126
09100915   104
09100916   105
09100917    53
09100918    46
09100919    34
09100920    25
09100921    16
09100922    14
09100923    13
09101000    19
09101001    12
09101002    18
09101003    22
09101004    25
09101005    40
09101006    23
09101007    55
09101008    80
09101009    51
09101010    54
09101011   116
09101012   112
09101013    54
09101014    44
09101015    52
09101016    40
09101017    23
09101018    11
09101019    11
09101020    15
09101021    11
09101022    10
09101023    11
09101100    21
09101101    19
09101102    19
09101103    18
09101104    19
09101105    39
09101106   130
09101107   333
09101108   187
09101109   103
09101110    75
09101111    54
09101112    44
09101113    30
09101114    25
09101115    37
09101116    30
09101117    42
09101118    40
09101119    35
09101120    27
09101121    33
09101122    25
09101123    23
09101200    20
09101201    18
09101202    18
09101203    25
09101204    33
09101205    28
09101206    50
09101207    82
09101208    44
09101209    50
09101210    29
09101211    22
09101212    23
09101213    27
09101214    21
09101215    16
09101216    17
09101217    17
09101218    33
09101219    28
09101220    17
09101221    19
09101222    16
09101223    11
09101300    14
09101301    14
09101302    11
09101303    17
09101304    18
09101305    16
09101306    22
09101307    67
09101308   102
09101309   120
09101310   120
09101311    34
09101312    67
09101313    34
09101314    27
09101315    16
09101316    25
09101317   107
09101318    76
09101319    32
09101320    32
09101321    27
09101322    22
09101323    13
09101400    12
09101401    11
09101402    19
09101403    22
09101404    24
09101405    17
09101406    15
09101407    17
09101408    24
09101409    27
09101410    33
09101411    32
09101412    26
09101413    35
09101414    18
09101415    12
09101416    10
09101417    10
09101418    16
09101419    18
09101420    13
09101421     8
09101422     9
09101423     8
09101500     6
09101501     7
09101502    10
09101503    15
09101504    16
09101505    19
09101506    45
09101507   177
09101508    80
09101509    50
09101510    44
09101511    61
09101512    32
09101513    30
09101514    24
09101515    24
09101516    54
09101517   282
09101518   328
09101519   107
09101520    43
09101521    39
09101522    17
09101523    13
09101600    35
09101601    91
09101602    72
09101603    37
09101604    65
09101605    73
09101606    70
09101607    45
09101608    43
09101609    42
09101610    29
09101611    21
09101612    26
09101613    19
09101614    17
09101615    20
09101616    22
09101617    44
09101618    22
09101619    15
09101620    14
09101621    15
09101622    13
09101623    10
09101700     6
09101701     6
09101702    12
09101703    15
09101704    14
09101705    10
09101706     9
09101707    16
09101708    28
09101709    51
09101710    28
09101711    50
09101712    32
09101713    22
09101714    19
09101715    17
09101716    16
09101717    13
09101718    10
09101719    11
09101720    14
09101721    14
09101722    10
09101723     6
09101800     8
09101801    11
09101802    14
09101803    15
09101804    17
09101805    20
09101806    24
09101807    47
09101808   102
09101809   116
09101810    42
09101811    34
09101812    27
09101813    59
09101814    58
09101815    57
09101816    26
09101817    15
09101818    17
09101819    19
09101820    16
09101821    14
09101822    12
09101823     8
09101900     8
09101901    11
09101902    11
09101903     8
09101904     7
09101905     5
09101906     7
09101907    12
09101908    21
09101909    23
09101910    24
09101911    24
09101912    21
09101913    19
09101914    88
09101915   157
09101916    42
09101917    17
09101918    24
09101919    15
09101920    11
09101921    13
09101922     9
09101923    11
09102000    15
09102001    20
09102002    13
09102003    15
09102004    12
09102005     8
09102006     5
09102007     9
09102008    17
09102009    19
09102010    18
09102011    21
09102012    23
09102013    23
09102014    20
09102015    23
09102016    23
09102017    23
09102018    16
09102019    13
09102020    16
09102021    19
09102022    14
09102023    11
09102100    13
09102101    15
09102102    15
09102103    15
09102104    13
09102105    13
09102106    16
09102107    15
09102108    18
09102109    25
09102110    23
09102111    19
09102112    26
09102113    27
09102114    23
09102115    23
09102116    21
09102117    16
09102118    14
09102119    13
09102120    13
09102121    16
09102122    14
09102123    13
09102200    27
09102201   168
09102202   210
09102203   203
09102204   175
09102205   274
09102206   353
09102207   280
09102208   228
09102209   434
09102210   672
09102211   598
09102212   242
09102213    69
09102214    33
09102215    30
09102216    20
09102217    25
09102218   104
09102219   330
09102220   439
09102221   522
09102222   615
09102223   481
09102300   430
09102301   408
09102302   343
09102303   193
09102304   137
09102305    82
09102306    29
09102307    43
09102308   133
09102309   515
09102310   510
09102311   120
09102312    46
09102313    21
09102314    80
09102315   126
09102316    82
09102317    49
09102318    24
09102319    27
09102320    27
09102321    28
09102322    24
09102323    20
09102400    22
09102401    21
09102402    18
09102403    22
09102404    25
09102405    34
09102406    36
09102407    59
09102408    61
09102409    65
09102410    56
09102411   100
09102412    33
09102413    56
09102414   132
09102415   155
09102416    57
09102417    49
09102418    67
09102419   230
09102420   436
09102421   257
09102422   197
09102423   273
09102500   531
09102501   292
09102502    90
09102503    73
09102504   102
09102505   105
09102506    87
09102507   127
09102508   130
09102509    87
09102510   176
09102511   281
09102512   247
09102513   212
09102514   211
09102515   163
09102516   115
09102517    26
09102518    26
09102519    20
09102520    16
09102521    19
09102522    26
09102523    13
09102600    10
09102601    18
09102602    23
09102603    27
09102604    19
09102605    17
09102606    32
09102607    98
09102608   218
09102609   245
09102610    92
09102611    34
09102612    38
09102613    35
09102614    41
09102615    59
09102616    41
09102617    52
09102618    50
09102619    59
09102620    50
09102621    48
09102622    48
09102623    37
09102700    32
09102701    38
09102702    30
09102703    28
09102704    34
09102705    27
09102706   115
09102707   179
09102708   113
09102709    65
09102710    38
09102711    46
09102712    66
09102713   223
09102714    79
09102715    18
09102716    16
09102717    18
09102718    27
09102719    22
09102720    20
09102721    14
09102722    15
09102723    10
09102800    18
09102801    13
09102802    21
09102803    20
09102804    21
09102805    34
09102806    87
09102807   166
09102808   169
09102809   180
09102810   199
09102811   196
09102812   110
09102813    95
09102814    93
09102815    95
09102816    51
09102817    32
09102818    19
09102819    23
09102820    20
09102821    19
09102822    13
09102823    11
09102900     9
09102901    21
09102902    49
09102903    41
09102904    21
09102905    16
09102906    13
09102907     9
09102908    18
09102909    24
09102910    25
09102911    23
09102912    22
09102913    21
09102914    22
09102915    15
09102916    16
09102917    21
09102918    32
09102919    41
09102920    42
09102921    56
09102922    85
09102923   197
09103000   259
09103001   333
09103002   283
09103003   285
09103004   459
09103005   285
09103006   284
09103007   495
09103008   381
09103009   345
09103010   261
09103011    63
09103012    64
09103013    59
09103014    39
09103015    28
09103016    52
09103017    43
09103018    62
09103019    27
09103020    16
09103021    15
09103022    16
09103023    15
09103100    15
09103101    12
09103102    15
09103103    22
09103104    20
09103105    34
09103106    29
09103107    25
09103108    38
09103109    29
09103110    40
09103111    55
09103112   110
09103113    78
09103114    41
09103115    56
09103116    23
09103117    22
09103118    35
09103119    26
09103120    25
09103121    35
09103122    25
09103123    31

Sun Ma 2
