09020100    21
09020101    17
09020102    19
09020103    32
09020104    92
09020105    68
09020106    59
09020107    27
09020108    27
09020109    43
09020110   148
09020111    66
09020112    41
09020113    12
09020114    14
09020115    15
09020116    16
09020117    14
09020118    11
09020119     6
09020120     8
09020121     8
09020122     9
09020123     7
09020200     6
09020201     5
09020202    11
09020203    13
09020204    12
09020205    10
09020206     9
09020207     9
09020208    12
09020209    19
09020210    16
09020211    19
09020212    14
09020213    10
09020214     9
09020215    12
09020216    12
09020217    11
09020218    13
09020219    12
09020220     9
09020221     6
09020222     8
09020223     6
09020300     7
09020301     6
09020302     5
09020303     5
09020304     7
09020305     8
09020306    10
09020307     9
09020308     8
09020309    10
09020310    20
09020311    12
09020312    13
09020313    20
09020314    19
09020315    19
09020316    17
09020317    17
09020318    22
09020319    23
09020320    50
09020321   133
09020322   288
09020323   443
09020400   387
09020401    88
09020402    39
09020403    51
09020404    35
09020405    56
09020406   175
09020407   209
09020408    75
09020409    71
09020410   363
09020411   618
09020412   492
09020413   703
09020414   697
09020415   874
09020416  1033
09020417   806
09020418   554
09020419   182
09020420    65
09020421   122
09020422   129
09020423   186
09020500   230
09020501   354
09020502    79
09020503    73
09020504    25
09020505    44
09020506    63
09020507    51
09020508    66
09020509    50
09020510   127
09020511    90
09020512    30
09020513    17
09020514    26
09020515    33
09020516    42
09020517    83
09020518    36
09020519    25
09020520    25
09020521    43
09020522    84
09020523    57
09020600    86
09020601   113
09020602    45
09020603    66
09020604    49
09020605    37
09020606    21
09020607     7
09020608     9
09020609    22
09020610    12
09020611     5
09020612     5
09020613     6
09020614    15
09020615    10
09020616     9
09020617     8
09020618    10
09020619    16
09020620    11
09020621    15
09020622    19
09020623    16
09020700    10
09020701     9
09020702    14
09020703    23
09020704    92
09020705    78
09020706    84
09020707    73
09020708    65
09020709    45
09020710    14
09020711    11
09020712    16
09020713    44
09020714   170
09020715   109
09020716   103
09020717    23
09020718    13
09020719    13
09020720    13
09020721    15
09020722    15
09020723    19
09020800    14
09020801    13
09020802    16
09020803    14
09020804    11
09020805    13
09020806    20
09020807    19
09020808    41
09020809    31
09020810    40
09020811    22
09020812    13
09020813     5
09020814     8
09020815    30
09020816    18
09020817    14
09020818    12
09020819    11
09020820     9
09020821    10
09020822    13
09020823    16
09020900    41
09020901    19
09020902    16
09020903    16
09020904    14
09020905    27
09020906    13
09020907    20
09020908    25
09020909    13
09020910    10
09020911     9
09020912    10
09020913    32
09020914    25
09020915    61
09020916    50
09020917    25
09020918    19
09020919    16
09020920    15
09020921    13
09020922    27
09020923    12
09021000    15
09021001    10
09021002    13
09021003    15
09021004    19
09021005    21
09021006    14
09021007    12
09021008    24
09021009    66
09021010    37
09021011    24
09021012    34
09021013    14
09021014     9
09021015    15
09021016    15
09021017     9
09021018    17
09021019    21
09021020    24
09021021    21
09021022    21
09021023    18
09021100    17
09021101    18
09021102    40
09021103     8
09021104    13
09021105    16
09021106    14
09021107    30
09021108    72
09021109    36
09021110    35
09021111    14
09021112    10
09021113    15
09021114    16
09021115    17
09021116    23
09021117    60
09021118    68
09021119    59
09021120    33
09021121    11
09021122    15
09021123    21
09021200    10
09021201    10
09021202    13
09021203    12
09021204    13
09021205    19
09021206    14
09021207     8
09021208     9
09021209    12
09021210    50
09021211   136
09021212   215
09021213   190
09021214    78
09021215   148
09021216   172
09021217   111
09021218    52
09021219    25
09021220    22
09021221    23
09021222    17
09021223    15
09021300    14
09021301    12
09021302     9
09021303     6
09021304     5
09021305     6
09021306     8
09021307    15
09021308    23
09021309    22
09021310    17
09021311    13
09021312    11
09021313    14
09021314    18
09021315    70
09021316    54
09021317    93
09021318   107
09021319    75
09021320    48
09021321    25
09021322    25
09021323    25
09021400    17
09021401    29
09021402    16
09021403    30
09021404    60
09021405   101
09021406   164
09021407   426
09021408   441
09021409   689
09021410   422
09021411   137
09021412   633
09021413   514
09021414   348
09021415   223
09021416   356
09021417   119
09021418    43
09021419    38
09021420    46
09021421    69
09021422   294
09021423   285
09021500   122
09021501   277
09021502   212
09021503   327
09021504   290
09021505   132
09021506   129
09021507   179
09021508   195
09021509   135
09021510    73
09021511   267
09021512   484
09021513   284
09021514   138
09021515   263
09021516   249
09021517    56
09021518    70
09021519    67
09021520   132
09021521   126
09021522    62
09021523    23
09021600    41
09021601    82
09021602    30
09021603    16
09021604    21
09021605    22
09021606    34
09021607    18
09021608    11
09021609    15
09021610    68
09021611    62
09021612    35
09021613    42
09021614    65
09021615    92
09021616   157
09021617   169
09021618    86
09021619    38
09021620    49
09021621    37
09021622    19
09021623    16
09021700    14
09021701    18
09021702    13
09021703    19
09021704    17
09021705    17
09021706    24
09021707    52
09021708    27
09021709    23
09021710    27
09021711    17
09021712    24
09021713    18
09021714    12
09021715    14
09021716    20
09021717    29
09021718    19
09021719    16
09021720    22
09021721    16
09021722    16
09021723    18
09021800    53
09021801    41
09021802    26
09021803    28
09021804    22
09021805    18
09021806     8
09021807    11
09021808     8
09021809    30
09021810    38
09021811    57
09021812    37
09021813    70
09021814    80
09021815    56
09021816    78
09021817    63
09021818    49
09021819    56
09021820    97
09021821    30
09021822    24
09021823    18
09021900     7
09021901     9
09021902     9
09021903     9
09021904     4
09021905     3
09021906     4
09021907     7
09021908    10
09021909    15
09021910    23
09021911    11
09021912    13
09021913    12
09021914    52
09021915   120
09021916   147
09021917    31
09021918    15
09021919    14
09021920    10
09021921    14
09021922    11
09021923    11
09022000    11
09022001    13
09022002     8
09022003    37
09022004    75
09022005    85
09022006   112
09022007   112
09022008    57
09022009    32
09022010    51
09022011    37
09022012    22
09022013    17
09022014    48
09022015    25
09022016    65
09022017    33
09022018    78
09022019    63
09022020   121
09022021    51
09022022    26
09022023    58
09022100    19
09022101    13
09022102    16
09022103    22
09022104    24
09022105    21
09022106    28
09022107    30
09022108    13
09022109    31
09022110   170
09022111   176
09022112   121
09022113    34
09022114    17
09022115    43
09022116    26
09022117     9
09022118    20
09022119    16
09022120    13
09022121    16
09022122    12
09022123    10
09022200     8
09022201     6
09022202     6
09022203    13
09022204     8
09022205    11
09022206    22
09022207    57
09022208   150
09022209   129
09022210   223
09022211   111
09022212    41
09022213   180
09022214    28
09022215    16
09022216    13
09022217    12
09022218    13
09022219    15
09022220    23
09022221    20
09022222    12
09022223    10
09022300     7
09022301    10
09022302     9
09022303     8
09022304     7
09022305    10
09022306    14
09022307    20
09022308    48
09022309    98
09022310    91
09022311    49
09022312    45
09022313   210
09022314   330
09022315   216
09022316   481
09022317   465
09022318   276
09022319   175
09022320    53
09022321    41
09022322    94
09022323   231
09022400   207
09022401   112
09022402   165
09022403   403
09022404   261
09022405    54
09022406    58
09022407   149
09022408   268
09022409   178
09022410    61
09022411    46
09022412   147
09022413    83
09022414    85
09022415    95
09022416    28
09022417    37
09022418    15
09022419    16
09022420    16
09022421    13
09022422    15
09022423    19
09022500    67
09022501    90
09022502   104
09022503    75
09022504   139
09022505    85
09022506    65
09022507    23
09022508    51
09022509   174
09022510   186
09022511   107
09022512    29
09022513    16
09022514    12
09022515    13
09022516    15
09022517    53
09022518    59
09022519    25
09022520    22
09022521    16
09022522    13
09022523    14
09022600    11
09022601    10
09022602    19
09022603    36
09022604    23
09022605    21
09022606    28
09022607    47
09022608    50
09022609    16
09022610    13
09022611    16
09022612    19
09022613    15
09022614    28
09022615    30
09022616    34
09022617    16
09022618    28
09022619    21
09022620    24
09022621    21
09022622    22
09022623    20
09022700    20
09022701    44
09022702    56
09022703    58
09022704    24
09022705    28
09022706    25
09022707    61
09022708   253
09022709   510
09022710   319
09022711   242
09022712   558
09022713   219
09022714   113
09022715    98
09022716   113
09022717   166
09022718   208
09022719   237
09022720    92
09022721   100
09022722   124
09022723    49
09022800    25
09022801    34
09022802   134
09022803   102
09022804    32
09022805   113
09022806   227
09022807   127
09022808    60
09022809   115
09022810    39
09022811    13
09022812    27
09022813    28
09022814    18
09022815    15
09022816    25
09022817    37
09022818    27
09022819    29
09022820    27
09022821    21
09022822    19
09022823    17

Sun Ma 2
