09030100    22
09030101    40
09030102    48
09030103    39
09030104    41
09030105    51
09030106    59
09030107    52
09030108    76
09030109    57
09030110    20
09030111    13
09030112    14
09030113    14
09030114    15
09030115    16
09030116    26
09030117    29
09030118    13
09030119    13
09030120    15
09030121    16
09030122    11
09030123     9
09030200    10
09030201     8
09030202    12
09030203    13
09030204    14
09030205    16
09030206    12
09030207    10
09030208     9
09030209    10
09030210    16
09030211    17
09030212    60
09030213    20
09030214    17
09030215    17
09030216    17
09030217    15
09030218    14
09030219    12
09030220    16
09030221    18
09030222    18
09030223    13
09030300    12
09030301    17
09030302    19
09030303    16
09030304    14
09030305    22
09030306    44
09030307    79
09030308    52
09030309    27
09030310    30
09030311    56
09030312    25
09030313    24
09030314    24
09030315   148
09030316   356
09030317   112
09030318    86
09030319   202
09030320    41
09030321    72
09030322   233
09030323    36
09030400    20
09030401    31
09030402    93
09030403   288
09030404   246
09030405   185
09030406   244
09030407   193
09030408   174
09030409   105
09030410   137
09030411   272
09030412   257
09030413    95
09030414    47
09030415   111
09030416   155
09030417   126
09030418    73
09030419    83
09030420   188
09030421   234
09030422   100
09030423   164
09030500    67
09030501    53
09030502    65
09030503   179
09030504   130
09030505    65
09030506    54
09030507    38
09030508    70
09030509    88
09030510    26
09030511    14
09030512    13
09030513     8
09030514     9
09030515    16
09030516    21
09030517    28
09030518    23
09030519    18
09030520    15
09030521    14
09030522    13
09030523    23
09030600    55
09030601    38
09030602    17
09030603    14
09030604    19
09030605    28
09030606    56
09030607    48
09030608    43
09030609    34
09030610    33
09030611    23
09030612    37
09030613    17
09030614    44
09030615    33
09030616    23
09030617    16
09030618    20
09030619    15
09030620    13
09030621    11
09030622    15
09030623     8
09030700    12
09030701     9
09030702     9
09030703    11
09030704    10
09030705     8
09030706     9
09030707    13
09030708    15
09030709    17
09030710    15
09030711    14
09030712    18
09030713    18
09030714    17
09030715    15
09030716    21
09030717    20
09030718    21
09030719    21
09030720     9
09030721    14
09030722    13
09030723    16
09030800    89
09030801   104
09030802   126
09030803    62
09030804    16
09030805    10
09030806    27
09030807    74
09030808   427
09030809   255
09030810   124
09030811   372
09030812   494
09030813    76
09030814    78
09030815   183
09030816   308
09030817   337
09030818    57
09030819    31
09030820    19
09030821    19
09030822    18
09030823    19
09030900    16
09030901    19
09030902    17
09030903    15
09030904    12
09030905     7
09030906    10
09030907    10
09030908    15
09030909    30
09030910    27
09030911    63
09030912    76
09030913    32
09030914    21
09030915    35
09030916    31
09030917    15
09030918    15
09030919    15
09030920    15
09030921    14
09030922    14
09030923    14
09031000    14
09031001    18
09031002    20
09031003    18
09031004    16
09031005     8
09031006     6
09031007     8
09031008    11
09031009    15
09031010    23
09031011    26
09031012    24
09031013    23
09031014   140
09031015   205
09031016   252
09031017   177
09031018    46
09031019    41
09031020    28
09031021    30
09031022    23
09031023    14
09031100    20
09031101    22
09031102    23
09031103    27
09031104    20
09031105    12
09031106    22
09031107    19
09031108    76
09031109    62
09031110    31
09031111    26
09031112    23
09031113    39
09031114   128
09031115   121
09031116    62
09031117    35
09031118    62
09031119   169
09031120    87
09031121   121
09031122   225
09031123   236
09031200    66
09031201    80
09031202   234
09031203   227
09031204    57
09031205    32
09031206    25
09031207    15
09031208    21
09031209    27
09031210    14
09031211    17
09031212    16
09031213    18
09031214    17
09031215    18
09031216    18
09031217    23
09031218    20
09031219    23
09031220    29
09031221    24
09031222    32
09031223   326
09031300   632
09031301   670
09031302   613
09031303   227
09031304   151
09031305   136
09031306   394
09031307   601
09031308   475
09031309   187
09031310    82
09031311   287
09031312   290
09031313   344
09031314   291
09031315   377
09031316   348
09031317   393
09031318   274
09031319   162
09031320   120
09031321   264
09031322   194
09031323    58
09031400    70
09031401   167
09031402   167
09031403    81
09031404    67
09031405   131
09031406   235
09031407   158
09031408   149
09031409   180
09031410   393
09031411   220
09031412    90
09031413    35
09031414    27
09031415    63
09031416   310
09031417   356
09031418   174
09031419    80
09031420    49
09031421    89
09031422   123
09031423   248
09031500   233
09031501   163
09031502   161
09031503   121
09031504   194
09031505   257
09031506   164
09031507    93
09031508   227
09031509   299
09031510   175
09031511    73
09031512    64
09031513    43
09031514    46
09031515    47
09031516    30
09031517    39
09031518    16
09031519    15
09031520    18
09031521    31
09031522    33
09031523   113
09031600   117
09031601    76
09031602    30
09031603    16
09031604    21
09031605    36
09031606    46
09031607    72
09031608   104
09031609    70
09031610   124
09031611   126
09031612    50
09031613    37
09031614    46
09031615    33
09031616    58
09031617    54
09031618    36
09031619    17
09031620    14
09031621    18
09031622    20
09031623    20
09031700    24
09031701    24
09031702    21
09031703    19
09031704    18
09031705    41
09031706   113
09031707    29
09031708    35
09031709    29
09031710    27
09031711    27
09031712    34
09031713    24
09031714    32
09031715    57
09031716    90
09031717    72
09031718    25
09031719    31
09031720    39
09031721    35
09031722    28
09031723    33
09031800    26
09031801    21
09031802    21
09031803    24
09031804    20
09031805    16
09031806    37
09031807    67
09031808    87
09031809    49
09031810    36
09031811    33
09031812    42
09031813   119
09031814    39
09031815    18
09031816    17
09031817    18
09031818    15
09031819    18
09031820    16
09031821    20
09031822    24
09031823    25
09031900    25
09031901    34
09031902    24
09031903    25
09031904    29
09031905    37
09031906    59
09031907   148
09031908    85
09031909    58
09031910    30
09031911    51
09031912   189
09031913   130
09031914    94
09031915    16
09031916    19
09031917    19
09031918    12
09031919    12
09031920    29
09031921    20
09031922    25
09031923    32
09032000    32
09032001    20
09032002    21
09032003    18
09032004    19
09032005    15
09032006    17
09032007    16
09032008    28
09032009    52
09032010    78
09032011    52
09032012    26
09032013    22
09032014    23
09032015    72
09032016   306
09032017   271
09032018   132
09032019    40
09032020    38
09032021    37
09032022    28
09032023    23
09032100    17
09032101    17
09032102    20
09032103    23
09032104    28
09032105    18
09032106    17
09032107    16
09032108    27
09032109    28
09032110   191
09032111   511
09032112   473
09032113   237
09032114   202
09032115    47
09032116    85
09032117    65
09032118    96
09032119   172
09032120   361
09032121   503
09032122   288
09032123    71
09032200    37
09032201    31
09032202   121
09032203   316
09032204   157
09032205    26
09032206    11
09032207     8
09032208    25
09032209    18
09032210    17
09032211    18
09032212    17
09032213    15
09032214    13
09032215    19
09032216    15
09032217    19
09032218    22
09032219    24
09032220    43
09032221    82
09032222    65
09032223    28
09032300    32
09032301   103
09032302    73
09032303    39
09032304    21
09032305    28
09032306    83
09032307    55
09032308    35
09032309    38
09032310    34
09032311    21
09032312    18
09032313    27
09032314    47
09032315    23
09032316    21
09032317    17
09032318    29
09032319    18
09032320    16
09032321    19
09032322    23
09032323    24
09032400    21
09032401    25
09032402    26
09032403   157
09032404   404
09032405   253
09032406   277
09032407   356
09032408   359
09032409   313
09032410   489
09032411   398
09032412   100
09032413    98
09032414   212
09032415   177
09032416    30
09032417    39
09032418    48
09032419    26
09032420    45
09032421    33
09032422   110
09032423   121
09032500   261
09032501   207
09032502   400
09032503   389
09032504   333
09032505   246
09032506   147
09032507    74
09032508   222
09032509   360
09032510   261
09032511   164
09032512    74
09032513    33
09032514    47
09032515    32
09032516    41
09032517    35
09032518    36
09032519    19
09032520    29
09032521    82
09032522    76
09032523    27
09032600    47
09032601    69
09032602    98
09032603   115
09032604   266
09032605   360
09032606   254
09032607   226
09032608    63
09032609    37
09032610    27
09032611    23
09032612    36
09032613    69
09032614   190
09032615   107
09032616    50
09032617    87
09032618    73
09032619    37
09032620    44
09032621    39
09032622    39
09032623    40
09032700    24
09032701    21
09032702    25
09032703    29
09032704    25
09032705    21
09032706    13
09032707     9
09032708    14
09032709    26
09032710    31
09032711    27
09032712    27
09032713    23
09032714   168
09032715   234
09032716   307
09032717   380
09032718   469
09032719   195
09032720    48
09032721    44
09032722    35
09032723    76
09032800    33
09032801    42
09032802    33
09032803    28
09032804    27
09032805    18
09032806    14
09032807    10
09032808    17
09032809    27
09032810    57
09032811   124
09032812    65
09032813    38
09032814    32
09032815    24
09032816    21
09032817    25
09032818    36
09032819    60
09032820   118
09032821    57
09032822    45
09032823    29
09032900    36
09032901    20
09032902    22
09032903    24
09032904    36
09032905    81
09032906    66
09032907    56
09032908    74
09032909   122
09032910    41
09032911    40
09032912    36
09032913    36
09032914    33
09032915    29
09032916    36
09032917    35
09032918    34
09032919    25
09032920    27
09032921    35
09032922    38
09032923    36
09033000    26
09033001    29
09033002    33
09033003    40
09033004    45
09033005    31
09033006    24
09033007    13
09033008    20
09033009    24
09033010    27
09033011    72
09033012    72
09033013    35
09033014    83
09033015    61
09033016    41
09033017    29
09033018    27
09033019    45
09033020    38
09033021    35
09033022    33
09033023    28
09033100    27
09033101    26
09033102    32
09033103    34
09033104    31
09033105    30
09033106    34
09033107    17
09033108    48
09033109    33
09033110    31
09033111    69
09033112   133
09033113   183
09033114    41
09033115    33
09033116    32
09033117    25
09033118    23
09033119    27
09033120    26
09033121    30
09033122    35
09033123    33

Sun Ma 2
