10050100    90
10050101    80
10050102    72
10050103    68
10050104    82
10050105   182
10050106    63
10050107    65
10050108    73
10050109    89
10050110    84
10050111    56
10050112    42
10050113    82
10050114   101
10050115    96
10050116   118
10050117   262
10050118    88
10050119   111
10050120    67
10050121    65
10050122    70
10050123    64
10050200    69
10050201    47
10050202    42
10050203    43
10050204    70
10050205    48
10050206    91
10050207    68
10050208    72
10050209    65
10050210   197
10050211   679
10050212   543
10050213   655
10050214   865
10050215   546
10050216   585
10050217   531
10050218   807
10050219   867
10050220   666
10050221   755
10050222   666
10050223   485
10050300   674
10050301   620
10050302   549
10050303   584
10050304   363
10050305   405
10050306   443
10050307   163
10050308   256
10050309   683
10050310   508
10050311   431
10050312   337
10050313   435
10050314   527
10050315   272
10050316   400
10050317   353
10050318   300
10050319   407
10050320   378
10050321   409
10050322   476
10050323   537
10050400   790
10050401   425
10050402   193
10050403    70
10050404    84
10050405    86
10050406   407
10050407   322
10050408   384
10050409   390
10050410   372
10050411   296
10050412   244
10050413   210
10050414   267
10050415   337
10050416   303
10050417   139
10050418    49
10050419   109
10050420   262
10050421   319
10050422   288
10050423   295
10050500   249
10050501   132
10050502    83
10050503    80
10050504   177
10050505   214
10050506   215
10050507   230
10050508   190
10050509   140
10050510    99
10050511    55
10050512    54
10050513    62
10050514    48
10050515    80
10050516   201
10050517   330
10050518   171
10050519   276
10050520   294
10050521   173
10050522    86
10050523    49
10050600    43
10050601    46
10050602    40
10050603    39
10050604    84
10050605   341
10050606   285
10050607   305
10050608   341
10050609   123
10050610   129
10050611   270
10050612   176
10050613   292
10050614   155
10050615   216
10050616   337
10050617   306
10050618   232
10050619   230
10050620   225
10050621   228
10050622   256
10050623   212
10050700   613
10050701   359
10050702   242
10050703   329
10050704   422
10050705   260
10050706   205
10050707   247
10050708   175
10050709   144
10050710   182
10050711   252
10050712   482
10050713   358
10050714   254
10050715   176
10050716   205
10050717   242
10050718   217
10050719   236
10050720   129
10050721    70
10050722   134
10050723   284
10050800   364
10050801   308
10050802   366
10050803   376
10050804   265
10050805   294
10050806   257
10050807   214
10050808   177
10050809   147
10050810   159
10050811   173
10050812   238
10050813   202
10050814   174
10050815   104
10050816    70
10050817    53
10050818    60
10050819   112
10050820   167
10050821    73
10050822    50
10050823    62
10050900    80
10050901   132
10050902   191
10050903    46
10050904    16
10050905    14
10050906    27
10050907    35
10050908    49
10050909    79
10050910    49
10050911    41
10050912    26
10050913    81
10050914    98
10050915    75
10050916    54
10050917    73
10050918   112
10050919    58
10050920    31
10050921    27
10050922    32
10050923    39
10051000    43
10051001    56
10051002    76
10051003    47
10051004    29
10051005    16
10051006    17
10051007    31
10051008    39
10051009    48
10051010    46
10051011    52
10051012    48
10051013    63
10051014    40
10051015    78
10051016    78
10051017    46
10051018    35
10051019    31
10051020    34
10051021    40
10051022    48
10051023    63
10051100   109
10051101    96
10051102    49
10051103    34
10051104    45
10051105   113
10051106   206
10051107   118
10051108    64
10051109    62
10051110   198
10051111    88
10051112    36
10051113    31
10051114    29
10051115    45
10051116   115
10051117   139
10051118    84
10051119    89
10051120   128
10051121    64
10051122    54
10051123    50
10051200    64
10051201   100
10051202   125
10051203    82
10051204    84
10051205    61
10051206    35
10051207    33
10051208    49
10051209    54
10051210   218
10051211   240
10051212   216
10051213   379
10051214   308
10051215   100
10051216    67
10051217    41
10051218    57
10051219    26
10051220    32
10051221    46
10051222    89
10051223    81
10051300   131
10051301   126
10051302    44
10051303    21
10051304    20
10051305    24
10051306    36
10051307    40
10051308    67
10051309    67
10051310    63
10051311    31
10051312    36
10051313    32
10051314    31
10051315    45
10051316    43
10051317    30
10051318    47
10051319    38
10051320    38
10051321    39
10051322    43
10051323    44
10051400    42
10051401    39
10051402    28
10051403    39
10051404    25
10051405    41
10051406    52
10051407    44
10051408    45
10051409    46
10051410    49
10051411    39
10051412    48
10051413    33
10051414    30
10051415    40
10051416    66
10051417   126
10051418    92
10051419    44
10051420    38
10051421    38
10051422    64
10051423    47
10051500    52
10051501    91
10051502   195
10051503   171
10051504   109
10051505   122
10051506   149
10051507    78
10051508    73
10051509    45
10051510    33
10051511    64
10051512    73
10051513    57
10051514    32
10051515    36
10051516    46
10051517    41
10051518    38
10051519    34
10051520    34
10051521    35
10051522    40
10051523    46
10051600    46
10051601    43
10051602    37
10051603    39
10051604    20
10051605    24
10051606    33
10051607    32
10051608    41
10051609    59
10051610    63
10051611    63
10051612    68
10051613    71
10051614    78
10051615    49
10051616   101
10051617   201
10051618   165
10051619    57
10051620    47
10051621    50
10051622    60
10051623    68
10051700    67
10051701   130
10051702   292
10051703   369
10051704   292
10051705   243
10051706   129
10051707    48
10051708    75
10051709    46
10051710    44
10051711   264
10051712   318
10051713    90
10051714    52
10051715    68
10051716   104
10051717   312
10051718   261
10051719   170
10051720   243
10051721   160
10051722    58
10051723    67
10051800    85
10051801   236
10051802   236
10051803   129
10051804   116
10051805   238
10051806   217
10051807   294
10051808   467
10051809   519
10051810   603
10051811   543
10051812   402
10051813   366
10051814   291
10051815   123
10051816    96
10051817    46
10051818   100
10051819   166
10051820    48
10051821    51
10051822    48
10051823    47
10051900    38
10051901    35
10051902    18
10051903    25
10051904    32
10051905    45
10051906    49
10051907    46
10051908    49
10051909    57
10051910    70
10051911    73
10051912    75
10051913    86
10051914   152
10051915   282
10051916   320
10051917   202
10051918   115
10051919    89
10051920    86
10051921    57
10051922    73
10051923   107
10052000   322
10052001   355
10052002   167
10052003   125
10052004    80
10052005    94
10052006   252
10052007   414
10052008   187
10052009    80
10052010    52
10052011    69
10052012   141
10052013   116
10052014    60
10052015   139
10052016    68
10052017   117
10052018    55
10052019    37
10052020    58
10052021   149
10052022   142
10052023   270
10052100   382
10052101    68
10052102    39
10052103    61
10052104    67
10052105   237
10052106   230
10052107   128
10052108   214
10052109    75
10052110    32
10052111    36
10052112    31
10052113    60
10052114   203
10052115   195
10052116   110
10052117    40
10052118    35
10052119    41
10052120    32
10052121    32
10052122    21
10052123    20
10052200    18
10052201    15
10052202    13
10052203    26
10052204    41
10052205   105
10052206   176
10052207   153
10052208   147
10052209   107
10052210   111
10052211    49
10052212    50
10052213    29
10052214    31
10052215    33
10052216    34
10052217    37
10052218    40
10052219    44
10052220    43
10052221    39
10052222    30
10052223    38
10052300    40
10052301    33
10052302    30
10052303    15
10052304    11
10052305    22
10052306    39
10052307    63
10052308    76
10052309    65
10052310    47
10052311    38
10052312    42
10052313    41
10052314    28
10052315    37
10052316    37
10052317    37
10052318    33
10052319    37
10052320    43
10052321    35
10052322    34
10052323    19
10052400    20
10052401    21
10052402    18
10052403    12
10052404     9
10052405    18
10052406    32
10052407    48
10052408    55
10052409    52
10052410    55
10052411    66
10052412    58
10052413    59
10052414    57
10052415    37
10052416    45
10052417    45
10052418    51
10052419    51
10052420    50
10052421    48
10052422    51
10052423    45
10052500    40
10052501    36
10052502    48
10052503    33
10052504    28
10052505    97
10052506   219
10052507   152
10052508   143
10052509   130
10052510   183
10052511   191
10052512   225
10052513   210
10052514   114
10052515   152
10052516   148
10052517    68
10052518    51
10052519    58
10052520    86
10052521   166
10052522   368
10052523    73
10052600    49
10052601    37
10052602    23
10052603    30
10052604    47
10052605    47
10052606    95
10052607    73
10052608   112
10052609   227
10052610   241
10052611   136
10052612    52
10052613    70
10052614    95
10052615    99
10052616   288
10052617   245
10052618   103
10052619   102
10052620   106
10052621    88
10052622   150
10052623   147
10052700    72
10052701    49
10052702    73
10052703    25
10052704    25
10052705    35
10052706    42
10052707    57
10052708    69
10052709    62
10052710   133
10052711   135
10052712    97
10052713    62
10052714    87
10052715    92
10052716    44
10052717    40
10052718    50
10052719    60
10052720    56
10052721    49
10052722    59
10052723    50
10052800    41
10052801    31
10052802    26
10052803    80
10052804   135
10052805   360
10052806   246
10052807    85
10052808    67
10052809    76
10052810   110
10052811   297
10052812   548
10052813   336
10052814   125
10052815   100
10052816    51
10052817    58
10052818    52
10052819    46
10052820    60
10052821   120
10052822   318
10052823   461
10052900   345
10052901   532
10052902   659
10052903   711
10052904   776
10052905   862
10052906   866
10052907   719
10052908   833
10052909  1016
10052910   983
10052911  1117
10052912  1293
10052913  1171
10052914  1088
10052915   947
10052916   847
10052917   570
10052918   353
10052919   268
10052920   460
10052921   341
10052922   168
10052923   289
10053000   149
10053001   182
10053002   284
10053003   361
10053004   361
10053005   377
10053006   809
10053007   640
10053008   696
10053009   299
10053010   165
10053011   162
10053012   102
10053013   114
10053014    97
10053015   193
10053016   381
10053017   687
10053018   997
10053019   992
10053020   751
10053021   545
10053022   368
10053023   646
10053100   332
10053101   244
10053102   156
10053103   299
10053104   230
10053105   294
10053106   593
10053107   363
10053108   506
10053109   576
10053110   138
10053111   206
10053112   437
10053113   721
10053114   617
10053115   312
10053116   489
10053117   205
10053118   299
10053119   326
10053120   349
10053121   348
10053122   548
10053123   678

Thu De 1
