10100100    17
10100101    22
10100102    23
10100103    34
10100104    72
10100105    44
10100106    19
10100107    21
10100108    17
10100109    22
10100110    26
10100111    31
10100112    44
10100113    37
10100114    43
10100115    30
10100116    33
10100117    50
10100118    28
10100119    20
10100120    21
10100121    19
10100122    17
10100123    19
10100200    16
10100201    17
10100202    14
10100203    11
10100204    10
10100205    14
10100206    19
10100207    22
10100208    27
10100209    31
10100210    27
10100211    21
10100212    22
10100213    26
10100214    27
10100215    25
10100216    22
10100217    21
10100218    20
10100219    21
10100220    23
10100221    26
10100222    23
10100223    15
10100300    14
10100301    14
10100302    17
10100303    19
10100304    19
10100305    11
10100306     6
10100307     7
10100308    30
10100309    76
10100310    42
10100311    31
10100312    25
10100313    23
10100314    21
10100315    31
10100316    27
10100317    47
10100318    20
10100319    14
10100320    21
10100321    24
10100322    20
10100323    18
10100400    14
10100401    11
10100402    11
10100403    14
10100404    18
10100405    23
10100406    34
10100407    44
10100408    42
10100409    40
10100410    26
10100411    27
10100412    25
10100413   111
10100414   111
10100415    57
10100416    21
10100417    22
10100418    27
10100419    24
10100420    36
10100421    22
10100422    47
10100423    50
10100500    39
10100501    34
10100502    57
10100503    43
10100504    55
10100505   159
10100506   159
10100507   271
10100508   429
10100509   153
10100510    84
10100511   261
10100512   251
10100513   194
10100514   158
10100515   202
10100516   194
10100517   137
10100518    88
10100519    68
10100520    44
10100521    35
10100522    21
10100523    45
10100600    30
10100601    33
10100602     9
10100603     8
10100604    15
10100605    18
10100606    36
10100607   221
10100608   231
10100609   212
10100610   272
10100611   130
10100612   163
10100613   462
10100614   269
10100615   166
10100616   290
10100617   454
10100618   354
10100619   182
10100620   138
10100621    50
10100622    40
10100623    45
10100700    45
10100701    42
10100702    44
10100703    36
10100704    94
10100705    87
10100706   136
10100707   118
10100708   156
10100709   205
10100710   163
10100711   156
10100712   239
10100713   303
10100714   130
10100715   102
10100716    94
10100717    43
10100718    40
10100719    36
10100720    28
10100721    31
10100722    45
10100723   107
10100800   218
10100801   271
10100802   198
10100803   158
10100804   181
10100805   134
10100806    98
10100807    45
10100808    27
10100809    34
10100810    83
10100811    76
10100812    24
10100813    20
10100814    26
10100815    46
10100816    71
10100817    50
10100818    28
10100819    15
10100820    19
10100821    19
10100822    14
10100823    28
10100900    71
10100901   162
10100902   130
10100903    26
10100904    11
10100905    70
10100906   154
10100907    39
10100908    43
10100909   165
10100910   173
10100911    40
10100912    32
10100913    19
10100914    32
10100915   138
10100916   237
10100917    91
10100918    30
10100919    27
10100920    26
10100921    19
10100922    14
10100923    14
10101000    13
10101001    18
10101002    15
10101003    17
10101004    13
10101005    14
10101006    13
10101007    27
10101008    39
10101009    39
10101010    41
10101011   100
10101012   291
10101013   297
10101014   149
10101015    40
10101016    82
10101017   105
10101018   119
10101019    69
10101020    96
10101021   184
10101022   262
10101023    78
10101100    55
10101101    26
10101102    27
10101103    61
10101104    96
10101105   142
10101106    87
10101107   215
10101108   260
10101109   108
10101110   312
10101111   643
10101112   734
10101113   955
10101114   918
10101115   819
10101116  1009
10101117   872
10101118   913
10101119   615
10101120   225
10101121   230
10101122   330
10101123   113
10101200    69
10101201   338
10101202   447
10101203   446
10101204   432
10101205   577
10101206   246
10101207   107
10101208    79
10101209   108
10101210   106
10101211   260
10101212   292
10101213   261
10101214   290
10101215   329
10101216   197
10101217   183
10101218   218
10101219   131
10101220    85
10101221   101
10101222   171
10101223   342
10101300   182
10101301    86
10101302    70
10101303    71
10101304    43
10101305   131
10101306   170
10101307    54
10101308    93
10101309   102
10101310   143
10101311    75
10101312    87
10101313   146
10101314   117
10101315    71
10101316    47
10101317   123
10101318    30
10101319    22
10101320    28
10101321    25
10101322    23
10101323    19
10101400    16
10101401    23
10101402    46
10101403    20
10101404    21
10101405    19
10101406    53
10101407    31
10101408    20
10101409    26
10101410    30
10101411    34
10101412    29
10101413    31
10101414    29
10101415    29
10101416    28
10101417    26
10101418    18
10101419    26
10101420    22
10101421    18
10101422    18
10101423    21
10101500    23
10101501    24
10101502    20
10101503    19
10101504    15
10101505    15
10101506    30
10101507    32
10101508    21
10101509    31
10101510    30
10101511    42
10101512    71
10101513   211
10101514   171
10101515    60
10101516    39
10101517    34
10101518    41
10101519   147
10101520   265
10101521    98
10101522    42
10101523   102
10101600   265
10101601    81
10101602    65
10101603    60
10101604   116
10101605   192
10101606   168
10101607    97
10101608    59
10101609    25
10101610    22
10101611    28
10101612    35
10101613    55
10101614   134
10101615   315
10101616   154
10101617   150
10101618    80
10101619    95
10101620   429
10101621   407
10101622   192
10101623   212
10101700   108
10101701   121
10101702    89
10101703   149
10101704   338
10101705   377
10101706   427
10101707   638
10101708   509
10101709   463
10101710   532
10101711   292
10101712   163
10101713    92
10101714   104
10101715    76
10101716    73
10101717    81
10101718   227
10101719   181
10101720   344
10101721   130
10101722    42
10101723   167
10101800   199
10101801   198
10101802   142
10101803    48
10101804    44
10101805    27
10101806    28
10101807    63
10101808   104
10101809   182
10101810   134
10101811    61
10101812    51
10101813    83
10101814    41
10101815    27
10101816    21
10101817    42
10101818    65
10101819   140
10101820   193
10101821   203
10101822    99
10101823    46
10101900    68
10101901   171
10101902   151
10101903   126
10101904   299
10101905   296
10101906   187
10101907    63
10101908    56
10101909    70
10101910   192
10101911    61
10101912    25
10101913    29
10101914    55
10101915    24
10101916    29
10101917    32
10101918    47
10101919    24
10101920    17
10101921    42
10101922    81
10101923   177
10102000   248
10102001   376
10102002    88
10102003    61
10102004    23
10102005    15
10102006    23
10102007    66
10102008    57
10102009    40
10102010    33
10102011    94
10102012   198
10102013   242
10102014    59
10102015    25
10102016    22
10102017    19
10102018    20
10102019    25
10102020    34
10102021    27
10102022    24
10102023    55
10102100    98
10102101    70
10102102    34
10102103    16
10102104    11
10102105    14
10102106    23
10102107    17
10102108    28
10102109    21
10102110    23
10102111    21
10102112    21
10102113   105
10102114   188
10102115   184
10102116    70
10102117    77
10102118    37
10102119    15
10102120    22
10102121    25
10102122    12
10102123    13
10102200    13
10102201     9
10102202    20
10102203   111
10102204    81
10102205    70
10102206    70
10102207    88
10102208   279
10102209   140
10102210    79
10102211    73
10102212    32
10102213    82
10102214   164
10102215    35
10102216    66
10102217    26
10102218    14
10102219    20
10102220    45
10102221    86
10102222   226
10102223   293
10102300   212
10102301   224
10102302   460
10102303   135
10102304    52
10102305   215
10102306   369
10102307   111
10102308   329
10102309   705
10102310   507
10102311   225
10102312   588
10102313   851
10102314   332
10102315   418
10102316   366
10102317   108
10102318   103
10102319    86
10102320   294
10102321   600
10102322   381
10102323   461
10102400   299
10102401   317
10102402   327
10102403   176
10102404   406
10102405   515
10102406   125
10102407    38
10102408   149
10102409   316
10102410   568
10102411   466
10102412   323
10102413   310
10102414    93
10102415   242
10102416   157
10102417   319
10102418   552
10102419   170
10102420    81
10102421   103
10102422    85
10102423    82
10102500    80
10102501    62
10102502    54
10102503   114
10102504   107
10102505    50
10102506   109
10102507   100
10102508    77
10102509    82
10102510    81
10102511   169
10102512   165
10102513   232
10102514    97
10102515    67
10102516    63
10102517    40
10102518   110
10102519   317
10102520   112
10102521    30
10102522    61
10102523    46
10102600    72
10102601   157
10102602   229
10102603    86
10102604    55
10102605    44
10102606    48
10102607    68
10102608   165
10102609   190
10102610    62
10102611    36
10102612    46
10102613    71
10102614    40
10102615    54
10102616   176
10102617   434
10102618   409
10102619   337
10102620   245
10102621   160
10102622    47
10102623    27
10102700    29
10102701    34
10102702    26
10102703    26
10102704    60
10102705    67
10102706    78
10102707    76
10102708    68
10102709    44
10102710    74
10102711    36
10102712   108
10102713   114
10102714   116
10102715    43
10102716    32
10102717    28
10102718    31
10102719   180
10102720   233
10102721    53
10102722    21
10102723    32
10102800    36
10102801    32
10102802    22
10102803    11
10102804    10
10102805    24
10102806    45
10102807    61
10102808    68
10102809    83
10102810   120
10102811    35
10102812    66
10102813   210
10102814   137
10102815    44
10102816    73
10102817    59
10102818    57
10102819   122
10102820    30
10102821    22
10102822    15
10102823    17
10102900    20
10102901    54
10102902    40
10102903    47
10102904    66
10102905    38
10102906    37
10102907    36
10102908    26
10102909    30
10102910    23
10102911    23
10102912    22
10102913   101
10102914   184
10102915   177
10102916    24
10102917    19
10102918    22
10102919    24
10102920    27
10102921    21
10102922    14
10102923    12
10103000    14
10103001    12
10103002    12
10103003    10
10103004    11
10103005    11
10103006    13
10103007    16
10103008    21
10103009    27
10103010    24
10103011    20
10103012    23
10103013    40
10103014    48
10103015    44
10103016   105
10103017    73
10103018    20
10103019    12
10103020    14
10103021    21
10103022    15
10103023    12
10103100    11
10103101    10
10103102    14
10103103    26
10103104    33
10103105    46
10103106    38
10103107    25
10103108    19
10103109    24
10103110    23
10103111    24
10103112    21
10103113    33
10103114    24
10103115    20
10103116    17
10103117    20
10103118    33
10103119    23
10103120    26
10103121    25
10103122    19
10103123    18

Thu De 1
