10070100    75
10070101    89
10070102   287
10070103   549
10070104   168
10070105   168
10070106   247
10070107   314
10070108   272
10070109   239
10070110   178
10070111   268
10070112    97
10070113   136
10070114   124
10070115   166
10070116   479
10070117   273
10070118    95
10070119   120
10070120   162
10070121   181
10070122   161
10070123   362
10070200   339
10070201   308
10070202   345
10070203   194
10070204    79
10070205   237
10070206   358
10070207   446
10070208   320
10070209   215
10070210   245
10070211   134
10070212    55
10070213    65
10070214    82
10070215    72
10070216    75
10070217    67
10070218    62
10070219   139
10070220   122
10070221   152
10070222    98
10070223   122
10070300   271
10070301   118
10070302   206
10070303   356
10070304   124
10070305    48
10070306    22
10070307    16
10070308    27
10070309    61
10070310   117
10070311   241
10070312   120
10070313    68
10070314   126
10070315    94
10070316   223
10070317   240
10070318    93
10070319    61
10070320    89
10070321   102
10070322    73
10070323   118
10070400   211
10070401   186
10070402    78
10070403    37
10070404    42
10070405    91
10070406    62
10070407   157
10070408   173
10070409   166
10070410   126
10070411   153
10070412    39
10070413    27
10070414    58
10070415    70
10070416   160
10070417    97
10070418    77
10070419   112
10070420    51
10070421    43
10070422    36
10070423    38
10070500    41
10070501    31
10070502    31
10070503    33
10070504    28
10070505    46
10070506   159
10070507   202
10070508   235
10070509   170
10070510    70
10070511    50
10070512    78
10070513    90
10070514    84
10070515   102
10070516    93
10070517   112
10070518    88
10070519   130
10070520   106
10070521    96
10070522    52
10070523    62
10070600   137
10070601   202
10070602    86
10070603    74
10070604    41
10070605    74
10070606    82
10070607   126
10070608    42
10070609    30
10070610    31
10070611    27
10070612    30
10070613    28
10070614    31
10070615    44
10070616    50
10070617    60
10070618    59
10070619    48
10070620    56
10070621    36
10070622    36
10070623    41
10070700    37
10070701    27
10070702    35
10070703    55
10070704    41
10070705    50
10070706    55
10070707    39
10070708    39
10070709    41
10070710    49
10070711    51
10070712    48
10070713    63
10070714   185
10070715   145
10070716   119
10070717    66
10070718    50
10070719    36
10070720    57
10070721    47
10070722    50
10070723    63
10070800    49
10070801    38
10070802    29
10070803    29
10070804    15
10070805    24
10070806    36
10070807    40
10070808    54
10070809    64
10070810    51
10070811    69
10070812   117
10070813   177
10070814    46
10070815    40
10070816    46
10070817    62
10070818    63
10070819    63
10070820   143
10070821   138
10070822   172
10070823   105
10070900    67
10070901    61
10070902   170
10070903   256
10070904   225
10070905   243
10070906   262
10070907   151
10070908   342
10070909   263
10070910   231
10070911   233
10070912    79
10070913   115
10070914    57
10070915   101
10070916   144
10070917    76
10070918    64
10070919    70
10070920    99
10070921    90
10070922    72
10070923    41
10071000    39
10071001    27
10071002    28
10071003    24
10071004    26
10071005    51
10071006    69
10071007    38
10071008    28
10071009    30
10071010    37
10071011    50
10071012    50
10071013    41
10071014    23
10071015    30
10071016    37
10071017    37
10071018    28
10071019    46
10071020    47
10071021    37
10071022    29
10071023    28
10071100    30
10071101    30
10071102    23
10071103    16
10071104    11
10071105    24
10071106    42
10071107    64
10071108    94
10071109    70
10071110    53
10071111    45
10071112    62
10071113   104
10071114   235
10071115   219
10071116   153
10071117    47
10071118    44
10071119    49
10071120    47
10071121    65
10071122   163
10071123   124
10071200    41
10071201    33
10071202    24
10071203    19
10071204    31
10071205    36
10071206    41
10071207    39
10071208    45
10071209    48
10071210    45
10071211    54
10071212    52
10071213    54
10071214   129
10071215   156
10071216   119
10071217    81
10071218    97
10071219   136
10071220    65
10071221    65
10071222   150
10071223   224
10071300    68
10071301    34
10071302    35
10071303    38
10071304    43
10071305    51
10071306    44
10071307    40
10071308    46
10071309    48
10071310    46
10071311    35
10071312    48
10071313   106
10071314    72
10071315    38
10071316    28
10071317    26
10071318    47
10071319    60
10071320    71
10071321    65
10071322    58
10071323    50
10071400    62
10071401    48
10071402    29
10071403    29
10071404    39
10071405    55
10071406    73
10071407    65
10071408    65
10071409    81
10071410   101
10071411   158
10071412   266
10071413   252
10071414   119
10071415   115
10071416   110
10071417    54
10071418    54
10071419    81
10071420    74
10071421    83
10071422   352
10071423   424
10071500   657
10071501   302
10071502   395
10071503   514
10071504   486
10071505   345
10071506   224
10071507   221
10071508   188
10071509   187
10071510   149
10071511   190
10071512   250
10071513   237
10071514   277
10071515   104
10071516   223
10071517   116
10071518    64
10071519   111
10071520    60
10071521    51
10071522    70
10071523    51
10071600    43
10071601    40
10071602    30
10071603    22
10071604    37
10071605   125
10071606   222
10071607   209
10071608   128
10071609   203
10071610   293
10071611    55
10071612    51
10071613    45
10071614    94
10071615    42
10071616    41
10071617    53
10071618    49
10071619    69
10071620    53
10071621    49
10071622    39
10071623    46
10071700    54
10071701    45
10071702    31
10071703    22
10071704    17
10071705    23
10071706    33
10071707    44
10071708    54
10071709    64
10071710    56
10071711    41
10071712    34
10071713    39
10071714    55
10071715    83
10071716    72
10071717    38
10071718    39
10071719    38
10071720    41
10071721    49
10071722    47
10071723    35
10071800    39
10071801    40
10071802    33
10071803    24
10071804    30
10071805    26
10071806    27
10071807    32
10071808    36
10071809    46
10071810    43
10071811    40
10071812    33
10071813    39
10071814    54
10071815    72
10071816    70
10071817    48
10071818    37
10071819    44
10071820    45
10071821    36
10071822    46
10071823    51
10071900    41
10071901    35
10071902    34
10071903    28
10071904    20
10071905    14
10071906    22
10071907    28
10071908    30
10071909    38
10071910    41
10071911    44
10071912    42
10071913    37
10071914    37
10071915    41
10071916    46
10071917    47
10071918    47
10071919    55
10071920    54
10071921    45
10071922    50
10071923    54
10072000    46
10072001    45
10072002    46
10072003    41
10072004    35
10072005    48
10072006   119
10072007   183
10072008   145
10072009    45
10072010    43
10072011    46
10072012    50
10072013    46
10072014    62
10072015    51
10072016    38
10072017    35
10072018    44
10072019   100
10072020   148
10072021   131
10072022    33
10072023    33
10072100    32
10072101    36
10072102    45
10072103    93
10072104    51
10072105    47
10072106    33
10072107    40
10072108    63
10072109    46
10072110    57
10072111    67
10072112    67
10072113    60
10072114   138
10072115   141
10072116    95
10072117    69
10072118   120
10072119    68
10072120    38
10072121    43
10072122    36
10072123    51
10072200    43
10072201    74
10072202    91
10072203   156
10072204   147
10072205   202
10072206   225
10072207   162
10072208   148
10072209   196
10072210   234
10072211   175
10072212   231
10072213   163
10072214   159
10072215    86
10072216   193
10072217    56
10072218    56
10072219    46
10072220    33
10072221    75
10072222    53
10072223    33
10072300    33
10072301    34
10072302    92
10072303   218
10072304    98
10072305    87
10072306   118
10072307    82
10072308    68
10072309   154
10072310   190
10072311   161
10072312   172
10072313   145
10072314   129
10072315   128
10072316   192
10072317    76
10072318    69
10072319    58
10072320    64
10072321    50
10072322    50
10072323    32
10072400    37
10072401    40
10072402    32
10072403    18
10072404    25
10072405    38
10072406    36
10072407    41
10072408    53
10072409    51
10072410    56
10072411    53
10072412    45
10072413    46
10072414    39
10072415    40
10072416   109
10072417   148
10072418   150
10072419    70
10072420    85
10072421   222
10072422   252
10072423   173
10072500    78
10072501   186
10072502   253
10072503    94
10072504    30
10072505    49
10072506    84
10072507   130
10072508   149
10072509    59
10072510    96
10072511    94
10072512   274
10072513   323
10072514   217
10072515   191
10072516   175
10072517   235
10072518   243
10072519    74
10072520    81
10072521    83
10072522   116
10072523   210
10072600   261
10072601   215
10072602   328
10072603   247
10072604   262
10072605   317
10072606   229
10072607    85
10072608    46
10072609    54
10072610    60
10072611    59
10072612    56
10072613    68
10072614    90
10072615    66
10072616    62
10072617    66
10072618    41
10072619    75
10072620    72
10072621    71
10072622    95
10072623    83
10072700   342
10072701   383
10072702   283
10072703   577
10072704   345
10072705    94
10072706   229
10072707   623
10072708   551
10072709   766
10072710   371
10072711   373
10072712   494
10072713   140
10072714    52
10072715    83
10072716   197
10072717   370
10072718   296
10072719   200
10072720   151
10072721   110
10072722   523
10072723   730
10072800   651
10072801   799
10072802   553
10072803   127
10072804   165
10072805   208
10072806   397
10072807   349
10072808   253
10072809   138
10072810   264
10072811   571
10072812   436
10072813   367
10072814   340
10072815   101
10072816   176
10072817   209
10072818   137
10072819   158
10072820   236
10072821   162
10072822   116
10072823   219
10072900   163
10072901   138
10072902   207
10072903   324
10072904   213
10072905   147
10072906   207
10072907   379
10072908   369
10072909   196
10072910   368
10072911   218
10072912    83
10072913   240
10072914   244
10072915   186
10072916    56
10072917    58
10072918    41
10072919    66
10072920    56
10072921    53
10072922    45
10072923    79
10073000    81
10073001   147
10073002    99
10073003   144
10073004    99
10073005   122
10073006   176
10073007   106
10073008    89
10073009   119
10073010   217
10073011   115
10073012    59
10073013    43
10073014    68
10073015   114
10073016   162
10073017    92
10073018    97
10073019   179
10073020   110
10073021   153
10073022   303
10073023   224
10073100   232
10073101   206
10073102   117
10073103    60
10073104    54
10073105   123
10073106    70
10073107    34
10073108    33
10073109    44
10073110    69
10073111   153
10073112   176
10073113   156
10073114   205
10073115   192
10073116    57
10073117    75
10073118    62
10073119    44
10073120    37
10073121    36
10073122    40
10073123    30

Thu De 1
