10010100     4
10010101     4
10010102     4
10010103     3
10010104     3
10010105     5
10010106     5
10010107     5
10010108     6
10010109     7
10010110    21
10010111    18
10010112    11
10010113     7
10010114     9
10010115     8
10010116    10
10010117    12
10010118     9
10010119     9
10010120    10
10010121     8
10010122     7
10010123    10
10010200     6
10010201     7
10010202     7
10010203     7
10010204     7
10010205     8
10010206     8
10010207     8
10010208     8
10010209     7
10010210     7
10010211     9
10010212     9
10010213    16
10010214    11
10010215     9
10010216    14
10010217    13
10010218    10
10010219    11
10010220    11
10010221     9
10010222    10
10010223     8
10010300     9
10010301    11
10010302     9
10010303    31
10010304    48
10010305    30
10010306    91
10010307   156
10010308   129
10010309   162
10010310   178
10010311   336
10010312   282
10010313   169
10010314    58
10010315    48
10010316    61
10010317    31
10010318    20
10010319    12
10010320    13
10010321     9
10010322    17
10010323    19
10010400    13
10010401    12
10010402    16
10010403    23
10010404    15
10010405    20
10010406   180
10010407   160
10010408    91
10010409    77
10010410   165
10010411    87
10010412    89
10010413    66
10010414    86
10010415    33
10010416    25
10010417    18
10010418    16
10010419    13
10010420    10
10010421    10
10010422    10
10010423     9
10010500     7
10010501    10
10010502     9
10010503     5
10010504     4
10010505     4
10010506     5
10010507     9
10010508    41
10010509    37
10010510    80
10010511    79
10010512    94
10010513    98
10010514   129
10010515   136
10010516    64
10010517    21
10010518    13
10010519    12
10010520    17
10010521    14
10010522    14
10010523    13
10010600    17
10010601    21
10010602    28
10010603    38
10010604    51
10010605    44
10010606    22
10010607    11
10010608    10
10010609     7
10010610     8
10010611     8
10010612     7
10010613    10
10010614    11
10010615    13
10010616    14
10010617    15
10010618    13
10010619    12
10010620    11
10010621    10
10010622     9
10010623     8
10010700     7
10010701     7
10010702     7
10010703     7
10010704    12
10010705    36
10010706    39
10010707     9
10010708     9
10010709     8
10010710     6
10010711     7
10010712     8
10010713    11
10010714    10
10010715    12
10010716    15
10010717    16
10010718    16
10010719    25
10010720    18
10010721    15
10010722    15
10010723    10
10010800    14
10010801    17
10010802    23
10010803    17
10010804    11
10010805    10
10010806    19
10010807    29
10010808   118
10010809    44
10010810    27
10010811    11
10010812    10
10010813     8
10010814    11
10010815    16
10010816    18
10010817    19
10010818    15
10010819    13
10010820     9
10010821    11
10010822    10
10010823     7
10010900     5
10010901     7
10010902     9
10010903     9
10010904     7
10010905     5
10010906     5
10010907     8
10010908    34
10010909    70
10010910   104
10010911    93
10010912    72
10010913    44
10010914    27
10010915    17
10010916    17
10010917    16
10010918    11
10010919    10
10010920     5
10010921     6
10010922     8
10010923     9
10011000    10
10011001     9
10011002     8
10011003     7
10011004     6
10011005     8
10011006     8
10011007    11
10011008    61
10011009    76
10011010   111
10011011   154
10011012   285
10011013   108
10011014    42
10011015    25
10011016    26
10011017    17
10011018    15
10011019    12
10011020     8
10011021     8
10011022    10
10011023    10
10011100    15
10011101    15
10011102    12
10011103    19
10011104    40
10011105   152
10011106   212
10011107   106
10011108    44
10011109   142
10011110   203
10011111   190
10011112   163
10011113   367
10011114   215
10011115    77
10011116    70
10011117    61
10011118   177
10011119   142
10011120    57
10011121    30
10011122    28
10011123    21
10011200    22
10011201    34
10011202    40
10011203    32
10011204    71
10011205   104
10011206    46
10011207    13
10011208    10
10011209    35
10011210    29
10011211    17
10011212    29
10011213    21
10011214    19
10011215    12
10011216    13
10011217    14
10011218    25
10011219    35
10011220    33
10011221    32
10011222    13
10011223    43
10011300   163
10011301    99
10011302    40
10011303    62
10011304   150
10011305   173
10011306   153
10011307    81
10011308    29
10011309    54
10011310    56
10011311    60
10011312   106
10011313   133
10011314   172
10011315   165
10011316   252
10011317   196
10011318   132
10011319    59
10011320    40
10011321    52
10011322    81
10011323    70
10011400    74
10011401    33
10011402    32
10011403    25
10011404    61
10011405    51
10011406    16
10011407     6
10011408    24
10011409    30
10011410    86
10011411   219
10011412    63
10011413   141
10011414   165
10011415    35
10011416    21
10011417    17
10011418    28
10011419    46
10011420    36
10011421    22
10011422    20
10011423    13
10011500    15
10011501    12
10011502    17
10011503    43
10011504    21
10011505    20
10011506    26
10011507    82
10011508    12
10011509     7
10011510     8
10011511    11
10011512    15
10011513    16
10011514    12
10011515    40
10011516    37
10011517    34
10011518    40
10011519    45
10011520    50
10011521    56
10011522    21
10011523    15
10011600    11
10011601    19
10011602    12
10011603    14
10011604    10
10011605    13
10011606    18
10011607    20
10011608    32
10011609    28
10011610    27
10011611    38
10011612    24
10011613    32
10011614    82
10011615    51
10011616    25
10011617    23
10011618    11
10011619     7
10011620     6
10011621     9
10011622    12
10011623    11
10011700     8
10011701     7
10011702     8
10011703    10
10011704    21
10011705    15
10011706    23
10011707    16
10011708    13
10011709     7
10011710    10
10011711    13
10011712    13
10011713    11
10011714    30
10011715    15
10011716    15
10011717    15
10011718    15
10011719    13
10011720     8
10011721    10
10011722    12
10011723    11
10011800    10
10011801     7
10011802     5
10011803     4
10011804     9
10011805    18
10011806    29
10011807    29
10011808   101
10011809    89
10011810    42
10011811    17
10011812    18
10011813    44
10011814   116
10011815   202
10011816   115
10011817    51
10011818    18
10011819    25
10011820    17
10011821    16
10011822    16
10011823    14
10011900    12
10011901    12
10011902    11
10011903    11
10011904     8
10011905    16
10011906    11
10011907    13
10011908    31
10011909    53
10011910    63
10011911    43
10011912    43
10011913    29
10011914    23
10011915    18
10011916    18
10011917    15
10011918    14
10011919    12
10011920    15
10011921    15
10011922    16
10011923    13
10012000    14
10012001    12
10012002    12
10012003    13
10012004    12
10012005    28
10012006    45
10012007    84
10012008   143
10012009    80
10012010    21
10012011    20
10012012    29
10012013    53
10012014   214
10012015   266
10012016   403
10012017   674
10012018   427
10012019   314
10012020   234
10012021   244
10012022   361
10012023   405
10012100    84
10012101    29
10012102   111
10012103   160
10012104   128
10012105   101
10012106   194
10012107   147
10012108    79
10012109   171
10012110   111
10012111    86
10012112    89
10012113   220
10012114   125
10012115    43
10012116    22
10012117    14
10012118    14
10012119    11
10012120    10
10012121    17
10012122    15
10012123    11
10012200    12
10012201    14
10012202    20
10012203    51
10012204    12
10012205    10
10012206     7
10012207     7
10012208     9
10012209    24
10012210    60
10012211    91
10012212    76
10012213   110
10012214    78
10012215    74
10012216    54
10012217    24
10012218    30
10012219    37
10012220    29
10012221    65
10012222    38
10012223    26
10012300    42
10012301   167
10012302   128
10012303   100
10012304    76
10012305    88
10012306   114
10012307   102
10012308   149
10012309   241
10012310   156
10012311    76
10012312   107
10012313   120
10012314    50
10012315    69
10012316    52
10012317    24
10012318    10
10012319    10
10012320    12
10012321    37
10012322    49
10012323    38
10012400    40
10012401    45
10012402    91
10012403   131
10012404   121
10012405   168
10012406   151
10012407   163
10012408   118
10012409    71
10012410   350
10012411   252
10012412   244
10012413   380
10012414   276
10012415   165
10012416   161
10012417   143
10012418   161
10012419    78
10012420    54
10012421    33
10012422    59
10012423    81
10012500    48
10012501    17
10012502    23
10012503    11
10012504     8
10012505    24
10012506    22
10012507    27
10012508   135
10012509    87
10012510    32
10012511    46
10012512   286
10012513   100
10012514    27
10012515    26
10012516    16
10012517    13
10012518    10
10012519     8
10012520    16
10012521    19
10012522    27
10012523    50
10012600    53
10012601    23
10012602    21
10012603    65
10012604    89
10012605    53
10012606    32
10012607   106
10012608   101
10012609    27
10012610    18
10012611    24
10012612    69
10012613    64
10012614    15
10012615    12
10012616    12
10012617    19
10012618    12
10012619    11
10012620    17
10012621    12
10012622     9
10012623    10
10012700    10
10012701    10
10012702     7
10012703     6
10012704     5
10012705     8
10012706    14
10012707    39
10012708    21
10012709    49
10012710    40
10012711    31
10012712    16
10012713    26
10012714    18
10012715    29
10012716     8
10012717     7
10012718     7
10012719    10
10012720    13
10012721    19
10012722    14
10012723    18
10012800    18
10012801    24
10012802    48
10012803    55
10012804    64
10012805    53
10012806    49
10012807    26
10012808    13
10012809    12
10012810    24
10012811    50
10012812    53
10012813    31
10012814    57
10012815   116
10012816   123
10012817   205
10012818   136
10012819    68
10012820    30
10012821    13
10012822    16
10012823    19
10012900    23
10012901    11
10012902    17
10012903    12
10012904     9
10012905    16
10012906    11
10012907    12
10012908    14
10012909    41
10012910    77
10012911    24
10012912    29
10012913    17
10012914    11
10012915    12
10012916    10
10012917     7
10012918     6
10012919     9
10012920    10
10012921    11
10012922    17
10012923    12
10013000    14
10013001    27
10013002    71
10013003   126
10013004   114
10013005    58
10013006   107
10013007    50
10013008    17
10013009    11
10013010    12
10013011    29
10013012   143
10013013   109
10013014    57
10013015    77
10013016   187
10013017   104
10013018    98
10013019    37
10013020    27
10013021    35
10013022    32
10013023    79
10013100   117
10013101   120
10013102    50
10013103    12
10013104    13
10013105    20
10013106    10
10013107     9
10013108     8
10013109    27
10013110    76
10013111    82
10013112    56
10013113   166
10013114   232
10013115   201
10013116    83
10013117    72
10013118    75
10013119    60
10013120    33
10013121    28
10013122    31
10013123    35

Thu De 1
