10040100   399
10040101   238
10040102   247
10040103   191
10040104   156
10040105   195
10040106   291
10040107    69
10040108    35
10040109    35
10040110   177
10040111   363
10040112   480
10040113   430
10040114   733
10040115   249
10040116   160
10040117    66
10040118   114
10040119    65
10040120    51
10040121   112
10040122   418
10040123   303
10040200   322
10040201   350
10040202   522
10040203   333
10040204   301
10040205   400
10040206   233
10040207   239
10040208   478
10040209   541
10040210   355
10040211   342
10040212   423
10040213   159
10040214    58
10040215    87
10040216   242
10040217   286
10040218   106
10040219   175
10040220   392
10040221   413
10040222   242
10040223   289
10040300   194
10040301    67
10040302   104
10040303   138
10040304    90
10040305    43
10040306    25
10040307    61
10040308   127
10040309    66
10040310    34
10040311    36
10040312   116
10040313   281
10040314   250
10040315   171
10040316   289
10040317   414
10040318   484
10040319   414
10040320   151
10040321   154
10040322   387
10040323   273
10040400   219
10040401   201
10040402   306
10040403   181
10040404   176
10040405   388
10040406   400
10040407   466
10040408    93
10040409    49
10040410    81
10040411   130
10040412   217
10040413   215
10040414   257
10040415   247
10040416   170
10040417   222
10040418   518
10040419   524
10040420   341
10040421   101
10040422   626
10040423   781
10040500   390
10040501   336
10040502   252
10040503   109
10040504   181
10040505   523
10040506   510
10040507   198
10040508   556
10040509  1419
10040510   777
10040511   264
10040512   220
10040513   774
10040514   863
10040515   864
10040516   848
10040517   623
10040518   489
10040519   393
10040520   503
10040521   503
10040522   628
10040523   532
10040600   640
10040601   845
10040602   813
10040603   727
10040604   766
10040605   855
10040606   835
10040607   843
10040608   913
10040609   764
10040610   996
10040611  1222
10040612  1021
10040613  1230
10040614  1292
10040615   908
10040616  1345
10040617  1085
10040618  1009
10040619   977
10040620   837
10040621   768
10040622   644
10040623   565
10040700   743
10040701   338
10040702   147
10040703   165
10040704   182
10040705   155
10040706   589
10040707   759
10040708   556
10040709   581
10040710   710
10040711   802
10040712   567
10040713   263
10040714   287
10040715   670
10040716   811
10040717   771
10040718   503
10040719   443
10040720   325
10040721   336
10040722   469
10040723   239
10040800    94
10040801   367
10040802   426
10040803   223
10040804    92
10040805    51
10040806   103
10040807   189
10040808   287
10040809   425
10040810   402
10040811   268
10040812   137
10040813   155
10040814    60
10040815    34
10040816    26
10040817    34
10040818    44
10040819    84
10040820   202
10040821   344
10040822   687
10040823   604
10040900   391
10040901   236
10040902   418
10040903   300
10040904   145
10040905   179
10040906   180
10040907   110
10040908   105
10040909   138
10040910   229
10040911   224
10040912   123
10040913    39
10040914    87
10040915   111
10040916   148
10040917    74
10040918    65
10040919   194
10040920   129
10040921   110
10040922    85
10040923    50
10041000    56
10041001    68
10041002    50
10041003    43
10041004    49
10041005   100
10041006    37
10041007    41
10041008    29
10041009    28
10041010    27
10041011    26
10041012    29
10041013    36
10041014    27
10041015    23
10041016    28
10041017    32
10041018    40
10041019    85
10041020    43
10041021    34
10041022    56
10041023    58
10041100    54
10041101    75
10041102    69
10041103    47
10041104    28
10041105    19
10041106    25
10041107    34
10041108    88
10041109    84
10041110    68
10041111    91
10041112    74
10041113   144
10041114   215
10041115   623
10041116   589
10041117   855
10041118   823
10041119   687
10041120   614
10041121   596
10041122   540
10041123   396
10041200   634
10041201   611
10041202   830
10041203   431
10041204   339
10041205   324
10041206   257
10041207   353
10041208    74
10041209    70
10041210    51
10041211    45
10041212    71
10041213   148
10041214    49
10041215    33
10041216    77
10041217   257
10041218   191
10041219    84
10041220    82
10041221    57
10041222    36
10041223    30
10041300    47
10041301    42
10041302    35
10041303    30
10041304    25
10041305    22
10041306    61
10041307   132
10041308   157
10041309   106
10041310    40
10041311    32
10041312    47
10041313   101
10041314    76
10041315    81
10041316    69
10041317    48
10041318    35
10041319    24
10041320    32
10041321    61
10041322   167
10041323    86
10041400    50
10041401    47
10041402    95
10041403    98
10041404    95
10041405    42
10041406    31
10041407    46
10041408    73
10041409    67
10041410    44
10041411    47
10041412    68
10041413    36
10041414    33
10041415    39
10041416    37
10041417    64
10041418    64
10041419    48
10041420    73
10041421   245
10041422   448
10041423  1057
10041500   342
10041501    97
10041502   210
10041503   444
10041504   116
10041505    60
10041506   113
10041507    84
10041508   157
10041509   158
10041510    73
10041511    73
10041512    27
10041513    63
10041514    75
10041515    63
10041516    50
10041517    37
10041518    30
10041519    28
10041520    36
10041521    40
10041522    41
10041523    38
10041600    38
10041601    46
10041602    43
10041603    70
10041604   149
10041605    51
10041606    44
10041607    61
10041608    64
10041609    39
10041610    33
10041611    30
10041612    28
10041613    35
10041614    53
10041615    56
10041616    48
10041617    29
10041618    46
10041619    40
10041620    30
10041621    34
10041622    41
10041623    36
10041700    44
10041701    62
10041702    48
10041703    27
10041704    14
10041705    30
10041706    43
10041707    73
10041708    41
10041709    37
10041710    37
10041711    34
10041712    37
10041713    38
10041714    30
10041715    23
10041716    22
10041717    24
10041718    69
10041719   134
10041720   199
10041721    40
10041722    58
10041723    63
10041800    46
10041801    47
10041802    58
10041803    55
10041804    43
10041805    34
10041806    34
10041807    52
10041808    83
10041809    88
10041810    50
10041811    44
10041812    39
10041813    39
10041814    37
10041815    29
10041816    29
10041817    37
10041818    36
10041819    38
10041820    71
10041821    41
10041822    36
10041823    39
10041900    42
10041901    49
10041902    46
10041903    72
10041904   105
10041905    59
10041906   165
10041907   106
10041908   122
10041909   136
10041910   213
10041911   148
10041912    76
10041913   101
10041914   113
10041915    54
10041916    65
10041917   185
10041918   156
10041919   154
10041920   152
10041921    81
10041922    88
10041923    86
10042000    55
10042001    44
10042002    32
10042003    27
10042004    38
10042005    77
10042006   188
10042007   178
10042008    95
10042009    62
10042010    50
10042011    61
10042012   133
10042013   149
10042014   194
10042015   251
10042016   232
10042017   170
10042018   168
10042019   215
10042020   161
10042021   175
10042022   202
10042023   153
10042100    98
10042101    62
10042102    81
10042103    53
10042104    54
10042105   232
10042106   301
10042107   271
10042108   222
10042109   184
10042110   153
10042111    97
10042112    57
10042113    97
10042114   264
10042115   125
10042116    68
10042117    47
10042118    44
10042119    29
10042120    39
10042121    31
10042122    39
10042123    50
10042200    51
10042201    43
10042202    40
10042203    32
10042204    49
10042205    72
10042206   123
10042207   131
10042208    98
10042209    59
10042210    36
10042211    40
10042212    39
10042213    38
10042214    54
10042215   132
10042216   116
10042217    65
10042218    64
10042219   117
10042220   347
10042221    94
10042222    67
10042223   129
10042300   449
10042301   710
10042302   655
10042303   508
10042304   406
10042305   213
10042306    66
10042307   109
10042308    39
10042309    56
10042310    51
10042311    43
10042312    43
10042313    57
10042314    44
10042315    39
10042316    40
10042317    36
10042318    33
10042319    49
10042320   171
10042321   390
10042322   460
10042323   556
10042400   506
10042401   454
10042402   425
10042403   318
10042404   101
10042405    49
10042406    58
10042407    62
10042408   106
10042409    72
10042410   173
10042411   254
10042412   237
10042413   190
10042414    80
10042415    62
10042416    53
10042417    84
10042418   136
10042419    70
10042420    32
10042421    35
10042422    38
10042423    34
10042500    34
10042501    32
10042502    64
10042503   158
10042504    72
10042505    35
10042506    41
10042507    38
10042508    41
10042509    46
10042510    48
10042511    54
10042512    62
10042513    35
10042514    22
10042515    21
10042516    46
10042517    38
10042518    19
10042519    26
10042520    32
10042521    35
10042522    37
10042523    45
10042600    40
10042601    38
10042602    32
10042603    33
10042604    31
10042605    36
10042606    50
10042607    46
10042608    47
10042609    55
10042610   115
10042611   137
10042612    56
10042613    46
10042614    29
10042615    35
10042616    44
10042617    30
10042618    24
10042619    26
10042620    27
10042621    33
10042622    40
10042623    42
10042700    56
10042701   126
10042702   145
10042703    67
10042704    89
10042705    84
10042706    69
10042707    45
10042708    53
10042709    54
10042710   106
10042711    84
10042712    44
10042713    45
10042714    52
10042715    92
10042716    81
10042717    51
10042718    34
10042719    39
10042720    34
10042721    43
10042722    43
10042723    40
10042800    39
10042801    32
10042802    26
10042803    25
10042804    23
10042805    26
10042806    73
10042807   182
10042808    97
10042809    51
10042810    41
10042811    60
10042812   116
10042813    76
10042814   100
10042815    77
10042816    53
10042817    36
10042818    39
10042819    45
10042820    52
10042821    65
10042822   102
10042823   172
10042900   251
10042901   265
10042902   470
10042903   558
10042904   231
10042905   113
10042906    53
10042907    39
10042908    34
10042909    36
10042910    42
10042911    41
10042912    37
10042913    35
10042914    36
10042915    51
10042916    69
10042917   141
10042918   160
10042919   174
10042920   129
10042921    83
10042922    56
10042923    54
10043000    52
10043001    64
10043002    53
10043003    42
10043004    41
10043005    34
10043006    39
10043007    97
10043008   125
10043009    47
10043010    79
10043011    89
10043012   114
10043013   109
10043014    85
10043015    72
10043016   244
10043017   118
10043018    47
10043019    58
10043020    92
10043021    80
10043022   105
10043023    82

Thu De 1
