10020100    44
10020101    32
10020102    53
10020103    40
10020104    52
10020105    47
10020106    32
10020107    63
10020108   109
10020109    42
10020110    65
10020111   112
10020112   399
10020113   295
10020114   294
10020115   153
10020116   111
10020117   268
10020118   259
10020119    99
10020120    42
10020121   123
10020122   129
10020123    52
10020200    85
10020201   196
10020202   374
10020203   196
10020204    97
10020205   141
10020206   132
10020207    97
10020208   118
10020209   280
10020210   107
10020211    31
10020212    22
10020213    36
10020214   223
10020215   189
10020216    62
10020217    80
10020218   116
10020219    67
10020220    47
10020221    46
10020222   181
10020223   444
10020300   252
10020301   140
10020302    62
10020303    36
10020304    46
10020305    85
10020306   177
10020307   205
10020308   365
10020309   250
10020310   160
10020311   189
10020312    85
10020313   267
10020314   281
10020315   339
10020316   218
10020317   119
10020318   127
10020319    78
10020320    50
10020321    41
10020322    31
10020323    49
10020400   118
10020401    85
10020402    70
10020403    81
10020404    48
10020405    33
10020406    26
10020407    29
10020408    37
10020409    54
10020410    23
10020411    17
10020412    16
10020413    19
10020414    21
10020415    17
10020416    18
10020417    34
10020418    28
10020419    17
10020420    23
10020421    30
10020422    38
10020423    35
10020500    31
10020501    29
10020502    22
10020503    24
10020504    32
10020505    32
10020506    42
10020507    28
10020508    57
10020509    62
10020510    50
10020511    45
10020512    23
10020513   116
10020514    52
10020515    66
10020516    89
10020517    51
10020518    25
10020519    26
10020520    25
10020521    31
10020522    28
10020523    27
10020600    28
10020601    18
10020602    28
10020603    28
10020604    33
10020605    29
10020606    28
10020607    32
10020608    36
10020609    36
10020610    42
10020611    43
10020612   107
10020613   307
10020614   293
10020615   214
10020616   438
10020617   273
10020618   167
10020619   196
10020620   130
10020621    65
10020622    79
10020623    61
10020700    44
10020701    31
10020702    23
10020703    23
10020704    26
10020705    36
10020706    26
10020707    50
10020708    64
10020709    41
10020710    47
10020711    26
10020712    30
10020713    22
10020714    24
10020715    22
10020716    28
10020717    25
10020718    24
10020719    20
10020720    39
10020721    78
10020722   139
10020723   214
10020800   186
10020801   231
10020802   149
10020803   104
10020804   117
10020805   133
10020806    78
10020807    45
10020808    32
10020809    41
10020810    55
10020811    50
10020812    35
10020813    22
10020814    19
10020815    18
10020816    21
10020817    24
10020818    25
10020819    27
10020820    21
10020821    20
10020822    19
10020823    22
10020900    19
10020901    48
10020902    36
10020903    34
10020904    34
10020905    32
10020906    26
10020907    33
10020908    24
10020909    28
10020910    50
10020911    27
10020912    28
10020913    22
10020914    17
10020915    13
10020916    42
10020917    28
10020918    19
10020919    15
10020920    16
10020921    17
10020922    22
10020923    30
10021000    27
10021001    38
10021002    76
10021003    85
10021004    61
10021005    64
10021006    65
10021007    66
10021008    83
10021009   137
10021010   115
10021011    50
10021012    52
10021013    40
10021014    66
10021015    71
10021016    39
10021017    41
10021018    36
10021019    21
10021020    96
10021021   104
10021022    34
10021023    23
10021100    30
10021101    34
10021102    55
10021103    41
10021104    91
10021105   115
10021106   112
10021107   170
10021108    52
10021109    32
10021110    36
10021111    84
10021112    32
10021113    22
10021114    29
10021115    37
10021116    43
10021117    22
10021118    23
10021119    23
10021120    30
10021121    42
10021122    53
10021123    45
10021200    36
10021201    38
10021202    75
10021203   162
10021204   193
10021205   259
10021206   195
10021207    85
10021208   131
10021209   151
10021210    56
10021211    38
10021212    42
10021213    65
10021214   219
10021215   196
10021216   209
10021217   134
10021218    48
10021219    35
10021220    48
10021221   114
10021222    32
10021223    35
10021300    32
10021301    32
10021302    88
10021303   145
10021304   117
10021305    98
10021306    62
10021307    32
10021308    30
10021309    20
10021310    27
10021311    28
10021312    26
10021313    43
10021314   104
10021315   116
10021316   129
10021317   319
10021318   379
10021319   215
10021320   241
10021321    88
10021322    44
10021323    30
10021400    26
10021401    57
10021402    53
10021403    38
10021404    56
10021405    62
10021406    63
10021407    63
10021408   102
10021409    51
10021410    58
10021411    72
10021412   108
10021413   169
10021414    44
10021415    40
10021416    39
10021417    45
10021418    58
10021419    61
10021420    52
10021421    41
10021422    67
10021423   351
10021500   496
10021501   477
10021502   270
10021503   283
10021504   262
10021505   234
10021506   171
10021507   130
10021508   134
10021509   305
10021510   150
10021511    55
10021512    88
10021513   168
10021514   280
10021515   402
10021516   474
10021517   517
10021518   428
10021519   710
10021520   719
10021521   669
10021522   658
10021523   603
10021600   417
10021601   229
10021602   211
10021603   165
10021604    89
10021605    90
10021606   108
10021607   296
10021608   299
10021609   229
10021610   218
10021611    72
10021612    52
10021613    35
10021614    34
10021615    28
10021616    71
10021617   107
10021618    53
10021619   151
10021620   156
10021621   202
10021622   294
10021623   613
10021700   587
10021701   312
10021702   221
10021703   213
10021704   167
10021705    95
10021706    71
10021707    52
10021708    67
10021709    32
10021710    35
10021711    43
10021712    25
10021713    21
10021714    19
10021715    16
10021716    17
10021717    26
10021718    20
10021719    37
10021720    45
10021721    81
10021722   363
10021723   120
10021800    23
10021801    20
10021802    30
10021803    21
10021804    23
10021805    38
10021806    32
10021807    31
10021808    31
10021809    36
10021810    39
10021811    25
10021812    38
10021813   202
10021814   263
10021815   111
10021816   122
10021817   401
10021818   299
10021819   108
10021820    53
10021821    45
10021822    47
10021823    36
10021900    51
10021901    32
10021902    33
10021903    23
10021904    32
10021905    20
10021906    19
10021907    25
10021908    35
10021909    26
10021910    43
10021911   132
10021912   155
10021913   237
10021914    57
10021915    33
10021916    45
10021917    31
10021918    32
10021919    37
10021920    85
10021921   111
10021922    14
10021923    30
10022000    25
10022001    22
10022002    18
10022003    12
10022004     9
10022005     7
10022006     9
10022007    10
10022008    13
10022009    15
10022010    15
10022011    14
10022012    14
10022013    16
10022014    17
10022015    19
10022016    19
10022017    20
10022018    19
10022019    20
10022020    20
10022021    20
10022022    25
10022023    24
10022100    19
10022101    21
10022102    20
10022103    17
10022104    16
10022105    13
10022106    13
10022107    15
10022108    16
10022109    27
10022110    49
10022111    56
10022112    73
10022113    65
10022114   161
10022115    40
10022116    19
10022117    24
10022118    83
10022119    41
10022120    21
10022121    19
10022122    22
10022123    29
10022200    24
10022201    25
10022202    24
10022203    90
10022204   111
10022205    32
10022206    26
10022207    20
10022208    58
10022209   124
10022210   189
10022211   257
10022212    80
10022213    40
10022214    79
10022215   112
10022216   182
10022217   154
10022218    92
10022219   114
10022220   108
10022221   179
10022222   307
10022223   211
10022300   160
10022301   227
10022302   113
10022303    79
10022304    89
10022305    66
10022306    24
10022307    18
10022308    17
10022309    18
10022310    33
10022311    32
10022312    61
10022313    57
10022314    53
10022315    26
10022316    23
10022317    27
10022318    17
10022319    19
10022320    19
10022321    16
10022322    21
10022323    18
10022400    14
10022401    21
10022402    28
10022403    42
10022404   190
10022405   158
10022406    61
10022407    55
10022408    68
10022409   100
10022410    67
10022411    21
10022412    25
10022413    29
10022414    24
10022415    27
10022416   109
10022417   106
10022418    74
10022419    46
10022420    57
10022421    41
10022422    26
10022423    32
10022500    37
10022501    98
10022502    45
10022503    27
10022504    26
10022505    32
10022506    96
10022507    46
10022508    49
10022509    44
10022510    99
10022511    53
10022512    24
10022513    19
10022514    14
10022515    22
10022516    28
10022517    25
10022518    20
10022519    18
10022520    76
10022521   256
10022522   176
10022523    91
10022600   116
10022601   109
10022602    60
10022603    37
10022604    27
10022605    25
10022606    44
10022607    50
10022608    74
10022609    54
10022610    38
10022611    51
10022612    41
10022613    33
10022614    33
10022615    29
10022616    29
10022617    30
10022618    26
10022619    25
10022620    21
10022621    23
10022622    21
10022623    25
10022700    26
10022701    25
10022702    25
10022703    26
10022704    21
10022705    19
10022706    21
10022707    25
10022708    32
10022709    48
10022710    33
10022711    22
10022712    25
10022713    34
10022714    29
10022715    38
10022716    94
10022717    97
10022718    91
10022719    96
10022720    47
10022721    29
10022722    26
10022723    25
10022800    23
10022801    21
10022802    25
10022803    25
10022804    25
10022805    26
10022806    32
10022807    32
10022808    29
10022809    33
10022810    31
10022811    26
10022812    30
10022813    32
10022814    79
10022815    49
10022816    89
10022817    38
10022818    39
10022819    28
10022820    35
10022821    35
10022822    39
10022823    51

Thu De 1
