10060100   785
10060101   530
10060102   329
10060103   282
10060104   373
10060105   325
10060106   224
10060107   290
10060108   214
10060109    98
10060110    77
10060111   215
10060112   293
10060113   123
10060114   135
10060115   317
10060116   335
10060117   228
10060118   248
10060119   536
10060120   334
10060121   374
10060122   165
10060123   152
10060200   187
10060201   145
10060202   221
10060203   350
10060204   319
10060205    55
10060206    39
10060207    30
10060208    32
10060209    52
10060210    41
10060211    87
10060212   211
10060213   253
10060214   220
10060215   138
10060216   165
10060217   223
10060218   115
10060219    96
10060220   177
10060221   217
10060222    66
10060223    81
10060300    92
10060301    98
10060302   199
10060303   190
10060304   171
10060305   225
10060306   258
10060307   124
10060308   196
10060309   526
10060310   325
10060311   674
10060312   615
10060313   322
10060314   287
10060315   143
10060316    79
10060317    61
10060318    31
10060319   143
10060320   217
10060321   238
10060322   552
10060323   573
10060400   723
10060401   786
10060402   580
10060403   739
10060404   745
10060405   321
10060406   172
10060407    74
10060408    87
10060409   506
10060410   611
10060411   268
10060412    98
10060413   277
10060414   214
10060415   123
10060416    53
10060417    75
10060418   106
10060419    69
10060420   110
10060421   247
10060422   172
10060423   106
10060500    89
10060501   150
10060502   227
10060503   260
10060504   184
10060505   215
10060506   271
10060507   167
10060508   141
10060509    55
10060510    34
10060511    26
10060512    28
10060513    23
10060514    24
10060515    42
10060516    46
10060517    87
10060518   109
10060519    60
10060520    84
10060521    86
10060522   172
10060523   412
10060600   297
10060601   177
10060602   155
10060603   168
10060604   147
10060605   236
10060606   264
10060607   216
10060608    95
10060609    59
10060610    53
10060611   139
10060612    42
10060613    33
10060614    97
10060615   123
10060616   115
10060617   130
10060618   199
10060619    99
10060620    95
10060621   152
10060622   123
10060623   145
10060700   107
10060701   154
10060702   158
10060703   223
10060704   215
10060705   135
10060706    84
10060707    75
10060708   159
10060709   226
10060710   261
10060711   194
10060712   169
10060713   256
10060714   215
10060715   147
10060716   130
10060717    75
10060718    33
10060719    55
10060720    96
10060721    89
10060722    48
10060723    59
10060800    63
10060801    62
10060802    46
10060803    32
10060804    25
10060805    38
10060806    62
10060807    46
10060808    65
10060809    97
10060810    73
10060811    76
10060812    34
10060813    44
10060814    68
10060815    71
10060816    69
10060817   104
10060818    55
10060819    45
10060820    31
10060821    42
10060822    46
10060823    63
10060900    64
10060901    47
10060902    41
10060903    47
10060904   156
10060905   142
10060906    80
10060907   113
10060908   206
10060909   208
10060910    93
10060911    54
10060912    44
10060913    42
10060914    43
10060915    55
10060916    54
10060917    70
10060918    73
10060919    50
10060920    61
10060921    54
10060922    50
10060923    66
10061000    62
10061001    79
10061002   155
10061003    85
10061004    99
10061005   219
10061006   111
10061007    66
10061008    95
10061009   115
10061010   222
10061011   251
10061012   118
10061013    58
10061014    49
10061015    55
10061016    46
10061017    45
10061018    46
10061019    32
10061020    46
10061021    42
10061022    69
10061023    95
10061100   198
10061101   190
10061102   124
10061103   115
10061104   142
10061105   165
10061106    93
10061107    66
10061108   103
10061109    67
10061110    87
10061111   127
10061112    73
10061113   161
10061114   252
10061115   243
10061116    99
10061117    54
10061118    51
10061119    62
10061120    46
10061121    60
10061122    54
10061123    45
10061200    37
10061201    31
10061202    27
10061203    29
10061204    51
10061205    41
10061206    49
10061207    32
10061208    32
10061209    55
10061210    48
10061211    61
10061212    46
10061213    41
10061214    42
10061215    51
10061216    57
10061217    56
10061218    44
10061219    47
10061220    40
10061221    40
10061222    49
10061223    51
10061300    48
10061301    44
10061302    34
10061303    32
10061304    32
10061305    91
10061306   103
10061307   121
10061308   135
10061309   140
10061310    68
10061311    67
10061312    85
10061313    88
10061314   164
10061315   228
10061316   171
10061317   160
10061318   112
10061319   115
10061320    83
10061321    89
10061322    93
10061323   147
10061400   121
10061401    78
10061402   142
10061403   229
10061404   268
10061405   253
10061406   186
10061407   221
10061408   135
10061409   192
10061410   211
10061411    70
10061412    61
10061413    56
10061414    35
10061415    40
10061416    47
10061417    83
10061418    89
10061419    39
10061420    52
10061421    71
10061422    84
10061423    95
10061500   121
10061501    78
10061502    63
10061503    79
10061504   177
10061505   123
10061506    73
10061507    87
10061508    99
10061509   121
10061510   316
10061511   163
10061512    91
10061513   112
10061514   112
10061515   154
10061516   330
10061517   110
10061518    92
10061519    87
10061520   109
10061521   166
10061522   175
10061523   432
10061600   526
10061601   653
10061602   726
10061603   487
10061604   367
10061605   395
10061606   245
10061607   349
10061608   287
10061609   508
10061610   523
10061611   551
10061612   313
10061613   110
10061614   349
10061615   520
10061616   102
10061617   104
10061618   209
10061619   491
10061620   328
10061621    94
10061622    68
10061623   286
10061700   178
10061701    82
10061702    97
10061703   130
10061704   252
10061705   461
10061706   546
10061707   430
10061708   635
10061709   191
10061710    74
10061711    55
10061712    52
10061713    42
10061714    49
10061715    74
10061716    75
10061717   100
10061718   155
10061719   182
10061720   394
10061721   277
10061722   160
10061723    89
10061800    67
10061801   102
10061802   113
10061803   176
10061804    88
10061805   170
10061806   159
10061807   153
10061808    68
10061809    85
10061810    92
10061811    82
10061812    62
10061813    84
10061814   103
10061815    74
10061816   104
10061817   192
10061818    54
10061819    33
10061820    32
10061821    24
10061822    29
10061823    35
10061900    36
10061901    35
10061902    41
10061903    33
10061904    33
10061905    42
10061906    39
10061907    40
10061908    56
10061909    69
10061910    54
10061911    61
10061912    71
10061913   104
10061914   107
10061915   100
10061916    66
10061917    29
10061918    57
10061919    57
10061920    41
10061921    45
10061922    55
10061923    48
10062000    43
10062001    37
10062002    36
10062003    29
10062004    15
10062005    18
10062006    28
10062007    36
10062008    55
10062009    51
10062010    42
10062011    38
10062012    39
10062013    39
10062014    37
10062015    72
10062016   100
10062017    36
10062018    29
10062019    41
10062020    52
10062021    73
10062022   110
10062023   123
10062100    47
10062101    38
10062102    41
10062103    32
10062104    18
10062105    63
10062106   221
10062107   207
10062108    83
10062109    43
10062110    47
10062111    52
10062112    48
10062113    36
10062114    27
10062115    28
10062116    32
10062117    47
10062118    50
10062119    41
10062120    37
10062121    40
10062122    36
10062123    32
10062200    34
10062201    30
10062202    24
10062203    19
10062204    25
10062205    31
10062206    47
10062207    67
10062208    67
10062209    56
10062210    60
10062211    55
10062212    77
10062213   101
10062214   190
10062215   230
10062216   163
10062217   112
10062218    73
10062219    77
10062220    80
10062221    84
10062222   110
10062223   112
10062300    74
10062301    52
10062302    53
10062303    67
10062304    67
10062305    60
10062306    53
10062307    66
10062308   156
10062309   134
10062310    81
10062311   217
10062312   209
10062313   133
10062314    91
10062315   116
10062316   135
10062317   140
10062318   133
10062319   165
10062320    64
10062321    39
10062322    44
10062323    36
10062400    32
10062401    29
10062402    24
10062403    16
10062404    18
10062405    26
10062406    35
10062407    47
10062408    47
10062409    52
10062410    51
10062411    48
10062412    43
10062413    63
10062414    99
10062415   250
10062416   215
10062417    43
10062418    25
10062419   146
10062420   240
10062421   102
10062422    51
10062423    61
10062500   112
10062501   303
10062502   106
10062503    47
10062504    33
10062505    92
10062506   158
10062507    79
10062508    52
10062509    60
10062510    86
10062511   124
10062512    90
10062513   222
10062514   207
10062515   231
10062516   182
10062517   154
10062518    55
10062519    73
10062520    62
10062521   117
10062522   139
10062523   177
10062600   147
10062601    60
10062602   108
10062603   177
10062604   506
10062605   569
10062606   495
10062607   370
10062608   606
10062609   558
10062610    94
10062611    76
10062612    39
10062613    63
10062614   144
10062615   186
10062616   167
10062617   458
10062618   388
10062619   179
10062620   101
10062621   127
10062622   223
10062623   347
10062700   155
10062701    63
10062702   310
10062703   663
10062704   585
10062705   549
10062706   290
10062707   198
10062708   435
10062709   316
10062710   201
10062711   161
10062712   327
10062713   402
10062714   313
10062715   181
10062716   103
10062717   155
10062718    87
10062719   143
10062720   194
10062721   201
10062722   157
10062723   349
10062800   151
10062801    63
10062802   192
10062803   209
10062804   172
10062805    72
10062806    89
10062807   175
10062808   252
10062809   245
10062810    97
10062811    83
10062812    95
10062813    73
10062814    50
10062815   122
10062816   213
10062817   158
10062818    50
10062819    79
10062820   103
10062821    67
10062822    43
10062823    84
10062900   141
10062901   115
10062902    82
10062903   288
10062904   319
10062905    90
10062906   145
10062907   242
10062908   393
10062909   262
10062910    64
10062911    43
10062912    71
10062913   131
10062914   167
10062915   122
10062916   209
10062917   190
10062918    83
10062919    91
10062920   168
10062921   292
10062922   556
10062923   724
10063000   258
10063001   439
10063002   755
10063003   582
10063004   330
10063005   412
10063006   393
10063007   494
10063008   241
10063009   401
10063010   180
10063011    64
10063012    95
10063013   525
10063014   417
10063015   233
10063016   187
10063017   319
10063018   201
10063019   139
10063020   236
10063021   296
10063022   133
10063023    56

Thu De 1
