10120100    58
10120101    24
10120102    24
10120103    27
10120104    27
10120105    25
10120106    23
10120107    21
10120108    31
10120109    37
10120110    25
10120111    32
10120112    26
10120113    24
10120114    26
10120115    31
10120116    52
10120117    64
10120118    47
10120119   127
10120120   201
10120121    38
10120122    22
10120123    22
10120200    37
10120201    65
10120202    62
10120203    94
10120204    80
10120205    37
10120206    27
10120207    27
10120208    35
10120209    21
10120210    18
10120211    16
10120212    30
10120213    17
10120214    20
10120215    21
10120216    21
10120217    21
10120218    20
10120219    36
10120220    13
10120221    22
10120222    15
10120223    21
10120300     9
10120301    12
10120302    18
10120303    19
10120304    25
10120305    50
10120306    31
10120307    23
10120308    21
10120309    21
10120310    13
10120311     9
10120312    15
10120313    23
10120314    19
10120315    35
10120316    26
10120317    17
10120318    35
10120319    17
10120320    17
10120321    13
10120322    15
10120323    17
10120400    16
10120401    12
10120402    13
10120403    14
10120404    13
10120405    18
10120406    22
10120407    39
10120408    35
10120409    29
10120410    15
10120411    21
10120412    84
10120413   187
10120414    87
10120415    26
10120416    25
10120417    31
10120418   106
10120419    95
10120420    16
10120421    23
10120422    21
10120423    21
10120500    20
10120501    24
10120502    25
10120503    28
10120504    29
10120505    31
10120506    33
10120507    38
10120508    34
10120509    31
10120510    47
10120511    25
10120512    23
10120513    26
10120514    38
10120515    38
10120516    34
10120517    31
10120518    31
10120519    35
10120520    56
10120521   129
10120522   157
10120523    90
10120600    44
10120601    34
10120602    32
10120603    29
10120604    28
10120605    25
10120606    28
10120607    33
10120608    31
10120609    69
10120610    82
10120611    58
10120612    21
10120613    20
10120614    20
10120615    29
10120616   134
10120617   129
10120618    43
10120619    25
10120620    23
10120621    17
10120622    16
10120623    48
10120700    24
10120701    27
10120702    28
10120703    33
10120704    22
10120705    22
10120706    19
10120707    18
10120708    28
10120709    22
10120710    32
10120711    44
10120712   263
10120713   263
10120714   143
10120715    46
10120716    77
10120717   133
10120718    93
10120719   147
10120720   247
10120721   130
10120722   120
10120723    80
10120800    75
10120801    46
10120802    63
10120803    49
10120804    95
10120805    54
10120806    63
10120807    93
10120808    17
10120809    15
10120810    21
10120811    74
10120812    99
10120813    80
10120814   192
10120815   279
10120816   424
10120817   174
10120818   109
10120819   441
10120820   245
10120821    62
10120822    23
10120823    40
10120900    34
10120901    32
10120902    27
10120903    54
10120904    49
10120905    22
10120906    52
10120907   119
10120908    57
10120909    20
10120910    17
10120911    17
10120912    17
10120913    24
10120914    44
10120915    27
10120916    43
10120917    31
10120918    27
10120919    21
10120920    14
10120921    17
10120922    21
10120923    22
10121000    32
10121001    36
10121002    41
10121003    40
10121004    36
10121005    36
10121006    30
10121007    32
10121008    29
10121009    30
10121010   107
10121011    52
10121012    33
10121013    24
10121014    16
10121015    20
10121016    20
10121017    23
10121018    37
10121019    23
10121020    16
10121021    16
10121022    15
10121023    19
10121100    15
10121101    13
10121102    12
10121103    20
10121104    21
10121105    14
10121106    12
10121107    10
10121108    19
10121109    22
10121110     9
10121111     7
10121112    11
10121113    12
10121114    36
10121115    20
10121116    17
10121117    14
10121118    13
10121119    14
10121120    13
10121121    13
10121122    12
10121123    13
10121200    18
10121201    21
10121202    22
10121203    20
10121204    20
10121205    21
10121206    20
10121207    21
10121208    22
10121209    24
10121210    25
10121211    30
10121212    28
10121213    29
10121214    35
10121215    57
10121216   200
10121217   413
10121218   135
10121219    45
10121220    40
10121221   234
10121222    76
10121223    51
10121300    63
10121301   208
10121302   104
10121303   144
10121304    95
10121305    73
10121306   230
10121307   187
10121308   108
10121309    29
10121310    24
10121311    75
10121312   138
10121313    86
10121314    31
10121315    58
10121316    82
10121317   142
10121318    49
10121319   195
10121320   347
10121321   199
10121322   170
10121323   190
10121400    75
10121401    41
10121402    52
10121403    76
10121404   178
10121405   224
10121406   164
10121407   154
10121408   114
10121409   297
10121410   336
10121411    97
10121412    71
10121413   349
10121414   613
10121415   512
10121416   368
10121417   244
10121418   589
10121419   555
10121420   302
10121421   239
10121422   462
10121423   400
10121500   191
10121501   172
10121502   215
10121503   367
10121504   105
10121505    90
10121506   126
10121507   132
10121508    96
10121509    67
10121510    56
10121511    89
10121512   222
10121513   188
10121514   206
10121515   159
10121516   157
10121517   172
10121518    60
10121519   107
10121520   150
10121521    99
10121522    68
10121523    74
10121600    88
10121601    98
10121602   118
10121603    83
10121604    59
10121605    41
10121606    62
10121607   221
10121608   279
10121609    94
10121610    30
10121611    18
10121612    34
10121613    27
10121614    61
10121615   169
10121616   198
10121617    35
10121618    52
10121619   139
10121620    82
10121621    83
10121622    30
10121623    50
10121700    22
10121701    49
10121702    95
10121703    41
10121704    56
10121705    34
10121706    19
10121707    16
10121708    20
10121709    10
10121710    15
10121711    10
10121712    14
10121713    42
10121714   144
10121715   119
10121716   110
10121717   117
10121718   240
10121719    52
10121720    40
10121721    48
10121722    28
10121723    30
10121800    25
10121801    20
10121802    21
10121803    64
10121804    53
10121805    87
10121806    51
10121807    33
10121808    20
10121809    28
10121810    31
10121811    63
10121812   224
10121813   295
10121814   128
10121815    58
10121816    54
10121817    40
10121818    44
10121819    82
10121820    29
10121821    25
10121822    34
10121823    51
10121900    51
10121901    30
10121902    15
10121903    32
10121904    35
10121905    61
10121906    45
10121907    39
10121908    34
10121909    29
10121910    33
10121911    46
10121912    42
10121913    58
10121914    39
10121915    44
10121916    43
10121917    46
10121918    42
10121919    36
10121920    39
10121921    42
10121922    66
10121923    57
10122000    38
10122001    37
10122002    46
10122003    73
10122004   172
10122005   240
10122006   231
10122007   303
10122008   343
10122009   499
10122010   444
10122011   365
10122012   372
10122013   288
10122014   441
10122015   294
10122016   130
10122017    89
10122018    87
10122019    96
10122020   180
10122021   424
10122022   465
10122023   146
10122100    47
10122101    35
10122102    42
10122103    72
10122104    90
10122105    83
10122106    62
10122107    18
10122108    18
10122109    12
10122110    31
10122111    33
10122112    80
10122113    37
10122114    52
10122115    86
10122116    82
10122117   111
10122118    41
10122119    33
10122120    27
10122121    23
10122122    18
10122123    17
10122200    18
10122201    17
10122202    12
10122203    11
10122204     9
10122205    12
10122206    24
10122207    19
10122208    13
10122209    15
10122210    17
10122211    50
10122212    67
10122213    38
10122214    39
10122215    31
10122216    27
10122217    27
10122218    15
10122219    15
10122220    14
10122221    19
10122222    23
10122223    21
10122300    23
10122301    24
10122302    24
10122303    17
10122304    18
10122305    10
10122306     8
10122307     8
10122308    21
10122309    30
10122310   118
10122311   121
10122312    79
10122313    25
10122314    15
10122315    16
10122316    12
10122317    16
10122318    21
10122319    23
10122320    26
10122321    26
10122322    28
10122323    31
10122400    34
10122401    33
10122402    36
10122403    33
10122404    39
10122405    59
10122406   122
10122407   159
10122408   157
10122409   187
10122410   175
10122411   177
10122412   143
10122413    80
10122414    70
10122415   119
10122416   237
10122417   110
10122418    62
10122419    38
10122420    32
10122421    23
10122422    21
10122423    22
10122500    20
10122501    19
10122502    53
10122503    38
10122504    19
10122505    24
10122506    24
10122507    50
10122508   273
10122509   216
10122510    63
10122511    88
10122512    98
10122513    42
10122514   127
10122515   184
10122516   143
10122517   151
10122518   237
10122519   117
10122520    39
10122521    24
10122522    63
10122523    35
10122600    43
10122601    41
10122602    33
10122603    20
10122604    13
10122605    24
10122606    36
10122607    66
10122608    31
10122609    34
10122610    50
10122611    36
10122612    64
10122613    26
10122614    21
10122615    21
10122616    19
10122617    18
10122618    15
10122619    19
10122620    58
10122621    46
10122622    17
10122623    25
10122700    51
10122701    75
10122702    38
10122703    45
10122704    32
10122705    28
10122706    30
10122707    29
10122708    21
10122709    18
10122710    18
10122711    19
10122712    18
10122713    24
10122714    18
10122715    18
10122716    18
10122717    28
10122718    34
10122719    30
10122720    22
10122721    34
10122722   141
10122723    49
10122800    28
10122801    29
10122802    26
10122803    23
10122804    22
10122805    32
10122806    25
10122807    42
10122808    26
10122809    21
10122810    22
10122811    65
10122812   376
10122813   713
10122814   920
10122815   938
10122816   848
10122817   451
10122818   176
10122819   147
10122820    50
10122821    67
10122822    52
10122823    54
10122900   107
10122901   160
10122902   117
10122903    40
10122904    27
10122905    24
10122906    56
10122907   128
10122908   131
10122909   102
10122910    67
10122911    56
10122912   249
10122913   269
10122914   117
10122915    87
10122916   144
10122917   168
10122918   177
10122919   104
10122920    17
10122921    17
10122922    21
10122923    26
10123000    27
10123001    25
10123002    22
10123003    21
10123004    24
10123005    26
10123006    26
10123007    29
10123008   101
10123009    99
10123010   123
10123011   141
10123012   210
10123013   126
10123014   130
10123015   436
10123016   245
10123017   289
10123018   243
10123019   103
10123020    48
10123021    38
10123022    32
10123023    27
10123100    34
10123101    98
10123102    70
10123103    34
10123104    31
10123105    42
10123106    81
10123107   143
10123108   176
10123109   134
10123110   142
10123111   336
10123112   233
10123113   128
10123114   136
10123115   278
10123116   300
10123117   167
10123118   184
10123119   140
10123120    76
10123121    34
10123122    43
10123123    45

Thu De 1
