10090100    33
10090101    30
10090102    25
10090103    21
10090104    28
10090105    35
10090106    44
10090107    33
10090108    35
10090109    38
10090110    32
10090111    30
10090112    26
10090113    28
10090114    31
10090115    46
10090116    81
10090117   106
10090118   103
10090119   108
10090120    57
10090121    79
10090122   107
10090123   165
10090200   204
10090201   134
10090202   118
10090203    94
10090204   180
10090205   165
10090206   158
10090207   270
10090208   247
10090209   400
10090210   277
10090211   100
10090212    47
10090213    44
10090214    89
10090215   223
10090216   279
10090217   203
10090218   187
10090219   115
10090220    53
10090221    26
10090222    32
10090223    51
10090300   103
10090301   101
10090302    15
10090303    18
10090304    31
10090305    31
10090306    32
10090307    36
10090308    42
10090309    57
10090310    55
10090311    41
10090312    65
10090313    38
10090314    59
10090315    21
10090316    26
10090317    35
10090318    36
10090319    34
10090320    32
10090321    24
10090322    24
10090323    25
10090400    18
10090401    13
10090402    14
10090403    10
10090404    27
10090405     7
10090406    12
10090407    20
10090408    26
10090409    30
10090410    27
10090411    27
10090412    30
10090413    35
10090414    35
10090415    38
10090416    50
10090417    46
10090418    32
10090419    50
10090420    86
10090421    38
10090422    57
10090423    35
10090500    21
10090501    22
10090502    29
10090503    29
10090504    34
10090505    43
10090506    57
10090507    51
10090508    60
10090509    70
10090510    54
10090511    42
10090512    43
10090513    40
10090514    38
10090515    34
10090516    37
10090517    51
10090518    54
10090519    67
10090520    92
10090521   193
10090522   203
10090523   232
10090600   120
10090601    87
10090602   193
10090603   225
10090604   304
10090605   506
10090606   262
10090607   141
10090608   129
10090609   203
10090610    96
10090611   109
10090612   165
10090613   198
10090614   166
10090615    96
10090616   146
10090617   135
10090618    78
10090619    57
10090620   146
10090621    84
10090622   117
10090623   253
10090700   241
10090701   282
10090702   269
10090703   172
10090704    71
10090705   213
10090706   180
10090707   102
10090708    92
10090709   438
10090710   586
10090711   217
10090712   173
10090713   182
10090714   252
10090715   119
10090716   120
10090717   393
10090718   117
10090719    46
10090720    41
10090721    92
10090722    76
10090723   111
10090800   189
10090801   284
10090802   369
10090803   246
10090804   144
10090805   170
10090806    56
10090807    48
10090808    33
10090809    52
10090810   146
10090811   115
10090812   209
10090813   407
10090814   626
10090815   771
10090816   528
10090817   473
10090818   437
10090819   373
10090820   144
10090821   193
10090822    45
10090823    39
10090900    30
10090901    23
10090902    28
10090903    10
10090904    22
10090905    25
10090906    26
10090907    37
10090908    47
10090909    47
10090910    44
10090911    50
10090912   202
10090913   171
10090914   112
10090915   292
10090916   179
10090917    47
10090918    27
10090919    26
10090920    26
10090921    43
10090922    48
10090923    35
10091000    29
10091001    36
10091002    64
10091003    76
10091004    39
10091005    44
10091006    51
10091007    45
10091008    45
10091009    36
10091010    34
10091011    36
10091012    37
10091013    35
10091014    36
10091015    39
10091016    33
10091017    34
10091018    37
10091019    37
10091020    38
10091021    33
10091022    27
10091023    28
10091100    44
10091101    40
10091102    29
10091103    15
10091104    15
10091105    12
10091106    26
10091107    31
10091108    30
10091109    36
10091110    42
10091111    44
10091112    45
10091113    49
10091114    43
10091115    41
10091116    42
10091117    44
10091118    40
10091119    41
10091120    44
10091121    47
10091122    45
10091123    39
10091200    35
10091201    30
10091202    17
10091203     9
10091204    10
10091205    19
10091206    42
10091207    51
10091208    43
10091209    54
10091210    41
10091211    53
10091212    52
10091213    50
10091214    50
10091215    44
10091216    48
10091217    49
10091218    44
10091219    40
10091220    34
10091221    36
10091222    39
10091223    41
10091300    38
10091301    36
10091302    27
10091303    15
10091304     8
10091305     9
10091306    12
10091307    21
10091308    42
10091309    78
10091310    44
10091311    37
10091312    51
10091313    64
10091314    77
10091315   125
10091316    64
10091317    62
10091318    67
10091319    42
10091320    40
10091321    44
10091322    44
10091323    40
10091400    34
10091401    27
10091402    68
10091403   101
10091404   181
10091405   239
10091406   346
10091407   500
10091408   315
10091409    73
10091410    56
10091411    83
10091412    50
10091413    64
10091414   147
10091415   228
10091416   304
10091417   283
10091418   183
10091419   243
10091420   345
10091421   276
10091422   355
10091423   356
10091500   376
10091501   602
10091502   304
10091503    74
10091504    41
10091505    31
10091506    94
10091507   236
10091508   117
10091509    64
10091510    34
10091511    43
10091512    36
10091513    30
10091514    33
10091515    36
10091516    43
10091517    44
10091518    39
10091519    30
10091520    28
10091521    68
10091522    86
10091523   106
10091600    83
10091601    46
10091602    30
10091603    23
10091604    14
10091605    15
10091606    16
10091607    16
10091608    21
10091609    31
10091610    32
10091611    42
10091612    47
10091613    51
10091614    43
10091615    55
10091616   118
10091617   287
10091618   561
10091619   376
10091620    90
10091621    49
10091622    80
10091623    30
10091700    59
10091701    67
10091702   124
10091703    82
10091704   311
10091705   320
10091706   238
10091707   321
10091708   457
10091709   392
10091710    84
10091711   136
10091712   180
10091713   129
10091714   157
10091715    72
10091716   114
10091717   164
10091718   131
10091719    81
10091720    35
10091721    75
10091722    27
10091723    28
10091800    62
10091801   246
10091802   120
10091803    60
10091804    36
10091805    21
10091806    28
10091807    39
10091808   147
10091809   161
10091810    61
10091811    40
10091812    37
10091813    39
10091814    83
10091815    32
10091816    40
10091817   136
10091818    98
10091819    47
10091820    27
10091821    19
10091822    19
10091823    14
10091900    14
10091901    14
10091902    22
10091903    19
10091904    27
10091905    41
10091906    76
10091907    39
10091908    61
10091909    47
10091910    86
10091911    94
10091912   174
10091913   166
10091914   120
10091915   167
10091916    78
10091917    32
10091918    32
10091919    31
10091920    30
10091921    45
10091922    54
10091923    59
10092000    43
10092001    40
10092002    32
10092003    35
10092004    40
10092005    48
10092006    31
10092007    33
10092008    45
10092009    45
10092010    82
10092011    51
10092012    50
10092013    39
10092014    54
10092015    99
10092016    91
10092017    35
10092018    28
10092019    60
10092020    41
10092021    22
10092022    19
10092023    20
10092100    27
10092101    31
10092102   125
10092103    50
10092104    98
10092105   138
10092106   134
10092107   115
10092108    79
10092109   105
10092110    63
10092111    38
10092112    29
10092113    22
10092114    22
10092115    20
10092116    26
10092117    19
10092118    20
10092119    17
10092120    16
10092121    18
10092122    18
10092123    27
10092200    26
10092201    30
10092202    27
10092203    24
10092204    25
10092205    31
10092206    33
10092207    31
10092208    30
10092209    31
10092210    30
10092211    27
10092212    26
10092213    26
10092214    23
10092215    24
10092216    20
10092217    26
10092218    30
10092219    33
10092220    51
10092221    46
10092222    26
10092223    25
10092300    28
10092301    26
10092302    53
10092303    54
10092304    39
10092305    40
10092306    51
10092307    57
10092308    46
10092309    41
10092310   126
10092311   101
10092312    40
10092313    31
10092314    36
10092315    35
10092316    48
10092317    55
10092318    46
10092319   124
10092320    92
10092321    51
10092322    33
10092323    30
10092400    28
10092401    37
10092402    92
10092403   163
10092404   173
10092405   163
10092406   406
10092407   410
10092408   480
10092409   265
10092410   217
10092411   123
10092412   431
10092413   543
10092414   311
10092415   403
10092416   577
10092417   495
10092418   405
10092419    88
10092420   121
10092421   295
10092422   683
10092423   534
10092500   260
10092501   117
10092502   242
10092503   152
10092504    98
10092505   187
10092506   151
10092507   141
10092508    79
10092509   127
10092510   191
10092511    46
10092512    39
10092513    33
10092514    84
10092515    85
10092516    98
10092517   115
10092518    64
10092519    42
10092520    85
10092521    72
10092522    33
10092523    28
10092600    31
10092601    30
10092602    24
10092603    22
10092604    35
10092605    59
10092606    54
10092607   132
10092608   205
10092609   122
10092610    51
10092611    33
10092612    27
10092613    25
10092614   172
10092615   376
10092616    98
10092617   162
10092618   194
10092619   148
10092620   155
10092621   138
10092622    44
10092623   136
10092700    84
10092701    26
10092702    14
10092703    15
10092704    21
10092705    26
10092706    37
10092707    92
10092708    87
10092709    32
10092710    25
10092711    23
10092712    26
10092713    25
10092714    51
10092715   343
10092716   335
10092717    90
10092718   111
10092719   231
10092720   274
10092721   107
10092722   212
10092723    96
10092800    76
10092801    21
10092802    16
10092803    57
10092804    22
10092805    17
10092806    21
10092807   121
10092808   668
10092809   294
10092810    61
10092811    34
10092812    42
10092813   138
10092814   262
10092815   215
10092816    49
10092817    31
10092818    29
10092819    41
10092820   102
10092821    47
10092822    22
10092823    22
10092900    25
10092901    28
10092902    41
10092903   148
10092904   197
10092905   163
10092906    84
10092907    48
10092908    55
10092909    65
10092910    71
10092911    28
10092912    60
10092913   224
10092914   250
10092915   169
10092916    98
10092917    43
10092918    27
10092919    32
10092920    30
10092921    29
10092922    26
10092923    23
10093000    27
10093001    26
10093002    24
10093003    27
10093004    42
10093005    39
10093006    36
10093007    44
10093008    45
10093009    36
10093010    28
10093011    30
10093012    31
10093013    29
10093014    24
10093015    26
10093016    32
10093017    35
10093018    32
10093019    32
10093020    29
10093021    28
10093022    19
10093023    19

Thu De 1
