10080100    45
10080101    33
10080102    34
10080103    16
10080104    35
10080105    40
10080106    90
10080107    31
10080108    44
10080109    65
10080110    44
10080111   131
10080112    92
10080113    39
10080114    54
10080115   119
10080116    95
10080117    73
10080118    55
10080119    61
10080120    65
10080121    64
10080122    71
10080123    58
10080200    55
10080201    45
10080202    50
10080203   250
10080204   183
10080205    78
10080206   140
10080207   197
10080208   151
10080209    84
10080210    74
10080211    94
10080212   123
10080213   149
10080214   185
10080215   239
10080216   119
10080217    54
10080218    51
10080219    48
10080220    64
10080221    63
10080222   175
10080223   232
10080300    90
10080301    80
10080302    63
10080303   296
10080304   311
10080305   405
10080306   234
10080307   118
10080308    98
10080309   211
10080310   112
10080311    95
10080312    60
10080313    71
10080314    65
10080315    33
10080316    38
10080317   112
10080318   205
10080319   301
10080320   564
10080321   790
10080322   771
10080323   461
10080400   759
10080401   500
10080402   669
10080403   450
10080404   507
10080405   363
10080406   114
10080407    91
10080408    68
10080409   140
10080410   211
10080411   379
10080412   343
10080413   585
10080414  1088
10080415   852
10080416   903
10080417  1004
10080418  1055
10080419   937
10080420   702
10080421   525
10080422   641
10080423   478
10080500   570
10080501   641
10080502   326
10080503   364
10080504   323
10080505   127
10080506    34
10080507    33
10080508    40
10080509    46
10080510    53
10080511    88
10080512   187
10080513   111
10080514   194
10080515   207
10080516    62
10080517    53
10080518    57
10080519    61
10080520    52
10080521    41
10080522    48
10080523   172
10080600   188
10080601    39
10080602    51
10080603   230
10080604   298
10080605   461
10080606   272
10080607    68
10080608    31
10080609    53
10080610   106
10080611   112
10080612   164
10080613   221
10080614   234
10080615   273
10080616   337
10080617   359
10080618   287
10080619   123
10080620    50
10080621    44
10080622    33
10080623    31
10080700    35
10080701    44
10080702    86
10080703   229
10080704    91
10080705    54
10080706    57
10080707   175
10080708   278
10080709   252
10080710   147
10080711    58
10080712    42
10080713    57
10080714    32
10080715    31
10080716    53
10080717    37
10080718    37
10080719    28
10080720    27
10080721    29
10080722    42
10080723    51
10080800    25
10080801    18
10080802    23
10080803    16
10080804    16
10080805    31
10080806    23
10080807    27
10080808    31
10080809    42
10080810    50
10080811    39
10080812    32
10080813    25
10080814    28
10080815    31
10080816    46
10080817    81
10080818    42
10080819    31
10080820    40
10080821    25
10080822    27
10080823    39
10080900    39
10080901    66
10080902   236
10080903   364
10080904   367
10080905   665
10080906   373
10080907   330
10080908   123
10080909    78
10080910    39
10080911    31
10080912    61
10080913    40
10080914    60
10080915    69
10080916   104
10080917   226
10080918   179
10080919   164
10080920   250
10080921   140
10080922    54
10080923    52
10081000    49
10081001   118
10081002   242
10081003   271
10081004   320
10081005   264
10081006    61
10081007   266
10081008   191
10081009   103
10081010    52
10081011    38
10081012    47
10081013   134
10081014    43
10081015    57
10081016    49
10081017   101
10081018    89
10081019    60
10081020    70
10081021   103
10081022   371
10081023   357
10081100   516
10081101   521
10081102   523
10081103   136
10081104   213
10081105   343
10081106   394
10081107   481
10081108   359
10081109   131
10081110   166
10081111   215
10081112   154
10081113   111
10081114   137
10081115   291
10081116   161
10081117   208
10081118   178
10081119    91
10081120    96
10081121    58
10081122    78
10081123    84
10081200   112
10081201   183
10081202   199
10081203   201
10081204   219
10081205   223
10081206   295
10081207   208
10081208   122
10081209    75
10081210    74
10081211   147
10081212   108
10081213    93
10081214    90
10081215    62
10081216    49
10081217    40
10081218    50
10081219    55
10081220    60
10081221    52
10081222    73
10081223    53
10081300    35
10081301    27
10081302    70
10081303   306
10081304   205
10081305   133
10081306    90
10081307   150
10081308    84
10081309    55
10081310    63
10081311    52
10081312    38
10081313    37
10081314    53
10081315    98
10081316   156
10081317   126
10081318    73
10081319    53
10081320    66
10081321    52
10081322    44
10081323    62
10081400    51
10081401    60
10081402    50
10081403    24
10081404    14
10081405    19
10081406    20
10081407   127
10081408    66
10081409    43
10081410    76
10081411    58
10081412    89
10081413   107
10081414   101
10081415    91
10081416   145
10081417   122
10081418    42
10081419    58
10081420    53
10081421    52
10081422    43
10081423    39
10081500    63
10081501   161
10081502   254
10081503   135
10081504    30
10081505    18
10081506    18
10081507    32
10081508    24
10081509    45
10081510    59
10081511    68
10081512   158
10081513   116
10081514    90
10081515    57
10081516    44
10081517    56
10081518    55
10081519    74
10081520    49
10081521    71
10081522    78
10081523    98
10081600   116
10081601   140
10081602   176
10081603   202
10081604   230
10081605   166
10081606   206
10081607   268
10081608   274
10081609   178
10081610   199
10081611   200
10081612   140
10081613   107
10081614   128
10081615   167
10081616   325
10081617   329
10081618   247
10081619   210
10081620    60
10081621    66
10081622    47
10081623    40
10081700    43
10081701   109
10081702    70
10081703    82
10081704    96
10081705    35
10081706    80
10081707   107
10081708    76
10081709    42
10081710    47
10081711    69
10081712   127
10081713   107
10081714    97
10081715   119
10081716   164
10081717   144
10081718   113
10081719    94
10081720    76
10081721   110
10081722   103
10081723    54
10081800    28
10081801    36
10081802   113
10081803   311
10081804   280
10081805   104
10081806    47
10081807    71
10081808   149
10081809   105
10081810    43
10081811    60
10081812   130
10081813   122
10081814   207
10081815    55
10081816    30
10081817    39
10081818    33
10081819    35
10081820    37
10081821    38
10081822    26
10081823    33
10081900    34
10081901    36
10081902    47
10081903    59
10081904    68
10081905   157
10081906   214
10081907   112
10081908   117
10081909   177
10081910   122
10081911    53
10081912    36
10081913    42
10081914    40
10081915    46
10081916    47
10081917    67
10081918    45
10081919    41
10081920    35
10081921    33
10081922    22
10081923    23
10082000    25
10082001    33
10082002    15
10082003    10
10082004     9
10082005     7
10082006    11
10082007    24
10082008    35
10082009    46
10082010    54
10082011    76
10082012   117
10082013   162
10082014    83
10082015    61
10082016    59
10082017    44
10082018    36
10082019    44
10082020    42
10082021    49
10082022    70
10082023    44
10082100    28
10082101    29
10082102    23
10082103    42
10082104    61
10082105    81
10082106    49
10082107    50
10082108    40
10082109    58
10082110    57
10082111    61
10082112    56
10082113    40
10082114    45
10082115    50
10082116    55
10082117    38
10082118    36
10082119    43
10082120    41
10082121    36
10082122    34
10082123    29
10082200    23
10082201    20
10082202    13
10082203     7
10082204     6
10082205    10
10082206    25
10082207    38
10082208    44
10082209    40
10082210    40
10082211    46
10082212    63
10082213    64
10082214    44
10082215    29
10082216    43
10082217    43
10082218    43
10082219    38
10082220    33
10082221    38
10082222    31
10082223    27
10082300    30
10082301    23
10082302    13
10082303    10
10082304     8
10082305    13
10082306    23
10082307    35
10082308    55
10082309    50
10082310    48
10082311    58
10082312    60
10082313    58
10082314    47
10082315    50
10082316    52
10082317    35
10082318    61
10082319    52
10082320    61
10082321    59
10082322   131
10082323   199
10082400   450
10082401   360
10082402   336
10082403   220
10082404   270
10082405   396
10082406   317
10082407   161
10082408    53
10082409    91
10082410   163
10082411   590
10082412   659
10082413   243
10082414   142
10082415   429
10082416   309
10082417   173
10082418   146
10082419   116
10082420    98
10082421   293
10082422   460
10082423   371
10082500   113
10082501   145
10082502   742
10082503   824
10082504   693
10082505   328
10082506   124
10082507   185
10082508   148
10082509   252
10082510   516
10082511   561
10082512   308
10082513    75
10082514   193
10082515   356
10082516   285
10082517   158
10082518   105
10082519    96
10082520   132
10082521   271
10082522   382
10082523   488
10082600   420
10082601   327
10082602   377
10082603   442
10082604   269
10082605   301
10082606   165
10082607   309
10082608   397
10082609   324
10082610   296
10082611   255
10082612   190
10082613    80
10082614   150
10082615   161
10082616   179
10082617    46
10082618    31
10082619    33
10082620    77
10082621    53
10082622    33
10082623    24
10082700    33
10082701    37
10082702    85
10082703   221
10082704   165
10082705   424
10082706   498
10082707   427
10082708   142
10082709   352
10082710   475
10082711   221
10082712   116
10082713   115
10082714   277
10082715   179
10082716   358
10082717   338
10082718    59
10082719    34
10082720    34
10082721   118
10082722   447
10082723   365
10082800   316
10082801   204
10082802    93
10082803   150
10082804   100
10082805    84
10082806   339
10082807   335
10082808   122
10082809   212
10082810   135
10082811   218
10082812   289
10082813   106
10082814    43
10082815    52
10082816    37
10082817   103
10082818   102
10082819    60
10082820    60
10082821   146
10082822    48
10082823    24
10082900    34
10082901    86
10082902    21
10082903    14
10082904    13
10082905    18
10082906    45
10082907   140
10082908    55
10082909    45
10082910    37
10082911    39
10082912    41
10082913    38
10082914    32
10082915    31
10082916    32
10082917    38
10082918    44
10082919    46
10082920    48
10082921    51
10082922    37
10082923    30
10083000    32
10083001    22
10083002    17
10083003     8
10083004     7
10083005    15
10083006    23
10083007    32
10083008    41
10083009    37
10083010    38
10083011    42
10083012    44
10083013    41
10083014    35
10083015    36
10083016    34
10083017    39
10083018    41
10083019    41
10083020    43
10083021    45
10083022    48
10083023    52
10083100    38
10083101    31
10083102    22
10083103    14
10083104     8
10083105    19
10083106    33
10083107    33
10083108    35
10083109    36
10083110    38
10083111    40
10083112    37
10083113    39
10083114    32
10083115    32
10083116    30
10083117    36
10083118    55
10083119    53
10083120    35
10083121    36
10083122    40
10083123    35

Thu De 1
