10030100    64
10030101    23
10030102    43
10030103    83
10030104   115
10030105    95
10030106    79
10030107   128
10030108   141
10030109    73
10030110    30
10030111    29
10030112   139
10030113   126
10030114    45
10030115    82
10030116    42
10030117    41
10030118    30
10030119    30
10030120    32
10030121    30
10030122    29
10030123    56
10030200    23
10030201    21
10030202    19
10030203    17
10030204    16
10030205    18
10030206    23
10030207    20
10030208    17
10030209    24
10030210    39
10030211   301
10030212   488
10030213   388
10030214   373
10030215   170
10030216    50
10030217    53
10030218    35
10030219    24
10030220    29
10030221    47
10030222   227
10030223   132
10030300    39
10030301    41
10030302   118
10030303   256
10030304   201
10030305    58
10030306    16
10030307    14
10030308    34
10030309   123
10030310   230
10030311   302
10030312   151
10030313   117
10030314   259
10030315    97
10030316   153
10030317   375
10030318   393
10030319   196
10030320   182
10030321    66
10030322   113
10030323   210
10030400    50
10030401    23
10030402    35
10030403   108
10030404   216
10030405   233
10030406   135
10030407   125
10030408    52
10030409    26
10030410    21
10030411    21
10030412   101
10030413   383
10030414   351
10030415   192
10030416    67
10030417    42
10030418    38
10030419    27
10030420    29
10030421    35
10030422    23
10030423    23
10030500    18
10030501    20
10030502    21
10030503    19
10030504    23
10030505    27
10030506    45
10030507    85
10030508   231
10030509   242
10030510   173
10030511   260
10030512   190
10030513   180
10030514    65
10030515    79
10030516    59
10030517    55
10030518    88
10030519    30
10030520    21
10030521    31
10030522    22
10030523    69
10030600   294
10030601   159
10030602    37
10030603    25
10030604    24
10030605    23
10030606    44
10030607    37
10030608    34
10030609    32
10030610    40
10030611    45
10030612    58
10030613    83
10030614    27
10030615    41
10030616    46
10030617    85
10030618    84
10030619    46
10030620    26
10030621    40
10030622    87
10030623   107
10030700   185
10030701    93
10030702   117
10030703   130
10030704   149
10030705   185
10030706   271
10030707    94
10030708    27
10030709    25
10030710    23
10030711   100
10030712    40
10030713    27
10030714    23
10030715    24
10030716    31
10030717    72
10030718    77
10030719    42
10030720    30
10030721    23
10030722    21
10030723    19
10030800    18
10030801    19
10030802    32
10030803    74
10030804   105
10030805   106
10030806   104
10030807   127
10030808    92
10030809   107
10030810    54
10030811    37
10030812    23
10030813    36
10030814   113
10030815   166
10030816    74
10030817    62
10030818    60
10030819   110
10030820    62
10030821    35
10030822    30
10030823    31
10030900    26
10030901    19
10030902    17
10030903    14
10030904    13
10030905    14
10030906    14
10030907    14
10030908    23
10030909    26
10030910    28
10030911    25
10030912    28
10030913    33
10030914   148
10030915   101
10030916    35
10030917    81
10030918    36
10030919    16
10030920    22
10030921    26
10030922    25
10030923    26
10031000    51
10031001    30
10031002    30
10031003    20
10031004    19
10031005    19
10031006    97
10031007   101
10031008   120
10031009    78
10031010    46
10031011    27
10031012    65
10031013   198
10031014   384
10031015   281
10031016   557
10031017   523
10031018   304
10031019   315
10031020   242
10031021   318
10031022   382
10031023   227
10031100   338
10031101   287
10031102   192
10031103   121
10031104   138
10031105   308
10031106   430
10031107   241
10031108   202
10031109   383
10031110   191
10031111   218
10031112    96
10031113   131
10031114    66
10031115    51
10031116    35
10031117   111
10031118   212
10031119   160
10031120    92
10031121    41
10031122    28
10031123    44
10031200   177
10031201   233
10031202    79
10031203    50
10031204   138
10031205   314
10031206   201
10031207    77
10031208   100
10031209   202
10031210   182
10031211   195
10031212   282
10031213   397
10031214   185
10031215   288
10031216   109
10031217    52
10031218   117
10031219   135
10031220   199
10031221   183
10031222   129
10031223   158
10031300   154
10031301    46
10031302    35
10031303    33
10031304    34
10031305    51
10031306    55
10031307    45
10031308    44
10031309    41
10031310    59
10031311    36
10031312    36
10031313    23
10031314    28
10031315    70
10031316   104
10031317    49
10031318    94
10031319   104
10031320   197
10031321    79
10031322    50
10031323    72
10031400   145
10031401   182
10031402    60
10031403    54
10031404    75
10031405    85
10031406    67
10031407   113
10031408   245
10031409   169
10031410    58
10031411    41
10031412   118
10031413   385
10031414   404
10031415   232
10031416   219
10031417   163
10031418   106
10031419   157
10031420   140
10031421   235
10031422   203
10031423    41
10031500    38
10031501    33
10031502    26
10031503    26
10031504    24
10031505    24
10031506    35
10031507    41
10031508    46
10031509    61
10031510    45
10031511    30
10031512    28
10031513    31
10031514    42
10031515    34
10031516   113
10031517   200
10031518   134
10031519   247
10031520    98
10031521    29
10031522    30
10031523    22
10031600    28
10031601    42
10031602    33
10031603    32
10031604    32
10031605    36
10031606    40
10031607    52
10031608    44
10031609    35
10031610    34
10031611    32
10031612    50
10031613   223
10031614   125
10031615    83
10031616    31
10031617    35
10031618    24
10031619    29
10031620    29
10031621    85
10031622   160
10031623    69
10031700    40
10031701    37
10031702    34
10031703    35
10031704    85
10031705   347
10031706   175
10031707   128
10031708   165
10031709    58
10031710    37
10031711    36
10031712    23
10031713    18
10031714    16
10031715    18
10031716    23
10031717    22
10031718    17
10031719    17
10031720    50
10031721    52
10031722   201
10031723   278
10031800   251
10031801   329
10031802   307
10031803   172
10031804   123
10031805    23
10031806    22
10031807    25
10031808    26
10031809    24
10031810    20
10031811    22
10031812    28
10031813    30
10031814    36
10031815    37
10031816    30
10031817    25
10031818    35
10031819   162
10031820    77
10031821    33
10031822    84
10031823    43
10031900    26
10031901    23
10031902    23
10031903    22
10031904    22
10031905    27
10031906    86
10031907   194
10031908   188
10031909   100
10031910    45
10031911    33
10031912    36
10031913    37
10031914    46
10031915   120
10031916    64
10031917    28
10031918    34
10031919    37
10031920   205
10031921   159
10031922   146
10031923    54
10032000    40
10032001    37
10032002    65
10032003   101
10032004   271
10032005   160
10032006   150
10032007   336
10032008   243
10032009    61
10032010    44
10032011    33
10032012    30
10032013    63
10032014   251
10032015   139
10032016   118
10032017   113
10032018   216
10032019   154
10032020    33
10032021    27
10032022    26
10032023    25
10032100    20
10032101    21
10032102    20
10032103    26
10032104    23
10032105    32
10032106    49
10032107    32
10032108    47
10032109    34
10032110    36
10032111    31
10032112    32
10032113    30
10032114    60
10032115    31
10032116    29
10032117    40
10032118    37
10032119    31
10032120    26
10032121    33
10032122    27
10032123    24
10032200    20
10032201    17
10032202    19
10032203    22
10032204    23
10032205    21
10032206    34
10032207    45
10032208    43
10032209    38
10032210    37
10032211    34
10032212    34
10032213    35
10032214    31
10032215    28
10032216    22
10032217    19
10032218    22
10032219    30
10032220    27
10032221    32
10032222    32
10032223    26
10032300    23
10032301    22
10032302    26
10032303    27
10032304    27
10032305    24
10032306    28
10032307    30
10032308    27
10032309    35
10032310    39
10032311    38
10032312    65
10032313    37
10032314    30
10032315    29
10032316    29
10032317    44
10032318    74
10032319    33
10032320    30
10032321    33
10032322    36
10032323    33
10032400    36
10032401    36
10032402    38
10032403    39
10032404    33
10032405    25
10032406    14
10032407    10
10032408    20
10032409    35
10032410    48
10032411    52
10032412    72
10032413   120
10032414   258
10032415   395
10032416   122
10032417    93
10032418   107
10032419    49
10032420    29
10032421    28
10032422   117
10032423    61
10032500    43
10032501    40
10032502    53
10032503   152
10032504   118
10032505    70
10032506    24
10032507    20
10032508    32
10032509    50
10032510    39
10032511    39
10032512    47
10032513    50
10032514   135
10032515   102
10032516    44
10032517   165
10032518   300
10032519   239
10032520   147
10032521    50
10032522    32
10032523    31
10032600    26
10032601    26
10032602    43
10032603    42
10032604    77
10032605    70
10032606   101
10032607    81
10032608   136
10032609    74
10032610    34
10032611    67
10032612   382
10032613   162
10032614    31
10032615    41
10032616    34
10032617    28
10032618    20
10032619    21
10032620    18
10032621    24
10032622    36
10032623   129
10032700    91
10032701    92
10032702    34
10032703   126
10032704   132
10032705    50
10032706    84
10032707    80
10032708    41
10032709    34
10032710    34
10032711    33
10032712    33
10032713    29
10032714    27
10032715    29
10032716    31
10032717    30
10032718    28
10032719    29
10032720    33
10032721    33
10032722    31
10032723    25
10032800    25
10032801    27
10032802    31
10032803    98
10032804   274
10032805   425
10032806   306
10032807   239
10032808    86
10032809    65
10032810    43
10032811   133
10032812   330
10032813   243
10032814   120
10032815    85
10032816   245
10032817    64
10032818    29
10032819    34
10032820    26
10032821    38
10032822    25
10032823    32
10032900    30
10032901    41
10032902    45
10032903    38
10032904    41
10032905    36
10032906    45
10032907    50
10032908    97
10032909    41
10032910    48
10032911    76
10032912    94
10032913    46
10032914    51
10032915    78
10032916   213
10032917   169
10032918    95
10032919    73
10032920    41
10032921    67
10032922    93
10032923   280
10033000   169
10033001    57
10033002    58
10033003    76
10033004    63
10033005    48
10033006    32
10033007    45
10033008    88
10033009    54
10033010    61
10033011    39
10033012    87
10033013   145
10033014    99
10033015    64
10033016   106
10033017    51
10033018   185
10033019   440
10033020   278
10033021   193
10033022   213
10033023   148
10033100   103
10033101    80
10033102    69
10033103   102
10033104    83
10033105   156
10033106    70
10033107    62
10033108    66
10033109   131
10033110   299
10033111   158
10033112   136
10033113   115
10033114    99
10033115   170
10033116   208
10033117   251
10033118   108
10033119   102
10033120   114
10033121   154
10033122   272
10033123   253

Thu De 1
