11080100    78
11080101    78
11080102   269
11080103   413
11080104   353
11080105   330
11080106   416
11080107   388
11080108   206
11080109    65
11080110    95
11080111    78
11080112    51
11080113    35
11080114    31
11080115    44
11080116    45
11080117    44
11080118    48
11080119    66
11080120   120
11080121    52
11080122    67
11080123   151
11080200   351
11080201   236
11080202   143
11080203    65
11080204    31
11080205    26
11080206    57
11080207    68
11080208    84
11080209    68
11080210    65
11080211    77
11080212    56
11080213    94
11080214   167
11080215   168
11080216    73
11080217    38
11080218    73
11080219   102
11080220    99
11080221    44
11080222    46
11080223    38
11080300    48
11080301    49
11080302    47
11080303    45
11080304    37
11080305    23
11080306    17
11080307    26
11080308    44
11080309    43
11080310    66
11080311    60
11080312    62
11080313    54
11080314    58
11080315    42
11080316    56
11080317    53
11080318    54
11080319    86
11080320   103
11080321   130
11080322    56
11080323    41
11080400    36
11080401    34
11080402    35
11080403    35
11080404    35
11080405    28
11080406    31
11080407    35
11080408    35
11080409    41
11080410    47
11080411    36
11080412    43
11080413   190
11080414    75
11080415    38
11080416   126
11080417    70
11080418    49
11080419    42
11080420    39
11080421    52
11080422    78
11080423   237
11080500   530
11080501   221
11080502   171
11080503   242
11080504   192
11080505    67
11080506    23
11080507    23
11080508    45
11080509    52
11080510    52
11080511    49
11080512    47
11080513    40
11080514    43
11080515    63
11080516   133
11080517   141
11080518   205
11080519   814
11080520   920
11080521  1137
11080522  1754
11080523   664
11080600   404
11080601   876
11080602  1108
11080603   740
11080604   231
11080605   675
11080606   599
11080607   672
11080608   278
11080609   167
11080610   278
11080611   394
11080612   357
11080613   127
11080614    87
11080615   323
11080616   315
11080617    71
11080618    60
11080619    61
11080620    67
11080621    37
11080622    45
11080623   236
11080700   343
11080701   152
11080702   198
11080703   242
11080704   126
11080705   312
11080706   225
11080707   213
11080708   222
11080709    67
11080710    73
11080711   155
11080712   286
11080713   235
11080714   130
11080715    79
11080716    90
11080717   216
11080718   296
11080719   185
11080720   226
11080721   312
11080722   388
11080723   297
11080800   158
11080801    98
11080802    74
11080803   171
11080804   443
11080805   440
11080806   319
11080807   184
11080808   106
11080809   152
11080810   665
11080811   556
11080812   578
11080813   301
11080814   129
11080815    96
11080816   122
11080817   131
11080818    64
11080819    62
11080820    47
11080821    58
11080822    80
11080823   303
11080900   429
11080901   169
11080902    58
11080903    60
11080904   232
11080905   522
11080906   328
11080907   123
11080908   108
11080909   188
11080910   245
11080911   115
11080912    61
11080913    40
11080914    41
11080915    47
11080916    73
11080917   152
11080918   202
11080919   242
11080920    73
11080921    47
11080922    49
11080923    67
11081000   121
11081001    95
11081002    54
11081003   148
11081004   187
11081005   353
11081006   410
11081007   408
11081008   215
11081009   361
11081010   224
11081011   248
11081012   158
11081013    39
11081014    45
11081015    62
11081016   113
11081017   135
11081018   118
11081019   100
11081020   182
11081021   150
11081022    66
11081023    47
11081100    49
11081101    44
11081102    50
11081103    94
11081104    80
11081105    50
11081106    39
11081107   133
11081108   186
11081109   187
11081110    77
11081111    59
11081112    73
11081113   201
11081114    95
11081115   106
11081116   138
11081117   129
11081118   127
11081119   128
11081120   184
11081121   154
11081122    78
11081123    41
11081200    30
11081201    29
11081202    51
11081203   102
11081204   154
11081205    95
11081206    87
11081207    71
11081208    55
11081209    75
11081210   271
11081211   339
11081212   105
11081213    49
11081214    42
11081215   103
11081216    89
11081217    85
11081218   185
11081219   135
11081220    89
11081221    44
11081222    32
11081223    42
11081300    34
11081301    75
11081302   133
11081303   192
11081304   161
11081305   115
11081306   133
11081307    67
11081308    41
11081309    47
11081310    56
11081311    61
11081312    58
11081313    59
11081314    80
11081315    53
11081316    28
11081317    54
11081318    74
11081319   166
11081320   183
11081321   157
11081322   114
11081323    77
11081400   102
11081401   313
11081402   118
11081403   108
11081404   214
11081405   175
11081406   115
11081407   169
11081408   188
11081409    85
11081410    72
11081411    39
11081412    42
11081413    58
11081414   133
11081415   180
11081416   274
11081417   539
11081418   337
11081419   126
11081420   122
11081421   174
11081422   376
11081423   373
11081500   507
11081501   693
11081502   407
11081503   306
11081504   250
11081505   214
11081506    82
11081507    59
11081508   103
11081509   240
11081510   159
11081511    91
11081512   181
11081513   118
11081514    97
11081515    57
11081516   179
11081517   526
11081518   550
11081519   297
11081520   204
11081521   215
11081522   191
11081523   321
11081600   276
11081601    82
11081602    27
11081603    47
11081604    99
11081605    83
11081606   112
11081607   158
11081608   209
11081609   277
11081610   361
11081611    99
11081612   182
11081613   391
11081614   264
11081615   107
11081616    58
11081617    77
11081618   127
11081619    92
11081620    98
11081621    99
11081622   109
11081623    83
11081700   104
11081701   181
11081702   243
11081703    57
11081704    83
11081705   123
11081706   321
11081707   203
11081708    52
11081709    57
11081710   107
11081711   388
11081712   455
11081713   166
11081714    71
11081715    46
11081716    36
11081717    33
11081718    34
11081719    73
11081720   111
11081721    58
11081722    57
11081723    46
11081800    43
11081801    41
11081802    38
11081803    30
11081804    27
11081805    39
11081806    48
11081807    56
11081808    50
11081809    47
11081810    45
11081811    45
11081812    50
11081813    50
11081814    57
11081815    64
11081816   139
11081817    81
11081818    51
11081819    98
11081820    86
11081821    40
11081822    33
11081823    33
11081900    32
11081901    34
11081902    32
11081903    27
11081904    25
11081905    15
11081906    31
11081907    47
11081908    53
11081909    49
11081910    53
11081911    47
11081912    40
11081913    48
11081914    54
11081915    41
11081916    34
11081917    33
11081918    33
11081919    37
11081920    49
11081921    61
11081922    51
11081923    42
11082000    36
11082001    37
11082002    37
11082003    49
11082004    61
11082005    51
11082006    28
11082007    51
11082008    56
11082009    45
11082010    51
11082011    56
11082012    73
11082013    83
11082014   101
11082015    55
11082016    39
11082017    66
11082018   216
11082019    54
11082020    72
11082021   114
11082022   128
11082023   135
11082100    64
11082101    38
11082102    36
11082103    33
11082104    29
11082105    22
11082106    15
11082107    25
11082108    36
11082109    41
11082110    44
11082111    46
11082112    47
11082113    46
11082114    44
11082115    47
11082116    47
11082117    62
11082118    81
11082119    59
11082120    79
11082121    50
11082122    45
11082123    42
11082200    73
11082201   203
11082202    51
11082203    26
11082204    36
11082205    69
11082206    52
11082207   148
11082208   316
11082209   160
11082210    48
11082211    43
11082212    36
11082213    33
11082214    33
11082215    36
11082216    59
11082217   317
11082218   559
11082219   119
11082220    59
11082221   109
11082222   137
11082223   246
11082300   123
11082301    64
11082302    50
11082303    43
11082304    36
11082305    29
11082306    54
11082307    83
11082308   102
11082309    60
11082310    67
11082311    74
11082312   160
11082313    85
11082314    93
11082315   245
11082316   110
11082317   165
11082318   368
11082319   446
11082320   122
11082321    86
11082322    65
11082323   151
11082400   208
11082401   375
11082402   368
11082403    95
11082404    43
11082405    34
11082406    37
11082407    34
11082408    43
11082409    38
11082410    38
11082411    60
11082412    50
11082413    54
11082414   132
11082415   210
11082416   219
11082417    51
11082418    47
11082419    43
11082420    41
11082421    50
11082422   105
11082423   298
11082500   117
11082501   102
11082502    40
11082503    34
11082504    28
11082505    37
11082506    43
11082507    46
11082508    58
11082509    56
11082510    92
11082511   162
11082512   181
11082513   346
11082514   203
11082515   300
11082516   142
11082517   136
11082518   230
11082519   417
11082520   357
11082521   230
11082522   124
11082523    59
11082600    36
11082601    40
11082602    32
11082603    29
11082604    27
11082605    21
11082606    27
11082607    38
11082608    47
11082609    42
11082610    41
11082611    46
11082612    49
11082613    42
11082614    66
11082615   106
11082616   153
11082617   118
11082618   122
11082619   237
11082620    79
11082621   113
11082622   127
11082623    64
11082700    54
11082701   134
11082702    79
11082703    34
11082704    27
11082705    29
11082706    59
11082707    86
11082708    48
11082709    43
11082710    58
11082711    64
11082712   162
11082713   305
11082714   321
11082715   353
11082716   316
11082717   292
11082718    73
11082719    73
11082720    49
11082721    62
11082722    54
11082723    52
11082800    70
11082801    79
11082802   143
11082803   123
11082804    90
11082805    42
11082806    44
11082807    71
11082808   145
11082809   152
11082810   205
11082811    76
11082812    56
11082813    65
11082814    73
11082815    93
11082816   137
11082817    57
11082818   132
11082819   139
11082820    92
11082821    53
11082822    60
11082823    60
11082900    80
11082901   205
11082902   104
11082903    66
11082904    36
11082905    37
11082906    55
11082907   101
11082908   265
11082909   496
11082910   106
11082911    63
11082912    57
11082913    70
11082914    53
11082915    67
11082916    57
11082917    67
11082918    59
11082919    92
11082920    70
11082921    65
11082922    80
11082923    97
11083000    52
11083001    48
11083002    39
11083003    46
11083004    25
11083005    18
11083006    20
11083007    27
11083008    85
11083009   198
11083010   221
11083011   151
11083012   185
11083013    56
11083014    69
11083015    97
11083016   113
11083017    69
11083018    72
11083019   138
11083020   173
11083021   108
11083022    48
11083023    54
11083100    49
11083101    46
11083102    40
11083103    28
11083104    24
11083105    38
11083106    82
11083107   153
11083108   138
11083109    48
11083110    50
11083111    47
11083112    43
11083113    39
11083114    41
11083115    72
11083116    45
11083117    43
11083118    44
11083119    43
11083120    49
11083121    43
11083122    39
11083123    33

Tue Ja 3
