11100100   639
11100101   314
11100102    96
11100103   174
11100104   449
11100105   309
11100106    46
11100107    81
11100108   329
11100109   316
11100110   181
11100111   130
11100112   155
11100113   122
11100114   197
11100115   128
11100116   116
11100117    80
11100118   158
11100119   231
11100120   396
11100121   361
11100122   259
11100123   102
11100200   116
11100201   101
11100202    61
11100203    79
11100204    68
11100205   247
11100206   371
11100207   648
11100208   517
11100209   271
11100210   434
11100211   321
11100212   341
11100213   283
11100214   326
11100215   407
11100216    97
11100217    62
11100218    45
11100219    62
11100220   183
11100221   348
11100222    75
11100223    32
11100300    25
11100301    22
11100302    21
11100303    21
11100304    23
11100305    24
11100306    50
11100307   121
11100308   216
11100309   144
11100310    50
11100311   227
11100312   133
11100313    73
11100314   308
11100315   286
11100316   187
11100317    88
11100318    89
11100319   135
11100320   171
11100321    68
11100322   124
11100323   128
11100400    83
11100401    70
11100402    64
11100403    38
11100404    30
11100405    29
11100406    67
11100407   236
11100408   329
11100409   271
11100410   269
11100411   305
11100412   175
11100413    58
11100414    93
11100415   312
11100416   250
11100417   247
11100418   131
11100419    51
11100420    39
11100421    36
11100422    74
11100423    53
11100500    69
11100501    81
11100502    36
11100503    46
11100504    65
11100505   256
11100506    88
11100507    72
11100508    93
11100509   306
11100510   681
11100511   304
11100512   671
11100513   799
11100514   772
11100515   713
11100516   180
11100517    98
11100518    59
11100519    67
11100520    68
11100521    69
11100522    41
11100523    27
11100600    16
11100601    23
11100602    17
11100603    22
11100604    57
11100605    41
11100606    46
11100607    51
11100608    51
11100609    50
11100610    58
11100611    65
11100612    85
11100613   245
11100614   295
11100615   349
11100616   181
11100617   137
11100618   120
11100619    61
11100620    77
11100621    70
11100622    39
11100623    23
11100700    19
11100701    20
11100702    30
11100703    67
11100704    81
11100705   315
11100706   292
11100707   349
11100708   329
11100709   324
11100710    95
11100711    66
11100712    52
11100713    41
11100714    37
11100715    31
11100716    75
11100717   167
11100718   118
11100719    57
11100720    43
11100721    48
11100722    73
11100723    65
11100800    43
11100801    37
11100802    39
11100803    70
11100804    85
11100805    78
11100806   163
11100807   137
11100808    86
11100809   101
11100810    98
11100811    95
11100812    87
11100813    63
11100814    60
11100815   121
11100816   283
11100817   345
11100818   147
11100819   118
11100820   145
11100821   374
11100822   495
11100823   454
11100900   555
11100901   442
11100902   246
11100903   376
11100904   655
11100905   550
11100906   475
11100907   407
11100908   494
11100909   502
11100910   472
11100911   366
11100912   199
11100913   130
11100914    45
11100915    65
11100916   162
11100917    72
11100918   117
11100919    47
11100920    82
11100921   331
11100922   399
11100923   158
11101000    40
11101001    29
11101002    26
11101003    53
11101004    50
11101005    46
11101006    53
11101007    49
11101008    41
11101009    37
11101010    40
11101011    37
11101012    41
11101013    37
11101014    37
11101015    41
11101016    74
11101017    72
11101018    50
11101019    58
11101020    40
11101021    24
11101022    20
11101023    15
11101100    15
11101101    15
11101102    15
11101103    19
11101104    23
11101105    28
11101106    34
11101107    36
11101108    40
11101109    36
11101110    36
11101111    39
11101112    43
11101113    51
11101114    80
11101115    81
11101116   237
11101117   234
11101118    79
11101119    42
11101120    39
11101121    27
11101122    27
11101123    18
11101200    16
11101201    19
11101202    39
11101203    65
11101204   160
11101205    76
11101206    76
11101207   166
11101208   291
11101209    69
11101210    42
11101211    40
11101212    36
11101213    35
11101214    38
11101215    76
11101216   117
11101217    82
11101218    45
11101219   165
11101220   323
11101221    43
11101222    19
11101223    24
11101300    22
11101301    35
11101302    58
11101303    88
11101304   177
11101305   178
11101306   181
11101307   171
11101308   171
11101309   129
11101310    70
11101311    52
11101312    40
11101313    79
11101314    99
11101315    63
11101316    47
11101317    48
11101318    31
11101319    25
11101320    24
11101321    28
11101322    26
11101323    22
11101400    21
11101401    24
11101402    23
11101403    24
11101404    27
11101405    32
11101406    38
11101407    35
11101408    31
11101409    31
11101410    33
11101411    35
11101412    41
11101413    47
11101414    44
11101415    47
11101416    45
11101417    35
11101418    34
11101419    54
11101420    29
11101421    29
11101422    28
11101423    29
11101500    40
11101501   103
11101502   183
11101503   169
11101504    69
11101505    59
11101506    22
11101507    23
11101508    18
11101509    20
11101510    29
11101511    45
11101512    51
11101513    73
11101514   293
11101515   295
11101516   184
11101517    85
11101518    53
11101519    43
11101520    43
11101521    38
11101522    44
11101523    39
11101600    37
11101601    39
11101602   105
11101603   254
11101604   102
11101605    52
11101606    26
11101607    23
11101608    21
11101609    26
11101610    33
11101611    86
11101612    65
11101613    98
11101614   331
11101615   125
11101616    59
11101617    54
11101618    40
11101619    37
11101620    37
11101621   123
11101622   319
11101623   168
11101700   214
11101701   155
11101702    96
11101703    45
11101704    31
11101705    30
11101706    22
11101707    29
11101708    21
11101709    39
11101710    33
11101711    35
11101712    41
11101713    50
11101714    53
11101715    53
11101716    52
11101717    51
11101718    44
11101719    40
11101720    37
11101721    58
11101722   158
11101723   120
11101800    64
11101801    47
11101802    44
11101803    36
11101804    49
11101805   111
11101806   141
11101807    76
11101808    41
11101809    35
11101810    36
11101811    37
11101812    46
11101813    44
11101814    50
11101815    65
11101816    71
11101817   112
11101818    61
11101819    46
11101820    40
11101821    39
11101822    35
11101823    33
11101900    31
11101901    48
11101902   131
11101903   136
11101904   160
11101905   106
11101906    40
11101907    32
11101908    28
11101909    34
11101910    57
11101911   317
11101912   216
11101913    60
11101914    37
11101915    56
11101916    52
11101917    36
11101918    36
11101919    40
11101920    32
11101921    32
11101922    36
11101923    25
11102000    43
11102001    66
11102002    71
11102003    38
11102004    41
11102005    49
11102006    83
11102007    37
11102008    35
11102009    30
11102010    28
11102011    24
11102012    30
11102013    37
11102014    39
11102015    34
11102016    38
11102017   102
11102018   210
11102019   170
11102020    41
11102021    39
11102022    29
11102023    31
11102100    60
11102101   129
11102102   176
11102103   199
11102104   319
11102105   193
11102106   137
11102107   109
11102108    61
11102109    74
11102110    34
11102111    27
11102112    26
11102113    29
11102114    30
11102115    30
11102116    34
11102117    35
11102118    38
11102119    35
11102120    38
11102121    32
11102122    32
11102123    58
11102200    66
11102201    26
11102202    24
11102203    47
11102204    61
11102205    46
11102206    34
11102207    23
11102208    21
11102209    24
11102210    23
11102211    29
11102212    34
11102213    31
11102214    55
11102215    33
11102216    32
11102217    26
11102218    20
11102219    22
11102220    20
11102221    21
11102222    20
11102223    18
11102300    21
11102301    19
11102302    20
11102303    21
11102304    26
11102305    51
11102306    51
11102307    60
11102308    69
11102309    48
11102310    69
11102311    98
11102312    66
11102313    89
11102314   194
11102315   120
11102316    76
11102317    40
11102318    37
11102319    36
11102320    26
11102321    33
11102322    74
11102323   213
11102400   175
11102401    78
11102402    55
11102403    46
11102404    50
11102405    65
11102406   111
11102407   134
11102408   123
11102409    79
11102410    53
11102411    66
11102412    47
11102413    37
11102414    22
11102415    28
11102416    35
11102417    36
11102418   157
11102419   847
11102420   571
11102421   439
11102422   537
11102423   866
11102500  1041
11102501   482
11102502   469
11102503   612
11102504   689
11102505   622
11102506   682
11102507   553
11102508   526
11102509   273
11102510   220
11102511   281
11102512   180
11102513    88
11102514    71
11102515    49
11102516    39
11102517    32
11102518    28
11102519    29
11102520    23
11102521    22
11102522    25
11102523    20
11102600    14
11102601    24
11102602    27
11102603    45
11102604    41
11102605    49
11102606    46
11102607    36
11102608    34
11102609    57
11102610    70
11102611    32
11102612    25
11102613    29
11102614    33
11102615    35
11102616   103
11102617   109
11102618    44
11102619    28
11102620    27
11102621    41
11102622    54
11102623    32
11102700    28
11102701    35
11102702    44
11102703    59
11102704   208
11102705   122
11102706   108
11102707   128
11102708   153
11102709    60
11102710    30
11102711   158
11102712   155
11102713   115
11102714   111
11102715    37
11102716    35
11102717    28
11102718    24
11102719    20
11102720    37
11102721    30
11102722    26
11102723    26
11102800    27
11102801    29
11102802    21
11102803    22
11102804    23
11102805    15
11102806    14
11102807     8
11102808    13
11102809    27
11102810    31
11102811    41
11102812    34
11102813    29
11102814    28
11102815    35
11102816    32
11102817    38
11102818    33
11102819    32
11102820    33
11102821    31
11102822    29
11102823    25
11102900    26
11102901    23
11102902    20
11102903    18
11102904    15
11102905    11
11102906     8
11102907     8
11102908    17
11102909    26
11102910    29
11102911    32
11102912    34
11102913    38
11102914    43
11102915    92
11102916    40
11102917    29
11102918    33
11102919    33
11102920    30
11102921    26
11102922    26
11102923    27
11103000    28
11103001    25
11103002    50
11103003    56
11103004    45
11103005    43
11103006    68
11103007    34
11103008    19
11103009    20
11103010    36
11103011   155
11103012   379
11103013   331
11103014   399
11103015   558
11103016   196
11103017    73
11103018    54
11103019    41
11103020    33
11103021    23
11103022    60
11103023   207
11103100   154
11103101   367
11103102   173
11103103    36
11103104    18
11103105    19
11103106    28
11103107    25
11103108    43
11103109   108
11103110   208
11103111   245
11103112   154
11103113   199
11103114   163
11103115   125
11103116    75
11103117    50
11103118   119
11103119   404
11103120   524
11103121   410
11103122   286
11103123   266

Tue Ja 3
