11070100   306
11070101   410
11070102   549
11070103   633
11070104   796
11070105   655
11070106   944
11070107   721
11070108   206
11070109   147
11070110   209
11070111   325
11070112   468
11070113   541
11070114   543
11070115   635
11070116   545
11070117   300
11070118   139
11070119   172
11070120   205
11070121    60
11070122    58
11070123    69
11070200    68
11070201    54
11070202    38
11070203    25
11070204    17
11070205    16
11070206    22
11070207    28
11070208    52
11070209    67
11070210    62
11070211   124
11070212    88
11070213    57
11070214    42
11070215    98
11070216   119
11070217   242
11070218   446
11070219   363
11070220   470
11070221   294
11070222   211
11070223   193
11070300   180
11070301   371
11070302   609
11070303   723
11070304   529
11070305   174
11070306    68
11070307    49
11070308    36
11070309    35
11070310    76
11070311    74
11070312   107
11070313   134
11070314    66
11070315    57
11070316    64
11070317    50
11070318    55
11070319    80
11070320    58
11070321    58
11070322    55
11070323    63
11070400   110
11070401    93
11070402    70
11070403    62
11070404   116
11070405   169
11070406   108
11070407   296
11070408   293
11070409   240
11070410    84
11070411   134
11070412   271
11070413   359
11070414   302
11070415   455
11070416   492
11070417   601
11070418   725
11070419   795
11070420   769
11070421   867
11070422   746
11070423   685
11070500   692
11070501   594
11070502   580
11070503   648
11070504   788
11070505   565
11070506   170
11070507   132
11070508   232
11070509   226
11070510   170
11070511    95
11070512    60
11070513    60
11070514    69
11070515    52
11070516   125
11070517   259
11070518   394
11070519   476
11070520   490
11070521   368
11070522   455
11070523   294
11070600   221
11070601   257
11070602   163
11070603   149
11070604   354
11070605   147
11070606   394
11070607   585
11070608   353
11070609   271
11070610   135
11070611    74
11070612    69
11070613   101
11070614   149
11070615   175
11070616   191
11070617   188
11070618   211
11070619   224
11070620   145
11070621   253
11070622   355
11070623   393
11070700   354
11070701   103
11070702    75
11070703    55
11070704    58
11070705   186
11070706   218
11070707   231
11070708   101
11070709   103
11070710   278
11070711   396
11070712   262
11070713    94
11070714    80
11070715   137
11070716   156
11070717   229
11070718   197
11070719   115
11070720   263
11070721   406
11070722   149
11070723   114
11070800   135
11070801   143
11070802   106
11070803   111
11070804   166
11070805   227
11070806   185
11070807   288
11070808   157
11070809   237
11070810   314
11070811   256
11070812   122
11070813    87
11070814    96
11070815   119
11070816   144
11070817   159
11070818    48
11070819    81
11070820   276
11070821   202
11070822   295
11070823   359
11070900   149
11070901   146
11070902   239
11070903   675
11070904   758
11070905   300
11070906    62
11070907    64
11070908    80
11070909   249
11070910   215
11070911   226
11070912    80
11070913    91
11070914   120
11070915   245
11070916   165
11070917    82
11070918   213
11070919   185
11070920    86
11070921    76
11070922   274
11070923   630
11071000   437
11071001   312
11071002   360
11071003   491
11071004   261
11071005   109
11071006   298
11071007   268
11071008   330
11071009   161
11071010    66
11071011    64
11071012   134
11071013   158
11071014   126
11071015   131
11071016   325
11071017   318
11071018   147
11071019    83
11071020    74
11071021   129
11071022   104
11071023   114
11071100   241
11071101   326
11071102   345
11071103   191
11071104    76
11071105    80
11071106   261
11071107   467
11071108   202
11071109   740
11071110   722
11071111   373
11071112   467
11071113   355
11071114   260
11071115   169
11071116   218
11071117   350
11071118   207
11071119   226
11071120   355
11071121   118
11071122   196
11071123    96
11071200   437
11071201   368
11071202   169
11071203   149
11071204   414
11071205   176
11071206    56
11071207    34
11071208    32
11071209   112
11071210   207
11071211   267
11071212   294
11071213   353
11071214   257
11071215   221
11071216   306
11071217   215
11071218   211
11071219   412
11071220   187
11071221    56
11071222    65
11071223    64
11071300   224
11071301   289
11071302   264
11071303   340
11071304   393
11071305   229
11071306    58
11071307    42
11071308    57
11071309    82
11071310   116
11071311   351
11071312   163
11071313   297
11071314    75
11071315   126
11071316    67
11071317    53
11071318    49
11071319    65
11071320    74
11071321    62
11071322    65
11071323    76
11071400    69
11071401   182
11071402    83
11071403    67
11071404   190
11071405   317
11071406   268
11071407   307
11071408   169
11071409   196
11071410   530
11071411   271
11071412   279
11071413   310
11071414   126
11071415   133
11071416   189
11071417   234
11071418   337
11071419   220
11071420   158
11071421   116
11071422   139
11071423   224
11071500   116
11071501    96
11071502    59
11071503    88
11071504   335
11071505   128
11071506    51
11071507    49
11071508    41
11071509    39
11071510    37
11071511    38
11071512    44
11071513    53
11071514    54
11071515    72
11071516    71
11071517    78
11071518    91
11071519   121
11071520   125
11071521    66
11071522    64
11071523    68
11071600    60
11071601    48
11071602    41
11071603    72
11071604   152
11071605   254
11071606   248
11071607   137
11071608   121
11071609    66
11071610    51
11071611    66
11071612    55
11071613    61
11071614    67
11071615    65
11071616    60
11071617    51
11071618    58
11071619    82
11071620   113
11071621    74
11071622    48
11071623    51
11071700    49
11071701    63
11071702   121
11071703   172
11071704   121
11071705    55
11071706    48
11071707    52
11071708    98
11071709   182
11071710    56
11071711    52
11071712    47
11071713    68
11071714   107
11071715   209
11071716   137
11071717    62
11071718    86
11071719   141
11071720   138
11071721   183
11071722   130
11071723   135
11071800    88
11071801    94
11071802    96
11071803    66
11071804   126
11071805   293
11071806   194
11071807   134
11071808   160
11071809   255
11071810   276
11071811   121
11071812    59
11071813    77
11071814   234
11071815   189
11071816   211
11071817   255
11071818   216
11071819   124
11071820    70
11071821    90
11071822    99
11071823    85
11071900    92
11071901    85
11071902   110
11071903    84
11071904    76
11071905   165
11071906   197
11071907   159
11071908   124
11071909   159
11071910   392
11071911   450
11071912    93
11071913   113
11071914   138
11071915   156
11071916   632
11071917   328
11071918   510
11071919   396
11071920   410
11071921   666
11071922   449
11071923   186
11072000   477
11072001   519
11072002   536
11072003   191
11072004   342
11072005   547
11072006   446
11072007   145
11072008   282
11072009   602
11072010   248
11072011   685
11072012   367
11072013   289
11072014   115
11072015   157
11072016   237
11072017   210
11072018   326
11072019   395
11072020   313
11072021   542
11072022   553
11072023   193
11072100   504
11072101   502
11072102   320
11072103   448
11072104   290
11072105   323
11072106   330
11072107   133
11072108    61
11072109    53
11072110    81
11072111    74
11072112   411
11072113   321
11072114   152
11072115   113
11072116   184
11072117   303
11072118   396
11072119   240
11072120   206
11072121   263
11072122   232
11072123   232
11072200   223
11072201   270
11072202   353
11072203   448
11072204   429
11072205   388
11072206   587
11072207   427
11072208   426
11072209   186
11072210    85
11072211   100
11072212   109
11072213   109
11072214   175
11072215   203
11072216   117
11072217   213
11072218   176
11072219   181
11072220    57
11072221    77
11072222   150
11072223   263
11072300   148
11072301   233
11072302   391
11072303   511
11072304   525
11072305   332
11072306   359
11072307   254
11072308   203
11072309   393
11072310   284
11072311   100
11072312    60
11072313    60
11072314   123
11072315   131
11072316   122
11072317   138
11072318    47
11072319   106
11072320   357
11072321   146
11072322    71
11072323    89
11072400   100
11072401    67
11072402    61
11072403    40
11072404    42
11072405    36
11072406    33
11072407    76
11072408   115
11072409   191
11072410   134
11072411    66
11072412    42
11072413    36
11072414    49
11072415    52
11072416   160
11072417   294
11072418   209
11072419    57
11072420    88
11072421    73
11072422    61
11072423    75
11072500    62
11072501    58
11072502    56
11072503    91
11072504   438
11072505   286
11072506   272
11072507   291
11072508    71
11072509    57
11072510   176
11072511   524
11072512   448
11072513    94
11072514   152
11072515    99
11072516   147
11072517   175
11072518   253
11072519   295
11072520   230
11072521    66
11072522   120
11072523    90
11072600   163
11072601   207
11072602   249
11072603   368
11072604   190
11072605   121
11072606   144
11072607   224
11072608   213
11072609   101
11072610    63
11072611    75
11072612   124
11072613    52
11072614    80
11072615    90
11072616    45
11072617    27
11072618    86
11072619   177
11072620    69
11072621    85
11072622    67
11072623    74
11072700    78
11072701    57
11072702    58
11072703   173
11072704    95
11072705    65
11072706    44
11072707    44
11072708    51
11072709    95
11072710    93
11072711    41
11072712    38
11072713    44
11072714    43
11072715    40
11072716    52
11072717    44
11072718    45
11072719    44
11072720    60
11072721    51
11072722    51
11072723    46
11072800    61
11072801    54
11072802    94
11072803   151
11072804    67
11072805    45
11072806    49
11072807    45
11072808    41
11072809    46
11072810    62
11072811    51
11072812    47
11072813    52
11072814    71
11072815    71
11072816    36
11072817    25
11072818    56
11072819    71
11072820    62
11072821    71
11072822    75
11072823    62
11072900    47
11072901    30
11072902    27
11072903    17
11072904    21
11072905    34
11072906    40
11072907    45
11072908    49
11072909    42
11072910    51
11072911    62
11072912    73
11072913   117
11072914   257
11072915   174
11072916   439
11072917   483
11072918   142
11072919    79
11072920    74
11072921    68
11072922    52
11072923    37
11073000    33
11073001    33
11073002    31
11073003    23
11073004    22
11073005    34
11073006    39
11073007    69
11073008   128
11073009   165
11073010    84
11073011   130
11073012   394
11073013   187
11073014   113
11073015   123
11073016   483
11073017   362
11073018   319
11073019   460
11073020   844
11073021   827
11073022   582
11073023   430
11073100   219
11073101   213
11073102   159
11073103   104
11073104   109
11073105   207
11073106   296
11073107   137
11073108    65
11073109   103
11073110   306
11073111   196
11073112    85
11073113    84
11073114    55
11073115    93
11073116   178
11073117   366
11073118   154
11073119   277
11073120   209
11073121   170
11073122   264
11073123   171

Tue Ja 3
