11040100    71
11040101    47
11040102    42
11040103    39
11040104    52
11040105    71
11040106    45
11040107    56
11040108   129
11040109   104
11040110   255
11040111   378
11040112   376
11040113   312
11040114   125
11040115    81
11040116   100
11040117   411
11040118   814
11040119   393
11040120   235
11040121   571
11040122   594
11040123   567
11040200   529
11040201   604
11040202   368
11040203   199
11040204   150
11040205   183
11040206   378
11040207   437
11040208   279
11040209   377
11040210   309
11040211   573
11040212   264
11040213    88
11040214    58
11040215    55
11040216    46
11040217    45
11040218   332
11040219   620
11040220   428
11040221   262
11040222   671
11040223   500
11040300   438
11040301   507
11040302   492
11040303   364
11040304   330
11040305   253
11040306    95
11040307   366
11040308   222
11040309   128
11040310   281
11040311   413
11040312   280
11040313   290
11040314   430
11040315   529
11040316   241
11040317   178
11040318   335
11040319   617
11040320   380
11040321   512
11040322   314
11040323   149
11040400   451
11040401   312
11040402   216
11040403   211
11040404   232
11040405   185
11040406   143
11040407   207
11040408   106
11040409    47
11040410   147
11040411   246
11040412   123
11040413    72
11040414    93
11040415   140
11040416    99
11040417    54
11040418    37
11040419    34
11040420    46
11040421   112
11040422    46
11040423    61
11040500    56
11040501    83
11040502   160
11040503   120
11040504   111
11040505   170
11040506    98
11040507    77
11040508    75
11040509   151
11040510    91
11040511    56
11040512    57
11040513    51
11040514    46
11040515    50
11040516    47
11040517    40
11040518    40
11040519   101
11040520   353
11040521   448
11040522   349
11040523    99
11040600   116
11040601    79
11040602    95
11040603   214
11040604   262
11040605   158
11040606   105
11040607    80
11040608    77
11040609   138
11040610   497
11040611   587
11040612   434
11040613   843
11040614  1178
11040615   934
11040616  1051
11040617  1017
11040618   816
11040619   514
11040620   484
11040621   395
11040622   403
11040623   118
11040700   130
11040701   275
11040702   403
11040703   241
11040704   207
11040705   142
11040706    78
11040707   110
11040708   119
11040709    96
11040710    66
11040711    69
11040712    70
11040713    64
11040714    60
11040715    80
11040716    73
11040717    58
11040718    44
11040719    67
11040720    95
11040721    45
11040722    57
11040723    44
11040800    68
11040801   134
11040802    88
11040803    36
11040804    39
11040805    53
11040806    93
11040807    81
11040808    65
11040809    72
11040810    70
11040811   103
11040812   404
11040813   121
11040814   135
11040815   100
11040816    72
11040817   229
11040818   411
11040819   129
11040820   319
11040821   525
11040822   530
11040823   571
11040900   466
11040901   493
11040902   455
11040903   379
11040904   343
11040905   256
11040906   510
11040907   442
11040908   481
11040909   474
11040910   405
11040911   363
11040912   260
11040913   194
11040914   169
11040915   163
11040916   150
11040917   153
11040918    55
11040919    44
11040920    48
11040921    73
11040922    70
11040923    73
11041000   102
11041001   106
11041002   109
11041003   100
11041004    78
11041005    57
11041006    41
11041007    42
11041008    51
11041009    61
11041010    57
11041011   102
11041012   162
11041013   210
11041014   205
11041015   292
11041016   271
11041017   272
11041018   157
11041019    99
11041020    69
11041021    86
11041022   111
11041023   161
11041100   239
11041101    65
11041102    55
11041103    37
11041104    29
11041105    27
11041106    33
11041107    80
11041108   158
11041109   173
11041110   176
11041111   186
11041112   209
11041113   180
11041114   144
11041115   114
11041116    86
11041117   223
11041118   110
11041119    79
11041120    88
11041121    42
11041122    38
11041123    41
11041200    42
11041201    45
11041202    41
11041203    39
11041204    41
11041205   176
11041206   656
11041207   934
11041208   672
11041209   569
11041210   462
11041211   113
11041212   337
11041213   779
11041214   345
11041215   465
11041216   440
11041217   264
11041218   121
11041219    74
11041220    54
11041221    63
11041222   226
11041223   467
11041300   445
11041301   529
11041302   299
11041303   241
11041304   479
11041305   599
11041306   677
11041307   478
11041308   357
11041309   399
11041310   297
11041311   280
11041312   181
11041313    39
11041314    57
11041315    96
11041316   101
11041317    87
11041318    47
11041319    33
11041320    38
11041321    47
11041322    34
11041323    29
11041400    39
11041401    35
11041402    61
11041403   170
11041404   135
11041405   109
11041406   230
11041407   277
11041408   146
11041409    59
11041410    53
11041411    52
11041412    42
11041413    40
11041414    40
11041415    39
11041416    37
11041417    27
11041418    22
11041419    34
11041420    28
11041421    83
11041422   143
11041423   197
11041500   188
11041501   101
11041502    90
11041503   108
11041504   191
11041505    83
11041506    66
11041507    66
11041508    68
11041509    64
11041510    49
11041511    50
11041512    57
11041513    52
11041514    70
11041515    68
11041516    55
11041517    63
11041518    60
11041519    52
11041520    33
11041521    27
11041522    32
11041523    34
11041600    37
11041601    36
11041602    40
11041603    41
11041604    43
11041605    53
11041606    82
11041607   123
11041608    86
11041609    74
11041610   121
11041611   104
11041612    64
11041613    67
11041614    78
11041615    68
11041616    58
11041617    55
11041618    45
11041619    41
11041620    43
11041621   107
11041622    82
11041623    55
11041700    45
11041701    49
11041702    65
11041703   133
11041704    76
11041705    70
11041706    88
11041707   134
11041708    76
11041709    66
11041710    66
11041711   103
11041712   109
11041713    78
11041714   207
11041715   161
11041716   145
11041717    71
11041718    70
11041719    53
11041720    50
11041721    47
11041722    31
11041723    39
11041800    30
11041801    24
11041802    25
11041803    51
11041804    62
11041805    72
11041806    74
11041807    97
11041808   198
11041809   372
11041810   434
11041811   339
11041812   494
11041813   332
11041814   219
11041815   254
11041816   170
11041817   218
11041818    58
11041819    59
11041820    42
11041821    73
11041822    51
11041823    52
11041900    56
11041901    34
11041902    30
11041903    75
11041904   139
11041905    97
11041906    75
11041907    88
11041908    76
11041909    70
11041910   133
11041911    67
11041912    66
11041913    71
11041914    84
11041915    78
11041916    60
11041917    62
11041918    52
11041919    41
11041920    36
11041921    54
11041922    52
11041923    43
11042000    61
11042001   134
11042002   230
11042003   363
11042004   783
11042005   798
11042006   238
11042007   221
11042008   445
11042009   196
11042010    80
11042011    80
11042012   156
11042013   165
11042014    56
11042015    55
11042016    59
11042017    41
11042018    31
11042019    46
11042020    43
11042021    44
11042022    38
11042023    39
11042100    43
11042101    39
11042102    40
11042103    56
11042104    60
11042105   111
11042106    83
11042107   137
11042108    79
11042109    60
11042110    59
11042111    58
11042112    60
11042113    56
11042114    55
11042115    66
11042116    52
11042117    56
11042118    54
11042119    41
11042120    40
11042121    85
11042122    64
11042123    46
11042200    44
11042201    99
11042202   242
11042203   148
11042204   152
11042205    49
11042206    53
11042207    63
11042208    91
11042209   196
11042210   262
11042211   118
11042212   212
11042213    95
11042214    57
11042215    57
11042216    67
11042217   123
11042218    85
11042219    33
11042220    38
11042221    47
11042222    64
11042223    57
11042300    53
11042301    68
11042302    95
11042303    90
11042304    70
11042305    96
11042306    81
11042307    82
11042308   175
11042309   242
11042310   491
11042311   256
11042312   160
11042313    75
11042314    42
11042315    46
11042316    60
11042317    45
11042318    32
11042319    29
11042320    32
11042321    29
11042322    25
11042323    31
11042400    32
11042401    26
11042402    23
11042403    32
11042404    30
11042405    37
11042406    48
11042407    55
11042408    47
11042409    60
11042410    64
11042411    57
11042412    71
11042413    68
11042414   105
11042415   308
11042416   302
11042417   121
11042418    57
11042419    72
11042420    73
11042421   105
11042422   356
11042423   230
11042500    60
11042501    56
11042502    82
11042503   147
11042504   365
11042505   364
11042506    70
11042507    45
11042508    45
11042509    56
11042510    54
11042511    55
11042512    57
11042513    53
11042514    80
11042515    58
11042516    40
11042517    82
11042518    89
11042519    40
11042520    36
11042521    39
11042522    30
11042523    28
11042600    31
11042601    35
11042602    29
11042603    29
11042604    30
11042605    65
11042606   118
11042607   160
11042608   196
11042609   128
11042610    57
11042611    46
11042612    52
11042613    81
11042614    93
11042615    41
11042616    41
11042617    38
11042618    29
11042619    39
11042620    38
11042621    35
11042622    44
11042623    40
11042700    36
11042701    32
11042702    33
11042703    34
11042704    35
11042705    44
11042706    52
11042707    61
11042708    75
11042709    71
11042710    59
11042711    52
11042712    49
11042713    47
11042714    45
11042715    75
11042716   118
11042717    77
11042718    52
11042719    60
11042720    23
11042721    19
11042722    26
11042723    22
11042800    22
11042801    28
11042802    27
11042803    25
11042804    23
11042805    35
11042806    48
11042807    54
11042808    55
11042809    58
11042810    63
11042811    59
11042812    59
11042813    55
11042814    53
11042815    47
11042816    53
11042817   100
11042818   263
11042819   233
11042820   169
11042821   189
11042822   161
11042823   141
11042900    55
11042901    50
11042902    90
11042903   115
11042904   128
11042905   368
11042906   174
11042907   141
11042908    74
11042909    74
11042910   105
11042911    90
11042912    57
11042913    55
11042914    98
11042915   214
11042916   114
11042917    44
11042918   142
11042919   360
11042920   635
11042921   860
11042922   462
11042923   238
11043000   325
11043001   393
11043002   489
11043003   359
11043004   174
11043005   118
11043006   208
11043007   454
11043008   304
11043009   168
11043010   661
11043011  1013
11043012   575
11043013   461
11043014   393
11043015   178
11043016   109
11043017   164
11043018   489
11043019   354
11043020   469
11043021   650
11043022   648
11043023   379

Tue Ja 3
