11060100   481
11060101   152
11060102   107
11060103   149
11060104    98
11060105    60
11060106   130
11060107   254
11060108   517
11060109   176
11060110   119
11060111    86
11060112   156
11060113   291
11060114   388
11060115   228
11060116   379
11060117   530
11060118   379
11060119   224
11060120   296
11060121   625
11060122   518
11060123   242
11060200   190
11060201   162
11060202   271
11060203   300
11060204   222
11060205   184
11060206   462
11060207   577
11060208   332
11060209   446
11060210   671
11060211   484
11060212   392
11060213   346
11060214   223
11060215   179
11060216   236
11060217   215
11060218   316
11060219   302
11060220   207
11060221   129
11060222   151
11060223   163
11060300    87
11060301    99
11060302   126
11060303   103
11060304    62
11060305    35
11060306    47
11060307   109
11060308   144
11060309   107
11060310    69
11060311    49
11060312    60
11060313    38
11060314    73
11060315   204
11060316   108
11060317    53
11060318    42
11060319    36
11060320    38
11060321    49
11060322    55
11060323    74
11060400    92
11060401    98
11060402   110
11060403    96
11060404   168
11060405   173
11060406   149
11060407   214
11060408   140
11060409    46
11060410    41
11060411    44
11060412    43
11060413    41
11060414    41
11060415    35
11060416    38
11060417    38
11060418    41
11060419    46
11060420    93
11060421   218
11060422   528
11060423   457
11060500   521
11060501  1102
11060502   764
11060503   216
11060504   104
11060505   132
11060506    84
11060507    99
11060508   121
11060509   122
11060510   197
11060511   281
11060512   322
11060513   207
11060514   187
11060515   430
11060516   443
11060517   424
11060518   521
11060519   341
11060520   209
11060521   132
11060522   204
11060523   140
11060600   214
11060601   225
11060602   350
11060603   220
11060604   259
11060605   419
11060606   294
11060607   330
11060608   237
11060609   128
11060610   127
11060611    68
11060612    50
11060613    36
11060614    56
11060615    52
11060616   141
11060617   190
11060618    95
11060619    72
11060620   116
11060621   229
11060622    92
11060623    92
11060700    86
11060701    68
11060702    52
11060703    69
11060704    56
11060705    52
11060706   152
11060707   102
11060708    87
11060709    97
11060710   137
11060711   151
11060712   169
11060713   133
11060714   123
11060715   130
11060716   160
11060717   388
11060718   533
11060719   456
11060720   464
11060721   422
11060722   373
11060723   372
11060800   497
11060801   614
11060802   660
11060803   728
11060804   530
11060805   142
11060806    89
11060807   139
11060808   231
11060809   314
11060810   134
11060811    52
11060812   150
11060813   400
11060814   424
11060815   423
11060816   366
11060817   250
11060818   176
11060819    82
11060820   139
11060821   299
11060822   463
11060823   396
11060900   433
11060901   605
11060902   600
11060903   640
11060904   478
11060905   252
11060906   427
11060907   311
11060908   288
11060909   294
11060910   377
11060911   231
11060912   304
11060913   356
11060914   330
11060915   311
11060916   422
11060917   349
11060918   336
11060919   468
11060920   511
11060921   466
11060922   567
11060923   340
11061000   103
11061001    71
11061002    56
11061003    43
11061004    32
11061005    32
11061006    44
11061007    35
11061008    59
11061009   260
11061010   488
11061011   469
11061012   320
11061013   197
11061014   118
11061015    72
11061016    51
11061017    46
11061018   121
11061019   204
11061020   151
11061021   160
11061022   140
11061023   351
11061100   166
11061101   194
11061102   310
11061103   346
11061104   467
11061105   635
11061106   574
11061107   441
11061108   157
11061109    79
11061110   120
11061111    75
11061112   231
11061113   354
11061114   228
11061115   106
11061116    95
11061117    59
11061118   115
11061119   177
11061120    91
11061121    50
11061122    60
11061123    80
11061200   175
11061201   126
11061202   102
11061203    83
11061204   176
11061205   163
11061206   124
11061207   192
11061208   173
11061209   146
11061210   176
11061211   528
11061212   280
11061213    81
11061214   154
11061215   143
11061216   190
11061217   212
11061218   131
11061219   163
11061220    74
11061221    54
11061222   109
11061223   137
11061300   198
11061301   201
11061302   168
11061303    66
11061304    68
11061305    92
11061306   155
11061307   104
11061308    82
11061309    58
11061310   205
11061311   348
11061312   441
11061313   326
11061314    91
11061315    94
11061316   133
11061317   146
11061318   196
11061319   110
11061320    68
11061321    68
11061322   124
11061323   234
11061400   167
11061401   109
11061402   197
11061403   275
11061404   254
11061405   149
11061406    47
11061407    76
11061408   222
11061409   617
11061410   161
11061411    77
11061412    51
11061413    54
11061414    36
11061415    32
11061416    45
11061417    99
11061418   144
11061419   155
11061420   182
11061421   135
11061422   206
11061423   259
11061500   162
11061501   148
11061502   254
11061503   206
11061504   114
11061505   137
11061506   257
11061507   187
11061508   231
11061509   196
11061510   152
11061511   261
11061512   189
11061513   199
11061514    84
11061515    60
11061516    30
11061517    26
11061518    40
11061519    53
11061520    96
11061521   199
11061522   187
11061523   100
11061600    96
11061601    95
11061602    70
11061603    40
11061604    26
11061605    39
11061606    59
11061607   109
11061608   114
11061609    75
11061610    46
11061611    69
11061612   100
11061613   188
11061614   184
11061615   117
11061616   271
11061617   238
11061618    76
11061619    40
11061620    42
11061621    44
11061622    57
11061623    83
11061700    67
11061701    57
11061702    77
11061703   184
11061704   257
11061705   142
11061706   102
11061707    86
11061708    97
11061709    84
11061710    82
11061711    61
11061712    67
11061713   146
11061714   279
11061715   637
11061716   469
11061717   255
11061718   117
11061719   161
11061720   280
11061721   102
11061722    97
11061723    82
11061800   142
11061801   227
11061802   147
11061803    78
11061804    50
11061805    92
11061806   239
11061807   234
11061808   123
11061809    49
11061810    43
11061811    43
11061812    45
11061813    37
11061814    47
11061815    48
11061816    43
11061817    51
11061818    43
11061819    31
11061820    42
11061821    63
11061822    69
11061823    63
11061900    64
11061901    56
11061902    44
11061903    43
11061904    46
11061905    67
11061906   127
11061907   238
11061908   278
11061909   234
11061910   244
11061911   141
11061912   186
11061913   114
11061914   109
11061915    53
11061916    40
11061917    37
11061918    30
11061919    90
11061920   147
11061921   173
11061922    84
11061923    68
11062000   104
11062001   134
11062002   231
11062003   389
11062004   363
11062005   314
11062006   472
11062007   293
11062008   199
11062009   141
11062010   126
11062011    70
11062012   156
11062013   253
11062014   187
11062015    98
11062016    48
11062017    91
11062018   159
11062019   101
11062020   108
11062021   127
11062022    90
11062023   194
11062100   404
11062101   291
11062102   336
11062103   364
11062104   156
11062105   277
11062106   320
11062107   265
11062108   157
11062109   201
11062110    98
11062111    64
11062112   155
11062113   373
11062114   225
11062115   266
11062116   242
11062117   358
11062118   401
11062119   445
11062120   353
11062121   133
11062122    76
11062123    72
11062200   106
11062201   301
11062202   217
11062203   163
11062204   235
11062205   373
11062206   302
11062207   153
11062208    64
11062209    98
11062210   224
11062211   477
11062212   416
11062213   409
11062214   448
11062215   294
11062216   369
11062217   552
11062218   396
11062219   416
11062220   172
11062221    79
11062222   201
11062223   494
11062300   728
11062301   680
11062302   586
11062303   616
11062304   597
11062305   328
11062306   350
11062307   368
11062308   126
11062309   288
11062310   630
11062311   516
11062312   374
11062313   567
11062314   744
11062315   756
11062316   637
11062317   573
11062318   416
11062319   403
11062320   566
11062321   625
11062322   455
11062323   263
11062400   158
11062401   307
11062402   564
11062403   308
11062404   124
11062405   102
11062406   274
11062407   320
11062408   214
11062409    83
11062410   163
11062411   500
11062412   207
11062413   187
11062414   281
11062415   434
11062416   524
11062417   280
11062418   319
11062419   463
11062420   269
11062421   426
11062422   155
11062423    73
11062500    72
11062501   144
11062502   169
11062503   186
11062504   159
11062505   277
11062506   288
11062507   257
11062508   176
11062509   204
11062510   252
11062511   258
11062512   152
11062513   116
11062514    59
11062515    69
11062516   105
11062517   263
11062518   159
11062519    85
11062520    76
11062521    41
11062522   170
11062523   273
11062600   268
11062601    90
11062602   121
11062603   479
11062604   410
11062605   122
11062606    77
11062607    67
11062608    45
11062609    60
11062610    78
11062611    70
11062612    82
11062613   142
11062614   139
11062615   191
11062616   151
11062617   112
11062618   136
11062619   155
11062620   279
11062621    96
11062622    65
11062623    71
11062700    71
11062701   108
11062702    64
11062703    91
11062704   137
11062705    86
11062706   208
11062707   163
11062708   116
11062709    49
11062710    88
11062711   170
11062712   221
11062713    61
11062714    40
11062715    39
11062716    43
11062717    43
11062718    43
11062719   105
11062720   183
11062721   133
11062722   130
11062723   164
11062800    89
11062801    93
11062802   142
11062803   164
11062804    38
11062805    29
11062806    43
11062807    48
11062808    46
11062809    50
11062810    51
11062811    44
11062812    30
11062813    28
11062814    38
11062815    48
11062816    63
11062817    38
11062818    36
11062819    37
11062820    47
11062821    50
11062822    43
11062823    47
11062900    45
11062901    46
11062902    42
11062903    34
11062904    28
11062905    33
11062906    44
11062907    46
11062908    47
11062909    54
11062910    52
11062911    46
11062912    42
11062913    37
11062914    40
11062915    39
11062916    37
11062917    33
11062918    34
11062919    32
11062920    48
11062921    53
11062922    54
11062923    63
11063000    62
11063001    85
11063002   138
11063003   176
11063004   198
11063005    78
11063006    47
11063007    53
11063008    70
11063009    56
11063010    64
11063011    85
11063012    46
11063013    58
11063014    49
11063015    73
11063016    31
11063017    83
11063018   178
11063019   266
11063020   127
11063021    99
11063022   125
11063023   217

Tue Ja 3
