11030100   197
11030101   293
11030102    73
11030103    44
11030104   103
11030105   260
11030106   304
11030107   316
11030108    73
11030109   157
11030110   433
11030111   558
11030112   554
11030113   769
11030114   879
11030115   394
11030116   524
11030117   818
11030118   614
11030119   579
11030120   845
11030121   528
11030122   498
11030123   517
11030200   553
11030201   501
11030202   253
11030203   280
11030204   364
11030205   256
11030206   176
11030207   424
11030208   363
11030209   255
11030210   121
11030211   104
11030212   281
11030213   457
11030214   184
11030215   335
11030216   682
11030217   527
11030218   561
11030219   381
11030220   468
11030221   243
11030222   309
11030223   376
11030300   295
11030301   170
11030302   180
11030303   150
11030304   208
11030305   120
11030306   165
11030307   275
11030308   474
11030309   214
11030310   113
11030311   135
11030312   225
11030313   388
11030314   295
11030315   549
11030316   616
11030317   477
11030318   574
11030319   453
11030320   206
11030321   414
11030322   270
11030323    88
11030400    54
11030401   198
11030402   336
11030403   143
11030404   157
11030405   276
11030406   357
11030407   308
11030408   162
11030409   109
11030410   310
11030411   453
11030412   309
11030413   185
11030414   200
11030415   357
11030416   388
11030417   353
11030418   514
11030419   576
11030420   541
11030421   363
11030422   119
11030423    77
11030500    52
11030501    70
11030502    79
11030503   220
11030504   239
11030505   114
11030506    46
11030507    34
11030508    41
11030509    41
11030510    67
11030511   110
11030512   136
11030513   136
11030514    57
11030515    58
11030516    72
11030517   157
11030518    84
11030519    64
11030520    73
11030521   114
11030522    53
11030523    59
11030600    48
11030601    39
11030602    38
11030603    36
11030604    29
11030605    36
11030606    28
11030607    19
11030608    17
11030609    28
11030610    39
11030611    46
11030612    62
11030613   148
11030614   125
11030615   102
11030616   187
11030617    71
11030618    51
11030619    48
11030620    40
11030621    48
11030622   137
11030623   335
11030700   167
11030701    85
11030702    61
11030703    81
11030704   205
11030705    71
11030706    35
11030707    33
11030708    49
11030709    66
11030710    64
11030711   220
11030712   437
11030713   204
11030714   108
11030715   142
11030716   262
11030717   365
11030718   301
11030719   441
11030720   492
11030721   449
11030722   241
11030723   189
11030800   132
11030801   196
11030802   175
11030803   161
11030804   157
11030805    95
11030806    73
11030807   142
11030808   123
11030809   139
11030810    55
11030811    51
11030812   168
11030813   204
11030814   243
11030815   191
11030816   139
11030817   193
11030818   192
11030819   160
11030820   151
11030821   277
11030822   226
11030823   103
11030900   102
11030901   167
11030902   171
11030903    93
11030904    83
11030905    77
11030906    62
11030907    62
11030908   143
11030909   184
11030910    95
11030911   104
11030912    67
11030913   123
11030914   175
11030915    89
11030916    61
11030917    83
11030918    87
11030919   171
11030920    55
11030921    46
11030922    46
11030923   132
11031000   170
11031001   159
11031002   216
11031003   201
11031004   231
11031005   230
11031006   253
11031007   472
11031008   645
11031009   931
11031010   586
11031011   372
11031012   321
11031013   359
11031014   383
11031015   185
11031016   310
11031017   546
11031018   520
11031019  1077
11031020   990
11031021  1051
11031022   570
11031023   380
11031100   650
11031101   444
11031102   466
11031103   801
11031104   864
11031105   638
11031106   701
11031107   544
11031108   381
11031109   435
11031110   322
11031111   413
11031112   422
11031113   456
11031114   361
11031115   650
11031116   934
11031117  1461
11031118  1410
11031119   907
11031120   834
11031121   588
11031122   379
11031123   928
11031200   716
11031201   574
11031202   241
11031203   131
11031204   146
11031205   121
11031206   296
11031207   336
11031208   232
11031209    46
11031210    40
11031211   195
11031212   206
11031213   149
11031214    66
11031215    37
11031216    44
11031217   101
11031218   218
11031219   591
11031220   599
11031221   282
11031222   445
11031223   133
11031300    43
11031301    42
11031302    20
11031303    21
11031304    24
11031305    33
11031306    33
11031307    33
11031308    40
11031309    45
11031310    56
11031311   281
11031312   138
11031313    52
11031314    45
11031315    32
11031316    91
11031317   659
11031318   579
11031319   505
11031320   149
11031321    52
11031322    38
11031323    31
11031400    59
11031401    41
11031402    48
11031403    42
11031404    57
11031405    74
11031406   153
11031407   117
11031408    50
11031409    42
11031410    45
11031411    42
11031412    39
11031413    39
11031414    41
11031415    40
11031416    36
11031417    34
11031418    29
11031419    25
11031420    23
11031421    23
11031422    24
11031423    25
11031500    20
11031501    18
11031502    22
11031503    25
11031504    23
11031505    23
11031506    25
11031507    29
11031508    28
11031509    29
11031510    29
11031511    27
11031512    28
11031513    33
11031514    29
11031515    24
11031516    25
11031517    24
11031518    20
11031519    18
11031520    20
11031521    19
11031522    23
11031523    24
11031600    24
11031601    25
11031602    28
11031603    27
11031604    25
11031605    18
11031606    18
11031607    22
11031608    23
11031609    40
11031610    34
11031611    27
11031612    27
11031613    28
11031614    29
11031615    26
11031616    25
11031617    26
11031618    27
11031619    27
11031620    27
11031621    26
11031622    31
11031623    29
11031700    28
11031701    26
11031702    27
11031703    39
11031704    55
11031705    26
11031706    17
11031707    17
11031708    18
11031709    25
11031710    27
11031711    32
11031712    44
11031713    30
11031714    30
11031715    29
11031716    30
11031717    31
11031718    40
11031719   282
11031720   234
11031721    47
11031722    39
11031723    27
11031800    21
11031801    24
11031802    22
11031803    18
11031804    15
11031805    29
11031806    46
11031807    29
11031808    39
11031809    88
11031810    40
11031811    48
11031812    31
11031813    61
11031814    62
11031815    50
11031816    29
11031817    32
11031818    26
11031819    37
11031820    37
11031821    28
11031822    27
11031823    23
11031900    31
11031901    27
11031902    23
11031903    21
11031904    19
11031905    16
11031906    32
11031907   129
11031908    86
11031909    39
11031910    37
11031911   163
11031912   166
11031913   267
11031914    63
11031915    88
11031916    47
11031917    38
11031918    23
11031919    33
11031920    64
11031921    26
11031922    54
11031923    36
11032000    38
11032001    42
11032002    51
11032003   117
11032004   105
11032005    81
11032006    42
11032007    69
11032008    95
11032009    54
11032010    55
11032011   152
11032012   302
11032013   263
11032014   147
11032015   170
11032016   298
11032017   227
11032018   197
11032019   102
11032020    90
11032021   198
11032022   116
11032023   248
11032100   194
11032101    99
11032102    85
11032103    50
11032104    29
11032105    25
11032106    20
11032107    31
11032108    96
11032109    62
11032110    53
11032111    71
11032112    75
11032113    69
11032114    89
11032115   111
11032116    89
11032117   145
11032118    71
11032119   103
11032120    60
11032121    62
11032122   282
11032123   423
11032200   176
11032201    78
11032202   125
11032203   344
11032204   149
11032205    33
11032206    24
11032207    31
11032208    35
11032209    37
11032210    43
11032211    86
11032212    40
11032213    64
11032214    57
11032215    35
11032216    34
11032217    31
11032218    27
11032219    26
11032220    24
11032221    24
11032222    45
11032223    86
11032300    50
11032301   109
11032302   302
11032303   129
11032304    95
11032305   191
11032306   353
11032307   287
11032308   151
11032309   340
11032310   173
11032311    70
11032312   119
11032313   150
11032314   232
11032315   586
11032316   350
11032317   187
11032318   233
11032319   347
11032320   236
11032321   112
11032322   126
11032323    54
11032400    46
11032401    42
11032402    33
11032403    26
11032404    25
11032405    22
11032406    30
11032407    35
11032408    90
11032409    40
11032410    34
11032411    58
11032412    66
11032413    43
11032414    42
11032415    50
11032416    56
11032417    38
11032418    30
11032419    29
11032420    35
11032421    25
11032422    24
11032423    23
11032500    20
11032501    24
11032502    24
11032503    23
11032504    25
11032505    23
11032506    19
11032507    29
11032508    68
11032509   124
11032510    56
11032511    41
11032512    73
11032513   231
11032514   300
11032515    77
11032516    44
11032517    45
11032518    48
11032519    63
11032520    22
11032521    32
11032522    41
11032523    59
11032600    28
11032601    32
11032602    31
11032603    34
11032604    53
11032605    31
11032606    19
11032607    24
11032608    31
11032609    36
11032610    40
11032611    32
11032612    34
11032613    35
11032614    38
11032615    34
11032616    29
11032617    30
11032618    22
11032619    18
11032620    18
11032621    24
11032622    30
11032623    30
11032700    34
11032701    35
11032702    33
11032703    29
11032704    25
11032705    18
11032706    11
11032707    15
11032708    31
11032709    41
11032710    43
11032711    40
11032712    41
11032713    46
11032714    44
11032715    37
11032716    40
11032717    37
11032718    40
11032719    26
11032720    41
11032721    43
11032722    36
11032723    43
11032800    45
11032801    48
11032802    41
11032803    33
11032804    27
11032805    21
11032806    24
11032807    33
11032808    35
11032809    42
11032810    45
11032811    97
11032812   101
11032813    92
11032814   129
11032815    46
11032816    36
11032817    51
11032818   102
11032819   127
11032820    46
11032821    27
11032822    31
11032823    33
11032900    37
11032901    45
11032902    42
11032903    35
11032904    26
11032905    19
11032906    23
11032907    30
11032908    32
11032909    41
11032910    44
11032911    67
11032912    49
11032913    44
11032914    41
11032915    41
11032916    50
11032917    46
11032918    33
11032919    31
11032920    32
11032921    31
11032922    38
11032923   115
11033000   137
11033001    91
11033002    81
11033003    66
11033004    40
11033005    25
11033006    47
11033007    41
11033008    37
11033009    41
11033010    54
11033011    42
11033012    41
11033013    41
11033014    38
11033015    29
11033016    24
11033017    22
11033018    17
11033019    21
11033020    24
11033021    25
11033022    28
11033023    26
11033100    31
11033101    36
11033102    41
11033103    39
11033104    34
11033105    29
11033106    29
11033107    49
11033108    97
11033109    49
11033110    52
11033111   102
11033112    81
11033113   158
11033114   156
11033115    96
11033116   150
11033117   139
11033118   175
11033119    87
11033120    75
11033121    62
11033122    41
11033123    61

Tue Ja 3
