12050100    34
12050101    36
12050102    51
12050103    64
12050104    72
12050105    52
12050106   119
12050107   132
12050108    55
12050109    48
12050110    44
12050111    42
12050112    58
12050113    50
12050114    77
12050115    83
12050116   143
12050117    76
12050118    84
12050119    88
12050120    78
12050121   100
12050122   225
12050123   220
12050200   230
12050201    61
12050202    49
12050203    67
12050204    96
12050205   126
12050206   127
12050207   138
12050208   102
12050209    51
12050210    82
12050211   213
12050212   139
12050213   204
12050214   217
12050215   177
12050216   126
12050217   120
12050218    92
12050219   121
12050220    96
12050221    93
12050222   195
12050223   381
12050300   132
12050301    97
12050302   256
12050303   421
12050304   441
12050305   349
12050306   307
12050307   357
12050308   369
12050309   328
12050310   330
12050311   378
12050312   282
12050313   215
12050314   101
12050315    92
12050316    76
12050317    46
12050318    30
12050319    60
12050320   114
12050321   127
12050322   238
12050323   203
12050400    68
12050401    53
12050402    43
12050403    35
12050404    23
12050405    27
12050406    29
12050407    32
12050408    38
12050409    42
12050410    38
12050411    31
12050412    33
12050413    34
12050414    29
12050415    36
12050416    37
12050417    67
12050418    68
12050419    44
12050420    33
12050421    36
12050422    41
12050423    42
12050500    48
12050501    48
12050502    44
12050503    41
12050504    33
12050505    43
12050506    66
12050507    82
12050508   102
12050509    61
12050510    91
12050511    73
12050512    62
12050513    63
12050514    81
12050515    95
12050516   120
12050517    67
12050518    56
12050519    47
12050520    35
12050521    38
12050522    50
12050523    54
12050600    55
12050601    49
12050602    43
12050603    46
12050604    45
12050605   105
12050606   189
12050607   175
12050608    84
12050609    80
12050610   132
12050611   242
12050612   193
12050613    93
12050614    46
12050615    53
12050616    44
12050617    62
12050618    75
12050619    39
12050620    38
12050621    36
12050622    46
12050623    42
12050700    48
12050701    44
12050702    41
12050703    36
12050704    33
12050705    31
12050706    42
12050707    44
12050708    44
12050709    52
12050710    55
12050711    50
12050712    50
12050713    53
12050714    52
12050715    43
12050716    44
12050717    46
12050718    54
12050719    59
12050720    58
12050721    47
12050722    47
12050723    50
12050800    50
12050801    46
12050802    45
12050803    44
12050804    38
12050805    44
12050806    96
12050807   107
12050808    46
12050809    65
12050810   243
12050811   286
12050812   130
12050813    78
12050814    55
12050815    40
12050816    51
12050817    57
12050818    80
12050819   104
12050820   137
12050821   235
12050822   628
12050823   529
12050900   417
12050901   233
12050902   382
12050903   363
12050904   574
12050905   403
12050906   429
12050907   610
12050908   597
12050909   400
12050910   321
12050911   670
12050912   804
12050913   605
12050914   705
12050915   297
12050916    73
12050917   396
12050918   644
12050919   710
12050920   723
12050921   574
12050922   747
12050923   470
12051000   245
12051001   324
12051002   216
12051003   233
12051004   313
12051005   287
12051006   243
12051007   362
12051008   311
12051009   127
12051010    59
12051011   387
12051012   288
12051013   343
12051014   191
12051015   172
12051016   232
12051017   353
12051018   293
12051019   145
12051020   213
12051021   407
12051022   286
12051023   671
12051100   517
12051101   548
12051102   596
12051103   512
12051104   296
12051105   334
12051106   246
12051107    93
12051108   201
12051109   220
12051110   102
12051111   106
12051112   165
12051113   172
12051114   153
12051115   228
12051116   240
12051117   436
12051118   456
12051119   249
12051120   179
12051121   173
12051122   173
12051123   190
12051200   100
12051201   341
12051202   346
12051203   113
12051204    61
12051205   187
12051206   253
12051207   204
12051208   192
12051209   306
12051210   229
12051211    93
12051212    80
12051213   223
12051214   270
12051215   300
12051216   249
12051217   204
12051218   156
12051219   186
12051220   379
12051221   397
12051222   395
12051223   170
12051300   447
12051301   733
12051302   616
12051303   517
12051304   347
12051305   354
12051306   446
12051307   541
12051308   516
12051309   459
12051310   523
12051311   480
12051312   480
12051313   438
12051314   405
12051315   399
12051316   375
12051317   157
12051318   342
12051319   410
12051320   460
12051321   309
12051322   252
12051323   445
12051400   424
12051401   101
12051402    60
12051403   125
12051404   260
12051405   274
12051406   313
12051407   175
12051408    45
12051409    42
12051410    31
12051411    31
12051412    28
12051413    37
12051414    48
12051415    77
12051416   136
12051417   247
12051418   150
12051419    96
12051420   103
12051421   110
12051422    68
12051423    94
12051500    62
12051501    59
12051502   123
12051503   210
12051504   193
12051505   218
12051506   315
12051507   226
12051508    62
12051509    36
12051510    32
12051511    32
12051512    41
12051513    33
12051514    44
12051515    55
12051516    53
12051517    46
12051518    45
12051519    42
12051520    43
12051521    53
12051522    52
12051523    73
12051600   112
12051601   136
12051602   120
12051603    54
12051604    40
12051605    45
12051606    72
12051607    72
12051608    69
12051609    94
12051610    63
12051611    45
12051612    77
12051613   137
12051614   296
12051615   359
12051616   454
12051617   393
12051618   473
12051619   875
12051620   887
12051621   690
12051622   728
12051623   599
12051700   340
12051701   329
12051702   430
12051703   340
12051704   158
12051705    62
12051706    69
12051707    89
12051708    79
12051709    74
12051710    54
12051711    37
12051712    38
12051713    54
12051714    44
12051715    41
12051716    47
12051717    53
12051718    48
12051719    50
12051720    51
12051721    61
12051722    63
12051723    62
12051800   131
12051801   242
12051802   374
12051803    72
12051804    39
12051805    30
12051806    34
12051807    44
12051808   146
12051809   239
12051810   414
12051811   309
12051812   269
12051813   336
12051814   163
12051815   101
12051816   133
12051817   271
12051818   133
12051819   113
12051820    82
12051821   143
12051822   379
12051823   456
12051900   275
12051901    82
12051902    89
12051903   107
12051904   157
12051905    72
12051906    59
12051907    42
12051908    62
12051909    98
12051910    91
12051911   115
12051912   192
12051913   151
12051914    56
12051915    93
12051916   142
12051917    87
12051918   101
12051919    62
12051920    55
12051921    50
12051922    48
12051923    59
12052000    68
12052001    68
12052002   380
12052003   342
12052004   520
12052005   887
12052006   567
12052007   185
12052008    68
12052009    93
12052010   114
12052011   138
12052012   241
12052013   281
12052014   277
12052015   194
12052016   209
12052017   143
12052018    59
12052019    36
12052020    46
12052021    78
12052022    57
12052023    59
12052100    51
12052101    45
12052102    43
12052103    42
12052104    35
12052105    42
12052106    48
12052107    43
12052108    57
12052109    66
12052110    75
12052111   110
12052112    61
12052113    43
12052114    34
12052115    44
12052116    65
12052117    65
12052118    63
12052119    85
12052120    80
12052121    83
12052122    86
12052123    71
12052200    69
12052201    80
12052202   213
12052203   587
12052204   416
12052205   327
12052206   337
12052207   346
12052208   459
12052209   589
12052210   629
12052211   451
12052212   430
12052213   537
12052214   533
12052215   390
12052216   356
12052217   314
12052218   629
12052219   774
12052220   633
12052221   637
12052222   524
12052223   446
12052300   317
12052301   462
12052302   600
12052303   586
12052304   698
12052305   411
12052306   655
12052307   743
12052308   227
12052309   164
12052310   355
12052311   310
12052312    92
12052313    33
12052314    40
12052315   112
12052316   190
12052317   356
12052318   512
12052319   386
12052320   109
12052321    85
12052322   127
12052323   201
12052400   227
12052401    74
12052402   119
12052403   219
12052404   255
12052405   339
12052406   398
12052407   279
12052408   129
12052409   119
12052410   164
12052411   295
12052412   229
12052413   113
12052414   128
12052415   134
12052416   217
12052417   272
12052418    65
12052419    55
12052420    63
12052421    57
12052422    54
12052423    55
12052500   117
12052501    69
12052502    47
12052503    48
12052504    38
12052505    26
12052506    45
12052507   121
12052508   169
12052509   380
12052510   481
12052511   377
12052512   342
12052513   381
12052514   277
12052515   353
12052516   301
12052517   252
12052518    94
12052519    63
12052520    82
12052521   195
12052522   295
12052523   324
12052600   342
12052601   247
12052602   161
12052603    82
12052604   115
12052605    98
12052606    73
12052607   110
12052608   179
12052609   175
12052610   137
12052611    49
12052612    42
12052613    34
12052614    35
12052615    47
12052616    52
12052617    52
12052618    53
12052619    53
12052620    41
12052621    38
12052622    35
12052623    39
12052700    48
12052701    75
12052702   117
12052703   144
12052704   188
12052705    66
12052706    77
12052707    54
12052708    63
12052709    72
12052710    55
12052711    56
12052712    55
12052713    65
12052714    67
12052715   139
12052716   106
12052717    67
12052718    60
12052719    54
12052720    49
12052721    40
12052722    35
12052723    35
12052800    44
12052801    51
12052802    55
12052803    48
12052804    51
12052805    84
12052806    62
12052807    83
12052808    61
12052809    54
12052810   105
12052811   173
12052812    94
12052813    64
12052814    84
12052815   103
12052816   243
12052817   256
12052818   258
12052819   102
12052820    71
12052821    68
12052822    59
12052823    59
12052900    56
12052901    58
12052902    68
12052903   144
12052904   124
12052905    79
12052906    62
12052907    40
12052908    37
12052909    46
12052910    51
12052911    48
12052912    41
12052913    73
12052914    99
12052915    57
12052916    51
12052917    75
12052918    68
12052919    68
12052920    77
12052921   188
12052922   434
12052923   621
12053000   403
12053001   144
12053002    87
12053003   127
12053004    89
12053005    88
12053006    90
12053007    76
12053008    33
12053009    43
12053010   191
12053011   477
12053012   318
12053013    83
12053014    73
12053015    84
12053016   232
12053017   236
12053018   152
12053019    74
12053020    57
12053021    49
12053022    46
12053023    51
12053100    65
12053101   198
12053102    52
12053103    46
12053104    44
12053105    59
12053106    54
12053107    84
12053108   108
12053109   278
12053110   285
12053111   145
12053112   161
12053113   125
12053114   144
12053115   170
12053116   209
12053117   121
12053118   129
12053119   126
12053120    63
12053121    55
12053122    50
12053123    65

Tue Ja 3
