12110100    82
12110101   186
12110102    89
12110103   109
12110104   237
12110105   268
12110106   303
12110107   493
12110108   492
12110109   546
12110110   627
12110111   722
12110112   720
12110113   976
12110114  1192
12110115  1270
12110116   776
12110117   684
12110118   741
12110119   699
12110120   727
12110121   451
12110122   340
12110123   151
12110200   126
12110201   154
12110202   106
12110203    44
12110204    79
12110205    66
12110206    52
12110207    36
12110208    33
12110209    32
12110210    28
12110211    26
12110212    27
12110213    25
12110214    25
12110215    28
12110216    25
12110217    35
12110218    78
12110219    43
12110220    69
12110221   159
12110222    75
12110223    21
12110300    16
12110301     9
12110302    15
12110303    20
12110304    21
12110305    22
12110306    27
12110307    28
12110308    28
12110309    26
12110310    25
12110311    24
12110312    27
12110313    26
12110314    34
12110315    92
12110316   267
12110317   289
12110318   174
12110319    88
12110320   106
12110321    54
12110322    23
12110323    16
12110400    19
12110401    18
12110402    35
12110403    78
12110404    47
12110405    49
12110406    48
12110407    49
12110408    63
12110409    41
12110410    31
12110411    48
12110412   107
12110413   133
12110414    52
12110415    39
12110416   122
12110417    76
12110418    45
12110419    58
12110420    23
12110421    19
12110422    18
12110423    19
12110500    18
12110501    18
12110502    17
12110503    20
12110504    28
12110505    33
12110506    40
12110507    92
12110508   101
12110509   101
12110510    73
12110511    64
12110512    84
12110513    83
12110514   104
12110515   283
12110516   412
12110517   266
12110518   184
12110519    91
12110520   125
12110521    98
12110522    68
12110523    42
12110600    55
12110601    51
12110602    43
12110603    23
12110604    27
12110605    38
12110606    84
12110607   149
12110608   133
12110609   130
12110610   134
12110611   131
12110612   136
12110613   197
12110614   258
12110615   300
12110616   382
12110617   393
12110618   110
12110619   159
12110620   100
12110621    44
12110622    38
12110623    86
12110700    53
12110701    56
12110702   165
12110703   234
12110704    36
12110705    37
12110706    47
12110707    38
12110708    49
12110709   144
12110710    99
12110711   161
12110712    82
12110713   160
12110714   346
12110715   193
12110716   292
12110717   368
12110718   323
12110719   198
12110720   640
12110721   323
12110722    87
12110723    38
12110800    29
12110801    25
12110802    18
12110803    17
12110804    21
12110805    18
12110806    40
12110807    35
12110808    35
12110809    31
12110810    65
12110811    70
12110812    80
12110813    38
12110814    31
12110815    32
12110816    29
12110817    25
12110818    21
12110819    18
12110820    15
12110821    41
12110822    35
12110823    20
12110900    17
12110901    13
12110902    11
12110903    13
12110904    11
12110905    19
12110906    42
12110907    58
12110908    47
12110909    31
12110910    25
12110911    51
12110912    68
12110913    31
12110914    27
12110915    37
12110916    37
12110917    38
12110918    22
12110919    18
12110920    44
12110921    14
12110922    24
12110923    18
12111000    17
12111001    18
12111002    17
12111003    15
12111004    13
12111005     7
12111006     6
12111007    11
12111008    16
12111009    21
12111010    25
12111011    34
12111012    35
12111013    75
12111014    40
12111015    30
12111016    31
12111017    31
12111018    86
12111019    28
12111020    35
12111021    87
12111022   105
12111023    27
12111100    26
12111101    20
12111102    25
12111103    30
12111104    30
12111105    17
12111106    10
12111107    13
12111108    26
12111109    39
12111110    72
12111111    43
12111112    40
12111113    87
12111114   134
12111115   114
12111116    43
12111117    36
12111118    21
12111119    14
12111120    15
12111121    16
12111122    15
12111123    15
12111200    14
12111201    28
12111202    25
12111203    16
12111204    14
12111205    19
12111206    23
12111207    25
12111208    20
12111209    21
12111210    22
12111211    18
12111212    21
12111213    44
12111214   108
12111215    42
12111216    58
12111217    54
12111218    29
12111219    27
12111220   164
12111221   414
12111222   311
12111223   600
12111300   583
12111301   333
12111302   224
12111303    78
12111304    74
12111305   103
12111306    79
12111307    79
12111308    40
12111309    52
12111310    39
12111311    45
12111312    51
12111313   169
12111314   486
12111315   597
12111316   219
12111317   173
12111318   291
12111319   492
12111320   674
12111321   577
12111322   537
12111323   531
12111400   890
12111401   937
12111402  1011
12111403   802
12111404   819
12111405   608
12111406   521
12111407   520
12111408   619
12111409   573
12111410   208
12111411   152
12111412   290
12111413   744
12111414   255
12111415   105
12111416    90
12111417    64
12111418    41
12111419    24
12111420    25
12111421    36
12111422    26
12111423    31
12111500    44
12111501    28
12111502    52
12111503    47
12111504    15
12111505    16
12111506    15
12111507    27
12111508    33
12111509    59
12111510    48
12111511    38
12111512    60
12111513    23
12111514    30
12111515    31
12111516    66
12111517   101
12111518   107
12111519    80
12111520    72
12111521   119
12111522    61
12111523    47
12111600    40
12111601    45
12111602    53
12111603    85
12111604    80
12111605    41
12111606    50
12111607    51
12111608    40
12111609   109
12111610   118
12111611    67
12111612   108
12111613   160
12111614   127
12111615   137
12111616   132
12111617   187
12111618   212
12111619   310
12111620   158
12111621   260
12111622   123
12111623    49
12111700    40
12111701    30
12111702    33
12111703    82
12111704   125
12111705   100
12111706    31
12111707    19
12111708    23
12111709    45
12111710    39
12111711    54
12111712   119
12111713   203
12111714   164
12111715   239
12111716   110
12111717    45
12111718    64
12111719   328
12111720   241
12111721   220
12111722   148
12111723   204
12111800   105
12111801    46
12111802    60
12111803    93
12111804    61
12111805   224
12111806   164
12111807    46
12111808    77
12111809   221
12111810   117
12111811    43
12111812    79
12111813   190
12111814   151
12111815   197
12111816   120
12111817   116
12111818    48
12111819    23
12111820    37
12111821   143
12111822   141
12111823   123
12111900    76
12111901    46
12111902    40
12111903    16
12111904    44
12111905    25
12111906    58
12111907   246
12111908   151
12111909    73
12111910   156
12111911   291
12111912   204
12111913    86
12111914   180
12111915   182
12111916    86
12111917    50
12111918    27
12111919    38
12111920    56
12111921    42
12111922    48
12111923    24
12112000    24
12112001    42
12112002   170
12112003   249
12112004   278
12112005   268
12112006   296
12112007   108
12112008   184
12112009   293
12112010   223
12112011   290
12112012   525
12112013   502
12112014   497
12112015   501
12112016   681
12112017   510
12112018   573
12112019   627
12112020   945
12112021   559
12112022   243
12112023   400
12112100   560
12112101   413
12112102   393
12112103   189
12112104   139
12112105    41
12112106    51
12112107   248
12112108   297
12112109   136
12112110   154
12112111   306
12112112   189
12112113   119
12112114    98
12112115    74
12112116   133
12112117    65
12112118   100
12112119   174
12112120   249
12112121   120
12112122    28
12112123    33
12112200    28
12112201    31
12112202    39
12112203    22
12112204    32
12112205    36
12112206    38
12112207    32
12112208    22
12112209    24
12112210    20
12112211    52
12112212    61
12112213   180
12112214    42
12112215    19
12112216    41
12112217    52
12112218    73
12112219    21
12112220    23
12112221    63
12112222    95
12112223    33
12112300    21
12112301    26
12112302    20
12112303    16
12112304    25
12112305    51
12112306    68
12112307    83
12112308    62
12112309   168
12112310   204
12112311   101
12112312    64
12112313   163
12112314   216
12112315    71
12112316    31
12112317    37
12112318    80
12112319   131
12112320   127
12112321   192
12112322   736
12112323   692
12112400   542
12112401   436
12112402   468
12112403   335
12112404   237
12112405   295
12112406   572
12112407   378
12112408   420
12112409   253
12112410    87
12112411   229
12112412   304
12112413   240
12112414   139
12112415   106
12112416    52
12112417    51
12112418    61
12112419    47
12112420    29
12112421    34
12112422    39
12112423    25
12112500    22
12112501    23
12112502    20
12112503    22
12112504    22
12112505    25
12112506    26
12112507    16
12112508    13
12112509    19
12112510    21
12112511    26
12112512    32
12112513    71
12112514   302
12112515   232
12112516    54
12112517    57
12112518    51
12112519    32
12112520    35
12112521    16
12112522    47
12112523   110
12112600    80
12112601    79
12112602   180
12112603    35
12112604    24
12112605    33
12112606    24
12112607    35
12112608    54
12112609    37
12112610    51
12112611    35
12112612    21
12112613    17
12112614    25
12112615    31
12112616    69
12112617   110
12112618    89
12112619    57
12112620    45
12112621    24
12112622    23
12112623    24
12112700    24
12112701    25
12112702    21
12112703    29
12112704    18
12112705    63
12112706    97
12112707    73
12112708    74
12112709    35
12112710    20
12112711    42
12112712   103
12112713   223
12112714   120
12112715    71
12112716    33
12112717    30
12112718    67
12112719   136
12112720    88
12112721    70
12112722    34
12112723    25
12112800    30
12112801    26
12112802    30
12112803    44
12112804    39
12112805    27
12112806    15
12112807    14
12112808    14
12112809    12
12112810    11
12112811    11
12112812    12
12112813    14
12112814    13
12112815    17
12112816    19
12112817    19
12112818    27
12112819    65
12112820   135
12112821   123
12112822    32
12112823    27
12112900    29
12112901    28
12112902    26
12112903    46
12112904    63
12112905    53
12112906    20
12112907    34
12112908    47
12112909    84
12112910   109
12112911    50
12112912    59
12112913    20
12112914    18
12112915    27
12112916    52
12112917   146
12112918    73
12112919    73
12112920    40
12112921    30
12112922    25
12112923    26
12113000    16
12113001    18
12113002    26
12113003    17
12113004    13
12113005    12
12113006    12
12113007    34
12113008    78
12113009    67
12113010    64
12113011    91
12113012    62
12113013    31
12113014    21
12113015    18
12113016    20
12113017    20
12113018    17
12113019    18
12113020    21
12113021    48
12113022    19
12113023    16

Tue Ja 3
