12040100    44
12040101    41
12040102    41
12040103    59
12040104   103
12040105    65
12040106    87
12040107   122
12040108    86
12040109   230
12040110   264
12040111   252
12040112   136
12040113   114
12040114   209
12040115   471
12040116   291
12040117   393
12040118   483
12040119   372
12040120   177
12040121   186
12040122   387
12040123   378
12040200   437
12040201   430
12040202   291
12040203   234
12040204   194
12040205   350
12040206   165
12040207    44
12040208    33
12040209    98
12040210   202
12040211   360
12040212   395
12040213   346
12040214   292
12040215    72
12040216   225
12040217   416
12040218   446
12040219   350
12040220   353
12040221   484
12040222   493
12040223   363
12040300   362
12040301   291
12040302   242
12040303   304
12040304   213
12040305   230
12040306   204
12040307   191
12040308   208
12040309   140
12040310   172
12040311   204
12040312   133
12040313    74
12040314   111
12040315   109
12040316    80
12040317   131
12040318   132
12040319    84
12040320    87
12040321   382
12040322   358
12040323   259
12040400   242
12040401   233
12040402   215
12040403   229
12040404   107
12040405    68
12040406    72
12040407    34
12040408    34
12040409    44
12040410    46
12040411    48
12040412    51
12040413    68
12040414   127
12040415   275
12040416   311
12040417   293
12040418   176
12040419    72
12040420    39
12040421    79
12040422   340
12040423   358
12040500   404
12040501   537
12040502   468
12040503   529
12040504   623
12040505   739
12040506   802
12040507   770
12040508   537
12040509   955
12040510   600
12040511   482
12040512   286
12040513   399
12040514   184
12040515   417
12040516   253
12040517    48
12040518    45
12040519    30
12040520    27
12040521    58
12040522    51
12040523    75
12040600    46
12040601    43
12040602    40
12040603    40
12040604    39
12040605    36
12040606    29
12040607    28
12040608    27
12040609    37
12040610    37
12040611    33
12040612    30
12040613    26
12040614    28
12040615    37
12040616    45
12040617    46
12040618    30
12040619    27
12040620    28
12040621    31
12040622   139
12040623   308
12040700   386
12040701   194
12040702   187
12040703   283
12040704   596
12040705   510
12040706   519
12040707   399
12040708   365
12040709   530
12040710   557
12040711   615
12040712   314
12040713    73
12040714    34
12040715    39
12040716    31
12040717    51
12040718    31
12040719    48
12040720    53
12040721    33
12040722    54
12040723   144
12040800    76
12040801   151
12040802   118
12040803    58
12040804    59
12040805   128
12040806   128
12040807    52
12040808    50
12040809    50
12040810   167
12040811    79
12040812    86
12040813    41
12040814    48
12040815    96
12040816    61
12040817    51
12040818    62
12040819    72
12040820    51
12040821    30
12040822    36
12040823    39
12040900    51
12040901    52
12040902    50
12040903    42
12040904    41
12040905    27
12040906    30
12040907    40
12040908    57
12040909    98
12040910    44
12040911    40
12040912    41
12040913    41
12040914    38
12040915    39
12040916    44
12040917    52
12040918    58
12040919   127
12040920   296
12040921   144
12040922    57
12040923   179
12041000   284
12041001   231
12041002   302
12041003   110
12041004    40
12041005    44
12041006   115
12041007   261
12041008   159
12041009    44
12041010    35
12041011    36
12041012    47
12041013    44
12041014    47
12041015    58
12041016    53
12041017    44
12041018    60
12041019   112
12041020   213
12041021   146
12041022   197
12041023   245
12041100    80
12041101    52
12041102    48
12041103    48
12041104    38
12041105    36
12041106    61
12041107    58
12041108    50
12041109   107
12041110   148
12041111    66
12041112    53
12041113    62
12041114    59
12041115    36
12041116    37
12041117    43
12041118    36
12041119    36
12041120    37
12041121    70
12041122   203
12041123    65
12041200    53
12041201    51
12041202    42
12041203   102
12041204   375
12041205   472
12041206   339
12041207   100
12041208    70
12041209   108
12041210   183
12041211    70
12041212    73
12041213   101
12041214   135
12041215   284
12041216   400
12041217   617
12041218   904
12041219   992
12041220   712
12041221   658
12041222   564
12041223   409
12041300   464
12041301   561
12041302   401
12041303   491
12041304   648
12041305   402
12041306   240
12041307   258
12041308   371
12041309   425
12041310   281
12041311   244
12041312   216
12041313   126
12041314   196
12041315   382
12041316   364
12041317   161
12041318   141
12041319   311
12041320   319
12041321   267
12041322   385
12041323   404
12041400   385
12041401   320
12041402   569
12041403   496
12041404   241
12041405   231
12041406   192
12041407   180
12041408   178
12041409   156
12041410   103
12041411    95
12041412   149
12041413   107
12041414   127
12041415   191
12041416   206
12041417   281
12041418   247
12041419   174
12041420   125
12041421    46
12041422    47
12041423    40
12041500    38
12041501    52
12041502    63
12041503    76
12041504    77
12041505    69
12041506    74
12041507   100
12041508   135
12041509   215
12041510   231
12041511   136
12041512   133
12041513   257
12041514   269
12041515   164
12041516    60
12041517   107
12041518   198
12041519   335
12041520   181
12041521    60
12041522    45
12041523    57
12041600    55
12041601    61
12041602    49
12041603    72
12041604    57
12041605    53
12041606    32
12041607    38
12041608    38
12041609    55
12041610    44
12041611    48
12041612    65
12041613   187
12041614   181
12041615    78
12041616    99
12041617   159
12041618    94
12041619    33
12041620    24
12041621    38
12041622    73
12041623    94
12041700    97
12041701    37
12041702    42
12041703    45
12041704    40
12041705    47
12041706   152
12041707   321
12041708   252
12041709   114
12041710    54
12041711   269
12041712   440
12041713   308
12041714   255
12041715   141
12041716    76
12041717   410
12041718   936
12041719   889
12041720   530
12041721   211
12041722   146
12041723   102
12041800   275
12041801   516
12041802   401
12041803   327
12041804   235
12041805   398
12041806   173
12041807    64
12041808    65
12041809    49
12041810    41
12041811    77
12041812   272
12041813   405
12041814   404
12041815   311
12041816   165
12041817   122
12041818   103
12041819   103
12041820    57
12041821    49
12041822    66
12041823   146
12041900    78
12041901    51
12041902    51
12041903    77
12041904    70
12041905    59
12041906    39
12041907    72
12041908    66
12041909    68
12041910    59
12041911    60
12041912    55
12041913    72
12041914    82
12041915    76
12041916    52
12041917    57
12041918    73
12041919   160
12041920   301
12041921   386
12041922   160
12041923    82
12042000    55
12042001    99
12042002   129
12042003   248
12042004   312
12042005   441
12042006   533
12042007   205
12042008   171
12042009   252
12042010   433
12042011   412
12042012   276
12042013   230
12042014   143
12042015    92
12042016    78
12042017    85
12042018    79
12042019    52
12042020    47
12042021    52
12042022    54
12042023    68
12042100    82
12042101    87
12042102    39
12042103    26
12042104    21
12042105    32
12042106    38
12042107    41
12042108    46
12042109    97
12042110    84
12042111    55
12042112    49
12042113    49
12042114    43
12042115    46
12042116    63
12042117    81
12042118   205
12042119   546
12042120   681
12042121   557
12042122   504
12042123   531
12042200   596
12042201   463
12042202   319
12042203   392
12042204   385
12042205   434
12042206   361
12042207   225
12042208   236
12042209   114
12042210   338
12042211   412
12042212   287
12042213   111
12042214    49
12042215   142
12042216   351
12042217   495
12042218   345
12042219   326
12042220   190
12042221    80
12042222    77
12042223   177
12042300   182
12042301    75
12042302    52
12042303    67
12042304   108
12042305   410
12042306   616
12042307   274
12042308    83
12042309    55
12042310    69
12042311    57
12042312    71
12042313   156
12042314   251
12042315   537
12042316   564
12042317   236
12042318   598
12042319  1198
12042320  1383
12042321  1191
12042322   895
12042323   870
12042400   855
12042401   903
12042402   951
12042403   876
12042404   606
12042405   439
12042406   528
12042407   201
12042408   120
12042409    66
12042410   103
12042411   273
12042412   190
12042413   272
12042414   238
12042415   113
12042416   261
12042417   393
12042418   843
12042419   857
12042420   901
12042421   680
12042422   528
12042423   686
12042500   624
12042501   551
12042502   540
12042503   334
12042504   223
12042505   384
12042506   462
12042507   667
12042508   600
12042509   340
12042510   576
12042511   392
12042512   386
12042513   318
12042514   335
12042515   326
12042516   695
12042517   809
12042518  1024
12042519   835
12042520   931
12042521   615
12042522   177
12042523   118
12042600    92
12042601   476
12042602   831
12042603   976
12042604   445
12042605   215
12042606   166
12042607   121
12042608    59
12042609    70
12042610    99
12042611   175
12042612    69
12042613    78
12042614    84
12042615    88
12042616   159
12042617   177
12042618   240
12042619   232
12042620   126
12042621   137
12042622   160
12042623    79
12042700    76
12042701   320
12042702   356
12042703   352
12042704   151
12042705   181
12042706   217
12042707   226
12042708   135
12042709   129
12042710    81
12042711   108
12042712   149
12042713   233
12042714   173
12042715   144
12042716    83
12042717    86
12042718   217
12042719   184
12042720   170
12042721    69
12042722    49
12042723   175
12042800    79
12042801    43
12042802    36
12042803    34
12042804    22
12042805    43
12042806    60
12042807   102
12042808    39
12042809   125
12042810   369
12042811   150
12042812    59
12042813   127
12042814   251
12042815   369
12042816   309
12042817   350
12042818   418
12042819   521
12042820   358
12042821   121
12042822   162
12042823   373
12042900   293
12042901   267
12042902   211
12042903   198
12042904   234
12042905   163
12042906   148
12042907    91
12042908    50
12042909    76
12042910    98
12042911    61
12042912    93
12042913   208
12042914    96
12042915    65
12042916    54
12042917    73
12042918    58
12042919    70
12042920   122
12042921    79
12042922    38
12042923    41
12043000    36
12043001    29
12043002    40
12043003    74
12043004    50
12043005    35
12043006    45
12043007    56
12043008    96
12043009   114
12043010   114
12043011    55
12043012    47
12043013    62
12043014    67
12043015   119
12043016    90
12043017    58
12043018    43
12043019    52
12043020    64
12043021    38
12043022    68
12043023    42

Tue Ja 3
