12010100    56
12010101    37
12010102    37
12010103    68
12010104    66
12010105    53
12010106    57
12010107    88
12010108    66
12010109    44
12010110    70
12010111    71
12010112   248
12010113   242
12010114   193
12010115   170
12010116    87
12010117    88
12010118   242
12010119    92
12010120   105
12010121    89
12010122    56
12010123    36
12010200    23
12010201    21
12010202    16
12010203    17
12010204    20
12010205    25
12010206    17
12010207    20
12010208    58
12010209    46
12010210    14
12010211    24
12010212    68
12010213   151
12010214    69
12010215    61
12010216    55
12010217    40
12010218    34
12010219    23
12010220    33
12010221    20
12010222    22
12010223    82
12010300   204
12010301   335
12010302   462
12010303   288
12010304   389
12010305   485
12010306   204
12010307   238
12010308   369
12010309   537
12010310   448
12010311   374
12010312   309
12010313   267
12010314   266
12010315   253
12010316   145
12010317   115
12010318    83
12010319    87
12010320    69
12010321    70
12010322    21
12010323    35
12010400    85
12010401    34
12010402    21
12010403    20
12010404    17
12010405    13
12010406    12
12010407    13
12010408    11
12010409    11
12010410    12
12010411    15
12010412    21
12010413    30
12010414    27
12010415    33
12010416    35
12010417    32
12010418    31
12010419    72
12010420    20
12010421    26
12010422    28
12010423    28
12010500    30
12010501    27
12010502    25
12010503    19
12010504    25
12010505    16
12010506    19
12010507    56
12010508    91
12010509    45
12010510   119
12010511   213
12010512   534
12010513    74
12010514    38
12010515    41
12010516    46
12010517    32
12010518   113
12010519   157
12010520    89
12010521    95
12010522    19
12010523    21
12010600    20
12010601    22
12010602    22
12010603    38
12010604    24
12010605    19
12010606    17
12010607    27
12010608    18
12010609    17
12010610    64
12010611   139
12010612    80
12010613    41
12010614    41
12010615    47
12010616    55
12010617   160
12010618   161
12010619    81
12010620   219
12010621   207
12010622   173
12010623   348
12010700   262
12010701   106
12010702    71
12010703    57
12010704    53
12010705    35
12010706    59
12010707    50
12010708   112
12010709   159
12010710   247
12010711   164
12010712    95
12010713    82
12010714   120
12010715   213
12010716    81
12010717    93
12010718   168
12010719   167
12010720   133
12010721   104
12010722   207
12010723   150
12010800   100
12010801    98
12010802   110
12010803   131
12010804   140
12010805    98
12010806    88
12010807   128
12010808    79
12010809    44
12010810    23
12010811    22
12010812    39
12010813    54
12010814    38
12010815    84
12010816   132
12010817    87
12010818    44
12010819   133
12010820   216
12010821    63
12010822    33
12010823    62
12010900   191
12010901   115
12010902    64
12010903   133
12010904   191
12010905   157
12010906   127
12010907   104
12010908   220
12010909    71
12010910   162
12010911   181
12010912    76
12010913   152
12010914   135
12010915    72
12010916   154
12010917   327
12010918    95
12010919    57
12010920    65
12010921   174
12010922    32
12010923    29
12011000    24
12011001    22
12011002    50
12011003    49
12011004    43
12011005    48
12011006    74
12011007    57
12011008    65
12011009   191
12011010   289
12011011   299
12011012   287
12011013    47
12011014    58
12011015    94
12011016   167
12011017   113
12011018   158
12011019   169
12011020    83
12011021    44
12011022    34
12011023    73
12011100   102
12011101   119
12011102    78
12011103   102
12011104   129
12011105   124
12011106    74
12011107    38
12011108    43
12011109    34
12011110    65
12011111   111
12011112    45
12011113    24
12011114    34
12011115    81
12011116   158
12011117   142
12011118    46
12011119    42
12011120    66
12011121    93
12011122    43
12011123    27
12011200    30
12011201    33
12011202    40
12011203    36
12011204    24
12011205    23
12011206    18
12011207    26
12011208    34
12011209    57
12011210    79
12011211   185
12011212   227
12011213   114
12011214    45
12011215    60
12011216    70
12011217    57
12011218    43
12011219    62
12011220    33
12011221   106
12011222   124
12011223    92
12011300    58
12011301    98
12011302   103
12011303    57
12011304    64
12011305   264
12011306   309
12011307    90
12011308    40
12011309    78
12011310   148
12011311    79
12011312    35
12011313    46
12011314    47
12011315    51
12011316    35
12011317    31
12011318    28
12011319    51
12011320    24
12011321    31
12011322    26
12011323    28
12011400    20
12011401    29
12011402    42
12011403    65
12011404    42
12011405    38
12011406    29
12011407    45
12011408    85
12011409    88
12011410    26
12011411    19
12011412    27
12011413    57
12011414    30
12011415    28
12011416    30
12011417    28
12011418    24
12011419    19
12011420    16
12011421    15
12011422    17
12011423    20
12011500    21
12011501    22
12011502    19
12011503    54
12011504    24
12011505    23
12011506    18
12011507    17
12011508    21
12011509    24
12011510    30
12011511    17
12011512    16
12011513    18
12011514    20
12011515    23
12011516    29
12011517    32
12011518    72
12011519   146
12011520   156
12011521   109
12011522   186
12011523   278
12011600   114
12011601    68
12011602    72
12011603   101
12011604   116
12011605    76
12011606    49
12011607    51
12011608    33
12011609    29
12011610    67
12011611   243
12011612   596
12011613   360
12011614   296
12011615   307
12011616   114
12011617   103
12011618   225
12011619   367
12011620   320
12011621    72
12011622    40
12011623   124
12011700   229
12011701   184
12011702   112
12011703   106
12011704    72
12011705    36
12011706    30
12011707    52
12011708    61
12011709    50
12011710   168
12011711   119
12011712    89
12011713    60
12011714    98
12011715    84
12011716    50
12011717    34
12011718    46
12011719    49
12011720    50
12011721    36
12011722    27
12011723    44
12011800    93
12011801    58
12011802    16
12011803    44
12011804    20
12011805    17
12011806    24
12011807    40
12011808    84
12011809    81
12011810   117
12011811    86
12011812    61
12011813    49
12011814    96
12011815   107
12011816    76
12011817    44
12011818    43
12011819    49
12011820    52
12011821    50
12011822    40
12011823    26
12011900    18
12011901    24
12011902    30
12011903    27
12011904    29
12011905    59
12011906    56
12011907    51
12011908    67
12011909    65
12011910    41
12011911    92
12011912    54
12011913    39
12011914    34
12011915    63
12011916    89
12011917    67
12011918    44
12011919    35
12011920    31
12011921    22
12011922    22
12011923    27
12012000    40
12012001    56
12012002   146
12012003    91
12012004    85
12012005    65
12012006   128
12012007   179
12012008   197
12012009    58
12012010    56
12012011    54
12012012    33
12012013    62
12012014   131
12012015    56
12012016    74
12012017   163
12012018   137
12012019   102
12012020    82
12012021    39
12012022    28
12012023    17
12012100    20
12012101    31
12012102   111
12012103   228
12012104    95
12012105   151
12012106   172
12012107   213
12012108   208
12012109   187
12012110   137
12012111   309
12012112   165
12012113    33
12012114    28
12012115    19
12012116    22
12012117    50
12012118   282
12012119   307
12012120   128
12012121    58
12012122    64
12012123   131
12012200    28
12012201    19
12012202    15
12012203    14
12012204    16
12012205    22
12012206    48
12012207    43
12012208   241
12012209   247
12012210   187
12012211   506
12012212   624
12012213   171
12012214   124
12012215   392
12012216   657
12012217   709
12012218   729
12012219   580
12012220   801
12012221   636
12012222   499
12012223   540
12012300   419
12012301   403
12012302   502
12012303   375
12012304   422
12012305   316
12012306   212
12012307   215
12012308   127
12012309    62
12012310    43
12012311    55
12012312    53
12012313    85
12012314    89
12012315    51
12012316    36
12012317    27
12012318    34
12012319    36
12012320    48
12012321    63
12012322   148
12012323   231
12012400   295
12012401   382
12012402   627
12012403   534
12012404   422
12012405   331
12012406   199
12012407   183
12012408   130
12012409   210
12012410   220
12012411   107
12012412   111
12012413    71
12012414   127
12012415   545
12012416   762
12012417   620
12012418  1146
12012419   806
12012420   274
12012421   514
12012422   567
12012423   502
12012500   200
12012501   224
12012502   428
12012503   488
12012504   364
12012505   208
12012506   317
12012507   272
12012508   440
12012509   947
12012510  1048
12012511   582
12012512   283
12012513   387
12012514   347
12012515   249
12012516   146
12012517   163
12012518   127
12012519   199
12012520   160
12012521   114
12012522   141
12012523   153
12012600   117
12012601   153
12012602    76
12012603    35
12012604    53
12012605    72
12012606    77
12012607    75
12012608   184
12012609   315
12012610   219
12012611    94
12012612    69
12012613    44
12012614   114
12012615   155
12012616   287
12012617   456
12012618   259
12012619   206
12012620   217
12012621   172
12012622   147
12012623    77
12012700    74
12012701   108
12012702    47
12012703    66
12012704   180
12012705   210
12012706   228
12012707   212
12012708   357
12012709    99
12012710   166
12012711   288
12012712   362
12012713   224
12012714   134
12012715   231
12012716    89
12012717    40
12012718    46
12012719    31
12012720    20
12012721    25
12012722    20
12012723    27
12012800    57
12012801    95
12012802   130
12012803    89
12012804    44
12012805    59
12012806    58
12012807    61
12012808   108
12012809    50
12012810    34
12012811    96
12012812   118
12012813   159
12012814   126
12012815    55
12012816    83
12012817   134
12012818    58
12012819    86
12012820   427
12012821   413
12012822   358
12012823   375
12012900   360
12012901   143
12012902   132
12012903   169
12012904   253
12012905   182
12012906    98
12012907    84
12012908    96
12012909   133
12012910   130
12012911   115
12012912    80
12012913    75
12012914    29
12012915    22
12012916   115
12012917   279
12012918   156
12012919    60
12012920   126
12012921   170
12012922    48
12012923    30
12013000    24
12013001    20
12013002    22
12013003    25
12013004    31
12013005    28
12013006   109
12013007    41
12013008    20
12013009    15
12013010    18
12013011    28
12013012    29
12013013    26
12013014    60
12013015    45
12013016   117
12013017   440
12013018   575
12013019   586
12013020   392
12013021   241
12013022   205
12013023   320
12013100   285
12013101   197
12013102   141
12013103   131
12013104    42
12013105    35
12013106    35
12013107    48
12013108   108
12013109    85
12013110    57
12013111    52
12013112    42
12013113    65
12013114    35
12013115    26
12013116    19
12013117    18
12013118    15
12013119    13
12013120    15
12013121    19
12013122    20
12013123    21

Tue Ja 3
