12080100    80
12080101    45
12080102    45
12080103   122
12080104   305
12080105   274
12080106   141
12080107    95
12080108   157
12080109   137
12080110   112
12080111   156
12080112   231
12080113   181
12080114   109
12080115    85
12080116    71
12080117   100
12080118   106
12080119    85
12080120   130
12080121   139
12080122   273
12080123   174
12080200    74
12080201    44
12080202    27
12080203    33
12080204    46
12080205    64
12080206    82
12080207    92
12080208    88
12080209    78
12080210    78
12080211    90
12080212   147
12080213   382
12080214   630
12080215   313
12080216   199
12080217   254
12080218   470
12080219   630
12080220   545
12080221   599
12080222   366
12080223   397
12080300   203
12080301   341
12080302   198
12080303   323
12080304   423
12080305   468
12080306   448
12080307   322
12080308   292
12080309   179
12080310    79
12080311    83
12080312    79
12080313   106
12080314    67
12080315    59
12080316    48
12080317    48
12080318    42
12080319    78
12080320    55
12080321    62
12080322    55
12080323    46
12080400    38
12080401    76
12080402   130
12080403   160
12080404   128
12080405   120
12080406   172
12080407    97
12080408    87
12080409   102
12080410   113
12080411    68
12080412    60
12080413    64
12080414    81
12080415   190
12080416   341
12080417   286
12080418    80
12080419    72
12080420   129
12080421   437
12080422   121
12080423    54
12080500    56
12080501    46
12080502    42
12080503    26
12080504    37
12080505    48
12080506    80
12080507   186
12080508   126
12080509   107
12080510   106
12080511   100
12080512    97
12080513    94
12080514    84
12080515    96
12080516   145
12080517   217
12080518   191
12080519   138
12080520   132
12080521   122
12080522   136
12080523   310
12080600   427
12080601   502
12080602   369
12080603   584
12080604   334
12080605   171
12080606   255
12080607   297
12080608   330
12080609   474
12080610   222
12080611   139
12080612   301
12080613   385
12080614   400
12080615   365
12080616   518
12080617   453
12080618   230
12080619   107
12080620    59
12080621   151
12080622   380
12080623   481
12080700   362
12080701    89
12080702    51
12080703    35
12080704    59
12080705    76
12080706   127
12080707   116
12080708   118
12080709   441
12080710   254
12080711   188
12080712   157
12080713    89
12080714    76
12080715    84
12080716    93
12080717   149
12080718   175
12080719   304
12080720   290
12080721   264
12080722   413
12080723   517
12080800   624
12080801   553
12080802   242
12080803    72
12080804    73
12080805   155
12080806   220
12080807   161
12080808   107
12080809    99
12080810   268
12080811   511
12080812   169
12080813    79
12080814    60
12080815    77
12080816    62
12080817    83
12080818    63
12080819    78
12080820   164
12080821   121
12080822   106
12080823    67
12080900    89
12080901   355
12080902   206
12080903   268
12080904   428
12080905   315
12080906   216
12080907   211
12080908   164
12080909   313
12080910   210
12080911   222
12080912   213
12080913   164
12080914    87
12080915    84
12080916   118
12080917   108
12080918    43
12080919    39
12080920    43
12080921    39
12080922    38
12080923    29
12081000    31
12081001    27
12081002    26
12081003    17
12081004    14
12081005    47
12081006    67
12081007    50
12081008    43
12081009    44
12081010    51
12081011    65
12081012    65
12081013    65
12081014    61
12081015    54
12081016    47
12081017    51
12081018    56
12081019    44
12081020    46
12081021    43
12081022    35
12081023    23
12081100    15
12081101    15
12081102    24
12081103    38
12081104    30
12081105    43
12081106    48
12081107    50
12081108    59
12081109    62
12081110    62
12081111   139
12081112   176
12081113   104
12081114    87
12081115    84
12081116   107
12081117   147
12081118   249
12081119   230
12081120   170
12081121   171
12081122   209
12081123   423
12081200   353
12081201   381
12081202   315
12081203   329
12081204   257
12081205   146
12081206   127
12081207   137
12081208   166
12081209   128
12081210    58
12081211    61
12081212    59
12081213    57
12081214    65
12081215   102
12081216   116
12081217   174
12081218   200
12081219   310
12081220   378
12081221   155
12081222    58
12081223    44
12081300    32
12081301    33
12081302    64
12081303    72
12081304    82
12081305   106
12081306   208
12081307   185
12081308   152
12081309   303
12081310    86
12081311    65
12081312    53
12081313    40
12081314    75
12081315   347
12081316   470
12081317   342
12081318   238
12081319   474
12081320   197
12081321    49
12081322    60
12081323    76
12081400    71
12081401   111
12081402    53
12081403   221
12081404   287
12081405   221
12081406   207
12081407   207
12081408   175
12081409   158
12081410   247
12081411   197
12081412   149
12081413   170
12081414   224
12081415   312
12081416    54
12081417    51
12081418    47
12081419    44
12081420    55
12081421   110
12081422   288
12081423   297
12081500   134
12081501   237
12081502    75
12081503    28
12081504    40
12081505    52
12081506    60
12081507   160
12081508   227
12081509   303
12081510   214
12081511   123
12081512   123
12081513    94
12081514    33
12081515    58
12081516   213
12081517   127
12081518    60
12081519    70
12081520   141
12081521   161
12081522   186
12081523   117
12081600   210
12081601   375
12081602   240
12081603   398
12081604   195
12081605   133
12081606   120
12081607   148
12081608   208
12081609   104
12081610    66
12081611    50
12081612    39
12081613   196
12081614   596
12081615   587
12081616   154
12081617   427
12081618   785
12081619   578
12081620   365
12081621   577
12081622   483
12081623   607
12081700   495
12081701   505
12081702   455
12081703   408
12081704   256
12081705   424
12081706   400
12081707   222
12081708   147
12081709   154
12081710    88
12081711   264
12081712   213
12081713   139
12081714   163
12081715   158
12081716   128
12081717   124
12081718    85
12081719    87
12081720   185
12081721   376
12081722   255
12081723   158
12081800   117
12081801   117
12081802   153
12081803   199
12081804   299
12081805   488
12081806   300
12081807    87
12081808    81
12081809    95
12081810   190
12081811   512
12081812   315
12081813    95
12081814    83
12081815    64
12081816    71
12081817   250
12081818   568
12081819   649
12081820   550
12081821   177
12081822    70
12081823    91
12081900    47
12081901    34
12081902    30
12081903    34
12081904    40
12081905    63
12081906    83
12081907    72
12081908    78
12081909   197
12081910   493
12081911   652
12081912   601
12081913   547
12081914   403
12081915   100
12081916    67
12081917    61
12081918    40
12081919    45
12081920    51
12081921   179
12081922   361
12081923   349
12082000   420
12082001   469
12082002   398
12082003   434
12082004   346
12082005   440
12082006   488
12082007   273
12082008   150
12082009   239
12082010   136
12082011    61
12082012   150
12082013   555
12082014   450
12082015   324
12082016   126
12082017   135
12082018   360
12082019   264
12082020   195
12082021   125
12082022   119
12082023   128
12082100   112
12082101    77
12082102    68
12082103    52
12082104    73
12082105   165
12082106   207
12082107    69
12082108    73
12082109   274
12082110   223
12082111   275
12082112   174
12082113   125
12082114   110
12082115   177
12082116   302
12082117   246
12082118    89
12082119   141
12082120   113
12082121   144
12082122   306
12082123   117
12082200    67
12082201    58
12082202    70
12082203    54
12082204   126
12082205   143
12082206   189
12082207   198
12082208    81
12082209   148
12082210   118
12082211    70
12082212    87
12082213   263
12082214   247
12082215    74
12082216    45
12082217    43
12082218    84
12082219   238
12082220   189
12082221   173
12082222   282
12082223   451
12082300   490
12082301   207
12082302   200
12082303   271
12082304   310
12082305   352
12082306   403
12082307   241
12082308   299
12082309   597
12082310   529
12082311   353
12082312   133
12082313   290
12082314   510
12082315   457
12082316   358
12082317   345
12082318   369
12082319   298
12082320   136
12082321    56
12082322    48
12082323    72
12082400   205
12082401   218
12082402    83
12082403   106
12082404   285
12082405   175
12082406   166
12082407   151
12082408   177
12082409   109
12082410   170
12082411   166
12082412   230
12082413   572
12082414   266
12082415    72
12082416    58
12082417   119
12082418   176
12082419   273
12082420   254
12082421   119
12082422   323
12082423   244
12082500   122
12082501    87
12082502   126
12082503    61
12082504   129
12082505    76
12082506   318
12082507   400
12082508   553
12082509   553
12082510   225
12082511    91
12082512    89
12082513   172
12082514   206
12082515   162
12082516    90
12082517   160
12082518   373
12082519   272
12082520   375
12082521   317
12082522   365
12082523   282
12082600    92
12082601    56
12082602    43
12082603    38
12082604    46
12082605   233
12082606   224
12082607    46
12082608    63
12082609   174
12082610   159
12082611   115
12082612   527
12082613   258
12082614   102
12082615    70
12082616   192
12082617   302
12082618   438
12082619   464
12082620   284
12082621    89
12082622    60
12082623    41
12082700    86
12082701    63
12082702   144
12082703   297
12082704   162
12082705    79
12082706   188
12082707   207
12082708    76
12082709    55
12082710    65
12082711   115
12082712    40
12082713    36
12082714    47
12082715    64
12082716    84
12082717   128
12082718    72
12082719    86
12082720    72
12082721   150
12082722   148
12082723    66
12082800    65
12082801    60
12082802    60
12082803    38
12082804    56
12082805    49
12082806    27
12082807    30
12082808    40
12082809    75
12082810    77
12082811    54
12082812   100
12082813    86
12082814    46
12082815    39
12082816    37
12082817    47
12082818    49
12082819    46
12082820    62
12082821    53
12082822    56
12082823    53
12082900    36
12082901    35
12082902    46
12082903    34
12082904    51
12082905    88
12082906    23
12082907    45
12082908    91
12082909    62
12082910    52
12082911    43
12082912    40
12082913    43
12082914    46
12082915    97
12082916   109
12082917    45
12082918    50
12082919    54
12082920    46
12082921    37
12082922    35
12082923    44
12083000    48
12083001    48
12083002    46
12083003    37
12083004    34
12083005    32
12083006    35
12083007    38
12083008    46
12083009    53
12083010    49
12083011    61
12083012    49
12083013    41
12083014    37
12083015    38
12083016    42
12083017    58
12083018    87
12083019    63
12083020    77
12083021    63
12083022    50
12083023    35
12083100    42
12083101    45
12083102    45
12083103    37
12083104    29
12083105    22
12083106    24
12083107    26
12083108    38
12083109    43
12083110    43
12083111    56
12083112    67
12083113    44
12083114    36
12083115    38
12083116    41
12083117    38
12083118    46
12083119    51
12083120    50
12083121    53
12083122    51
12083123    55

Tue Ja 3
