12020100    17
12020101    20
12020102    73
12020103    51
12020104    58
12020105   143
12020106   100
12020107   175
12020108   285
12020109   291
12020110   225
12020111   430
12020112   352
12020113    41
12020114    56
12020115    41
12020116    27
12020117    25
12020118    27
12020119    23
12020120    18
12020121    20
12020122    14
12020123    10
12020200    15
12020201    38
12020202   102
12020203   116
12020204    88
12020205   120
12020206    98
12020207    52
12020208    62
12020209    44
12020210   116
12020211   114
12020212    50
12020213    41
12020214    23
12020215    34
12020216    35
12020217    22
12020218    19
12020219    20
12020220    29
12020221    32
12020222    37
12020223   141
12020300   222
12020301    94
12020302    46
12020303    59
12020304    89
12020305   167
12020306   179
12020307   110
12020308    41
12020309    45
12020310    98
12020311   288
12020312   202
12020313   370
12020314   355
12020315   111
12020316   128
12020317    35
12020318    46
12020319    35
12020320    36
12020321    26
12020322    26
12020323    34
12020400    94
12020401   139
12020402    98
12020403   117
12020404   167
12020405   142
12020406   220
12020407   347
12020408   342
12020409   464
12020410   336
12020411   438
12020412   261
12020413   266
12020414   375
12020415   327
12020416   205
12020417   166
12020418    94
12020419   129
12020420   222
12020421   142
12020422    88
12020423   213
12020500   280
12020501   104
12020502    71
12020503    88
12020504   102
12020505    65
12020506   108
12020507   119
12020508    94
12020509    56
12020510    92
12020511   353
12020512   238
12020513   172
12020514   363
12020515   260
12020516   109
12020517   139
12020518    99
12020519   167
12020520   449
12020521    95
12020522    44
12020523    29
12020600    21
12020601    46
12020602    71
12020603   148
12020604    83
12020605    24
12020606    41
12020607    69
12020608    61
12020609    37
12020610    25
12020611    18
12020612   143
12020613   148
12020614    67
12020615   141
12020616   469
12020617   553
12020618   436
12020619   427
12020620   273
12020621   110
12020622    69
12020623    44
12020700    59
12020701    86
12020702   141
12020703   252
12020704   230
12020705   165
12020706    69
12020707    48
12020708    60
12020709   183
12020710   692
12020711   313
12020712   145
12020713   314
12020714   536
12020715   392
12020716   181
12020717   112
12020718   117
12020719   238
12020720   736
12020721   626
12020722   459
12020723   267
12020800   258
12020801   299
12020802   238
12020803   124
12020804   103
12020805   131
12020806   177
12020807   323
12020808   242
12020809   119
12020810   219
12020811   178
12020812    95
12020813   252
12020814   247
12020815   151
12020816   119
12020817   138
12020818   222
12020819   206
12020820   343
12020821   167
12020822    60
12020823    47
12020900    50
12020901    35
12020902    31
12020903    27
12020904    32
12020905    40
12020906    38
12020907    39
12020908    55
12020909    43
12020910   115
12020911   212
12020912   332
12020913   377
12020914   133
12020915    63
12020916   132
12020917   281
12020918   473
12020919   354
12020920   257
12020921    82
12020922   115
12020923    81
12021000    91
12021001    53
12021002    40
12021003    35
12021004    27
12021005    58
12021006   123
12021007   120
12021008    98
12021009    61
12021010    36
12021011    29
12021012    88
12021013    53
12021014    30
12021015    58
12021016    66
12021017    53
12021018    41
12021019   337
12021020   289
12021021   144
12021022   112
12021023   213
12021100   284
12021101    65
12021102    49
12021103    32
12021104    30
12021105    45
12021106   179
12021107   151
12021108    43
12021109    33
12021110    36
12021111    20
12021112    59
12021113    73
12021114    56
12021115    53
12021116    29
12021117    82
12021118    50
12021119    32
12021120    53
12021121   161
12021122    53
12021123    18
12021200    30
12021201    62
12021202    45
12021203    33
12021204    63
12021205   106
12021206    52
12021207    17
12021208    13
12021209    22
12021210    24
12021211    15
12021212    20
12021213    58
12021214   129
12021215    87
12021216   126
12021217   107
12021218   156
12021219    95
12021220    40
12021221    37
12021222    33
12021223    23
12021300    22
12021301    28
12021302    24
12021303    23
12021304    22
12021305    42
12021306   237
12021307   356
12021308   365
12021309   362
12021310   215
12021311   154
12021312   340
12021313   454
12021314   448
12021315   422
12021316   498
12021317   425
12021318   216
12021319    99
12021320    43
12021321    57
12021322   130
12021323   314
12021400   257
12021401   185
12021402    98
12021403    94
12021404   109
12021405   262
12021406   254
12021407   117
12021408   189
12021409   156
12021410    81
12021411   102
12021412   149
12021413   119
12021414   190
12021415   412
12021416   801
12021417   747
12021418   391
12021419   287
12021420   358
12021421   558
12021422   310
12021423   625
12021500   251
12021501   281
12021502   410
12021503   790
12021504   791
12021505   579
12021506   386
12021507   561
12021508   525
12021509   575
12021510   526
12021511   630
12021512   582
12021513   484
12021514   704
12021515   679
12021516   731
12021517   702
12021518   685
12021519   545
12021520   251
12021521   701
12021522   782
12021523   460
12021600   240
12021601    99
12021602    53
12021603    32
12021604    28
12021605    23
12021606    25
12021607    76
12021608    82
12021609    73
12021610    67
12021611    43
12021612   139
12021613   137
12021614    53
12021615    25
12021616    23
12021617    23
12021618    18
12021619    16
12021620    16
12021621    16
12021622    18
12021623    18
12021700    11
12021701    11
12021702    12
12021703    15
12021704    21
12021705    68
12021706   108
12021707   115
12021708    48
12021709    38
12021710    48
12021711    31
12021712    21
12021713    15
12021714    31
12021715    69
12021716    21
12021717    20
12021718    19
12021719    18
12021720    14
12021721    14
12021722    11
12021723    11
12021800    11
12021801    12
12021802    14
12021803    14
12021804    15
12021805    13
12021806    10
12021807    12
12021808    19
12021809    28
12021810    57
12021811    40
12021812    26
12021813    18
12021814    23
12021815    28
12021816    32
12021817    29
12021818    27
12021819    32
12021820    43
12021821   186
12021822   374
12021823   646
12021900   686
12021901   458
12021902   479
12021903   707
12021904   483
12021905   299
12021906   248
12021907   160
12021908   107
12021909    58
12021910    36
12021911   148
12021912   126
12021913   133
12021914   169
12021915   181
12021916   130
12021917   173
12021918   134
12021919    47
12021920    58
12021921   150
12021922   228
12021923   379
12022000   443
12022001   396
12022002   369
12022003   408
12022004   124
12022005   138
12022006   110
12022007   306
12022008   472
12022009   448
12022010   344
12022011   465
12022012   480
12022013   474
12022014   501
12022015   342
12022016   396
12022017   355
12022018   295
12022019   108
12022020    69
12022021   345
12022022   424
12022023   293
12022100   363
12022101   432
12022102   338
12022103   206
12022104   107
12022105   110
12022106    76
12022107    39
12022108   114
12022109   140
12022110   119
12022111    27
12022112    44
12022113    37
12022114    37
12022115    35
12022116    97
12022117   112
12022118    52
12022119    31
12022120    57
12022121    35
12022122    44
12022123   192
12022200   119
12022201    47
12022202   237
12022203   358
12022204   211
12022205   176
12022206   176
12022207   123
12022208   193
12022209   322
12022210   167
12022211   131
12022212   273
12022213   185
12022214    64
12022215    76
12022216    95
12022217   143
12022218   124
12022219    37
12022220    22
12022221    24
12022222    28
12022223    22
12022300    18
12022301    19
12022302    22
12022303    21
12022304    17
12022305    13
12022306    18
12022307    27
12022308    63
12022309    72
12022310   131
12022311    63
12022312    51
12022313    33
12022314    30
12022315    28
12022316    27
12022317    28
12022318    34
12022319    38
12022320    35
12022321    79
12022322   284
12022323   137
12022400    65
12022401    46
12022402   103
12022403   233
12022404    67
12022405    40
12022406    38
12022407    79
12022408   127
12022409   181
12022410   209
12022411   147
12022412   147
12022413   160
12022414    41
12022415   132
12022416   169
12022417    60
12022418    46
12022419    29
12022420    34
12022421    27
12022422    27
12022423    27
12022500    27
12022501    26
12022502    23
12022503    26
12022504    26
12022505    32
12022506    74
12022507   105
12022508   165
12022509   157
12022510   162
12022511   522
12022512   529
12022513   486
12022514   250
12022515    67
12022516    51
12022517   120
12022518   432
12022519   178
12022520    37
12022521    34
12022522    72
12022523    81
12022600    91
12022601    46
12022602    63
12022603    76
12022604   220
12022605    90
12022606   218
12022607   214
12022608   256
12022609   149
12022610   260
12022611   340
12022612   378
12022613   140
12022614   116
12022615    60
12022616    38
12022617    40
12022618    96
12022619   129
12022620   122
12022621   111
12022622   175
12022623   196
12022700   121
12022701   250
12022702   603
12022703   316
12022704    72
12022705    60
12022706   103
12022707   110
12022708   166
12022709   131
12022710    96
12022711   161
12022712   202
12022713   320
12022714   697
12022715   752
12022716   754
12022717   878
12022718  1003
12022719   758
12022720   199
12022721    95
12022722    53
12022723    85
12022800   101
12022801    48
12022802    43
12022803    35
12022804    76
12022805   157
12022806   206
12022807   899
12022808   706
12022809   124
12022810    39
12022811    36
12022812    35
12022813    37
12022814    32
12022815    51
12022816    88
12022817    66
12022818    42
12022819   151
12022820    79
12022821    54
12022822    92
12022823   220
12022900   214
12022901   223
12022902   211
12022903   186
12022904    94
12022905   147
12022906    76
12022907    83
12022908    55
12022909    25
12022910    21
12022911    20
12022912    21
12022913    27
12022914    39
12022915    43
12022916    46
12022917   106
12022918    76
12022919    42
12022920    28
12022921    28
12022922    28
12022923    26

Tue Ja 3
