12090100    63
12090101    86
12090102   105
12090103    94
12090104    54
12090105    59
12090106    53
12090107    61
12090108    86
12090109    77
12090110   282
12090111   329
12090112   162
12090113   114
12090114   221
12090115   106
12090116    89
12090117   152
12090118   172
12090119    66
12090120    66
12090121    88
12090122   178
12090123   165
12090200   164
12090201   353
12090202   531
12090203   402
12090204   463
12090205   502
12090206   639
12090207   505
12090208   582
12090209   417
12090210   408
12090211   484
12090212   351
12090213   404
12090214   585
12090215   824
12090216   835
12090217   906
12090218   857
12090219   693
12090220   813
12090221   822
12090222   719
12090223   921
12090300   550
12090301   541
12090302   608
12090303   739
12090304   624
12090305   677
12090306   697
12090307   695
12090308   700
12090309   774
12090310   608
12090311   461
12090312   633
12090313   800
12090314  1138
12090315   697
12090316   641
12090317   621
12090318   801
12090319   849
12090320   483
12090321   208
12090322   586
12090323   258
12090400   131
12090401   206
12090402   428
12090403   489
12090404   281
12090405   380
12090406   667
12090407   940
12090408   582
12090409   202
12090410   392
12090411   161
12090412    79
12090413    84
12090414    83
12090415    89
12090416   187
12090417   260
12090418   260
12090419   240
12090420   154
12090421   220
12090422   390
12090423   761
12090500   734
12090501   845
12090502  1067
12090503   678
12090504   616
12090505   589
12090506   336
12090507   518
12090508   416
12090509   459
12090510   230
12090511   104
12090512   125
12090513    79
12090514    75
12090515    71
12090516    92
12090517   129
12090518   380
12090519   442
12090520   436
12090521   163
12090522   124
12090523   152
12090600   456
12090601   593
12090602   376
12090603   201
12090604    44
12090605    36
12090606    33
12090607    26
12090608    31
12090609    39
12090610    47
12090611    36
12090612    30
12090613    44
12090614    48
12090615    62
12090616    83
12090617   158
12090618   152
12090619    82
12090620   124
12090621    98
12090622    85
12090623    87
12090700    63
12090701    55
12090702   102
12090703   259
12090704   367
12090705   101
12090706   168
12090707   412
12090708   313
12090709   400
12090710   606
12090711   482
12090712   400
12090713   269
12090714   330
12090715   404
12090716   411
12090717   534
12090718   591
12090719   499
12090720   494
12090721   550
12090722   404
12090723   450
12090800   439
12090801   398
12090802   338
12090803   357
12090804   279
12090805   217
12090806    84
12090807   203
12090808   263
12090809   305
12090810   452
12090811   357
12090812   425
12090813   423
12090814   279
12090815   134
12090816   120
12090817   388
12090818   275
12090819   111
12090820    98
12090821    81
12090822    94
12090823    52
12090900    42
12090901    33
12090902    67
12090903    40
12090904    25
12090905    38
12090906   147
12090907   179
12090908   167
12090909   161
12090910    83
12090911    85
12090912    89
12090913    51
12090914    95
12090915   172
12090916   138
12090917   111
12090918    90
12090919   129
12090920   117
12090921    45
12090922    67
12090923   136
12091000   145
12091001    74
12091002    47
12091003    25
12091004    23
12091005    33
12091006    60
12091007   182
12091008   102
12091009    67
12091010    51
12091011    42
12091012    42
12091013    42
12091014    53
12091015    46
12091016    42
12091017    45
12091018    48
12091019    38
12091020    30
12091021    24
12091022    23
12091023    21
12091100    29
12091101    25
12091102    18
12091103    16
12091104    10
12091105    15
12091106    21
12091107    31
12091108    37
12091109    52
12091110    51
12091111    68
12091112    42
12091113    85
12091114    79
12091115    96
12091116   112
12091117    87
12091118    83
12091119    67
12091120    35
12091121    32
12091122    26
12091123    29
12091200    43
12091201    61
12091202   117
12091203   142
12091204   137
12091205   138
12091206   125
12091207    74
12091208    48
12091209    81
12091210   292
12091211   244
12091212    65
12091213    41
12091214    42
12091215    38
12091216    52
12091217    76
12091218   100
12091219    90
12091220   122
12091221   142
12091222   118
12091223    90
12091300   174
12091301   121
12091302    93
12091303    88
12091304    62
12091305   187
12091306    89
12091307    47
12091308    35
12091309    40
12091310    34
12091311    32
12091312    30
12091313    28
12091314    61
12091315   205
12091316   251
12091317    94
12091318    75
12091319    49
12091320    40
12091321    25
12091322    27
12091323    38
12091400    32
12091401    35
12091402    30
12091403    45
12091404    37
12091405    32
12091406    25
12091407    20
12091408    29
12091409    33
12091410    32
12091411    36
12091412    31
12091413    54
12091414    63
12091415   208
12091416    70
12091417    36
12091418    40
12091419    36
12091420    30
12091421    30
12091422    71
12091423   233
12091500   163
12091501   112
12091502   133
12091503   132
12091504   152
12091505   135
12091506   101
12091507   140
12091508   128
12091509    64
12091510   161
12091511    41
12091512    41
12091513    87
12091514    72
12091515   122
12091516   125
12091517   181
12091518   168
12091519   103
12091520    84
12091521   244
12091522   134
12091523    37
12091600    26
12091601    65
12091602   178
12091603   284
12091604   193
12091605   117
12091606   136
12091607   102
12091608    44
12091609   105
12091610   204
12091611    60
12091612    35
12091613    33
12091614    58
12091615    44
12091616    45
12091617   139
12091618   443
12091619   267
12091620    55
12091621    89
12091622    40
12091623    71
12091700   190
12091701   151
12091702    77
12091703    51
12091704    46
12091705    52
12091706    84
12091707    20
12091708    28
12091709    36
12091710   110
12091711    69
12091712    79
12091713   125
12091714    63
12091715    71
12091716    62
12091717    79
12091718    76
12091719    79
12091720   104
12091721    40
12091722    42
12091723   124
12091800    83
12091801    69
12091802   182
12091803   261
12091804   344
12091805   264
12091806   331
12091807   237
12091808   163
12091809   152
12091810   453
12091811   532
12091812   305
12091813   195
12091814   147
12091815   268
12091816   334
12091817   205
12091818    55
12091819    45
12091820    29
12091821    23
12091822    26
12091823    54
12091900    20
12091901    28
12091902    51
12091903   288
12091904   332
12091905   106
12091906    90
12091907    38
12091908    46
12091909   114
12091910    60
12091911    90
12091912   153
12091913   284
12091914   344
12091915   274
12091916   752
12091917   757
12091918   434
12091919   326
12091920   732
12091921   813
12091922   582
12091923   576
12092000   577
12092001   589
12092002   248
12092003    74
12092004    61
12092005    41
12092006    68
12092007    30
12092008   169
12092009    93
12092010   305
12092011   409
12092012   340
12092013   121
12092014    73
12092015    91
12092016   183
12092017   336
12092018   148
12092019    65
12092020   101
12092021   118
12092022   113
12092023   122
12092100    85
12092101    99
12092102    91
12092103   104
12092104   109
12092105    57
12092106    45
12092107    18
12092108    51
12092109    50
12092110   119
12092111   278
12092112    90
12092113   102
12092114   107
12092115    78
12092116   281
12092117   218
12092118   104
12092119    58
12092120    45
12092121    46
12092122    45
12092123    44
12092200    74
12092201    72
12092202    72
12092203    64
12092204    60
12092205    38
12092206    53
12092207   123
12092208   363
12092209   300
12092210   260
12092211   139
12092212    45
12092213    40
12092214    42
12092215    48
12092216    58
12092217    48
12092218    45
12092219    29
12092220    30
12092221    59
12092222    56
12092223    52
12092300    48
12092301    36
12092302    26
12092303    20
12092304    21
12092305    17
12092306    11
12092307     9
12092308    19
12092309    29
12092310    28
12092311    36
12092312    38
12092313    39
12092314    38
12092315    38
12092316    41
12092317    41
12092318    33
12092319    32
12092320    32
12092321    34
12092322    30
12092323    28
12092400    33
12092401    34
12092402    34
12092403    34
12092404    38
12092405    35
12092406    26
12092407    21
12092408    27
12092409    29
12092410    32
12092411    34
12092412    35
12092413    39
12092414    37
12092415    32
12092416    39
12092417    39
12092418    54
12092419    29
12092420    29
12092421    37
12092422    25
12092423    25
12092500    24
12092501    47
12092502    41
12092503    52
12092504    51
12092505    36
12092506    48
12092507    73
12092508    60
12092509    54
12092510    40
12092511    33
12092512    56
12092513    78
12092514    75
12092515    40
12092516    24
12092517    26
12092518    27
12092519    38
12092520    27
12092521    21
12092522    24
12092523    24
12092600    26
12092601    27
12092602    27
12092603    27
12092604    28
12092605    32
12092606    41
12092607    16
12092608    25
12092609    49
12092610    46
12092611    48
12092612    42
12092613    45
12092614    38
12092615   104
12092616    69
12092617    27
12092618    71
12092619   164
12092620   308
12092621   101
12092622   108
12092623   119
12092700   148
12092701    96
12092702    68
12092703    57
12092704    56
12092705   119
12092706    85
12092707    46
12092708    52
12092709    47
12092710    43
12092711    40
12092712    37
12092713    38
12092714    31
12092715    36
12092716    37
12092717    36
12092718    28
12092719    37
12092720    49
12092721    27
12092722    31
12092723    27
12092800    33
12092801    36
12092802    35
12092803    34
12092804    31
12092805    24
12092806    23
12092807    34
12092808    35
12092809    57
12092810    62
12092811    52
12092812    47
12092813    45
12092814    44
12092815    48
12092816    48
12092817    43
12092818    34
12092819    37
12092820    34
12092821    32
12092822    31
12092823    31
12092900    42
12092901    48
12092902    48
12092903    44
12092904    36
12092905    30
12092906    38
12092907    52
12092908    44
12092909    51
12092910    84
12092911    54
12092912    53
12092913    56
12092914    64
12092915    82
12092916   175
12092917   154
12092918   148
12092919    61
12092920    44
12092921    49
12092922    42
12092923    50
12093000    51
12093001    55
12093002    39
12093003    46
12093004    53
12093005    90
12093006    87
12093007    50
12093008    49
12093009    39
12093010    48
12093011    62
12093012   146
12093013   212
12093014   180
12093015   455
12093016   599
12093017   800
12093018   498
12093019   425
12093020   547
12093021   574
12093022   475
12093023   564

Tue Ja 3
