12030100    37
12030101    32
12030102    25
12030103    43
12030104   150
12030105   359
12030106   317
12030107   122
12030108    99
12030109   277
12030110   689
12030111   610
12030112   484
12030113   409
12030114   248
12030115   374
12030116   299
12030117   480
12030118   442
12030119   793
12030120   602
12030121   422
12030122   627
12030123   453
12030200   494
12030201   411
12030202   340
12030203   252
12030204   392
12030205   379
12030206   226
12030207   346
12030208   279
12030209   138
12030210   226
12030211   233
12030212   463
12030213   483
12030214   276
12030215   136
12030216   286
12030217   454
12030218   496
12030219   263
12030220    67
12030221    66
12030222    51
12030223   256
12030300   309
12030301   309
12030302   224
12030303   245
12030304   272
12030305   276
12030306   362
12030307   267
12030308   377
12030309   332
12030310   139
12030311   161
12030312   273
12030313   357
12030314   248
12030315   242
12030316   411
12030317    90
12030318    94
12030319    99
12030320   152
12030321   333
12030322   324
12030323   398
12030400   454
12030401   356
12030402   501
12030403   392
12030404   171
12030405    86
12030406    61
12030407   259
12030408   270
12030409   156
12030410   407
12030411   547
12030412   167
12030413    70
12030414   150
12030415   258
12030416   343
12030417   623
12030418   535
12030419   409
12030420   480
12030421    97
12030422    67
12030423    54
12030500   272
12030501   242
12030502   214
12030503   199
12030504   201
12030505   254
12030506   374
12030507   167
12030508   109
12030509   118
12030510   412
12030511   459
12030512   117
12030513   115
12030514   152
12030515   240
12030516   194
12030517   162
12030518    51
12030519   126
12030520   515
12030521   638
12030522   704
12030523   463
12030600   341
12030601   278
12030602   237
12030603   177
12030604   121
12030605   103
12030606   266
12030607   353
12030608   210
12030609    51
12030610    34
12030611    45
12030612   121
12030613   330
12030614   400
12030615   106
12030616    55
12030617    70
12030618   143
12030619   189
12030620   111
12030621   355
12030622   211
12030623    82
12030700   155
12030701   448
12030702   374
12030703   208
12030704   397
12030705   765
12030706   673
12030707   630
12030708   773
12030709   559
12030710   602
12030711   519
12030712   351
12030713   429
12030714   988
12030715  1318
12030716   789
12030717   368
12030718   280
12030719   503
12030720   625
12030721   574
12030722   420
12030723   361
12030800   241
12030801   111
12030802    85
12030803    71
12030804    72
12030805    56
12030806    60
12030807    83
12030808    95
12030809   108
12030810   121
12030811   279
12030812   291
12030813   397
12030814   565
12030815   995
12030816   828
12030817   723
12030818   527
12030819   531
12030820   309
12030821   502
12030822   558
12030823   474
12030900   341
12030901   305
12030902   601
12030903  1109
12030904  1138
12030905   333
12030906  1222
12030907  1149
12030908  1109
12030909  1785
12030910  1009
12030911  1092
12030912  1389
12030913  1071
12030914   867
12030915   861
12030916   695
12030917   200
12030918   141
12030919   102
12030920   186
12030921   126
12030922    76
12030923   146
12031000   487
12031001   820
12031002   621
12031003   671
12031004   900
12031005   726
12031006   494
12031007   415
12031008   438
12031009   481
12031010   476
12031011   464
12031012   343
12031013   415
12031014   412
12031015   346
12031016   437
12031017   481
12031018   400
12031019   316
12031020   200
12031021   208
12031022   189
12031023   120
12031100    89
12031101   100
12031102   103
12031103   151
12031104   238
12031105   223
12031106   245
12031107   230
12031108   179
12031109   188
12031110   366
12031111   273
12031112   198
12031113   365
12031114   168
12031115   106
12031116   119
12031117   314
12031118   499
12031119   574
12031120   579
12031121   541
12031122   300
12031123   377
12031200   199
12031201   148
12031202   191
12031203   207
12031204    98
12031205   105
12031206    77
12031207    40
12031208   150
12031209   960
12031210   602
12031211  1022
12031212  1079
12031213   226
12031214   123
12031215    82
12031216   256
12031217   409
12031218   197
12031219   196
12031220   499
12031221   347
12031222   220
12031223   290
12031300   652
12031301   202
12031302    79
12031303   256
12031304   316
12031305   340
12031306   155
12031307   179
12031308   227
12031309   184
12031310   253
12031311   232
12031312   273
12031313   241
12031314   190
12031315   130
12031316   217
12031317   107
12031318   173
12031319   125
12031320   260
12031321   189
12031322   252
12031323   216
12031400   293
12031401   325
12031402   324
12031403   216
12031404   189
12031405   177
12031406   100
12031407   106
12031408   154
12031409   121
12031410   112
12031411   314
12031412   419
12031413   323
12031414   369
12031415   431
12031416   343
12031417   309
12031418   260
12031419   123
12031420   275
12031421   362
12031422   209
12031423   151
12031500   234
12031501   538
12031502   446
12031503   319
12031504   243
12031505   260
12031506   223
12031507   310
12031508   276
12031509   434
12031510   441
12031511   496
12031512   568
12031513   725
12031514  1013
12031515  1186
12031516  1304
12031517  1139
12031518  1155
12031519   838
12031520   414
12031521   477
12031522   503
12031523   754
12031600   551
12031601   524
12031602   349
12031603   456
12031604   421
12031605   406
12031606   369
12031607   545
12031608   455
12031609   739
12031610   484
12031611   237
12031612   146
12031613   314
12031614   423
12031615   555
12031616   288
12031617   699
12031618   634
12031619   536
12031620   669
12031621   618
12031622   625
12031623   493
12031700   428
12031701   235
12031702   200
12031703   212
12031704   468
12031705   530
12031706   512
12031707   403
12031708   404
12031709   462
12031710   506
12031711   260
12031712   153
12031713    92
12031714   293
12031715   141
12031716   690
12031717   704
12031718   366
12031719   410
12031720   689
12031721   673
12031722   274
12031723   545
12031800   325
12031801   421
12031802   483
12031803   243
12031804   215
12031805   198
12031806   175
12031807   317
12031808   242
12031809   254
12031810   407
12031811   419
12031812    77
12031813    37
12031814    93
12031815   222
12031816   275
12031817   193
12031818   134
12031819    90
12031820   131
12031821   343
12031822   360
12031823   394
12031900   185
12031901    78
12031902   140
12031903   462
12031904   333
12031905   203
12031906   150
12031907   142
12031908   137
12031909   194
12031910   182
12031911   176
12031912   406
12031913   202
12031914   111
12031915    94
12031916    93
12031917   162
12031918   262
12031919   297
12031920   207
12031921   266
12031922   240
12031923    93
12032000   113
12032001   145
12032002   136
12032003    78
12032004    53
12032005    52
12032006    93
12032007    81
12032008    95
12032009    34
12032010    61
12032011   110
12032012    67
12032013    33
12032014    35
12032015    48
12032016   106
12032017   148
12032018   253
12032019    97
12032020    52
12032021    54
12032022   188
12032023   200
12032100    72
12032101    68
12032102    48
12032103    34
12032104    35
12032105    35
12032106    94
12032107    68
12032108    54
12032109    93
12032110   216
12032111    92
12032112   117
12032113   182
12032114   106
12032115    61
12032116    40
12032117    48
12032118   192
12032119   220
12032120   218
12032121   165
12032122    51
12032123    60
12032200    52
12032201    49
12032202    58
12032203    75
12032204    88
12032205    55
12032206    32
12032207    45
12032208    20
12032209    27
12032210    29
12032211    31
12032212    41
12032213    44
12032214    46
12032215    51
12032216    53
12032217    54
12032218    50
12032219    74
12032220   118
12032221   439
12032222   627
12032223   478
12032300   511
12032301   213
12032302   104
12032303    72
12032304    52
12032305    31
12032306    22
12032307    21
12032308   103
12032309   160
12032310   159
12032311   101
12032312   116
12032313   126
12032314   115
12032315    99
12032316    85
12032317   106
12032318   104
12032319    62
12032320    63
12032321    57
12032322    66
12032323    67
12032400    52
12032401    65
12032402    62
12032403    52
12032404    84
12032405   431
12032406   604
12032407   757
12032408   193
12032409    89
12032410    55
12032411    45
12032412    72
12032413   101
12032414    82
12032415    95
12032416   308
12032417   384
12032418   274
12032419   120
12032420   205
12032421   135
12032422    36
12032423    58
12032500   206
12032501   193
12032502    60
12032503    39
12032504    49
12032505    42
12032506   156
12032507   325
12032508   287
12032509   198
12032510   147
12032511   133
12032512   184
12032513    46
12032514    38
12032515    44
12032516    48
12032517    53
12032518    36
12032519    30
12032520    28
12032521    32
12032522    32
12032523    36
12032600    40
12032601    43
12032602    34
12032603    28
12032604    33
12032605    24
12032606    45
12032607   114
12032608    94
12032609    49
12032610    84
12032611   109
12032612    55
12032613   114
12032614    76
12032615    59
12032616    46
12032617    48
12032618    36
12032619    42
12032620    33
12032621    29
12032622    31
12032623    36
12032700   114
12032701   218
12032702   224
12032703   263
12032704   247
12032705   250
12032706   149
12032707    56
12032708    49
12032709    68
12032710   271
12032711   607
12032712   555
12032713   432
12032714   782
12032715   846
12032716   729
12032717   783
12032718   721
12032719   646
12032720   475
12032721   593
12032722   554
12032723   649
12032800   571
12032801   449
12032802   574
12032803   572
12032804   573
12032805   595
12032806   389
12032807   306
12032808   317
12032809   234
12032810   277
12032811   350
12032812   318
12032813   394
12032814   335
12032815   167
12032816    99
12032817    74
12032818    62
12032819    97
12032820   263
12032821    78
12032822    39
12032823    59
12032900    48
12032901    54
12032902    55
12032903    42
12032904    27
12032905    19
12032906    17
12032907    35
12032908    21
12032909    26
12032910    30
12032911    37
12032912    47
12032913    82
12032914    67
12032915    43
12032916    56
12032917    60
12032918    50
12032919    34
12032920    65
12032921   268
12032922   450
12032923   351
12033000   258
12033001   360
12033002   201
12033003    77
12033004   126
12033005   127
12033006    66
12033007    96
12033008    94
12033009    99
12033010    44
12033011    37
12033012    43
12033013    41
12033014    41
12033015    59
12033016    43
12033017    38
12033018    34
12033019    30
12033020    30
12033021    37
12033022    43
12033023    45
12033100    41
12033101    42
12033102    44
12033103    53
12033104    49
12033105    28
12033106    26
12033107    31
12033108    49
12033109    42
12033110    45
12033111    43
12033112    38
12033113    43
12033114    75
12033115    61
12033116    30
12033117    29
12033118    96
12033119   253
12033120    94
12033121    38
12033122    41
12033123    44

Tue Ja 3
