13100100    44
13100101    46
13100102    42
13100103    36
13100104    29
13100105    30
13100106    45
13100107    43
13100108    53
13100109    65
13100110    43
13100111    37
13100112    59
13100113   145
13100114   195
13100115   210
13100116    82
13100117    65
13100118    53
13100119    73
13100120    91
13100121   498
13100122   442
13100123   285
13100200   176
13100201   286
13100202  1271
13100203  1197
13100204   631
13100205  1299
13100206  1114
13100207   410
13100208   403
13100209   188
13100210   143
13100211   218
13100212   166
13100213   127
13100214   163
13100215   193
13100216   577
13100217   662
13100218   441
13100219   572
13100220   780
13100221   689
13100222   461
13100223   498
13100300   392
13100301   122
13100302    93
13100303    66
13100304    74
13100305    51
13100306    26
13100307    26
13100308    25
13100309    19
13100310    25
13100311    46
13100312    37
13100313    34
13100314    34
13100315    41
13100316    50
13100317    43
13100318    44
13100319    41
13100320    33
13100321    29
13100322    28
13100323    25
13100400    29
13100401    36
13100402    37
13100403    34
13100404    28
13100405    24
13100406    22
13100407    21
13100408    20
13100409    25
13100410    31
13100411    38
13100412    43
13100413    49
13100414    51
13100415    51
13100416    56
13100417    58
13100418    46
13100419    44
13100420    38
13100421    36
13100422    32
13100423    29
13100500    26
13100501    26
13100502    27
13100503    26
13100504    22
13100505    17
13100506    11
13100507     7
13100508    15
13100509    27
13100510    34
13100511    41
13100512    47
13100513    49
13100514    51
13100515    52
13100516    56
13100517    50
13100518    44
13100519    36
13100520    31
13100521    35
13100522    30
13100523    29
13100600    27
13100601    28
13100602    26
13100603    23
13100604    18
13100605    11
13100606     6
13100607    12
13100608    28
13100609    53
13100610    51
13100611    44
13100612    60
13100613   101
13100614    59
13100615    58
13100616    54
13100617    47
13100618    44
13100619    48
13100620    50
13100621    53
13100622    57
13100623    33
13100700    32
13100701    33
13100702    37
13100703   100
13100704   245
13100705   160
13100706   145
13100707   300
13100708   196
13100709   180
13100710   110
13100711   103
13100712    83
13100713   118
13100714   138
13100715   114
13100716   166
13100717   303
13100718   233
13100719    85
13100720    57
13100721    35
13100722    39
13100723    35
13100800    47
13100801    35
13100802    36
13100803    67
13100804    80
13100805    39
13100806    35
13100807    49
13100808    76
13100809   127
13100810   136
13100811   184
13100812   303
13100813   115
13100814    54
13100815    65
13100816    52
13100817    56
13100818   112
13100819   294
13100820   652
13100821  1092
13100822   586
13100823   397
13100900   305
13100901   483
13100902   412
13100903   232
13100904   339
13100905   693
13100906   738
13100907   756
13100908   848
13100909   558
13100910   478
13100911   408
13100912   440
13100913   234
13100914   127
13100915   168
13100916   286
13100917   146
13100918    56
13100919    87
13100920    45
13100921   101
13100922    74
13100923   149
13101000   259
13101001   450
13101002   173
13101003   114
13101004   288
13101005   476
13101006   262
13101007   113
13101008   126
13101009   266
13101010    83
13101011    79
13101012   112
13101013   111
13101014   152
13101015   210
13101016   114
13101017    43
13101018    35
13101019    28
13101020    68
13101021    42
13101022    51
13101023    60
13101100    40
13101101    79
13101102   145
13101103   130
13101104   148
13101105   117
13101106   280
13101107   223
13101108    91
13101109   152
13101110   120
13101111   117
13101112   272
13101113    78
13101114    41
13101115    73
13101116    90
13101117    50
13101118    40
13101119    35
13101120    34
13101121    30
13101122    27
13101123    31
13101200    23
13101201    18
13101202    10
13101203    35
13101204    46
13101205    57
13101206    34
13101207    49
13101208    81
13101209   234
13101210   174
13101211    96
13101212   154
13101213   113
13101214    40
13101215    77
13101216    42
13101217    62
13101218    85
13101219    57
13101220    49
13101221    82
13101222   114
13101223   131
13101300    81
13101301    63
13101302    96
13101303    25
13101304    14
13101305    12
13101306    16
13101307    20
13101308    25
13101309    29
13101310    28
13101311    36
13101312    46
13101313    52
13101314   105
13101315    54
13101316    37
13101317    28
13101318    30
13101319    30
13101320    35
13101321    23
13101322    19
13101323    14
13101400    15
13101401    17
13101402    33
13101403    56
13101404   107
13101405   244
13101406   188
13101407   210
13101408   379
13101409   248
13101410   471
13101411   425
13101412   332
13101413   762
13101414   573
13101415   493
13101416   577
13101417   535
13101418   729
13101419   804
13101420   839
13101421   609
13101422   576
13101423   491
13101500   522
13101501   673
13101502   594
13101503   714
13101504   279
13101505   204
13101506   478
13101507   440
13101508   106
13101509    61
13101510   269
13101511   559
13101512   283
13101513    77
13101514    39
13101515    53
13101516    92
13101517    65
13101518    48
13101519    23
13101520    66
13101521   330
13101522   186
13101523   337
13101600   398
13101601   306
13101602   329
13101603   253
13101604   129
13101605    41
13101606    99
13101607   134
13101608   109
13101609   104
13101610    87
13101611    73
13101612   177
13101613   116
13101614   113
13101615   216
13101616   310
13101617   283
13101618   224
13101619   130
13101620    34
13101621    35
13101622    50
13101623   135
13101700   253
13101701   201
13101702    99
13101703   251
13101704   196
13101705   212
13101706   146
13101707   318
13101708   217
13101709   229
13101710   332
13101711   435
13101712   302
13101713   258
13101714   354
13101715   342
13101716   426
13101717   466
13101718   233
13101719    73
13101720   108
13101721    99
13101722    61
13101723    48
13101800    22
13101801    15
13101802    18
13101803    20
13101804    14
13101805    15
13101806    21
13101807    28
13101808    83
13101809    80
13101810    60
13101811    40
13101812    35
13101813    38
13101814    40
13101815    49
13101816    54
13101817    70
13101818    50
13101819   107
13101820    48
13101821    23
13101822    14
13101823    13
13101900    12
13101901     9
13101902    12
13101903    15
13101904    17
13101905    21
13101906    25
13101907    27
13101908    31
13101909    34
13101910    65
13101911    55
13101912    46
13101913    41
13101914    37
13101915    97
13101916   188
13101917    74
13101918    53
13101919    36
13101920    26
13101921    20
13101922    17
13101923    17
13102000    15
13102001    13
13102002    14
13102003    16
13102004    17
13102005    22
13102006    30
13102007    35
13102008    45
13102009    64
13102010    44
13102011    35
13102012    42
13102013    39
13102014    39
13102015   111
13102016   149
13102017   126
13102018    64
13102019    69
13102020    74
13102021    58
13102022    47
13102023    31
13102100    25
13102101    29
13102102    36
13102103    46
13102104    57
13102105    75
13102106    58
13102107    40
13102108    49
13102109    47
13102110    36
13102111    32
13102112    33
13102113    32
13102114    36
13102115    42
13102116    59
13102117   105
13102118    47
13102119    27
13102120    31
13102121    28
13102122    22
13102123    18
13102200    16
13102201    17
13102202    19
13102203    28
13102204    34
13102205    36
13102206    39
13102207    41
13102208    48
13102209    79
13102210   119
13102211    60
13102212    48
13102213    55
13102214    58
13102215    52
13102216    39
13102217    31
13102218    54
13102219   120
13102220    49
13102221    74
13102222   133
13102223   116
13102300    34
13102301    18
13102302    16
13102303    31
13102304    63
13102305   148
13102306   112
13102307    58
13102308    34
13102309    79
13102310   178
13102311    53
13102312    38
13102313    38
13102314    33
13102315    36
13102316    29
13102317    22
13102318    24
13102319    23
13102320    28
13102321    31
13102322    25
13102323    25
13102400    33
13102401    38
13102402    35
13102403    37
13102404    36
13102405    40
13102406    41
13102407    39
13102408    37
13102409    34
13102410    32
13102411    27
13102412    25
13102413    27
13102414    28
13102415    29
13102416    26
13102417    24
13102418    26
13102419    33
13102420    35
13102421    28
13102422    25
13102423    22
13102500    22
13102501    22
13102502    27
13102503    28
13102504    35
13102505    38
13102506    25
13102507    24
13102508    40
13102509    48
13102510    33
13102511    27
13102512    28
13102513    26
13102514    29
13102515    41
13102516    31
13102517    28
13102518    27
13102519    32
13102520    28
13102521    31
13102522    26
13102523    31
13102600    25
13102601    24
13102602    19
13102603    23
13102604    25
13102605    28
13102606    30
13102607    42
13102608    44
13102609    48
13102610    37
13102611    33
13102612    33
13102613    42
13102614    31
13102615    33
13102616    31
13102617    50
13102618    39
13102619    44
13102620    28
13102621    31
13102622    20
13102623    27
13102700    25
13102701    24
13102702    25
13102703    28
13102704    30
13102705    31
13102706    36
13102707    34
13102708    38
13102709    32
13102710    32
13102711    40
13102712    40
13102713    39
13102714    37
13102715    28
13102716    27
13102717    26
13102718    35
13102719   146
13102720    60
13102721    23
13102722    22
13102723    21
13102800    19
13102801    19
13102802    20
13102803    20
13102804    27
13102805    52
13102806    50
13102807    34
13102808    35
13102809    31
13102810    34
13102811    32
13102812    34
13102813    37
13102814    35
13102815    41
13102816    38
13102817    30
13102818    26
13102819    25
13102820    22
13102821    20
13102822    21
13102823    24
13102900    26
13102901    25
13102902    24
13102903    23
13102904    25
13102905    27
13102906    31
13102907    33
13102908    32
13102909    47
13102910   126
13102911   500
13102912   326
13102913    94
13102914    60
13102915    38
13102916    55
13102917    67
13102918   254
13102919   295
13102920   303
13102921   138
13102922    44
13102923    36
13103000    24
13103001    32
13103002    30
13103003    47
13103004    28
13103005    43
13103006    90
13103007   415
13103008   391
13103009   499
13103010   393
13103011   324
13103012   226
13103013   151
13103014   467
13103015   726
13103016   254
13103017   345
13103018   502
13103019   494
13103020   458
13103021   560
13103022   652
13103023   380
13103100   176
13103101    73
13103102    55
13103103    27
13103104    34
13103105    43
13103106    46
13103107    45
13103108    29
13103109    34
13103110    35
13103111    34
13103112    28
13103113    30
13103114    27
13103115    28
13103116    22
13103117    41
13103118    20
13103119    67
13103120   205
13103121   228
13103122   145
13103123   148

Sat Ap 1
