13030100   566
13030101   382
13030102   538
13030103   340
13030104   184
13030105   179
13030106   123
13030107   175
13030108   713
13030109   935
13030110   878
13030111   574
13030112   164
13030113   175
13030114   388
13030115   780
13030116   496
13030117   374
13030118   527
13030119   346
13030120   287
13030121   618
13030122   735
13030123   415
13030200   507
13030201   312
13030202   173
13030203   178
13030204   190
13030205   186
13030206   152
13030207   199
13030208   377
13030209   128
13030210    44
13030211    36
13030212    88
13030213   145
13030214   101
13030215   398
13030216   343
13030217   347
13030218   289
13030219   416
13030220   359
13030221   147
13030222   171
13030223   352
13030300   102
13030301   189
13030302   361
13030303   177
13030304   220
13030305   227
13030306   122
13030307   134
13030308    96
13030309    68
13030310   170
13030311    78
13030312    57
13030313    97
13030314   156
13030315    59
13030316   219
13030317   206
13030318   177
13030319   194
13030320   319
13030321   224
13030322   176
13030323    98
13030400   146
13030401   164
13030402   156
13030403   133
13030404    77
13030405    60
13030406    76
13030407    49
13030408    47
13030409    39
13030410    75
13030411   226
13030412   164
13030413    38
13030414    50
13030415    47
13030416    61
13030417    56
13030418    44
13030419    42
13030420    76
13030421    62
13030422    46
13030423    47
13030500    76
13030501   188
13030502    75
13030503    48
13030504    57
13030505    42
13030506    52
13030507   106
13030508    73
13030509    52
13030510    46
13030511    31
13030512    27
13030513    25
13030514    46
13030515   111
13030516    55
13030517    98
13030518    76
13030519   126
13030520    33
13030521    41
13030522    64
13030523   133
13030600    84
13030601    64
13030602    85
13030603   189
13030604   132
13030605    69
13030606    35
13030607    39
13030608    26
13030609    28
13030610    30
13030611    26
13030612    24
13030613    28
13030614    27
13030615    25
13030616    27
13030617    21
13030618    22
13030619    21
13030620    28
13030621    51
13030622    29
13030623    28
13030700    32
13030701    35
13030702    32
13030703    26
13030704    27
13030705    27
13030706    30
13030707    73
13030708    84
13030709    53
13030710   170
13030711   357
13030712    99
13030713    85
13030714    46
13030715    55
13030716    62
13030717    48
13030718    28
13030719    30
13030720    25
13030721    32
13030722    32
13030723    33
13030800    41
13030801    38
13030802    31
13030803    23
13030804    20
13030805    18
13030806    23
13030807    29
13030808    27
13030809    26
13030810    31
13030811    45
13030812    51
13030813    39
13030814    36
13030815    33
13030816    43
13030817    39
13030818    27
13030819    43
13030820    39
13030821    28
13030822    32
13030823    43
13030900    77
13030901   111
13030902   156
13030903   144
13030904    88
13030905    54
13030906    29
13030907    91
13030908   135
13030909   254
13030910   210
13030911   170
13030912   301
13030913   265
13030914   197
13030915   125
13030916    63
13030917    45
13030918    46
13030919    30
13030920    25
13030921    31
13030922    27
13030923    35
13031000    41
13031001    32
13031002    30
13031003    22
13031004    20
13031005    32
13031006    33
13031007    74
13031008    37
13031009    36
13031010    40
13031011    34
13031012    33
13031013    40
13031014    49
13031015    48
13031016   129
13031017   126
13031018    62
13031019    69
13031020    55
13031021    60
13031022   205
13031023   234
13031100   240
13031101    83
13031102   187
13031103    93
13031104    31
13031105    21
13031106    75
13031107   194
13031108   166
13031109    46
13031110    29
13031111    33
13031112    41
13031113    57
13031114    43
13031115    33
13031116    32
13031117    31
13031118    26
13031119    20
13031120    27
13031121    34
13031122    40
13031123    40
13031200    35
13031201    34
13031202    61
13031203    43
13031204    26
13031205    31
13031206   117
13031207   114
13031208    85
13031209    57
13031210    48
13031211    54
13031212   119
13031213   124
13031214    99
13031215    52
13031216    51
13031217   137
13031218   187
13031219    98
13031220    29
13031221    36
13031222    62
13031223    70
13031300    38
13031301    52
13031302   103
13031303    65
13031304    66
13031305    63
13031306   105
13031307    91
13031308   159
13031309   145
13031310    87
13031311    78
13031312    50
13031313    44
13031314    43
13031315    44
13031316    48
13031317    45
13031318    53
13031319    30
13031320    75
13031321    75
13031322    34
13031323    30
13031400    32
13031401    32
13031402    35
13031403    41
13031404    40
13031405    37
13031406    34
13031407    38
13031408    35
13031409    55
13031410   137
13031411    88
13031412   108
13031413   180
13031414   173
13031415   230
13031416   135
13031417    55
13031418    42
13031419    44
13031420    45
13031421    30
13031422    32
13031423    32
13031500    30
13031501    25
13031502    29
13031503    44
13031504    61
13031505   167
13031506   283
13031507   336
13031508   143
13031509    75
13031510    73
13031511   210
13031512    74
13031513    48
13031514    46
13031515    44
13031516    39
13031517    33
13031518    25
13031519    23
13031520    24
13031521    30
13031522    28
13031523    35
13031600   106
13031601   199
13031602   343
13031603   373
13031604   639
13031605   495
13031606   239
13031607   359
13031608   466
13031609   450
13031610   270
13031611   179
13031612   109
13031613    97
13031614   180
13031615   179
13031616   119
13031617   117
13031618    52
13031619    72
13031620    60
13031621    74
13031622    67
13031623    65
13031700   165
13031701   133
13031702    41
13031703    42
13031704    51
13031705   111
13031706   781
13031707  1060
13031708   973
13031709   566
13031710   588
13031711   521
13031712   986
13031713   668
13031714   795
13031715   857
13031716  1819
13031717  1451
13031718   974
13031719  1019
13031720   836
13031721   742
13031722   728
13031723   496
13031800   142
13031801    88
13031802    56
13031803    46
13031804    70
13031805    37
13031806    60
13031807    32
13031808    50
13031809    38
13031810    44
13031811    37
13031812    33
13031813    33
13031814    34
13031815    33
13031816    27
13031817    25
13031818    28
13031819    34
13031820    28
13031821    66
13031822    37
13031823    34
13031900    61
13031901    58
13031902    43
13031903    44
13031904    35
13031905    32
13031906    30
13031907    29
13031908    27
13031909    26
13031910    29
13031911    31
13031912    29
13031913    22
13031914    23
13031915    21
13031916    25
13031917    29
13031918    25
13031919    75
13031920    77
13031921   141
13031922   224
13031923   240
13032000   182
13032001    89
13032002    62
13032003   210
13032004   220
13032005   295
13032006   293
13032007   155
13032008    72
13032009   127
13032010    68
13032011    51
13032012   101
13032013   316
13032014   427
13032015   212
13032016   200
13032017   212
13032018    85
13032019    67
13032020   265
13032021   517
13032022   505
13032023   465
13032100   785
13032101   481
13032102   562
13032103   899
13032104   555
13032105   128
13032106   456
13032107   405
13032108   259
13032109   122
13032110    55
13032111    78
13032112    94
13032113    41
13032114    37
13032115    39
13032116    34
13032117    46
13032118    36
13032119    62
13032120    46
13032121    36
13032122    36
13032123    30
13032200    29
13032201    30
13032202    33
13032203    37
13032204    35
13032205    39
13032206    42
13032207    42
13032208    42
13032209    48
13032210    59
13032211    39
13032212    30
13032213    34
13032214    30
13032215    25
13032216    34
13032217    85
13032218   323
13032219   310
13032220    81
13032221    40
13032222    64
13032223   184
13032300    41
13032301    36
13032302    42
13032303    52
13032304    56
13032305    37
13032306    54
13032307    56
13032308   230
13032309   366
13032310   300
13032311    51
13032312   134
13032313   390
13032314   317
13032315   168
13032316   299
13032317   168
13032318   282
13032319   532
13032320   255
13032321    85
13032322   171
13032323   431
13032400   239
13032401    82
13032402    54
13032403    45
13032404    54
13032405    56
13032406   147
13032407   134
13032408   122
13032409    76
13032410   178
13032411   189
13032412    55
13032413    40
13032414    96
13032415   181
13032416   174
13032417    60
13032418    46
13032419   105
13032420    72
13032421    37
13032422    40
13032423    37
13032500    33
13032501    40
13032502    35
13032503    39
13032504    37
13032505    31
13032506    26
13032507    31
13032508    38
13032509    41
13032510    56
13032511    38
13032512    40
13032513    46
13032514    88
13032515    72
13032516    43
13032517    42
13032518    32
13032519    32
13032520    29
13032521    46
13032522    38
13032523    36
13032600    46
13032601    51
13032602    44
13032603    37
13032604    41
13032605    38
13032606    35
13032607    38
13032608    39
13032609    67
13032610    40
13032611    35
13032612    38
13032613    37
13032614    49
13032615    33
13032616    32
13032617    29
13032618    29
13032619    23
13032620    23
13032621    30
13032622    31
13032623    38
13032700    44
13032701    52
13032702    60
13032703   104
13032704   263
13032705   366
13032706   346
13032707   222
13032708   297
13032709   628
13032710   706
13032711   441
13032712   252
13032713   355
13032714   569
13032715   666
13032716   738
13032717   786
13032718   280
13032719   114
13032720   194
13032721   246
13032722   894
13032723   687
13032800   366
13032801   460
13032802   225
13032803    99
13032804    61
13032805    69
13032806    65
13032807    84
13032808   136
13032809   357
13032810   392
13032811   344
13032812    69
13032813    39
13032814    43
13032815    75
13032816   157
13032817   508
13032818   195
13032819   123
13032820    44
13032821    77
13032822   118
13032823   229
13032900   472
13032901   289
13032902   319
13032903   257
13032904   301
13032905   502
13032906   547
13032907   518
13032908   974
13032909   545
13032910   672
13032911   686
13032912   358
13032913   361
13032914   459
13032915   715
13032916   723
13032917   569
13032918   470
13032919   189
13032920   136
13032921   145
13032922   310
13032923   388
13033000   446
13033001   757
13033002   618
13033003   758
13033004   827
13033005   463
13033006   165
13033007    75
13033008    76
13033009   295
13033010   176
13033011    67
13033012    48
13033013   100
13033014   210
13033015   151
13033016    55
13033017    64
13033018   308
13033019   379
13033020   316
13033021   281
13033022   171
13033023    53
13033100    52
13033101    51
13033102    51
13033103    58
13033104    52
13033105    41
13033106    46
13033107    78
13033108    94
13033109    65
13033110    33
13033111    32
13033112    36
13033113    36
13033114    32
13033115    45
13033116   140
13033117   199
13033118   192
13033119   220
13033120   172
13033121   283
13033122   137
13033123    46

Sat Ap 1
