13060100   549
13060101   472
13060102   766
13060103  1217
13060104  1074
13060105   829
13060106  1213
13060107   884
13060108   809
13060109   504
13060110   655
13060111   321
13060112   574
13060113   659
13060114   244
13060115   279
13060116   241
13060117   165
13060118   169
13060119   337
13060120   271
13060121   319
13060122   218
13060123   327
13060200   423
13060201   537
13060202   420
13060203   437
13060204   597
13060205   366
13060206   320
13060207   235
13060208   452
13060209   619
13060210   617
13060211   445
13060212   238
13060213   353
13060214   620
13060215   365
13060216   325
13060217   224
13060218   262
13060219   289
13060220   337
13060221   352
13060222   278
13060223   296
13060300   282
13060301   359
13060302   245
13060303   203
13060304   320
13060305   198
13060306   178
13060307   116
13060308   145
13060309    80
13060310   181
13060311   131
13060312   130
13060313   190
13060314   158
13060315    84
13060316   153
13060317   254
13060318   314
13060319   314
13060320   369
13060321   385
13060322   336
13060323   382
13060400   385
13060401   613
13060402   557
13060403   333
13060404   111
13060405   341
13060406   476
13060407   262
13060408   184
13060409   258
13060410   147
13060411   148
13060412    94
13060413    70
13060414    55
13060415    62
13060416    33
13060417    71
13060418   204
13060419   149
13060420   132
13060421   102
13060422   135
13060423   437
13060500   411
13060501    99
13060502   115
13060503   136
13060504   213
13060505   120
13060506   119
13060507    82
13060508   197
13060509   215
13060510   179
13060511   154
13060512   153
13060513   245
13060514   215
13060515   188
13060516   188
13060517   145
13060518   149
13060519   150
13060520   127
13060521   152
13060522   171
13060523   111
13060600   117
13060601    72
13060602   104
13060603   481
13060604   555
13060605   238
13060606   310
13060607   304
13060608   705
13060609   683
13060610   690
13060611   687
13060612   588
13060613   419
13060614   212
13060615   522
13060616   368
13060617   420
13060618   544
13060619   637
13060620   841
13060621   784
13060622   864
13060623   931
13060700   895
13060701  1009
13060702  1181
13060703   951
13060704  1086
13060705   806
13060706   916
13060707   842
13060708   720
13060709   466
13060710   679
13060711   395
13060712   306
13060713   340
13060714   270
13060715   199
13060716   259
13060717   162
13060718    50
13060719    78
13060720    48
13060721    73
13060722    56
13060723    53
13060800    81
13060801    60
13060802   133
13060803   363
13060804   312
13060805    68
13060806    84
13060807   110
13060808   358
13060809   264
13060810   172
13060811    93
13060812   150
13060813   146
13060814    86
13060815    71
13060816    64
13060817    46
13060818    42
13060819    48
13060820    52
13060821    68
13060822    47
13060823    44
13060900    50
13060901    49
13060902    72
13060903   131
13060904    81
13060905    62
13060906    74
13060907   111
13060908   101
13060909    95
13060910   219
13060911   176
13060912   415
13060913   291
13060914   284
13060915   414
13060916   384
13060917   484
13060918   319
13060919   138
13060920    66
13060921    68
13060922    48
13060923    64
13061000    75
13061001   188
13061002   447
13061003   412
13061004   642
13061005   574
13061006   468
13061007   113
13061008    62
13061009   127
13061010   305
13061011   429
13061012   264
13061013   143
13061014    95
13061015    93
13061016   159
13061017   179
13061018   118
13061019    67
13061020    55
13061021    41
13061022    56
13061023    51
13061100    47
13061101    40
13061102    29
13061103    24
13061104    18
13061105    23
13061106    45
13061107    37
13061108    68
13061109    89
13061110    69
13061111   167
13061112   339
13061113   349
13061114   432
13061115   299
13061116   343
13061117   196
13061118   224
13061119    91
13061120    58
13061121    77
13061122   119
13061123   197
13061200   167
13061201    81
13061202    62
13061203    71
13061204    88
13061205   109
13061206   213
13061207   161
13061208   139
13061209   101
13061210    71
13061211    59
13061212    52
13061213    55
13061214    66
13061215    62
13061216    52
13061217    57
13061218    50
13061219    53
13061220    68
13061221    54
13061222    47
13061223   113
13061300   193
13061301    95
13061302    97
13061303   102
13061304    49
13061305    22
13061306    23
13061307    31
13061308    70
13061309    85
13061310   101
13061311    78
13061312    49
13061313   100
13061314    86
13061315    95
13061316    49
13061317    34
13061318    44
13061319    63
13061320    47
13061321    56
13061322    47
13061323    58
13061400    81
13061401   100
13061402    73
13061403    38
13061404    49
13061405    76
13061406    87
13061407    79
13061408    65
13061409    34
13061410    44
13061411    53
13061412    48
13061413    45
13061414    38
13061415    42
13061416    53
13061417    56
13061418   104
13061419   119
13061420   161
13061421   102
13061422   137
13061423   123
13061500   254
13061501   249
13061502   209
13061503   181
13061504   111
13061505    96
13061506   115
13061507   197
13061508   198
13061509   154
13061510   139
13061511    93
13061512    80
13061513    98
13061514   152
13061515   145
13061516   161
13061517   120
13061518    65
13061519    60
13061520    50
13061521    86
13061522   139
13061523    94
13061600    70
13061601    67
13061602    50
13061603    41
13061604    28
13061605    25
13061606    30
13061607    45
13061608    42
13061609    56
13061610    67
13061611    84
13061612    52
13061613    41
13061614    51
13061615    45
13061616    51
13061617    62
13061618    74
13061619    68
13061620    59
13061621    63
13061622    63
13061623    52
13061700    62
13061701   100
13061702   152
13061703   215
13061704   246
13061705   223
13061706   198
13061707    98
13061708   137
13061709   127
13061710    60
13061711    82
13061712   116
13061713   190
13061714   148
13061715    71
13061716    51
13061717    47
13061718    54
13061719    71
13061720   109
13061721   106
13061722    66
13061723    52
13061800    60
13061801   100
13061802   154
13061803   242
13061804   324
13061805   319
13061806   300
13061807   211
13061808    91
13061809    86
13061810    58
13061811    76
13061812   120
13061813   236
13061814   294
13061815   394
13061816   394
13061817   498
13061818   336
13061819   156
13061820   132
13061821    79
13061822    63
13061823    62
13061900   129
13061901   279
13061902   241
13061903   181
13061904    52
13061905    44
13061906    28
13061907    30
13061908    40
13061909    47
13061910    61
13061911    72
13061912   121
13061913   187
13061914   203
13061915   257
13061916   225
13061917   139
13061918   183
13061919   138
13061920   164
13061921   203
13061922   182
13061923   318
13062000   444
13062001   409
13062002   372
13062003   236
13062004   151
13062005   144
13062006   279
13062007   337
13062008   259
13062009   181
13062010   133
13062011   156
13062012   292
13062013   312
13062014   396
13062015   371
13062016   369
13062017   282
13062018   389
13062019   508
13062020   687
13062021   295
13062022   209
13062023   294
13062100   608
13062101   643
13062102   583
13062103   815
13062104   514
13062105   359
13062106   564
13062107   305
13062108   251
13062109   421
13062110   496
13062111   310
13062112   225
13062113   156
13062114   264
13062115   229
13062116   108
13062117   114
13062118   198
13062119    80
13062120   312
13062121   590
13062122   382
13062123   207
13062200   519
13062201   586
13062202   429
13062203   509
13062204   488
13062205   375
13062206   388
13062207   471
13062208   246
13062209   401
13062210   550
13062211   176
13062212   176
13062213   194
13062214   180
13062215   195
13062216   335
13062217   493
13062218   597
13062219   497
13062220   457
13062221   194
13062222   241
13062223   408
13062300   283
13062301   531
13062302   645
13062303   399
13062304   563
13062305  1009
13062306   575
13062307   153
13062308   279
13062309   632
13062310   639
13062311   310
13062312   112
13062313   114
13062314   116
13062315   275
13062316   586
13062317   611
13062318   338
13062319   123
13062320   188
13062321   492
13062322   598
13062323   594
13062400   480
13062401   211
13062402   121
13062403   305
13062404   610
13062405   440
13062406   131
13062407    69
13062408   223
13062409   659
13062410   672
13062411   641
13062412   584
13062413   624
13062414   717
13062415   806
13062416   966
13062417   946
13062418   738
13062419   763
13062420   724
13062421   560
13062422   497
13062423   524
13062500   510
13062501   231
13062502   254
13062503   319
13062504   247
13062505   189
13062506   238
13062507   275
13062508   206
13062509   181
13062510   136
13062511    62
13062512    66
13062513    96
13062514   114
13062515   161
13062516   139
13062517    59
13062518    95
13062519   129
13062520   143
13062521   132
13062522    88
13062523    66
13062600    70
13062601    69
13062602    59
13062603    44
13062604    28
13062605    21
13062606    25
13062607    43
13062608    62
13062609    66
13062610    83
13062611    53
13062612    75
13062613    77
13062614    89
13062615   103
13062616   129
13062617    72
13062618    49
13062619   132
13062620   161
13062621   155
13062622   191
13062623   164
13062700   116
13062701    86
13062702    76
13062703    87
13062704    64
13062705    32
13062706    28
13062707    36
13062708    46
13062709    74
13062710    76
13062711    42
13062712   100
13062713   143
13062714   180
13062715   306
13062716   383
13062717   362
13062718   256
13062719   275
13062720   453
13062721   346
13062722   297
13062723   379
13062800   432
13062801   488
13062802   378
13062803   182
13062804   110
13062805    67
13062806    92
13062807    95
13062808   101
13062809   214
13062810   313
13062811   503
13062812   569
13062813   715
13062814   784
13062815  1083
13062816   914
13062817  1019
13062818  1083
13062819  1116
13062820  1158
13062821  1131
13062822  1001
13062823   836
13062900   849
13062901   755
13062902   844
13062903   861
13062904   901
13062905   818
13062906   793
13062907   744
13062908   681
13062909   727
13062910   561
13062911  1309
13062912   694
13062913   294
13062914   255
13062915   465
13062916   403
13062917   428
13062918   234
13062919   599
13062920   750
13062921   400
13062922   300
13062923   362
13063000   418
13063001   236
13063002   285
13063003   293
13063004   330
13063005   137
13063006    77
13063007    65
13063008    69
13063009    66
13063010   120
13063011   192
13063012   291
13063013   319
13063014   231
13063015   217
13063016   308
13063017   263
13063018   331
13063019   327
13063020   210
13063021   209
13063022   283
13063023   439

Sat Ap 1
