13020100   122
13020101    85
13020102    25
13020103    21
13020104    22
13020105    22
13020106    25
13020107    29
13020108    44
13020109    86
13020110   180
13020111   188
13020112   233
13020113   202
13020114   104
13020115   195
13020116    65
13020117    61
13020118    34
13020119    33
13020120    21
13020121    26
13020122    28
13020123   195
13020200   113
13020201   106
13020202   130
13020203   113
13020204    92
13020205   280
13020206   233
13020207   152
13020208   183
13020209   467
13020210   329
13020211   197
13020212    79
13020213    70
13020214   188
13020215   361
13020216   114
13020217   110
13020218   242
13020219   393
13020220   103
13020221    54
13020222    47
13020223    58
13020300   114
13020301    52
13020302    32
13020303    24
13020304    40
13020305    61
13020306    51
13020307    40
13020308    27
13020309    41
13020310    31
13020311    62
13020312   128
13020313   110
13020314    96
13020315   103
13020316   120
13020317    51
13020318    65
13020319    88
13020320    27
13020321    19
13020322    26
13020323    38
13020400    29
13020401    23
13020402    17
13020403    27
13020404    31
13020405    32
13020406    47
13020407    58
13020408    97
13020409    41
13020410    27
13020411    32
13020412   102
13020413    69
13020414   153
13020415   140
13020416    65
13020417   275
13020418   285
13020419    67
13020420    41
13020421    27
13020422    20
13020423    15
13020500    21
13020501    18
13020502    14
13020503    29
13020504    26
13020505    22
13020506   118
13020507   146
13020508   104
13020509   103
13020510    67
13020511    39
13020512    64
13020513   124
13020514    84
13020515    66
13020516    82
13020517    51
13020518    25
13020519    28
13020520    17
13020521    10
13020522    11
13020523    15
13020600    19
13020601    17
13020602    13
13020603    12
13020604    13
13020605    16
13020606    16
13020607    18
13020608    37
13020609    66
13020610    19
13020611    16
13020612    18
13020613    17
13020614    15
13020615    17
13020616    31
13020617    74
13020618    95
13020619   109
13020620    21
13020621    19
13020622    51
13020623    63
13020700    67
13020701    46
13020702    32
13020703    27
13020704    43
13020705   156
13020706   169
13020707   290
13020708   504
13020709   392
13020710   129
13020711   186
13020712   299
13020713   246
13020714   195
13020715   124
13020716    38
13020717    24
13020718    20
13020719    29
13020720   256
13020721    82
13020722    47
13020723    14
13020800    18
13020801    36
13020802    76
13020803   102
13020804   104
13020805    39
13020806   125
13020807   408
13020808   209
13020809    29
13020810    46
13020811   286
13020812   410
13020813   467
13020814   453
13020815   293
13020816   186
13020817    54
13020818    30
13020819    63
13020820   115
13020821   168
13020822   138
13020823    62
13020900    85
13020901   164
13020902   111
13020903    95
13020904    88
13020905   136
13020906   104
13020907   105
13020908    58
13020909    31
13020910    41
13020911    48
13020912    35
13020913    30
13020914    59
13020915    51
13020916    24
13020917    19
13020918    60
13020919   119
13020920    51
13020921    29
13020922    40
13020923    49
13021000    31
13021001    32
13021002    32
13021003    36
13021004    64
13021005   125
13021006   129
13021007   181
13021008   197
13021009   106
13021010    34
13021011    26
13021012    27
13021013    26
13021014    42
13021015    81
13021016   191
13021017   204
13021018   126
13021019    91
13021020   192
13021021   164
13021022    75
13021023    67
13021100    58
13021101    74
13021102   143
13021103   138
13021104    84
13021105    73
13021106    45
13021107    56
13021108    44
13021109    32
13021110    27
13021111    25
13021112    30
13021113    35
13021114    65
13021115    50
13021116    32
13021117    31
13021118    26
13021119    25
13021120    89
13021121   254
13021122   210
13021123    70
13021200    43
13021201    44
13021202    39
13021203    35
13021204    35
13021205    37
13021206    47
13021207    58
13021208    56
13021209    40
13021210    66
13021211    82
13021212    84
13021213    45
13021214    49
13021215    72
13021216   170
13021217   164
13021218   285
13021219   217
13021220    76
13021221    99
13021222   179
13021223   209
13021300    62
13021301   103
13021302   268
13021303   255
13021304   164
13021305   154
13021306    91
13021307    42
13021308    42
13021309    69
13021310    56
13021311   153
13021312    79
13021313    58
13021314    41
13021315    57
13021316    41
13021317    50
13021318   117
13021319   632
13021320   365
13021321   172
13021322   178
13021323   645
13021400   607
13021401   419
13021402   115
13021403   236
13021404   357
13021405   293
13021406   400
13021407   355
13021408   194
13021409   258
13021410   570
13021411   481
13021412   491
13021413   429
13021414   286
13021415   302
13021416   114
13021417    57
13021418    86
13021419    70
13021420    63
13021421   128
13021422    79
13021423    32
13021500    31
13021501    30
13021502    31
13021503    36
13021504    56
13021505    64
13021506   105
13021507   105
13021508    76
13021509   140
13021510    89
13021511    55
13021512   111
13021513    97
13021514   120
13021515   106
13021516   113
13021517   116
13021518    87
13021519   205
13021520    59
13021521    64
13021522   139
13021523    47
13021600    44
13021601    33
13021602    34
13021603    33
13021604    29
13021605    34
13021606    31
13021607    31
13021608    47
13021609   106
13021610   181
13021611    95
13021612   141
13021613   145
13021614    64
13021615    77
13021616   432
13021617   909
13021618   477
13021619   111
13021620   120
13021621    66
13021622    65
13021623    78
13021700    54
13021701    45
13021702    39
13021703    50
13021704    97
13021705   117
13021706   142
13021707    73
13021708    82
13021709   224
13021710   191
13021711   197
13021712   504
13021713   517
13021714   539
13021715   467
13021716   518
13021717   712
13021718   654
13021719   836
13021720   732
13021721   148
13021722    83
13021723    54
13021800    41
13021801    33
13021802    30
13021803    18
13021804    20
13021805    22
13021806    25
13021807    23
13021808    25
13021809    79
13021810    59
13021811    79
13021812    52
13021813    48
13021814   145
13021815   116
13021816    41
13021817    38
13021818    39
13021819    53
13021820    66
13021821   334
13021822   366
13021823    66
13021900    32
13021901    25
13021902    26
13021903    31
13021904    74
13021905    55
13021906    39
13021907    93
13021908   167
13021909   174
13021910   217
13021911   140
13021912   301
13021913   264
13021914   152
13021915   330
13021916   279
13021917   150
13021918   205
13021919   144
13021920    51
13021921    80
13021922    28
13021923    30
13022000    51
13022001    41
13022002    33
13022003    36
13022004    56
13022005    69
13022006    99
13022007    69
13022008   112
13022009   181
13022010   550
13022011   453
13022012   474
13022013   350
13022014   223
13022015   268
13022016    56
13022017    39
13022018    51
13022019    90
13022020    52
13022021    32
13022022    27
13022023    43
13022100   181
13022101   196
13022102   215
13022103   134
13022104    85
13022105    73
13022106   139
13022107    87
13022108    48
13022109    28
13022110    33
13022111    32
13022112    24
13022113    40
13022114    62
13022115   104
13022116   164
13022117   153
13022118   134
13022119   220
13022120   344
13022121   387
13022122   206
13022123   227
13022200   296
13022201   268
13022202   246
13022203   201
13022204   102
13022205   106
13022206    96
13022207   110
13022208   206
13022209   269
13022210   108
13022211   201
13022212   603
13022213   463
13022214   255
13022215   235
13022216   435
13022217   381
13022218   238
13022219    73
13022220   255
13022221   467
13022222   376
13022223   338
13022300   426
13022301   380
13022302   190
13022303   104
13022304    83
13022305    62
13022306    39
13022307    35
13022308    39
13022309    41
13022310   137
13022311   406
13022312   366
13022313   167
13022314   103
13022315   108
13022316   149
13022317   338
13022318   415
13022319   301
13022320   351
13022321   286
13022322   194
13022323   135
13022400    88
13022401    62
13022402    71
13022403    84
13022404   111
13022405   140
13022406   104
13022407    55
13022408    72
13022409   234
13022410   134
13022411    69
13022412    81
13022413   106
13022414   150
13022415   172
13022416   154
13022417   179
13022418   187
13022419   130
13022420    86
13022421    32
13022422    71
13022423    35
13022500    38
13022501    30
13022502    25
13022503    21
13022504    20
13022505    31
13022506    23
13022507    19
13022508    15
13022509    22
13022510    25
13022511    31
13022512    56
13022513    90
13022514    43
13022515    32
13022516    25
13022517    37
13022518    51
13022519    41
13022520    32
13022521    29
13022522    38
13022523    53
13022600    39
13022601    36
13022602    33
13022603    34
13022604    64
13022605   170
13022606    67
13022607    50
13022608    91
13022609    68
13022610    61
13022611    45
13022612    46
13022613   226
13022614   277
13022615   289
13022616   297
13022617   344
13022618   198
13022619   261
13022620    94
13022621    55
13022622    56
13022623    50
13022700    65
13022701    42
13022702    37
13022703    38
13022704    46
13022705   105
13022706    88
13022707    61
13022708    67
13022709    43
13022710    41
13022711    31
13022712    35
13022713    38
13022714    64
13022715   160
13022716    85
13022717    40
13022718    34
13022719    25
13022720    26
13022721    64
13022722    43
13022723    58
13022800    82
13022801   140
13022802   121
13022803    98
13022804    40
13022805    44
13022806    36
13022807    76
13022808   254
13022809   219
13022810   206
13022811   101
13022812    57
13022813    94
13022814   154
13022815    49
13022816    40
13022817    37
13022818    55
13022819   148
13022820   174
13022821   276
13022822   215
13022823   613

Sat Ap 1
