13080100    86
13080101   123
13080102   124
13080103   240
13080104   220
13080105   110
13080106   114
13080107   125
13080108   118
13080109    92
13080110   128
13080111   199
13080112   180
13080113   255
13080114   221
13080115   192
13080116   170
13080117   109
13080118    70
13080119    43
13080120    41
13080121    49
13080122    41
13080123    37
13080200    55
13080201    69
13080202    85
13080203   102
13080204    98
13080205    55
13080206    66
13080207    43
13080208    61
13080209   159
13080210   120
13080211    45
13080212    38
13080213    52
13080214    34
13080215    72
13080216    87
13080217    88
13080218    60
13080219    53
13080220    52
13080221    39
13080222    45
13080223    48
13080300    50
13080301    56
13080302    49
13080303    45
13080304    42
13080305    34
13080306    49
13080307    61
13080308    70
13080309    71
13080310    66
13080311    78
13080312    76
13080313    98
13080314   131
13080315   174
13080316   118
13080317    49
13080318    66
13080319    79
13080320    64
13080321   155
13080322   284
13080323   233
13080400   110
13080401    89
13080402    80
13080403    79
13080404    62
13080405    68
13080406   120
13080407   202
13080408   292
13080409   421
13080410   125
13080411   103
13080412    88
13080413    78
13080414    83
13080415   166
13080416   457
13080417   729
13080418   690
13080419   573
13080420   696
13080421   761
13080422   618
13080423   458
13080500   752
13080501   747
13080502   687
13080503   594
13080504   587
13080505   447
13080506   418
13080507   360
13080508   530
13080509   561
13080510   442
13080511   442
13080512   290
13080513   164
13080514    77
13080515   125
13080516   235
13080517   351
13080518   109
13080519   255
13080520   490
13080521   400
13080522   389
13080523   475
13080600   338
13080601   153
13080602    88
13080603   156
13080604   335
13080605   208
13080606   171
13080607   190
13080608   190
13080609    85
13080610    96
13080611   196
13080612   192
13080613   130
13080614    44
13080615    61
13080616    52
13080617    42
13080618    39
13080619    59
13080620   116
13080621   275
13080622   121
13080623    92
13080700    94
13080701    89
13080702    72
13080703    64
13080704    53
13080705    77
13080706   165
13080707    90
13080708    45
13080709    52
13080710    76
13080711    62
13080712    78
13080713    88
13080714   139
13080715   145
13080716    72
13080717    45
13080718    41
13080719    71
13080720    57
13080721    43
13080722    47
13080723    50
13080800    63
13080801    66
13080802    61
13080803    63
13080804    62
13080805    51
13080806    99
13080807   155
13080808   168
13080809   130
13080810    72
13080811    50
13080812    61
13080813    72
13080814   111
13080815   212
13080816   139
13080817   113
13080818    92
13080819    64
13080820    62
13080821    81
13080822    55
13080823    65
13080900    74
13080901    63
13080902    62
13080903    56
13080904    65
13080905   140
13080906   223
13080907   130
13080908   143
13080909   156
13080910   335
13080911   348
13080912   194
13080913    73
13080914    62
13080915    52
13080916    56
13080917    60
13080918    57
13080919   162
13080920   245
13080921    89
13080922    79
13080923    81
13081000    92
13081001   133
13081002   121
13081003   107
13081004    86
13081005   127
13081006   267
13081007   234
13081008   153
13081009   139
13081010   296
13081011   126
13081012    54
13081013   155
13081014   150
13081015    75
13081016    54
13081017    40
13081018    39
13081019    46
13081020    53
13081021    60
13081022    55
13081023    60
13081100    61
13081101    63
13081102    83
13081103    88
13081104    85
13081105    73
13081106    78
13081107    84
13081108   143
13081109    91
13081110   261
13081111   175
13081112    88
13081113    59
13081114    45
13081115    45
13081116    73
13081117   149
13081118    57
13081119    52
13081120    62
13081121    96
13081122   104
13081123    75
13081200    57
13081201    79
13081202    72
13081203    65
13081204    66
13081205    80
13081206    82
13081207    67
13081208    70
13081209    56
13081210    54
13081211    51
13081212    52
13081213    47
13081214    41
13081215    51
13081216    91
13081217   186
13081218   119
13081219    85
13081220   230
13081221   286
13081222   227
13081223   275
13081300   129
13081301    68
13081302    57
13081303    55
13081304    47
13081305    48
13081306    59
13081307    58
13081308    67
13081309   107
13081310   203
13081311   302
13081312   201
13081313    63
13081314    62
13081315   155
13081316   210
13081317   433
13081318   244
13081319   181
13081320   409
13081321   432
13081322   208
13081323   160
13081400   283
13081401   445
13081402   479
13081403   443
13081404   431
13081405   511
13081406   220
13081407   120
13081408    65
13081409    57
13081410    63
13081411    57
13081412    59
13081413    64
13081414    90
13081415   121
13081416    71
13081417    98
13081418    80
13081419   205
13081420   277
13081421   423
13081422   489
13081423   491
13081500   455
13081501   541
13081502   708
13081503   408
13081504   231
13081505   141
13081506   123
13081507   110
13081508   485
13081509   766
13081510   824
13081511   342
13081512   103
13081513    66
13081514   129
13081515    95
13081516   558
13081517   418
13081518   174
13081519    82
13081520   100
13081521   275
13081522   534
13081523   358
13081600   427
13081601   562
13081602   591
13081603   994
13081604   705
13081605   198
13081606   133
13081607   484
13081608   494
13081609   234
13081610   188
13081611   336
13081612   544
13081613   482
13081614   322
13081615   453
13081616   635
13081617   456
13081618   158
13081619   234
13081620   334
13081621   288
13081622   434
13081623   399
13081700   141
13081701   100
13081702   265
13081703   212
13081704   220
13081705   241
13081706   248
13081707   299
13081708    84
13081709    60
13081710    52
13081711    77
13081712   349
13081713   319
13081714   138
13081715    52
13081716    55
13081717    93
13081718    77
13081719   108
13081720   162
13081721   148
13081722   105
13081723   111
13081800   118
13081801    37
13081802    45
13081803    52
13081804    50
13081805   114
13081806   223
13081807   242
13081808   246
13081809   204
13081810    95
13081811   175
13081812    95
13081813    74
13081814    42
13081815    37
13081816   174
13081817   262
13081818   344
13081819   327
13081820   264
13081821   257
13081822    67
13081823    46
13081900    39
13081901    43
13081902   111
13081903    77
13081904    38
13081905    48
13081906    62
13081907    71
13081908    86
13081909    87
13081910    69
13081911    64
13081912    60
13081913    53
13081914   102
13081915   187
13081916   209
13081917   207
13081918    72
13081919    72
13081920   136
13081921   106
13081922    31
13081923    27
13082000    48
13082001    52
13082002    52
13082003    40
13082004    59
13082005    56
13082006    71
13082007    93
13082008    71
13082009    63
13082010    71
13082011    81
13082012    61
13082013    71
13082014    57
13082015    47
13082016    45
13082017    40
13082018    48
13082019    54
13082020    57
13082021    84
13082022   118
13082023   127
13082100    48
13082101    53
13082102    63
13082103   262
13082104   458
13082105   783
13082106   309
13082107   110
13082108   172
13082109   647
13082110   550
13082111   391
13082112   478
13082113   472
13082114   341
13082115   312
13082116   219
13082117   196
13082118   182
13082119   109
13082120   170
13082121   664
13082122   302
13082123   243
13082200   517
13082201   426
13082202   446
13082203   433
13082204   131
13082205   292
13082206   261
13082207   185
13082208   221
13082209   201
13082210   142
13082211   118
13082212    94
13082213   169
13082214   216
13082215   128
13082216   110
13082217   223
13082218   263
13082219   276
13082220   619
13082221   443
13082222   770
13082223   795
13082300   644
13082301   805
13082302   638
13082303   514
13082304   379
13082305   409
13082306   430
13082307   248
13082308   387
13082309   747
13082310   553
13082311   453
13082312   656
13082313   221
13082314    98
13082315   323
13082316   356
13082317   208
13082318    86
13082319   325
13082320   493
13082321   266
13082322   149
13082323   265
13082400   305
13082401   120
13082402    68
13082403   143
13082404    94
13082405    64
13082406    72
13082407    98
13082408   280
13082409   285
13082410   392
13082411   315
13082412   455
13082413   264
13082414   287
13082415   112
13082416   128
13082417    76
13082418    84
13082419    65
13082420    82
13082421   241
13082422   147
13082423    64
13082500    82
13082501    36
13082502    16
13082503    22
13082504   112
13082505   360
13082506   382
13082507   304
13082508   305
13082509   326
13082510   493
13082511   313
13082512   254
13082513   335
13082514   325
13082515   142
13082516   169
13082517   222
13082518   316
13082519   281
13082520   214
13082521   209
13082522   301
13082523   273
13082600   187
13082601   225
13082602   190
13082603   172
13082604    82
13082605    71
13082606    63
13082607   123
13082608   115
13082609    91
13082610   131
13082611   306
13082612   179
13082613   176
13082614   105
13082615   112
13082616   168
13082617   104
13082618    84
13082619    87
13082620    83
13082621   191
13082622   343
13082623   230
13082700   195
13082701   112
13082702   312
13082703   122
13082704    54
13082705    49
13082706    48
13082707    56
13082708    62
13082709    70
13082710   127
13082711   370
13082712   429
13082713   380
13082714   336
13082715   129
13082716   312
13082717   592
13082718   752
13082719   851
13082720   964
13082721   754
13082722   330
13082723   318
13082800   381
13082801   566
13082802   532
13082803   382
13082804   325
13082805   249
13082806   174
13082807   176
13082808   258
13082809   122
13082810   289
13082811   180
13082812   168
13082813   174
13082814   257
13082815   126
13082816    58
13082817    35
13082818    50
13082819    94
13082820    88
13082821   140
13082822   125
13082823    41
13082900    32
13082901    23
13082902    43
13082903    27
13082904    37
13082905    45
13082906    53
13082907    57
13082908    90
13082909   107
13082910    88
13082911    83
13082912    62
13082913    80
13082914   145
13082915    91
13082916    50
13082917    36
13082918    46
13082919    56
13082920    58
13082921    44
13082922    38
13082923    37
13083000    23
13083001    22
13083002    24
13083003    27
13083004    40
13083005    53
13083006    58
13083007    83
13083008    70
13083009    79
13083010    78
13083011   116
13083012   182
13083013   188
13083014    90
13083015   105
13083016   215
13083017   305
13083018   310
13083019   287
13083020   342
13083021   448
13083022   469
13083023   724
13083100   567
13083101   529
13083102   491
13083103   291
13083104   257
13083105   318
13083106   123
13083107   321
13083108   616
13083109   618
13083110   316
13083111   150
13083112   384
13083113   371
13083114   274
13083115   107
13083116    71
13083117    83
13083118   101
13083119    68
13083120    34
13083121    79
13083122   172
13083123   347

Sat Ap 1
