13110100   149
13110101   109
13110102   300
13110103   300
13110104   233
13110105   215
13110106   158
13110107   119
13110108   122
13110109   287
13110110   243
13110111   125
13110112   188
13110113   237
13110114   182
13110115   121
13110116    35
13110117    51
13110118   173
13110119   220
13110120   122
13110121    47
13110122    42
13110123    45
13110200    52
13110201    85
13110202    46
13110203    41
13110204    95
13110205   105
13110206   109
13110207    96
13110208    53
13110209    53
13110210    96
13110211    55
13110212    40
13110213    39
13110214    29
13110215    30
13110216    98
13110217    90
13110218    41
13110219    29
13110220    31
13110221    66
13110222   160
13110223   174
13110300   102
13110301   155
13110302   169
13110303   111
13110304   114
13110305   232
13110306   311
13110307   147
13110308   102
13110309    73
13110310    87
13110311   151
13110312    51
13110313    32
13110314    36
13110315    40
13110316    36
13110317    35
13110318    34
13110319   170
13110320   199
13110321   201
13110322    85
13110323    34
13110400    27
13110401    19
13110402    15
13110403    20
13110404    28
13110405    89
13110406   184
13110407    63
13110408    47
13110409    74
13110410   120
13110411   289
13110412   154
13110413    76
13110414   109
13110415   292
13110416   440
13110417   151
13110418    98
13110419   195
13110420   113
13110421    88
13110422    51
13110423    54
13110500    90
13110501    45
13110502    40
13110503    50
13110504    61
13110505    62
13110506    62
13110507    88
13110508   129
13110509    87
13110510   130
13110511   169
13110512   153
13110513    80
13110514    71
13110515    81
13110516   138
13110517    73
13110518    48
13110519    45
13110520    58
13110521    81
13110522    55
13110523    56
13110600    19
13110601    20
13110602    16
13110603    17
13110604    24
13110605    34
13110606    39
13110607    72
13110608    96
13110609    65
13110610    39
13110611    37
13110612    44
13110613    44
13110614    41
13110615    41
13110616    36
13110617   155
13110618   192
13110619    90
13110620    43
13110621    91
13110622    84
13110623   174
13110700    61
13110701    63
13110702   104
13110703   108
13110704   230
13110705   588
13110706   390
13110707   270
13110708   282
13110709   502
13110710   517
13110711   564
13110712   460
13110713   155
13110714    99
13110715    51
13110716    56
13110717    73
13110718    66
13110719    98
13110720   163
13110721   279
13110722   244
13110723   196
13110800   284
13110801   121
13110802    48
13110803    40
13110804    71
13110805    58
13110806    66
13110807   101
13110808    48
13110809    35
13110810    26
13110811    29
13110812    27
13110813    30
13110814    32
13110815    41
13110816    58
13110817    35
13110818    33
13110819    34
13110820    26
13110821    20
13110822    17
13110823    15
13110900    25
13110901    60
13110902   173
13110903   225
13110904   610
13110905   810
13110906   710
13110907   648
13110908   599
13110909   511
13110910   464
13110911   585
13110912   695
13110913   374
13110914   133
13110915   225
13110916   200
13110917   241
13110918    61
13110919    37
13110920    76
13110921    95
13110922    36
13110923    48
13111000    50
13111001   198
13111002   173
13111003   144
13111004    56
13111005    38
13111006    22
13111007   110
13111008   336
13111009   433
13111010   381
13111011   253
13111012   158
13111013   142
13111014   126
13111015   276
13111016   262
13111017   320
13111018   215
13111019   146
13111020   491
13111021   585
13111022   362
13111023   558
13111100   480
13111101   394
13111102   404
13111103   417
13111104   639
13111105   655
13111106   692
13111107   474
13111108   428
13111109   622
13111110   647
13111111   465
13111112   330
13111113   288
13111114   607
13111115   364
13111116   172
13111117   241
13111118   247
13111119    69
13111120    34
13111121    31
13111122    26
13111123    34
13111200    48
13111201    49
13111202    35
13111203    58
13111204    33
13111205    20
13111206    17
13111207    15
13111208    21
13111209    17
13111210    21
13111211    30
13111212    36
13111213    31
13111214    20
13111215    24
13111216    24
13111217    22
13111218    20
13111219    20
13111220    22
13111221    20
13111222    17
13111223    14
13111300    13
13111301     7
13111302     9
13111303    13
13111304    18
13111305    55
13111306    76
13111307    64
13111308    49
13111309    94
13111310   168
13111311    82
13111312   165
13111313   297
13111314   104
13111315   130
13111316    65
13111317    66
13111318    62
13111319    32
13111320    38
13111321    26
13111322    19
13111323    16
13111400    13
13111401     8
13111402    12
13111403    13
13111404    15
13111405    18
13111406    19
13111407    28
13111408    65
13111409   153
13111410   184
13111411    79
13111412    62
13111413    92
13111414    57
13111415    49
13111416    64
13111417   171
13111418   126
13111419    95
13111420    87
13111421    42
13111422    61
13111423    46
13111500    68
13111501    71
13111502    93
13111503    71
13111504   171
13111505   111
13111506    92
13111507    89
13111508   133
13111509   208
13111510   202
13111511   290
13111512   342
13111513   129
13111514    74
13111515   317
13111516   456
13111517   373
13111518   273
13111519   355
13111520   514
13111521   491
13111522   719
13111523   531
13111600   431
13111601   338
13111602   260
13111603   260
13111604    89
13111605    65
13111606    45
13111607    72
13111608    79
13111609   168
13111610   249
13111611   280
13111612   169
13111613   124
13111614    99
13111615    78
13111616    55
13111617    52
13111618    49
13111619    51
13111620    41
13111621    60
13111622   112
13111623    46
13111700    46
13111701   127
13111702    56
13111703    47
13111704    38
13111705    66
13111706   199
13111707   196
13111708    64
13111709    49
13111710   135
13111711   294
13111712   195
13111713    65
13111714    37
13111715    45
13111716    37
13111717    33
13111718    66
13111719    44
13111720    70
13111721   113
13111722    67
13111723    38
13111800    33
13111801    46
13111802    76
13111803    26
13111804    13
13111805    21
13111806    36
13111807    76
13111808    74
13111809    69
13111810    38
13111811    50
13111812    56
13111813    89
13111814    36
13111815    33
13111816    40
13111817    66
13111818    35
13111819    34
13111820    30
13111821    26
13111822    23
13111823    20
13111900    19
13111901    17
13111902    13
13111903    12
13111904    14
13111905    10
13111906    13
13111907    16
13111908    26
13111909    20
13111910    23
13111911    21
13111912    29
13111913    75
13111914    84
13111915    62
13111916    31
13111917   103
13111918   302
13111919   161
13111920   101
13111921    53
13111922    56
13111923    46
13112000    37
13112001    76
13112002   103
13112003    79
13112004    65
13112005    44
13112006    55
13112007    75
13112008   148
13112009   138
13112010   130
13112011   143
13112012   329
13112013   198
13112014    48
13112015    48
13112016    37
13112017    36
13112018    40
13112019    28
13112020    29
13112021    25
13112022    21
13112023    18
13112100    14
13112101    13
13112102    19
13112103    19
13112104    17
13112105    13
13112106    14
13112107    10
13112108    15
13112109    20
13112110    19
13112111    39
13112112    42
13112113    32
13112114    28
13112115    31
13112116    29
13112117    25
13112118    51
13112119    82
13112120    49
13112121    24
13112122    23
13112123    44
13112200    40
13112201    17
13112202    26
13112203    23
13112204    15
13112205    16
13112206    13
13112207    30
13112208    32
13112209    17
13112210    18
13112211    19
13112212    21
13112213    23
13112214    22
13112215    21
13112216    23
13112217    22
13112218    22
13112219    29
13112220    99
13112221    48
13112222    32
13112223    25
13112300    23
13112301    22
13112302    36
13112303    54
13112304   117
13112305   173
13112306    92
13112307   125
13112308   443
13112309   466
13112310   489
13112311   447
13112312   218
13112313    78
13112314   117
13112315    71
13112316    39
13112317    62
13112318   123
13112319   109
13112320    25
13112321    22
13112322    22
13112323    18
13112400    15
13112401    16
13112402    22
13112403    21
13112404    24
13112405    15
13112406    26
13112407    14
13112408    12
13112409    18
13112410    31
13112411    95
13112412    30
13112413    22
13112414    25
13112415    29
13112416    35
13112417    51
13112418    33
13112419    32
13112420    32
13112421    36
13112422    42
13112423    44
13112500    39
13112501    36
13112502    32
13112503    28
13112504    20
13112505    15
13112506    13
13112507    18
13112508    25
13112509    20
13112510    25
13112511    20
13112512    23
13112513    30
13112514    43
13112515    24
13112516    28
13112517    26
13112518    19
13112519    36
13112520    18
13112521    18
13112522    18
13112523    17
13112600    11
13112601     7
13112602     8
13112603    12
13112604    14
13112605    15
13112606    16
13112607    15
13112608    13
13112609    14
13112610    13
13112611    12
13112612    16
13112613    16
13112614    17
13112615    17
13112616    23
13112617    20
13112618    16
13112619    13
13112620    30
13112621    44
13112622    14
13112623    12
13112700     9
13112701     8
13112702     6
13112703     8
13112704     9
13112705    11
13112706    12
13112707    13
13112708    13
13112709    12
13112710    13
13112711    13
13112712    16
13112713    18
13112714    17
13112715    20
13112716    18
13112717    16
13112718    14
13112719    13
13112720    15
13112721    17
13112722    14
13112723    13
13112800    14
13112801    11
13112802     9
13112803    13
13112804    12
13112805    14
13112806    15
13112807    14
13112808    12
13112809    13
13112810    12
13112811    12
13112812    17
13112813    26
13112814    82
13112815   125
13112816    25
13112817    17
13112818    44
13112819    45
13112820    67
13112821    84
13112822    37
13112823    14
13112900    15
13112901    20
13112902    47
13112903    33
13112904    34
13112905    30
13112906    81
13112907   187
13112908   152
13112909   250
13112910   191
13112911   246
13112912   136
13112913   104
13112914    60
13112915   159
13112916   210
13112917   319
13112918   420
13112919   433
13112920   314
13112921    63
13112922    39
13112923    37
13113000    40
13113001    59
13113002    28
13113003    23
13113004    38
13113005   103
13113006   124
13113007   112
13113008   130
13113009   118
13113010   213
13113011   336
13113012    84
13113013    44
13113014   239
13113015   365
13113016   188
13113017   119
13113018   121
13113019   141
13113020   193
13113021   367
13113022   444
13113023   287

Sat Ap 1
