13010100    10
13010101    10
13010102     8
13010103     9
13010104    11
13010105    13
13010106    10
13010107    11
13010108    12
13010109    12
13010110    13
13010111    21
13010112    17
13010113    19
13010114    23
13010115    23
13010116    24
13010117    24
13010118    24
13010119    34
13010120    16
13010121    15
13010122    12
13010123    10
13010200     8
13010201     7
13010202     8
13010203    10
13010204    14
13010205    16
13010206    21
13010207    27
13010208   148
13010209   177
13010210   151
13010211    53
13010212    98
13010213   204
13010214   188
13010215   139
13010216    81
13010217    83
13010218    45
13010219    41
13010220    42
13010221    39
13010222    52
13010223    43
13010300    19
13010301    25
13010302    22
13010303    20
13010304    17
13010305    16
13010306    16
13010307    17
13010308    25
13010309    30
13010310    21
13010311    20
13010312    22
13010313    20
13010314    20
13010315    23
13010316    22
13010317    23
13010318    23
13010319    22
13010320    23
13010321    20
13010322    16
13010323    15
13010400    15
13010401    22
13010402    15
13010403    10
13010404     9
13010405    10
13010406    11
13010407    12
13010408    18
13010409    19
13010410    23
13010411    13
13010412    17
13010413    16
13010414    21
13010415    21
13010416    22
13010417    24
13010418    22
13010419    29
13010420    26
13010421    58
13010422    56
13010423    24
13010500    12
13010501    16
13010502     9
13010503    16
13010504    15
13010505    28
13010506    38
13010507    21
13010508    24
13010509    23
13010510    11
13010511    72
13010512   101
13010513    25
13010514    23
13010515    23
13010516    44
13010517    34
13010518    43
13010519    94
13010520    31
13010521    18
13010522    11
13010523    10
13010600    13
13010601    10
13010602    13
13010603    18
13010604    16
13010605    21
13010606    11
13010607     8
13010608     9
13010609    16
13010610    18
13010611    44
13010612    42
13010613    18
13010614    21
13010615    23
13010616    30
13010617    65
13010618   134
13010619    78
13010620    24
13010621    21
13010622    38
13010623    21
13010700    28
13010701    20
13010702    18
13010703    18
13010704    21
13010705    24
13010706    33
13010707    80
13010708    79
13010709    25
13010710    20
13010711    17
13010712    16
13010713    14
13010714    15
13010715    19
13010716    22
13010717    21
13010718    18
13010719    35
13010720    21
13010721    28
13010722    22
13010723    16
13010800    13
13010801     9
13010802     9
13010803    18
13010804    29
13010805    33
13010806    14
13010807    15
13010808    13
13010809    20
13010810    17
13010811    17
13010812    11
13010813    14
13010814    17
13010815    34
13010816   103
13010817   142
13010818    40
13010819    51
13010820    42
13010821   143
13010822   213
13010823    50
13010900    45
13010901    54
13010902    54
13010903    58
13010904    58
13010905    44
13010906    49
13010907    43
13010908    46
13010909   147
13010910   138
13010911    43
13010912    25
13010913    18
13010914    21
13010915    35
13010916    43
13010917    32
13010918    28
13010919    87
13010920    84
13010921    48
13010922    36
13010923    28
13011000    22
13011001    23
13011002    25
13011003    36
13011004    30
13011005    17
13011006    10
13011007    14
13011008    28
13011009    26
13011010   100
13011011   127
13011012    40
13011013    26
13011014    24
13011015    19
13011016    17
13011017    16
13011018    14
13011019    16
13011020    20
13011021    25
13011022    12
13011023    10
13011100     7
13011101    12
13011102     9
13011103     7
13011104    11
13011105    10
13011106     8
13011107     9
13011108    12
13011109    43
13011110   114
13011111   150
13011112   150
13011113    90
13011114    48
13011115    18
13011116    21
13011117    17
13011118    16
13011119    19
13011120    15
13011121    14
13011122   109
13011123   182
13011200   120
13011201    71
13011202    65
13011203    73
13011204    44
13011205    36
13011206    25
13011207    19
13011208    20
13011209    25
13011210    42
13011211   158
13011212   171
13011213   102
13011214   124
13011215    51
13011216    32
13011217    32
13011218    45
13011219    82
13011220    22
13011221    26
13011222    26
13011223    30
13011300    34
13011301   180
13011302    62
13011303    48
13011304    42
13011305    40
13011306    58
13011307   185
13011308   135
13011309   150
13011310    89
13011311    80
13011312   111
13011313    87
13011314   305
13011315   486
13011316   225
13011317   206
13011318   153
13011319   228
13011320   389
13011321   388
13011322   406
13011323   337
13011400   177
13011401   177
13011402   266
13011403   113
13011404    68
13011405    65
13011406   104
13011407    87
13011408   111
13011409   313
13011410   298
13011411   303
13011412   218
13011413   226
13011414   189
13011415   163
13011416   166
13011417   176
13011418    91
13011419    74
13011420   159
13011421   129
13011422    44
13011423    43
13011500    25
13011501    36
13011502    39
13011503    45
13011504    42
13011505    35
13011506    29
13011507    64
13011508   240
13011509   136
13011510   165
13011511   183
13011512   174
13011513   106
13011514    50
13011515    33
13011516    62
13011517    49
13011518   233
13011519    68
13011520    25
13011521    18
13011522    12
13011523    12
13011600    12
13011601    22
13011602    10
13011603    12
13011604    14
13011605    24
13011606    26
13011607    42
13011608    21
13011609    36
13011610   153
13011611    80
13011612    60
13011613    65
13011614    74
13011615    66
13011616   113
13011617   125
13011618    52
13011619    84
13011620   103
13011621   188
13011622    64
13011623    44
13011700   108
13011701    56
13011702    55
13011703    75
13011704    55
13011705    36
13011706    58
13011707    39
13011708    24
13011709    19
13011710    14
13011711    24
13011712    34
13011713    42
13011714   145
13011715   669
13011716   584
13011717   544
13011718   483
13011719   467
13011720   436
13011721   497
13011722   357
13011723   260
13011800   217
13011801   216
13011802   243
13011803   282
13011804   176
13011805    92
13011806    51
13011807    46
13011808    47
13011809    51
13011810    34
13011811    23
13011812    52
13011813    82
13011814    54
13011815    35
13011816    30
13011817    22
13011818    23
13011819    74
13011820   121
13011821   198
13011822   172
13011823   168
13011900   200
13011901   182
13011902    48
13011903    39
13011904    32
13011905    29
13011906    27
13011907    29
13011908    22
13011909    19
13011910    16
13011911    20
13011912    26
13011913    26
13011914    50
13011915    62
13011916    47
13011917    65
13011918    65
13011919    77
13011920   208
13011921   340
13011922   240
13011923   429
13012000   276
13012001   412
13012002   377
13012003   365
13012004   281
13012005   198
13012006   196
13012007   330
13012008   401
13012009   330
13012010   381
13012011   221
13012012   118
13012013   318
13012014   216
13012015    50
13012016    34
13012017    23
13012018    53
13012019    63
13012020    36
13012021    23
13012022    22
13012023    32
13012100    92
13012101    57
13012102    61
13012103    81
13012104    80
13012105    66
13012106    50
13012107    79
13012108   154
13012109    59
13012110    48
13012111    77
13012112   152
13012113    80
13012114    40
13012115    49
13012116    85
13012117   138
13012118    99
13012119    62
13012120    73
13012121    93
13012122    63
13012123    24
13012200    20
13012201    12
13012202    15
13012203    21
13012204    23
13012205    20
13012206    19
13012207    26
13012208    19
13012209    24
13012210    19
13012211    14
13012212    15
13012213    87
13012214    61
13012215    35
13012216    29
13012217    23
13012218    14
13012219     8
13012220     6
13012221     6
13012222     7
13012223    10
13012300    13
13012301    13
13012302    14
13012303    20
13012304    35
13012305    36
13012306    23
13012307    21
13012308    62
13012309    60
13012310    34
13012311    18
13012312    20
13012313    20
13012314    19
13012315    21
13012316    24
13012317    23
13012318    22
13012319    15
13012320    20
13012321    16
13012322    34
13012323    49
13012400    46
13012401    39
13012402    56
13012403    52
13012404    37
13012405    29
13012406    22
13012407    25
13012408    22
13012409    31
13012410    80
13012411    60
13012412    47
13012413    58
13012414    35
13012415    19
13012416    15
13012417    12
13012418     9
13012419     7
13012420     6
13012421     7
13012422     8
13012423    10
13012500    11
13012501    11
13012502    10
13012503    14
13012504    45
13012505    44
13012506    24
13012507    30
13012508    66
13012509    99
13012510    63
13012511   110
13012512    50
13012513    12
13012514    15
13012515    39
13012516    92
13012517   194
13012518    66
13012519    32
13012520    28
13012521    49
13012522   157
13012523   493
13012600   521
13012601   176
13012602    73
13012603    77
13012604    51
13012605    68
13012606   139
13012607    70
13012608   289
13012609   549
13012610   300
13012611   267
13012612   148
13012613   247
13012614   644
13012615   699
13012616   340
13012617   305
13012618   686
13012619   528
13012620   659
13012621   504
13012622   458
13012623   252
13012700   245
13012701   268
13012702   143
13012703   130
13012704    93
13012705   108
13012706    61
13012707    56
13012708    70
13012709   162
13012710   212
13012711    80
13012712    49
13012713    60
13012714    91
13012715    94
13012716   197
13012717   204
13012718    97
13012719    72
13012720    71
13012721    72
13012722    32
13012723    18
13012800    17
13012801    24
13012802    20
13012803    28
13012804    34
13012805    47
13012806    79
13012807    67
13012808    45
13012809    29
13012810    15
13012811    14
13012812    17
13012813    53
13012814   103
13012815   191
13012816    38
13012817    76
13012818   156
13012819   142
13012820    70
13012821    84
13012822   239
13012823   128
13012900    42
13012901    40
13012902    47
13012903    27
13012904    27
13012905    21
13012906    32
13012907    57
13012908    53
13012909    22
13012910    65
13012911    34
13012912    43
13012913    38
13012914    76
13012915   139
13012916    87
13012917    31
13012918    26
13012919    21
13012920    28
13012921    15
13012922    15
13012923    14
13013000    13
13013001    12
13013002    14
13013003    16
13013004    17
13013005    20
13013006    31
13013007    53
13013008    29
13013009    25
13013010    17
13013011    11
13013012    12
13013013    12
13013014    20
13013015    28
13013016    25
13013017    62
13013018    57
13013019    36
13013020    37
13013021    31
13013022    30
13013023    19
13013100    22
13013101    19
13013102    16
13013103    14
13013104    15
13013105    15
13013106     9
13013107    17
13013108    32
13013109    30
13013110    19
13013111    15
13013112    13
13013113    11
13013114     8
13013115     9
13013116    12
13013117    23
13013118    54
13013119    21
13013120    22
13013121    21
13013122    42
13013123   154

Sat Ap 1
