13090100   265
13090101   365
13090102   393
13090103   260
13090104   138
13090105   190
13090106   371
13090107   249
13090108   268
13090109   185
13090110    80
13090111   101
13090112   205
13090113   517
13090114   593
13090115   302
13090116   271
13090117   405
13090118   402
13090119   436
13090120   328
13090121   168
13090122   223
13090123   141
13090200    67
13090201    61
13090202    72
13090203   167
13090204   464
13090205   579
13090206   587
13090207   171
13090208   361
13090209   524
13090210   402
13090211   291
13090212   532
13090213   576
13090214   368
13090215   132
13090216   172
13090217   294
13090218   346
13090219   199
13090220    60
13090221    51
13090222    43
13090223    38
13090300    80
13090301    36
13090302    28
13090303    22
13090304    18
13090305    16
13090306    27
13090307    30
13090308    59
13090309    79
13090310   107
13090311   211
13090312   196
13090313   207
13090314   170
13090315   101
13090316    63
13090317    52
13090318   148
13090319    66
13090320    50
13090321    55
13090322   150
13090323   321
13090400    60
13090401    60
13090402    41
13090403    35
13090404    31
13090405    25
13090406    41
13090407    57
13090408   136
13090409   150
13090410   194
13090411   378
13090412   260
13090413    90
13090414    61
13090415    41
13090416    40
13090417    39
13090418    53
13090419    73
13090420    45
13090421    86
13090422    40
13090423    35
13090500    40
13090501    36
13090502    32
13090503    29
13090504    17
13090505    29
13090506    34
13090507    38
13090508    52
13090509    62
13090510    63
13090511    66
13090512    62
13090513    58
13090514    54
13090515    56
13090516    71
13090517    45
13090518    48
13090519    84
13090520    93
13090521    38
13090522    34
13090523    35
13090600    54
13090601    43
13090602    47
13090603    46
13090604    37
13090605    47
13090606    53
13090607    60
13090608    73
13090609    92
13090610    94
13090611   105
13090612    80
13090613   210
13090614   108
13090615   160
13090616   279
13090617   274
13090618   198
13090619   194
13090620   391
13090621   288
13090622   137
13090623    86
13090700    69
13090701    70
13090702    52
13090703    45
13090704   107
13090705   172
13090706    95
13090707    44
13090708    47
13090709    53
13090710    52
13090711    46
13090712    47
13090713    42
13090714    40
13090715    49
13090716    49
13090717    56
13090718    51
13090719    48
13090720    57
13090721    54
13090722    49
13090723    37
13090800    35
13090801    38
13090802    35
13090803    55
13090804   431
13090805   153
13090806    82
13090807    55
13090808    35
13090809    62
13090810   113
13090811   197
13090812   215
13090813   269
13090814    65
13090815    83
13090816   113
13090817   166
13090818    88
13090819    73
13090820    41
13090821    62
13090822    43
13090823    39
13090900    38
13090901    37
13090902    39
13090903    43
13090904    39
13090905    39
13090906    60
13090907   134
13090908   156
13090909   189
13090910   184
13090911   143
13090912    74
13090913    52
13090914    59
13090915    52
13090916    91
13090917    59
13090918    39
13090919    64
13090920    38
13090921    39
13090922    30
13090923    33
13091000    39
13091001    39
13091002    32
13091003    24
13091004    18
13091005    14
13091006    13
13091007    17
13091008    42
13091009    83
13091010   314
13091011   402
13091012    98
13091013   146
13091014   126
13091015    85
13091016   110
13091017   506
13091018   264
13091019   141
13091020   359
13091021   308
13091022   146
13091023   105
13091100    81
13091101   107
13091102    82
13091103    35
13091104    22
13091105    15
13091106    28
13091107    52
13091108   155
13091109   320
13091110   135
13091111    50
13091112   122
13091113   281
13091114   214
13091115   143
13091116   206
13091117   323
13091118   198
13091119    80
13091120    43
13091121    47
13091122    79
13091123    69
13091200   199
13091201    65
13091202    48
13091203    48
13091204    55
13091205   154
13091206   209
13091207   113
13091208   218
13091209   140
13091210    37
13091211    69
13091212    54
13091213    46
13091214    45
13091215    62
13091216    53
13091217    63
13091218    47
13091219    71
13091220   167
13091221   253
13091222   189
13091223   269
13091300   448
13091301   253
13091302    58
13091303    38
13091304    65
13091305    37
13091306    83
13091307   172
13091308   269
13091309   101
13091310    33
13091311    65
13091312   134
13091313   231
13091314   154
13091315    89
13091316   253
13091317   496
13091318   236
13091319   264
13091320   295
13091321    57
13091322    49
13091323    53
13091400    60
13091401    47
13091402    58
13091403    40
13091404    62
13091405   132
13091406   246
13091407   324
13091408   199
13091409   191
13091410   156
13091411    95
13091412    57
13091413   103
13091414    39
13091415    38
13091416    46
13091417    63
13091418    61
13091419   111
13091420    51
13091421    24
13091422    22
13091423    32
13091500    36
13091501    37
13091502    34
13091503    32
13091504    25
13091505    22
13091506    32
13091507    43
13091508    37
13091509    31
13091510    33
13091511    30
13091512    31
13091513    32
13091514    35
13091515    34
13091516    40
13091517    57
13091518    66
13091519    36
13091520    24
13091521    69
13091522    83
13091523    25
13091600    41
13091601    65
13091602    65
13091603    55
13091604    48
13091605    51
13091606   157
13091607    82
13091608    68
13091609   138
13091610    40
13091611    39
13091612    60
13091613    51
13091614   128
13091615   280
13091616   175
13091617   121
13091618    92
13091619    67
13091620    36
13091621    37
13091622    39
13091623    40
13091700    39
13091701    55
13091702    72
13091703   170
13091704   269
13091705   229
13091706   109
13091707   147
13091708   256
13091709    92
13091710    56
13091711    55
13091712   120
13091713   213
13091714   194
13091715   163
13091716   138
13091717    81
13091718    56
13091719    56
13091720    49
13091721    65
13091722   200
13091723   147
13091800    56
13091801    73
13091802   166
13091803   117
13091804    28
13091805    24
13091806    19
13091807    23
13091808    43
13091809   183
13091810   199
13091811   126
13091812   175
13091813   172
13091814    55
13091815   134
13091816   357
13091817   311
13091818   163
13091819   182
13091820    96
13091821   161
13091822   371
13091823   300
13091900   198
13091901   127
13091902   128
13091903   297
13091904   383
13091905   349
13091906   351
13091907   323
13091908   818
13091909   484
13091910   288
13091911   251
13091912   157
13091913   110
13091914    60
13091915   248
13091916   229
13091917   394
13091918   198
13091919   160
13091920   257
13091921   190
13091922   208
13091923    79
13092000    52
13092001    51
13092002    71
13092003    87
13092004   148
13092005   207
13092006   208
13092007   269
13092008   305
13092009   125
13092010   196
13092011   192
13092012    81
13092013   248
13092014   148
13092015    40
13092016    32
13092017    27
13092018    30
13092019    22
13092020    57
13092021   172
13092022    71
13092023    52
13092100    70
13092101    56
13092102    89
13092103   170
13092104    50
13092105    30
13092106    22
13092107    42
13092108   215
13092109   412
13092110   180
13092111    60
13092112   213
13092113   255
13092114    82
13092115   119
13092116   257
13092117   178
13092118   192
13092119    79
13092120    50
13092121    66
13092122    95
13092123    88
13092200    56
13092201    84
13092202   119
13092203   163
13092204   190
13092205    62
13092206    92
13092207   172
13092208   166
13092209    43
13092210    32
13092211    36
13092212    79
13092213   226
13092214   258
13092215   171
13092216   131
13092217    51
13092218    49
13092219    39
13092220    47
13092221    49
13092222    48
13092223    41
13092300    38
13092301    42
13092302    43
13092303    96
13092304   155
13092305    93
13092306    51
13092307    45
13092308    43
13092309    60
13092310    42
13092311    33
13092312    33
13092313    44
13092314    34
13092315    42
13092316    56
13092317   114
13092318   127
13092319   302
13092320   151
13092321   105
13092322   157
13092323   173
13092400   142
13092401   121
13092402   142
13092403    92
13092404    38
13092405    27
13092406    20
13092407    20
13092408    23
13092409    75
13092410   251
13092411   562
13092412   515
13092413   535
13092414   364
13092415   355
13092416   500
13092417   267
13092418    88
13092419    65
13092420    46
13092421    48
13092422    46
13092423    65
13092500   193
13092501    94
13092502    57
13092503    49
13092504    62
13092505   109
13092506   146
13092507   219
13092508    96
13092509    80
13092510    79
13092511    44
13092512    32
13092513    37
13092514    40
13092515    54
13092516    34
13092517    28
13092518    24
13092519    25
13092520    27
13092521    31
13092522    25
13092523    21
13092600    26
13092601    31
13092602    35
13092603    33
13092604    27
13092605    20
13092606    13
13092607    15
13092608    23
13092609    29
13092610    30
13092611    32
13092612    35
13092613    48
13092614    45
13092615    38
13092616    36
13092617    32
13092618    33
13092619    44
13092620    31
13092621    25
13092622    21
13092623    23
13092700    25
13092701    30
13092702    27
13092703    22
13092704    18
13092705    15
13092706    17
13092707    20
13092708    32
13092709    43
13092710    45
13092711    43
13092712    42
13092713    43
13092714    44
13092715    43
13092716   115
13092717    69
13092718    35
13092719    44
13092720    71
13092721    54
13092722    20
13092723    19
13092800    20
13092801    22
13092802    24
13092803    22
13092804    21
13092805    21
13092806    24
13092807    23
13092808    27
13092809    35
13092810    40
13092811    38
13092812    39
13092813    39
13092814    38
13092815    36
13092816    35
13092817    30
13092818    28
13092819    45
13092820    71
13092821    25
13092822    22
13092823    21
13092900    23
13092901    31
13092902    30
13092903    26
13092904    20
13092905    28
13092906    36
13092907    29
13092908    29
13092909    36
13092910    36
13092911    48
13092912    88
13092913    47
13092914    71
13092915    27
13092916    28
13092917    26
13092918    28
13092919    40
13092920    60
13092921    49
13092922    56
13092923    31
13093000    29
13093001    69
13093002    77
13093003    55
13093004    35
13093005    57
13093006    73
13093007    41
13093008    40
13093009    42
13093010    40
13093011    34
13093012    36
13093013    28
13093014    32
13093015    34
13093016    38
13093017    36
13093018    33
13093019    37
13093020    44
13093021    36
13093022    36
13093023    35

Sat Ap 1
