13050100   506
13050101   513
13050102   531
13050103   575
13050104   676
13050105   445
13050106   623
13050107   645
13050108   557
13050109   303
13050110   500
13050111   463
13050112   836
13050113  1014
13050114  1097
13050115  1054
13050116  1171
13050117  1085
13050118  1042
13050119   703
13050120   860
13050121   728
13050122   537
13050123   355
13050200   437
13050201   625
13050202   548
13050203   412
13050204   348
13050205   315
13050206   192
13050207   215
13050208   198
13050209   240
13050210   279
13050211   257
13050212   167
13050213   162
13050214   131
13050215   138
13050216   248
13050217   294
13050218   313
13050219   322
13050220   427
13050221   126
13050222   135
13050223   116
13050300    80
13050301    74
13050302   145
13050303   111
13050304    49
13050305    66
13050306   155
13050307   107
13050308    90
13050309    49
13050310    86
13050311    65
13050312    31
13050313    58
13050314   113
13050315    77
13050316   117
13050317   259
13050318   175
13050319   100
13050320    64
13050321    53
13050322    57
13050323    78
13050400    71
13050401    71
13050402    53
13050403    66
13050404    88
13050405    63
13050406    54
13050407    86
13050408   192
13050409   104
13050410    42
13050411    96
13050412    81
13050413   175
13050414   126
13050415   141
13050416   199
13050417   290
13050418   330
13050419   305
13050420   211
13050421   244
13050422   335
13050423   254
13050500   186
13050501   313
13050502   244
13050503   371
13050504   390
13050505   426
13050506   378
13050507   209
13050508    81
13050509    46
13050510   116
13050511   106
13050512   156
13050513   324
13050514   216
13050515   117
13050516   144
13050517   152
13050518    64
13050519    51
13050520    40
13050521    57
13050522    75
13050523    80
13050600    74
13050601    71
13050602    74
13050603    66
13050604    61
13050605    66
13050606   159
13050607   293
13050608   368
13050609   216
13050610   139
13050611   124
13050612   198
13050613   132
13050614    78
13050615    66
13050616    71
13050617    65
13050618    76
13050619    65
13050620   150
13050621   106
13050622   103
13050623   160
13050700   236
13050701   444
13050702   521
13050703   212
13050704   219
13050705   437
13050706   237
13050707   160
13050708   258
13050709   316
13050710   154
13050711    67
13050712    64
13050713   119
13050714   165
13050715   198
13050716   329
13050717   279
13050718   171
13050719    80
13050720    77
13050721    75
13050722    51
13050723    55
13050800    82
13050801   276
13050802   293
13050803   189
13050804   111
13050805   138
13050806   219
13050807   248
13050808   199
13050809   161
13050810   134
13050811   101
13050812    67
13050813    38
13050814    50
13050815   160
13050816   264
13050817   215
13050818   115
13050819    74
13050820   100
13050821   218
13050822    94
13050823    87
13050900    71
13050901    67
13050902    74
13050903    56
13050904    57
13050905   193
13050906   160
13050907    99
13050908    75
13050909    96
13050910   254
13050911   191
13050912    87
13050913    60
13050914    42
13050915    46
13050916    44
13050917    54
13050918    66
13050919    79
13050920    60
13050921    59
13050922    65
13050923    72
13051000    81
13051001    77
13051002    77
13051003   102
13051004   106
13051005    83
13051006    60
13051007   105
13051008    82
13051009    86
13051010    95
13051011   115
13051012   285
13051013   122
13051014    44
13051015    54
13051016    50
13051017    55
13051018    56
13051019    61
13051020    57
13051021    67
13051022    61
13051023    63
13051100    62
13051101    57
13051102    55
13051103    60
13051104   100
13051105   127
13051106    71
13051107    64
13051108    60
13051109    71
13051110   123
13051111    98
13051112    70
13051113    48
13051114    61
13051115   133
13051116   154
13051117    48
13051118    49
13051119    64
13051120    70
13051121    60
13051122    76
13051123    86
13051200   124
13051201   167
13051202   204
13051203   208
13051204   210
13051205    96
13051206    48
13051207    54
13051208    77
13051209    69
13051210   177
13051211   174
13051212    69
13051213    51
13051214    50
13051215    36
13051216    36
13051217    49
13051218    83
13051219    88
13051220    67
13051221    76
13051222    89
13051223    90
13051300    87
13051301    88
13051302    91
13051303    61
13051304    64
13051305    99
13051306   108
13051307   213
13051308   188
13051309    81
13051310    58
13051311    54
13051312    49
13051313    51
13051314    82
13051315    75
13051316   212
13051317   221
13051318    75
13051319    79
13051320    83
13051321    92
13051322    99
13051323   107
13051400   110
13051401   134
13051402   101
13051403    77
13051404    69
13051405    55
13051406    65
13051407   177
13051408   297
13051409   450
13051410   623
13051411   578
13051412   490
13051413   279
13051414   417
13051415   481
13051416   285
13051417   225
13051418    83
13051419   100
13051420   164
13051421   127
13051422    76
13051423   112
13051500   116
13051501   108
13051502    92
13051503    75
13051504    64
13051505    65
13051506    62
13051507    70
13051508    72
13051509   131
13051510   120
13051511    90
13051512   225
13051513   396
13051514   321
13051515    97
13051516    49
13051517    48
13051518    48
13051519    57
13051520    44
13051521    74
13051522   105
13051523   104
13051600   105
13051601   138
13051602   369
13051603   589
13051604   331
13051605   179
13051606   152
13051607   261
13051608   131
13051609    59
13051610    48
13051611    51
13051612    56
13051613    62
13051614    79
13051615    64
13051616   122
13051617   173
13051618   415
13051619   602
13051620   584
13051621   678
13051622   561
13051623   507
13051700   236
13051701    82
13051702   241
13051703   401
13051704   402
13051705   390
13051706   295
13051707   195
13051708    75
13051709    71
13051710   107
13051711   299
13051712   411
13051713   204
13051714    83
13051715   126
13051716   221
13051717   332
13051718   567
13051719   202
13051720   208
13051721   365
13051722   529
13051723   437
13051800   395
13051801   579
13051802   897
13051803   964
13051804  1008
13051805   760
13051806   628
13051807   685
13051808   541
13051809   590
13051810   265
13051811   129
13051812   168
13051813   217
13051814   230
13051815   119
13051816   154
13051817   313
13051818   343
13051819   391
13051820   576
13051821   601
13051822   619
13051823   649
13051900   675
13051901   517
13051902   492
13051903   234
13051904   105
13051905   102
13051906   261
13051907   553
13051908   661
13051909   675
13051910   597
13051911   604
13051912   666
13051913   726
13051914   825
13051915   754
13051916   520
13051917   200
13051918   104
13051919   134
13051920   143
13051921    81
13051922    89
13051923   124
13052000   109
13052001   216
13052002   157
13052003    70
13052004    55
13052005    52
13052006    59
13052007    64
13052008    59
13052009    75
13052010    83
13052011   105
13052012   142
13052013   170
13052014   180
13052015   251
13052016   231
13052017   189
13052018   218
13052019   354
13052020   312
13052021   249
13052022   327
13052023   371
13052100   330
13052101   343
13052102   116
13052103   119
13052104   226
13052105   253
13052106   278
13052107   288
13052108   287
13052109    60
13052110    65
13052111   105
13052112    84
13052113    54
13052114    58
13052115    46
13052116    35
13052117    40
13052118   128
13052119   143
13052120   343
13052121   186
13052122   153
13052123   340
13052200   485
13052201   559
13052202   130
13052203    55
13052204    94
13052205   145
13052206   175
13052207   161
13052208   191
13052209   358
13052210   323
13052211   247
13052212   302
13052213   320
13052214   246
13052215   169
13052216   326
13052217   448
13052218   451
13052219   375
13052220   402
13052221   390
13052222   565
13052223   333
13052300   197
13052301   147
13052302   133
13052303   273
13052304   390
13052305   206
13052306   267
13052307   255
13052308   239
13052309   208
13052310   339
13052311   401
13052312   325
13052313   144
13052314   129
13052315    88
13052316   188
13052317   227
13052318   354
13052319   280
13052320   275
13052321   206
13052322   159
13052323   396
13052400   312
13052401   172
13052402   141
13052403   425
13052404   458
13052405   190
13052406   232
13052407   250
13052408   667
13052409   566
13052410   396
13052411   442
13052412   476
13052413   710
13052414   334
13052415   313
13052416   465
13052417   280
13052418   628
13052419   731
13052420   885
13052421   737
13052422   379
13052423   447
13052500   709
13052501   536
13052502   753
13052503   835
13052504   920
13052505   793
13052506   527
13052507   419
13052508   268
13052509   120
13052510   602
13052511   528
13052512   566
13052513   140
13052514   285
13052515   377
13052516  1081
13052517  1045
13052518  1284
13052519  1069
13052520   777
13052521  1088
13052522   697
13052523   203
13052600   422
13052601   322
13052602   404
13052603   568
13052604   489
13052605   721
13052606   699
13052607   371
13052608   365
13052609   356
13052610   151
13052611    65
13052612   142
13052613   199
13052614   293
13052615   523
13052616   333
13052617   520
13052618   592
13052619   508
13052620   426
13052621   327
13052622   256
13052623   185
13052700   178
13052701    77
13052702   142
13052703   545
13052704   362
13052705   189
13052706   153
13052707   252
13052708   218
13052709   448
13052710   280
13052711   384
13052712   806
13052713   857
13052714   467
13052715   145
13052716   112
13052717   371
13052718   848
13052719   717
13052720   472
13052721   242
13052722   163
13052723   175
13052800   419
13052801   308
13052802   433
13052803   529
13052804   375
13052805   356
13052806   177
13052807   302
13052808   366
13052809   406
13052810   337
13052811   267
13052812   218
13052813   138
13052814    85
13052815   140
13052816   103
13052817    55
13052818    82
13052819    85
13052820    77
13052821    56
13052822    51
13052823    54
13052900    56
13052901    53
13052902    62
13052903    65
13052904    59
13052905    55
13052906    56
13052907    60
13052908    82
13052909    91
13052910    93
13052911    84
13052912    77
13052913    77
13052914    74
13052915    61
13052916    64
13052917    62
13052918    53
13052919    53
13052920    52
13052921    46
13052922    48
13052923    51
13053000    67
13053001    62
13053002    60
13053003    58
13053004    59
13053005    79
13053006    83
13053007    79
13053008    65
13053009    60
13053010    73
13053011    53
13053012    39
13053013    33
13053014    34
13053015    75
13053016   131
13053017   103
13053018    97
13053019    58
13053020    54
13053021    55
13053022    54
13053023    46
13053100    50
13053101    62
13053102    64
13053103    67
13053104    67
13053105    76
13053106    71
13053107    77
13053108    91
13053109   117
13053110   156
13053111   128
13053112   104
13053113    92
13053114   178
13053115   154
13053116   122
13053117   158
13053118   322
13053119   268
13053120   392
13053121   394
13053122   282
13053123   304

Sat Ap 1
