14010100    25
14010101    36
14010102    33
14010103    58
14010104   113
14010105   167
14010106   126
14010107   134
14010108   133
14010109   122
14010110   286
14010111   619
14010112   714
14010113   805
14010114   879
14010115   568
14010116   235
14010117   153
14010118   223
14010119   470
14010120   423
14010121   388
14010122   286
14010123   142
14010200   156
14010201   234
14010202   302
14010203   287
14010204   431
14010205   156
14010206   129
14010207   141
14010208   393
14010209   292
14010210   280
14010211   277
14010212   496
14010213   494
14010214   335
14010215   516
14010216   304
14010217   392
14010218   800
14010219   224
14010220    83
14010221    65
14010222    99
14010223   236
14010300   119
14010301    53
14010302    55
14010303    42
14010304    58
14010305   101
14010306   133
14010307   125
14010308   197
14010309   271
14010310   221
14010311   337
14010312   262
14010313   131
14010314   118
14010315   141
14010316   418
14010317   498
14010318   326
14010319   164
14010320    65
14010321    45
14010322    33
14010323    26
14010400    31
14010401    26
14010402    18
14010403    22
14010404    25
14010405    27
14010406    24
14010407    31
14010408    56
14010409   128
14010410   122
14010411   268
14010412   284
14010413    74
14010414    68
14010415    54
14010416    74
14010417   158
14010418   249
14010419   249
14010420   122
14010421    77
14010422    31
14010423    24
14010500    25
14010501    30
14010502    21
14010503    30
14010504    36
14010505    47
14010506    32
14010507    54
14010508   170
14010509    38
14010510    18
14010511    68
14010512    88
14010513    39
14010514    69
14010515    87
14010516    31
14010517    27
14010518    23
14010519    33
14010520    22
14010521    19
14010522    22
14010523    15
14010600    12
14010601    10
14010602     9
14010603    11
14010604    12
14010605    19
14010606    26
14010607    94
14010608    88
14010609    55
14010610    54
14010611    20
14010612    34
14010613    32
14010614    35
14010615    66
14010616    84
14010617    96
14010618   117
14010619    39
14010620    30
14010621    38
14010622    57
14010623    30
14010700    26
14010701    29
14010702    39
14010703    59
14010704   106
14010705   114
14010706    98
14010707    76
14010708    81
14010709    89
14010710    98
14010711    77
14010712    37
14010713    64
14010714    74
14010715   196
14010716   454
14010717   360
14010718   242
14010719   437
14010720   211
14010721    79
14010722   257
14010723   374
14010800   237
14010801   284
14010802   333
14010803   349
14010804   140
14010805    47
14010806    28
14010807    26
14010808    52
14010809    61
14010810    38
14010811    31
14010812    32
14010813    67
14010814   136
14010815    65
14010816    37
14010817    59
14010818   116
14010819    57
14010820    20
14010821    50
14010822    31
14010823    88
14010900   211
14010901   219
14010902   182
14010903   235
14010904   213
14010905   123
14010906   173
14010907   180
14010908   293
14010909   343
14010910   295
14010911   241
14010912   172
14010913   205
14010914   144
14010915    76
14010916    45
14010917    35
14010918    56
14010919    61
14010920   332
14010921   146
14010922    47
14010923    54
14011000    44
14011001    56
14011002   118
14011003    65
14011004    44
14011005    47
14011006    41
14011007    65
14011008    57
14011009    81
14011010    60
14011011    51
14011012    46
14011013    96
14011014   295
14011015   254
14011016   152
14011017   137
14011018    56
14011019    51
14011020    44
14011021    46
14011022    42
14011023    46
14011100    47
14011101    42
14011102    37
14011103    37
14011104    32
14011105    22
14011106    22
14011107    20
14011108    17
14011109    19
14011110    30
14011111    21
14011112    20
14011113    20
14011114    23
14011115    23
14011116    24
14011117    23
14011118    60
14011119   309
14011120   208
14011121    51
14011122    39
14011123    32
14011200    26
14011201    23
14011202    24
14011203    24
14011204    38
14011205    59
14011206    81
14011207    42
14011208    70
14011209    70
14011210   195
14011211   340
14011212   324
14011213   227
14011214    99
14011215    92
14011216    48
14011217    43
14011218    34
14011219   163
14011220   236
14011221   128
14011222   440
14011223   218
14011300   113
14011301   137
14011302   102
14011303   104
14011304   127
14011305    85
14011306    49
14011307    73
14011308    69
14011309    73
14011310   127
14011311   113
14011312   135
14011313    70
14011314    74
14011315    42
14011316    36
14011317    33
14011318    37
14011319    31
14011320    30
14011321    34
14011322    30
14011323    34
14011400   140
14011401   286
14011402    68
14011403    46
14011404   113
14011405    57
14011406    67
14011407   118
14011408   103
14011409    77
14011410    38
14011411   129
14011412   175
14011413   647
14011414   263
14011415   161
14011416   123
14011417   158
14011418    92
14011419    82
14011420   102
14011421    94
14011422   122
14011423   107
14011500    45
14011501    82
14011502    73
14011503    64
14011504    49
14011505    52
14011506    48
14011507    53
14011508    33
14011509    36
14011510    57
14011511    46
14011512    43
14011513    42
14011514    45
14011515    58
14011516    49
14011517    38
14011518    32
14011519    31
14011520    24
14011521    20
14011522    30
14011523    22
14011600    17
14011601    16
14011602    19
14011603    22
14011604    19
14011605    39
14011606    48
14011607    34
14011608    34
14011609    69
14011610    76
14011611    25
14011612    28
14011613    72
14011614    73
14011615    21
14011616    27
14011617    25
14011618    21
14011619    22
14011620    24
14011621    29
14011622    20
14011623    20
14011700    20
14011701    21
14011702    21
14011703    23
14011704    25
14011705    30
14011706    29
14011707    27
14011708    24
14011709    26
14011710    23
14011711    14
14011712    50
14011713   136
14011714    68
14011715    46
14011716    60
14011717    35
14011718    45
14011719    45
14011720   107
14011721   155
14011722    45
14011723    79
14011800    70
14011801    43
14011802    34
14011803    38
14011804    39
14011805    35
14011806    41
14011807    45
14011808    44
14011809    24
14011810    26
14011811    30
14011812    22
14011813    17
14011814    19
14011815    29
14011816    52
14011817    46
14011818    23
14011819    13
14011820    20
14011821    16
14011822    14
14011823    15
14011900    16
14011901    16
14011902    17
14011903    18
14011904    17
14011905    14
14011906    14
14011907    32
14011908    20
14011909    17
14011910    20
14011911    23
14011912    33
14011913    54
14011914    28
14011915    26
14011916    31
14011917    36
14011918    31
14011919    27
14011920    28
14011921    29
14011922    39
14011923    39
14012000    41
14012001    42
14012002    45
14012003    42
14012004    34
14012005    27
14012006    21
14012007    31
14012008   120
14012009   124
14012010    57
14012011    29
14012012    67
14012013    67
14012014    52
14012015    59
14012016   132
14012017   108
14012018    31
14012019    55
14012020    33
14012021    17
14012022    20
14012023    24
14012100    27
14012101    74
14012102    60
14012103    32
14012104    20
14012105    33
14012106    90
14012107   171
14012108    56
14012109    48
14012110    92
14012111   248
14012112   254
14012113   162
14012114   310
14012115   234
14012116   183
14012117    90
14012118   117
14012119   268
14012120   163
14012121    51
14012122    30
14012123    39
14012200    65
14012201    38
14012202    80
14012203    86
14012204    48
14012205    97
14012206   101
14012207   412
14012208   212
14012209   115
14012210   570
14012211   377
14012212   331
14012213   312
14012214   172
14012215   175
14012216   139
14012217   187
14012218   105
14012219    87
14012220    62
14012221   106
14012222   128
14012223    38
14012300    39
14012301    73
14012302   106
14012303    46
14012304    64
14012305    63
14012306   215
14012307   106
14012308    76
14012309    47
14012310    45
14012311    27
14012312    36
14012313    43
14012314    63
14012315    61
14012316    33
14012317    34
14012318    56
14012319   282
14012320   226
14012321   122
14012322   115
14012323    43
14012400    66
14012401   177
14012402    80
14012403    65
14012404    80
14012405    65
14012406    37
14012407    20
14012408    25
14012409    24
14012410    32
14012411    77
14012412    65
14012413    26
14012414    29
14012415    30
14012416    32
14012417    27
14012418    28
14012419    26
14012420    19
14012421    17
14012422    17
14012423    18
14012500    25
14012501    55
14012502   188
14012503   130
14012504    61
14012505    59
14012506    87
14012507    85
14012508    38
14012509    31
14012510    27
14012511    44
14012512    65
14012513   168
14012514   268
14012515   246
14012516   204
14012517   222
14012518   161
14012519    84
14012520   112
14012521   403
14012522   358
14012523   376
14012600   289
14012601    81
14012602    92
14012603    95
14012604   172
14012605   121
14012606   111
14012607   232
14012608   124
14012609   126
14012610    47
14012611    36
14012612    23
14012613    26
14012614    22
14012615    25
14012616    32
14012617   166
14012618   230
14012619   179
14012620    27
14012621    29
14012622    37
14012623    56
14012700    26
14012701    20
14012702    25
14012703    52
14012704    64
14012705    38
14012706    30
14012707    67
14012708    36
14012709    55
14012710    33
14012711    36
14012712    85
14012713    42
14012714    43
14012715   111
14012716   121
14012717    33
14012718    42
14012719    35
14012720    43
14012721    58
14012722    95
14012723    20
14012800    25
14012801    21
14012802    19
14012803    18
14012804    21
14012805    29
14012806    38
14012807    37
14012808   115
14012809   137
14012810    74
14012811   109
14012812    88
14012813   137
14012814   102
14012815    76
14012816   132
14012817   271
14012818   371
14012819   343
14012820    92
14012821   121
14012822   202
14012823    96
14012900    51
14012901    49
14012902    29
14012903    72
14012904    63
14012905   157
14012906   184
14012907   136
14012908   172
14012909   244
14012910   188
14012911    36
14012912    48
14012913    67
14012914   225
14012915   241
14012916   103
14012917    43
14012918    94
14012919    88
14012920    39
14012921    53
14012922    77
14012923    71
14013000    39
14013001    39
14013002    73
14013003   185
14013004   106
14013005    36
14013006    35
14013007    17
14013008    14
14013009    12
14013010    16
14013011    15
14013012    21
14013013    49
14013014    35
14013015    27
14013016    23
14013017    22
14013018    31
14013019    45
14013020    18
14013021    18
14013022    21
14013023    19
14013100    16
14013101    12
14013102    10
14013103     7
14013104    13
14013105    19
14013106    22
14013107    26
14013108    44
14013109    65
14013110    33
14013111    49
14013112    62
14013113   132
14013114    45
14013115    27
14013116    31
14013117    51
14013118    47
14013119    33
14013120    34
14013121    39
14013122    55
14013123    27

Sat Ap 1
