14020100    19
14020101    19
14020102    21
14020103    22
14020104    18
14020105    16
14020106    17
14020107    17
14020108    14
14020109    19
14020110    29
14020111    64
14020112    85
14020113    79
14020114    80
14020115   160
14020116   125
14020117    98
14020118   160
14020119   222
14020120   152
14020121   187
14020122   281
14020123   132
14020200    52
14020201    38
14020202    31
14020203    57
14020204    67
14020205    34
14020206    33
14020207    34
14020208    42
14020209    19
14020210    22
14020211    24
14020212    27
14020213    26
14020214    29
14020215    36
14020216    51
14020217    46
14020218    38
14020219    41
14020220    34
14020221    28
14020222    26
14020223    24
14020300    37
14020301    42
14020302    41
14020303    40
14020304    61
14020305   107
14020306    89
14020307    44
14020308    52
14020309    58
14020310    46
14020311    26
14020312    22
14020313    22
14020314    52
14020315   257
14020316   156
14020317    66
14020318    45
14020319    25
14020320    23
14020321    33
14020322    57
14020323    54
14020400   139
14020401    39
14020402    37
14020403    66
14020404    69
14020405    41
14020406    41
14020407    62
14020408    84
14020409    23
14020410    23
14020411    23
14020412    21
14020413    31
14020414    34
14020415    35
14020416    41
14020417    60
14020418    78
14020419    36
14020420    31
14020421    29
14020422    30
14020423    27
14020500    21
14020501    16
14020502    10
14020503     9
14020504    10
14020505    15
14020506    21
14020507    23
14020508    23
14020509    23
14020510    22
14020511    23
14020512    26
14020513    30
14020514    97
14020515    54
14020516    39
14020517    46
14020518    44
14020519    43
14020520    41
14020521    44
14020522    52
14020523    48
14020600    50
14020601    48
14020602    27
14020603    39
14020604    91
14020605   286
14020606   198
14020607   155
14020608   194
14020609   340
14020610   448
14020611   352
14020612   371
14020613   431
14020614   437
14020615   344
14020616   142
14020617   130
14020618    73
14020619    67
14020620    29
14020621    97
14020622    49
14020623    35
14020700    31
14020701    23
14020702    24
14020703    24
14020704    16
14020705    17
14020706    39
14020707    74
14020708    97
14020709   179
14020710   125
14020711    88
14020712    91
14020713    70
14020714   143
14020715   131
14020716    37
14020717    88
14020718   158
14020719    47
14020720    52
14020721    61
14020722   278
14020723   261
14020800   339
14020801   294
14020802   142
14020803   119
14020804   289
14020805   544
14020806   352
14020807   292
14020808   287
14020809   251
14020810    76
14020811    54
14020812    70
14020813    99
14020814   275
14020815   290
14020816   367
14020817   551
14020818   485
14020819   608
14020820   536
14020821   449
14020822   352
14020823   567
14020900   434
14020901   273
14020902   321
14020903   181
14020904   109
14020905   218
14020906   227
14020907   379
14020908    92
14020909    48
14020910    52
14020911    41
14020912    52
14020913   214
14020914   526
14020915   361
14020916   380
14020917   440
14020918   699
14020919   682
14020920   495
14020921   324
14020922   200
14020923   381
14021000   234
14021001   151
14021002   157
14021003   139
14021004   127
14021005   105
14021006    95
14021007   141
14021008   119
14021009    39
14021010   100
14021011   219
14021012    38
14021013    29
14021014    58
14021015   150
14021016   221
14021017    73
14021018   103
14021019   449
14021020   480
14021021   144
14021022   216
14021023   348
14021100   162
14021101    84
14021102    74
14021103    87
14021104    69
14021105    90
14021106    99
14021107    61
14021108    35
14021109    39
14021110    39
14021111    15
14021112    14
14021113    16
14021114    16
14021115    29
14021116    67
14021117    27
14021118    20
14021119    40
14021120   204
14021121   280
14021122   423
14021123   269
14021200   338
14021201    98
14021202    66
14021203    54
14021204    50
14021205    66
14021206    61
14021207    55
14021208    86
14021209   102
14021210    52
14021211    46
14021212    57
14021213    58
14021214    64
14021215   208
14021216   167
14021217   169
14021218    39
14021219    43
14021220   124
14021221    27
14021222    42
14021223    43
14021300    32
14021301    33
14021302    29
14021303    26
14021304    26
14021305    25
14021306    21
14021307    20
14021308    16
14021309    20
14021310    18
14021311    20
14021312    25
14021313    29
14021314    26
14021315    26
14021316    31
14021317    26
14021318    20
14021319    17
14021320    15
14021321    13
14021322    17
14021323    18
14021400    20
14021401    22
14021402    20
14021403    17
14021404    15
14021405    17
14021406    15
14021407    15
14021408    15
14021409    14
14021410    19
14021411    20
14021412    20
14021413    24
14021414    26
14021415    29
14021416    32
14021417    47
14021418    24
14021419    19
14021420    21
14021421    22
14021422    23
14021423    24
14021500    23
14021501    21
14021502    25
14021503    26
14021504    26
14021505    26
14021506    25
14021507    24
14021508    26
14021509    21
14021510    21
14021511    21
14021512    24
14021513    95
14021514   212
14021515   183
14021516    46
14021517    46
14021518    43
14021519    49
14021520    39
14021521    50
14021522   113
14021523   212
14021600   815
14021601   520
14021602    86
14021603    63
14021604    91
14021605    72
14021606    46
14021607    34
14021608    37
14021609    38
14021610    96
14021611   205
14021612   131
14021613    96
14021614   144
14021615   578
14021616   871
14021617   536
14021618   407
14021619   335
14021620   560
14021621   361
14021622    70
14021623    50
14021700    88
14021701   128
14021702    67
14021703    44
14021704    17
14021705    22
14021706    22
14021707    21
14021708    26
14021709    32
14021710    33
14021711    43
14021712    29
14021713    27
14021714    29
14021715    46
14021716    41
14021717    34
14021718    35
14021719    61
14021720    85
14021721    57
14021722    72
14021723   196
14021800    60
14021801    62
14021802    67
14021803    70
14021804    73
14021805    72
14021806    70
14021807    71
14021808   106
14021809    75
14021810    60
14021811    59
14021812    65
14021813    73
14021814   198
14021815   192
14021816   314
14021817   206
14021818   233
14021819   560
14021820   515
14021821   617
14021822   526
14021823   439
14021900   403
14021901   689
14021902   469
14021903   499
14021904   969
14021905  1198
14021906  1132
14021907   992
14021908   520
14021909   861
14021910   256
14021911   112
14021912   232
14021913   959
14021914   468
14021915   138
14021916    94
14021917    77
14021918    64
14021919    49
14021920    51
14021921    45
14021922   101
14021923   236
14022000   156
14022001   143
14022002   136
14022003   598
14022004   799
14022005  1236
14022006   897
14022007   442
14022008   352
14022009   441
14022010   654
14022011   828
14022012   870
14022013   458
14022014   343
14022015   312
14022016   440
14022017   509
14022018   320
14022019   291
14022020   170
14022021   326
14022022   328
14022023   167
14022100   212
14022101   339
14022102   204
14022103   134
14022104   168
14022105   164
14022106   194
14022107   263
14022108   342
14022109   550
14022110   523
14022111   495
14022112   444
14022113   444
14022114   461
14022115   293
14022116   425
14022117   400
14022118   338
14022119   349
14022120   176
14022121   203
14022122   434
14022123   484
14022200   453
14022201   607
14022202   686
14022203   299
14022204   199
14022205   250
14022206   213
14022207    89
14022208   201
14022209   291
14022210   231
14022211   365
14022212   243
14022213   219
14022214   165
14022215   162
14022216   362
14022217   411
14022218    94
14022219    85
14022220   132
14022221   228
14022222   202
14022223   166
14022300   120
14022301    91
14022302    75
14022303    88
14022304   100
14022305    35
14022306    41
14022307   123
14022308    58
14022309   108
14022310   318
14022311   356
14022312   371
14022313   225
14022314   211
14022315   633
14022316   718
14022317   855
14022318  1098
14022319   915
14022320   568
14022321   333
14022322   243
14022323   101
14022400    50
14022401    32
14022402    30
14022403    32
14022404    16
14022405    17
14022406    17
14022407    25
14022408   100
14022409   271
14022410   170
14022411    85
14022412    78
14022413    40
14022414   145
14022415   129
14022416    84
14022417   148
14022418   130
14022419    91
14022420    31
14022421    29
14022422    28
14022423    27
14022500    27
14022501    28
14022502    19
14022503    15
14022504    15
14022505    17
14022506    19
14022507    21
14022508    19
14022509    24
14022510    69
14022511   129
14022512   231
14022513   149
14022514    67
14022515    57
14022516    99
14022517    30
14022518    21
14022519    29
14022520    43
14022521    99
14022522   132
14022523    39
14022600    34
14022601   113
14022602    97
14022603    37
14022604    22
14022605    17
14022606    16
14022607    20
14022608    26
14022609    28
14022610    32
14022611    28
14022612    34
14022613    39
14022614    43
14022615    39
14022616    29
14022617    31
14022618    41
14022619    64
14022620    48
14022621    33
14022622    38
14022623    42
14022700    35
14022701    36
14022702    34
14022703    46
14022704    79
14022705    60
14022706    31
14022707    27
14022708    28
14022709    27
14022710    37
14022711   104
14022712   339
14022713   308
14022714   288
14022715   329
14022716   388
14022717   819
14022718   815
14022719   808
14022720   778
14022721   513
14022722   688
14022723   685
14022800   395
14022801   238
14022802   231
14022803   181
14022804    61
14022805    61
14022806    43
14022807    80
14022808   258
14022809   359
14022810   165
14022811    79
14022812    88
14022813    93
14022814    89
14022815    97
14022816   173
14022817   307
14022818   220
14022819   106
14022820    42
14022821    33
14022822    43
14022823    56

Sat Ap 1
