14050100   329
14050101   257
14050102   188
14050103   142
14050104   230
14050105   273
14050106   123
14050107    68
14050108    58
14050109    51
14050110    52
14050111    49
14050112    42
14050113    85
14050114    80
14050115    90
14050116    33
14050117    21
14050118    93
14050119    53
14050120    29
14050121    29
14050122    26
14050123    29
14050200    41
14050201    43
14050202    77
14050203   157
14050204    61
14050205    40
14050206    30
14050207    37
14050208    40
14050209    54
14050210    55
14050211    49
14050212    42
14050213    36
14050214    31
14050215    55
14050216    51
14050217    31
14050218    34
14050219    40
14050220    42
14050221    43
14050222    41
14050223    38
14050300    38
14050301    38
14050302    42
14050303    38
14050304    31
14050305    36
14050306    42
14050307    44
14050308    46
14050309    53
14050310    56
14050311    51
14050312    52
14050313    50
14050314    45
14050315    54
14050316    40
14050317    40
14050318   131
14050319   367
14050320   470
14050321   427
14050322   480
14050323   395
14050400   445
14050401   417
14050402   321
14050403   425
14050404   582
14050405   614
14050406   491
14050407   629
14050408   706
14050409   374
14050410   144
14050411    98
14050412   140
14050413    93
14050414    87
14050415    95
14050416   104
14050417   107
14050418   107
14050419   125
14050420    78
14050421    84
14050422   110
14050423   131
14050500    56
14050501    53
14050502    60
14050503   186
14050504   353
14050505   318
14050506   356
14050507   206
14050508   138
14050509   102
14050510   102
14050511    51
14050512   138
14050513   118
14050514   125
14050515   293
14050516   472
14050517   424
14050518   490
14050519   423
14050520   189
14050521   101
14050522    68
14050523    52
14050600    77
14050601    43
14050602    34
14050603    29
14050604    44
14050605   123
14050606    71
14050607   116
14050608    58
14050609    37
14050610    42
14050611    59
14050612    43
14050613    36
14050614    32
14050615    25
14050616    26
14050617    39
14050618    47
14050619    42
14050620    38
14050621    36
14050622    34
14050623    39
14050700    31
14050701    33
14050702    35
14050703    34
14050704    26
14050705    17
14050706    24
14050707    31
14050708    50
14050709    70
14050710    67
14050711    55
14050712    91
14050713   226
14050714   226
14050715   194
14050716   142
14050717    41
14050718    58
14050719    70
14050720   128
14050721   192
14050722   209
14050723   366
14050800   357
14050801   334
14050802   444
14050803   534
14050804   641
14050805   668
14050806   697
14050807   767
14050808   649
14050809   749
14050810   274
14050811   287
14050812   335
14050813   274
14050814   375
14050815   692
14050816   684
14050817   512
14050818   159
14050819   219
14050820   387
14050821   595
14050822   530
14050823   493
14050900   596
14050901   517
14050902   192
14050903   219
14050904   204
14050905    82
14050906   140
14050907   466
14050908   237
14050909    54
14050910    63
14050911    83
14050912    45
14050913    28
14050914    25
14050915    38
14050916    39
14050917    47
14050918    34
14050919    35
14050920    39
14050921    51
14050922    58
14050923    51
14051000    79
14051001    71
14051002    89
14051003   351
14051004   513
14051005   319
14051006   261
14051007   243
14051008   265
14051009   122
14051010    76
14051011    69
14051012    60
14051013    43
14051014    31
14051015    42
14051016    48
14051017    59
14051018   236
14051019   446
14051020   698
14051021   477
14051022   133
14051023   261
14051100   609
14051101   379
14051102   227
14051103   545
14051104   600
14051105   127
14051106    65
14051107    67
14051108   101
14051109   289
14051110   618
14051111   355
14051112   129
14051113    81
14051114    50
14051115    46
14051116   101
14051117   266
14051118   483
14051119   453
14051120   575
14051121   372
14051122   232
14051123   226
14051200   149
14051201    86
14051202    71
14051203    89
14051204   160
14051205   317
14051206   255
14051207   480
14051208   359
14051209   370
14051210   173
14051211    96
14051212    51
14051213    97
14051214   158
14051215   186
14051216    87
14051217    42
14051218   103
14051219   110
14051220   103
14051221   115
14051222    44
14051223    44
14051300    52
14051301    58
14051302    57
14051303    45
14051304    70
14051305   101
14051306   145
14051307    97
14051308    87
14051309   102
14051310    81
14051311    74
14051312    89
14051313    91
14051314    70
14051315    71
14051316   129
14051317    78
14051318    56
14051319    53
14051320    52
14051321    52
14051322    50
14051323    57
14051400    49
14051401    48
14051402    55
14051403    51
14051404    59
14051405    55
14051406    58
14051407    57
14051408    51
14051409    56
14051410    56
14051411    60
14051412    80
14051413   201
14051414   233
14051415   185
14051416   204
14051417    98
14051418    77
14051419    83
14051420    96
14051421   113
14051422    82
14051423    83
14051500   112
14051501    71
14051502    47
14051503    47
14051504    41
14051505    62
14051506    94
14051507    76
14051508    65
14051509    77
14051510    60
14051511    52
14051512    46
14051513    46
14051514    36
14051515    38
14051516    77
14051517   181
14051518   138
14051519   107
14051520   138
14051521    56
14051522    85
14051523    89
14051600    82
14051601    65
14051602   130
14051603   217
14051604   185
14051605    93
14051606    52
14051607    48
14051608    55
14051609    56
14051610    54
14051611    46
14051612    66
14051613   138
14051614   149
14051615   134
14051616   166
14051617   111
14051618   136
14051619    81
14051620    52
14051621    69
14051622    37
14051623    54
14051700    81
14051701    91
14051702   120
14051703    91
14051704    85
14051705    84
14051706    85
14051707    88
14051708    97
14051709    77
14051710    59
14051711   134
14051712    81
14051713    65
14051714    65
14051715    58
14051716    89
14051717    80
14051718    62
14051719    53
14051720    43
14051721    42
14051722    65
14051723    47
14051800    86
14051801    62
14051802    69
14051803   128
14051804   145
14051805   106
14051806    83
14051807    71
14051808    63
14051809    60
14051810    62
14051811    60
14051812    61
14051813    75
14051814   117
14051815   105
14051816   167
14051817   234
14051818   178
14051819    60
14051820    96
14051821   185
14051822   162
14051823   108
14051900    78
14051901    66
14051902    72
14051903    87
14051904   245
14051905   128
14051906    82
14051907    59
14051908    58
14051909    69
14051910    56
14051911    81
14051912   135
14051913   192
14051914   189
14051915   170
14051916    72
14051917    69
14051918    43
14051919    50
14051920    36
14051921    83
14051922    79
14051923    76
14052000    56
14052001    65
14052002    77
14052003    73
14052004    66
14052005    85
14052006   167
14052007   215
14052008   139
14052009   106
14052010    80
14052011   135
14052012   103
14052013   100
14052014    96
14052015   116
14052016    69
14052017    65
14052018    37
14052019    42
14052020    28
14052021    30
14052022    33
14052023    49
14052100    62
14052101    53
14052102    46
14052103    39
14052104    32
14052105    36
14052106    39
14052107    42
14052108    70
14052109    58
14052110    55
14052111    55
14052112    45
14052113    41
14052114    45
14052115    42
14052116    61
14052117    90
14052118    72
14052119    71
14052120    68
14052121    36
14052122    44
14052123    56
14052200    55
14052201    59
14052202    57
14052203    44
14052204    82
14052205   167
14052206   179
14052207   170
14052208    69
14052209    55
14052210    56
14052211    66
14052212    71
14052213    99
14052214   115
14052215   394
14052216   378
14052217   709
14052218   756
14052219   604
14052220   402
14052221   127
14052222   178
14052223   361
14052300   666
14052301   398
14052302   470
14052303   145
14052304    57
14052305    46
14052306    65
14052307    54
14052308    53
14052309    51
14052310    52
14052311    58
14052312    45
14052313    40
14052314    56
14052315    92
14052316   575
14052317   910
14052318   815
14052319   861
14052320   823
14052321   766
14052322   806
14052323   192
14052400    93
14052401   119
14052402    76
14052403   122
14052404    46
14052405    64
14052406   245
14052407   102
14052408    46
14052409    40
14052410    57
14052411    40
14052412    41
14052413    84
14052414   244
14052415   288
14052416   272
14052417   234
14052418   120
14052419    60
14052420    74
14052421    55
14052422    66
14052423   127
14052500   191
14052501   157
14052502   109
14052503    71
14052504   178
14052505   369
14052506   235
14052507    57
14052508    40
14052509    32
14052510    34
14052511    49
14052512    53
14052513    73
14052514   107
14052515   110
14052516   157
14052517   159
14052518   108
14052519    52
14052520    37
14052521    46
14052522    50
14052523    60
14052600    61
14052601    80
14052602    76
14052603    75
14052604   123
14052605    89
14052606   110
14052607    70
14052608   103
14052609    82
14052610    71
14052611    66
14052612    90
14052613    78
14052614   125
14052615    73
14052616    46
14052617    52
14052618    74
14052619    77
14052620    55
14052621    43
14052622    44
14052623    60
14052700    78
14052701    69
14052702    50
14052703    38
14052704    31
14052705    31
14052706    38
14052707    46
14052708    60
14052709    63
14052710    53
14052711    52
14052712    51
14052713    42
14052714    57
14052715   154
14052716   143
14052717   144
14052718   170
14052719   274
14052720   260
14052721   183
14052722    88
14052723    85
14052800    82
14052801    67
14052802    88
14052803   101
14052804   203
14052805   158
14052806    45
14052807    39
14052808    43
14052809    53
14052810    68
14052811    74
14052812   101
14052813   111
14052814    90
14052815   114
14052816    77
14052817   104
14052818   106
14052819    56
14052820    60
14052821    53
14052822    52
14052823    73
14052900    57
14052901    71
14052902    68
14052903    68
14052904    67
14052905    58
14052906    46
14052907    46
14052908   119
14052909   448
14052910   687
14052911   662
14052912   479
14052913   384
14052914   235
14052915   149
14052916   111
14052917    67
14052918   172
14052919   201
14052920    87
14052921    75
14052922    63
14052923    57
14053000    50
14053001    46
14053002    39
14053003    26
14053004    50
14053005   117
14053006   128
14053007   143
14053008   150
14053009   153
14053010    51
14053011   101
14053012   224
14053013   139
14053014    98
14053015   104
14053016   564
14053017   399
14053018   705
14053019   710
14053020   426
14053021    91
14053022    69
14053023    59
14053100    59
14053101    49
14053102    55
14053103    57
14053104    51
14053105    49
14053106    55
14053107    58
14053108    90
14053109    89
14053110    72
14053111    41
14053112    45
14053113    39
14053114    25
14053115    20
14053116    29
14053117    43
14053118    50
14053119    52
14053120    42
14053121    34
14053122    40
14053123    44

Sat Ap 1
