14110100    32
14110101    40
14110102    32
14110103    35
14110104    41
14110105    53
14110106    48
14110107    92
14110108    77
14110109    61
14110110    94
14110111   112
14110112   115
14110113   145
14110114    43
14110115    49
14110116   100
14110117   123
14110118    31
14110119    25
14110120    32
14110121    24
14110122    21
14110123    37
14110200    53
14110201    49
14110202    32
14110203    28
14110204    25
14110205    26
14110206    26
14110207    29
14110208    30
14110209    36
14110210    35
14110211    46
14110212   174
14110213   382
14110214   267
14110215   165
14110216   114
14110217   212
14110218   337
14110219   103
14110220    35
14110221    25
14110222    41
14110223    23
14110300    21
14110301    46
14110302    86
14110303    74
14110304    29
14110305    40
14110306    81
14110307   110
14110308   113
14110309    52
14110310    48
14110311    42
14110312    43
14110313    47
14110314    78
14110315    48
14110316    33
14110317    35
14110318    27
14110319    23
14110320    33
14110321    20
14110322    28
14110323    17
14110400    17
14110401    15
14110402    12
14110403    20
14110404    28
14110405    38
14110406    54
14110407   181
14110408   479
14110409   650
14110410   412
14110411   599
14110412   321
14110413   844
14110414   612
14110415   496
14110416   200
14110417   129
14110418    80
14110419   253
14110420   333
14110421   341
14110422   138
14110423   135
14110500   159
14110501   289
14110502   235
14110503   159
14110504   257
14110505    71
14110506    76
14110507    83
14110508   181
14110509   338
14110510   431
14110511   353
14110512   114
14110513   268
14110514   259
14110515   164
14110516    64
14110517   138
14110518   172
14110519    69
14110520    57
14110521   149
14110522   165
14110523    96
14110600    52
14110601    36
14110602    42
14110603    36
14110604    64
14110605   102
14110606    39
14110607   126
14110608    90
14110609    47
14110610    36
14110611    50
14110612    81
14110613   190
14110614   100
14110615    51
14110616    44
14110617    38
14110618    30
14110619    36
14110620    29
14110621    79
14110622   316
14110623   342
14110700   267
14110701   138
14110702    79
14110703   125
14110704   206
14110705    97
14110706    74
14110707   276
14110708   163
14110709   129
14110710   228
14110711   253
14110712   220
14110713    61
14110714    44
14110715    50
14110716    74
14110717   168
14110718   193
14110719   112
14110720    80
14110721   254
14110722   283
14110723   256
14110800   130
14110801    77
14110802    52
14110803    64
14110804    43
14110805    88
14110806    72
14110807    55
14110808    84
14110809   272
14110810   139
14110811    88
14110812    81
14110813   108
14110814   203
14110815   145
14110816    79
14110817    77
14110818    49
14110819    26
14110820    37
14110821    51
14110822   212
14110823   262
14110900    96
14110901   150
14110902   169
14110903    94
14110904    38
14110905    69
14110906   100
14110907   103
14110908   117
14110909    64
14110910    38
14110911    37
14110912    44
14110913    56
14110914    65
14110915   121
14110916    72
14110917   297
14110918   467
14110919   352
14110920   182
14110921   109
14110922    95
14110923   270
14111000   449
14111001   438
14111002   190
14111003    80
14111004    67
14111005    53
14111006    42
14111007    70
14111008   105
14111009   163
14111010   379
14111011   707
14111012   297
14111013   327
14111014   439
14111015   455
14111016   539
14111017   641
14111018   196
14111019   336
14111020   176
14111021   113
14111022    88
14111023    43
14111100    36
14111101    67
14111102    80
14111103    72
14111104    69
14111105    61
14111106    86
14111107    20
14111108    33
14111109    33
14111110    56
14111111   119
14111112   121
14111113    84
14111114    83
14111115    56
14111116    38
14111117    39
14111118    42
14111119   111
14111120    89
14111121   106
14111122   360
14111123   569
14111200   200
14111201    49
14111202    83
14111203    76
14111204    68
14111205    28
14111206    28
14111207    56
14111208   107
14111209    77
14111210    29
14111211    24
14111212    28
14111213    32
14111214    29
14111215    26
14111216    21
14111217    39
14111218    34
14111219    60
14111220    22
14111221    43
14111222   136
14111223    37
14111300    31
14111301    26
14111302    30
14111303    64
14111304    91
14111305    71
14111306    26
14111307    24
14111308    29
14111309    29
14111310    37
14111311    47
14111312    25
14111313    39
14111314   131
14111315    50
14111316    31
14111317    25
14111318    23
14111319    28
14111320    26
14111321    38
14111322    29
14111323    28
14111400    76
14111401   173
14111402   209
14111403    98
14111404    37
14111405    31
14111406    83
14111407    43
14111408    65
14111409   132
14111410    82
14111411    97
14111412   156
14111413   244
14111414   277
14111415   141
14111416    66
14111417    58
14111418   377
14111419   509
14111420   334
14111421   144
14111422   182
14111423   229
14111500   213
14111501   105
14111502    46
14111503   179
14111504   282
14111505   214
14111506   157
14111507   220
14111508   342
14111509   482
14111510   461
14111511   328
14111512   327
14111513   321
14111514   154
14111515    47
14111516   122
14111517   159
14111518    91
14111519   177
14111520   329
14111521   194
14111522   339
14111523   537
14111600   309
14111601   449
14111602   575
14111603   712
14111604   237
14111605   234
14111606   400
14111607   464
14111608   517
14111609   463
14111610   404
14111611   490
14111612   362
14111613   567
14111614   729
14111615   373
14111616   530
14111617   448
14111618   204
14111619    78
14111620   122
14111621   200
14111622   124
14111623   120
14111700    97
14111701   139
14111702    84
14111703    75
14111704    57
14111705    59
14111706    50
14111707    35
14111708    46
14111709    61
14111710    67
14111711   219
14111712   488
14111713   358
14111714   101
14111715   183
14111716   357
14111717   179
14111718    97
14111719   242
14111720   531
14111721    88
14111722    54
14111723   117
14111800   240
14111801   160
14111802    80
14111803   134
14111804   137
14111805   113
14111806   163
14111807   270
14111808   144
14111809   155
14111810   403
14111811   468
14111812   445
14111813   455
14111814   295
14111815   510
14111816   216
14111817   137
14111818   147
14111819   110
14111820    41
14111821    37
14111822    51
14111823   163
14111900   388
14111901   310
14111902   153
14111903    44
14111904    27
14111905    42
14111906    51
14111907    63
14111908   114
14111909    55
14111910    35
14111911   103
14111912   143
14111913   128
14111914   166
14111915    73
14111916   147
14111917    90
14111918   321
14111919   289
14111920   159
14111921    39
14111922    30
14111923    51
14112000   175
14112001   332
14112002   107
14112003   104
14112004   159
14112005   169
14112006   235
14112007   256
14112008   218
14112009   414
14112010   311
14112011   320
14112012   231
14112013   132
14112014   170
14112015   359
14112016   513
14112017   612
14112018   488
14112019   393
14112020   105
14112021    41
14112022    42
14112023   145
14112100   398
14112101   287
14112102    90
14112103   110
14112104   308
14112105   221
14112106    39
14112107    74
14112108   108
14112109   283
14112110   369
14112111    69
14112112    47
14112113    69
14112114   374
14112115   492
14112116   484
14112117   382
14112118   419
14112119   255
14112120   185
14112121   135
14112122   181
14112123   266
14112200   323
14112201   215
14112202   146
14112203   122
14112204   106
14112205   142
14112206   243
14112207   168
14112208   158
14112209   220
14112210   351
14112211   108
14112212    50
14112213    51
14112214    87
14112215   102
14112216   101
14112217   134
14112218   243
14112219   264
14112220   277
14112221   391
14112222   300
14112223   109
14112300   105
14112301    73
14112302    56
14112303    46
14112304    52
14112305   108
14112306   134
14112307   196
14112308   161
14112309   223
14112310   424
14112311   333
14112312   476
14112313   228
14112314   168
14112315   288
14112316   412
14112317   396
14112318   329
14112319   156
14112320   104
14112321   134
14112322    84
14112323    93
14112400    62
14112401   133
14112402   217
14112403    63
14112404    72
14112405    76
14112406    85
14112407    67
14112408   132
14112409   110
14112410    83
14112411    77
14112412    91
14112413   284
14112414   323
14112415   337
14112416   309
14112417   215
14112418   357
14112419   295
14112420   255
14112421   183
14112422   160
14112423    47
14112500    54
14112501    34
14112502    46
14112503    56
14112504    33
14112505    66
14112506    28
14112507    31
14112508    27
14112509    62
14112510   206
14112511   199
14112512   153
14112513    63
14112514   201
14112515   158
14112516   181
14112517   315
14112518   177
14112519    59
14112520   189
14112521   118
14112522    98
14112523    43
14112600    35
14112601    43
14112602    58
14112603    63
14112604    54
14112605    30
14112606    24
14112607   101
14112608   114
14112609   113
14112610   252
14112611   121
14112612   315
14112613   286
14112614    80
14112615    75
14112616    71
14112617    50
14112618    36
14112619    67
14112620    55
14112621    75
14112622    99
14112623   150
14112700   132
14112701    63
14112702   109
14112703   178
14112704   105
14112705    89
14112706    61
14112707    36
14112708    28
14112709    28
14112710    37
14112711    30
14112712    34
14112713    58
14112714   152
14112715   119
14112716   196
14112717   100
14112718    31
14112719    54
14112720   160
14112721   275
14112722    75
14112723    43
14112800    29
14112801    34
14112802    39
14112803    40
14112804    43
14112805    32
14112806    26
14112807    26
14112808    20
14112809    20
14112810    21
14112811    18
14112812    41
14112813   116
14112814   171
14112815    71
14112816    73
14112817    60
14112818    66
14112819    58
14112820    32
14112821    29
14112822    24
14112823    28
14112900    24
14112901    30
14112902    39
14112903    34
14112904    30
14112905    40
14112906    37
14112907    53
14112908    30
14112909    22
14112910    26
14112911    25
14112912    76
14112913    89
14112914    70
14112915    56
14112916    43
14112917    45
14112918    95
14112919    75
14112920    56
14112921    31
14112922    34
14112923    36
14113000    45
14113001    33
14113002    32
14113003    32
14113004    52
14113005    44
14113006    57
14113007    41
14113008    29
14113009    33
14113010    30
14113011    37
14113012    72
14113013    48
14113014    43
14113015    67
14113016   186
14113017   412
14113018   142
14113019   114
14113020   393
14113021   304
14113022   235
14113023   107

Sat Ap 1
