14120100    49
14120101    45
14120102    54
14120103   152
14120104    87
14120105    75
14120106    72
14120107    76
14120108    83
14120109    52
14120110    37
14120111    47
14120112    79
14120113   138
14120114    94
14120115    40
14120116    72
14120117   119
14120118   301
14120119   242
14120120   175
14120121   302
14120122   618
14120123   360
14120200   216
14120201   262
14120202   206
14120203    83
14120204   204
14120205   159
14120206   206
14120207   144
14120208   215
14120209   278
14120210   331
14120211   232
14120212   243
14120213   337
14120214   316
14120215   222
14120216   350
14120217   443
14120218   487
14120219   352
14120220   133
14120221   130
14120222   118
14120223    82
14120300   177
14120301   231
14120302   264
14120303   137
14120304    66
14120305    65
14120306    69
14120307    60
14120308    55
14120309    57
14120310    59
14120311    57
14120312    53
14120313    52
14120314    48
14120315    43
14120316    53
14120317   122
14120318   396
14120319   255
14120320    66
14120321    63
14120322    88
14120323   177
14120400   242
14120401   127
14120402    58
14120403    65
14120404   148
14120405   127
14120406    75
14120407    77
14120408    82
14120409   124
14120410    76
14120411    55
14120412    53
14120413    79
14120414   220
14120415   426
14120416   141
14120417   105
14120418   151
14120419   136
14120420   145
14120421   119
14120422   372
14120423   443
14120500   137
14120501   123
14120502    47
14120503    98
14120504   199
14120505   368
14120506   339
14120507   203
14120508    98
14120509    69
14120510   138
14120511   375
14120512   313
14120513   253
14120514   363
14120515   147
14120516    62
14120517    92
14120518   105
14120519   113
14120520    65
14120521    74
14120522   187
14120523   290
14120600   106
14120601    47
14120602   101
14120603    73
14120604   116
14120605    74
14120606    83
14120607   165
14120608   276
14120609   166
14120610   231
14120611   143
14120612    95
14120613    61
14120614    62
14120615    89
14120616    83
14120617    64
14120618   123
14120619   287
14120620   439
14120621   197
14120622   227
14120623   511
14120700   547
14120701   478
14120702   153
14120703    99
14120704   214
14120705   253
14120706   244
14120707   185
14120708   140
14120709   272
14120710   508
14120711   325
14120712   544
14120713  1049
14120714   762
14120715   243
14120716   688
14120717   615
14120718   202
14120719   431
14120720   681
14120721   401
14120722   415
14120723   338
14120800   399
14120801   286
14120802   144
14120803   146
14120804   201
14120805   174
14120806   130
14120807   142
14120808   152
14120809   194
14120810   318
14120811   295
14120812   295
14120813   251
14120814   233
14120815   317
14120816   311
14120817   804
14120818   263
14120819   216
14120820   100
14120821    93
14120822   131
14120823   330
14120900   520
14120901   255
14120902   174
14120903   200
14120904   122
14120905   113
14120906   170
14120907   307
14120908   182
14120909   215
14120910   339
14120911   274
14120912   330
14120913   501
14120914   330
14120915   143
14120916   252
14120917   378
14120918   446
14120919   554
14120920   329
14120921    89
14120922   167
14120923   298
14121000   280
14121001   175
14121002   154
14121003   100
14121004    67
14121005   104
14121006   101
14121007    82
14121008   104
14121009   285
14121010   118
14121011    59
14121012    53
14121013   155
14121014   100
14121015    46
14121016    49
14121017   122
14121018   238
14121019   166
14121020   132
14121021    95
14121022    74
14121023    56
14121100    46
14121101    66
14121102    57
14121103    40
14121104    35
14121105    33
14121106    38
14121107    49
14121108    91
14121109    74
14121110    31
14121111    23
14121112    25
14121113    34
14121114    50
14121115    69
14121116    46
14121117    59
14121118    86
14121119   103
14121120    47
14121121    38
14121122    55
14121123   175
14121200   275
14121201   131
14121202    61
14121203   123
14121204   290
14121205   182
14121206   288
14121207   306
14121208   622
14121209   518
14121210   206
14121211    87
14121212   624
14121213   803
14121214   823
14121215   703
14121216   239
14121217   131
14121218   151
14121219   496
14121220   537
14121221   234
14121222   277
14121223   313
14121300   110
14121301    70
14121302    87
14121303   161
14121304   176
14121305    74
14121306    42
14121307    56
14121308    97
14121309    94
14121310    58
14121311    40
14121312   105
14121313   205
14121314   390
14121315   213
14121316    97
14121317   150
14121318   139
14121319   122
14121320   151
14121321   389
14121322   415
14121323   284
14121400    81
14121401   117
14121402   134
14121403   224
14121404   337
14121405   218
14121406   181
14121407   217
14121408   256
14121409   477
14121410   289
14121411   327
14121412   497
14121413   454
14121414   458
14121415   152
14121416   375
14121417   233
14121418   233
14121419   392
14121420   378
14121421    66
14121422    64
14121423    85
14121500    61
14121501    86
14121502    76
14121503   127
14121504   165
14121505   111
14121506    69
14121507   174
14121508   523
14121509   570
14121510   342
14121511   270
14121512   573
14121513   577
14121514   638
14121515   314
14121516   252
14121517   377
14121518   258
14121519    97
14121520   139
14121521   426
14121522   219
14121523    92
14121600    96
14121601    68
14121602    59
14121603    68
14121604    48
14121605    38
14121606    23
14121607    53
14121608   171
14121609   184
14121610   203
14121611   284
14121612   370
14121613   495
14121614   398
14121615   100
14121616    74
14121617   105
14121618   259
14121619    83
14121620    52
14121621    51
14121622    74
14121623   211
14121700   301
14121701   153
14121702   120
14121703   113
14121704   200
14121705   132
14121706   168
14121707   195
14121708   185
14121709    80
14121710    37
14121711    41
14121712    61
14121713   172
14121714    60
14121715    64
14121716   229
14121717   127
14121718    43
14121719    35
14121720    70
14121721    25
14121722    21
14121723    22
14121800    17
14121801    35
14121802    40
14121803    61
14121804    52
14121805    35
14121806    41
14121807    48
14121808    59
14121809    78
14121810    41
14121811    51
14121812    61
14121813   171
14121814   194
14121815   167
14121816    84
14121817    49
14121818    48
14121819    36
14121820    65
14121821   207
14121822   104
14121823    61
14121900    67
14121901   166
14121902   119
14121903    56
14121904    48
14121905    83
14121906   218
14121907    94
14121908   105
14121909    71
14121910   246
14121911   129
14121912    49
14121913    31
14121914    36
14121915   144
14121916   179
14121917   365
14121918   320
14121919    88
14121920    49
14121921   105
14121922   111
14121923    28
14122000    67
14122001   143
14122002   168
14122003    91
14122004   108
14122005   138
14122006    90
14122007    86
14122008    59
14122009   141
14122010   120
14122011   221
14122012   262
14122013   221
14122014   265
14122015    94
14122016   127
14122017   248
14122018    64
14122019    30
14122020    46
14122021    99
14122022   168
14122023    71
14122100    42
14122101    74
14122102   210
14122103   140
14122104   219
14122105   334
14122106   318
14122107   160
14122108   189
14122109   241
14122110   250
14122111   296
14122112   178
14122113   362
14122114   427
14122115   380
14122116   617
14122117   516
14122118   589
14122119   866
14122120  1068
14122121   830
14122122   476
14122123   317
14122200   420
14122201   469
14122202   957
14122203   674
14122204   621
14122205   565
14122206   310
14122207   165
14122208   281
14122209   192
14122210   188
14122211   356
14122212   175
14122213   139
14122214   160
14122215   178
14122216   233
14122217   216
14122218    49
14122219    29
14122220    19
14122221    24
14122222    22
14122223    16
14122300    24
14122301    20
14122302    23
14122303    23
14122304    23
14122305    29
14122306    38
14122307    37
14122308    30
14122309    29
14122310    49
14122311   147
14122312   202
14122313   107
14122314   105
14122315   127
14122316    46
14122317    38
14122318    36
14122319    92
14122320   268
14122321   745
14122322   644
14122323   451
14122400   247
14122401   410
14122402   240
14122403   187
14122404    53
14122405    45
14122406   139
14122407   153
14122408   152
14122409    72
14122410   152
14122411   182
14122412   212
14122413   170
14122414   694
14122415   405
14122416   383
14122417   276
14122418   418
14122419   545
14122420   509
14122421   313
14122422   303
14122423   402
14122500    82
14122501    57
14122502    32
14122503    31
14122504    94
14122505   106
14122506   148
14122507   105
14122508    46
14122509    30
14122510    32
14122511    34
14122512    76
14122513   346
14122514   383
14122515   303
14122516   260
14122517   154
14122518   107
14122519   124
14122520   455
14122521   624
14122522   445
14122523   320
14122600   278
14122601   422
14122602   315
14122603   442
14122604   399
14122605   369
14122606   158
14122607    66
14122608   160
14122609   317
14122610   182
14122611    72
14122612    78
14122613    50
14122614    61
14122615    39
14122616    47
14122617   159
14122618   483
14122619   577
14122620   618
14122621   294
14122622   142
14122623   197
14122700   372
14122701   168
14122702    84
14122703    69
14122704   103
14122705    84
14122706   127
14122707   222
14122708   255
14122709   174
14122710   112
14122711    72
14122712   116
14122713   115
14122714   174
14122715    75
14122716    62
14122717    62
14122718    44
14122719    41
14122720    56
14122721    29
14122722    30
14122723    34
14122800    55
14122801   145
14122802   241
14122803   205
14122804    81
14122805    53
14122806    57
14122807    68
14122808    61
14122809    68
14122810    88
14122811    67
14122812    77
14122813    94
14122814    74
14122815    87
14122816   158
14122817   166
14122818   235
14122819   599
14122820   479
14122821    89
14122822    74
14122823   142
14122900    62
14122901   117
14122902   135
14122903   101
14122904   117
14122905    97
14122906    68
14122907    76
14122908    71
14122909   184
14122910   329
14122911   325
14122912   534
14122913   533
14122914   272
14122915   118
14122916   592
14122917   851
14122918   375
14122919   218
14122920   289
14122921   495
14122922   508
14122923   432
14123000   233
14123001   294
14123002   247
14123003   208
14123004   248
14123005   318
14123006   337
14123007   138
14123008   116
14123009    63
14123010   173
14123011   252
14123012   254
14123013   364
14123014   454
14123015   202
14123016    92
14123017   144
14123018   307
14123019   274
14123020   179
14123021    99
14123022    95
14123023   150
14123100    81
14123101    52
14123102    69
14123103   176
14123104   126
14123105    52
14123106    54
14123107    59
14123108    74
14123109    60
14123110    89
14123111   108
14123112   231
14123113   368
14123114   215
14123115   433
14123116   267
14123117   129
14123118   122
14123119    49
14123120    38
14123121    43
14123122    58
14123123    28

Sat Ap 1
