15040100    51
15040101    57
15040102    60
15040103    51
15040104    42
15040105    36
15040106    30
15040107    53
15040108    49
15040109    49
15040110    84
15040111   143
15040112    94
15040113    75
15040114    71
15040115    84
15040116   101
15040117   165
15040118   100
15040119    58
15040120    55
15040121    54
15040122    99
15040123    57
15040200    65
15040201    62
15040202    53
15040203    55
15040204    73
15040205    75
15040206    39
15040207   114
15040208   246
15040209   399
15040210   286
15040211   227
15040212   232
15040213   314
15040214   425
15040215   205
15040216   125
15040217   245
15040218   349
15040219   376
15040220   495
15040221   818
15040222   318
15040223    90
15040300    71
15040301    91
15040302   192
15040303    94
15040304    76
15040305    53
15040306    87
15040307    59
15040308   122
15040309   217
15040310   114
15040311   251
15040312   267
15040313   122
15040314   183
15040315   180
15040316   117
15040317   110
15040318    82
15040319    82
15040320    62
15040321   224
15040322   184
15040323   316
15040400   391
15040401   166
15040402   112
15040403   104
15040404   137
15040405   227
15040406   196
15040407   167
15040408    75
15040409   121
15040410   135
15040411   166
15040412   445
15040413   179
15040414   138
15040415   368
15040416   283
15040417   141
15040418    79
15040419    78
15040420   256
15040421   134
15040422    61
15040423    74
15040500    79
15040501    83
15040502    98
15040503    71
15040504   181
15040505   182
15040506   169
15040507   123
15040508    50
15040509    82
15040510    68
15040511    49
15040512    49
15040513    68
15040514    99
15040515   212
15040516   137
15040517    59
15040518    77
15040519    83
15040520    55
15040521    74
15040522   110
15040523   269
15040600   127
15040601    82
15040602   144
15040603   253
15040604   124
15040605    58
15040606   166
15040607   106
15040608    63
15040609    38
15040610    40
15040611    61
15040612   153
15040613   187
15040614   121
15040615    80
15040616    60
15040617    51
15040618    58
15040619    50
15040620    70
15040621    57
15040622    54
15040623    65
15040700    64
15040701    71
15040702   139
15040703   140
15040704   125
15040705    50
15040706    28
15040707    25
15040708    25
15040709    32
15040710    39
15040711    54
15040712    48
15040713    59
15040714    65
15040715    66
15040716    64
15040717    58
15040718   122
15040719   167
15040720    53
15040721    52
15040722    50
15040723    57
15040800    52
15040801    70
15040802    58
15040803    48
15040804    34
15040805    24
15040806    16
15040807    21
15040808    31
15040809    44
15040810    52
15040811    54
15040812    68
15040813    75
15040814    53
15040815    58
15040816    85
15040817   175
15040818   164
15040819   125
15040820    48
15040821    46
15040822    47
15040823    54
15040900    52
15040901    52
15040902   114
15040903   215
15040904   218
15040905   349
15040906   330
15040907   227
15040908   287
15040909    93
15040910   108
15040911   197
15040912   322
15040913   251
15040914   166
15040915    99
15040916    76
15040917   103
15040918   361
15040919    97
15040920    39
15040921    61
15040922    60
15040923   282
15041000   398
15041001   631
15041002   453
15041003   814
15041004   600
15041005   329
15041006   247
15041007   620
15041008   803
15041009   241
15041010    94
15041011   105
15041012    77
15041013    75
15041014    98
15041015    87
15041016   307
15041017   267
15041018   211
15041019   169
15041020   334
15041021   321
15041022   292
15041023   276
15041100   392
15041101   714
15041102   603
15041103   709
15041104   837
15041105   659
15041106   613
15041107   656
15041108   635
15041109   601
15041110   421
15041111   726
15041112   586
15041113   567
15041114   745
15041115   812
15041116   497
15041117   140
15041118   231
15041119   204
15041120    75
15041121    67
15041122    63
15041123    56
15041200    51
15041201    48
15041202    63
15041203    47
15041204    78
15041205   146
15041206    61
15041207    46
15041208    37
15041209    41
15041210    49
15041211    47
15041212    73
15041213   135
15041214    78
15041215    56
15041216    37
15041217    39
15041218    64
15041219   150
15041220   160
15041221   163
15041222    63
15041223    63
15041300    62
15041301   105
15041302   331
15041303   250
15041304   107
15041305    54
15041306   177
15041307   206
15041308   168
15041309   274
15041310   181
15041311    92
15041312   130
15041313    96
15041314    75
15041315   125
15041316    64
15041317    58
15041318    82
15041319    81
15041320    55
15041321    50
15041322    59
15041323    54
15041400    48
15041401    45
15041402    37
15041403    39
15041404    33
15041405    27
15041406    39
15041407    71
15041408    54
15041409   130
15041410    88
15041411   105
15041412   243
15041413   263
15041414   477
15041415   620
15041416   798
15041417   706
15041418   592
15041419   544
15041420   505
15041421   444
15041422   380
15041423   131
15041500    73
15041501    56
15041502    59
15041503    53
15041504    74
15041505   164
15041506   131
15041507   177
15041508   108
15041509   192
15041510   469
15041511   597
15041512   544
15041513   888
15041514   309
15041515   101
15041516    85
15041517   414
15041518  1136
15041519   833
15041520   580
15041521   443
15041522   340
15041523   158
15041600   577
15041601   802
15041602   811
15041603   663
15041604   601
15041605   647
15041606   781
15041607   654
15041608   508
15041609   529
15041610   223
15041611   751
15041612   718
15041613   482
15041614   278
15041615   145
15041616   331
15041617   652
15041618   980
15041619   909
15041620  1082
15041621   823
15041622   702
15041623   794
15041700   675
15041701   344
15041702   352
15041703   633
15041704   658
15041705   751
15041706   542
15041707   317
15041708   226
15041709   352
15041710   361
15041711   385
15041712   363
15041713   347
15041714   247
15041715   301
15041716   184
15041717   210
15041718   400
15041719   359
15041720   134
15041721    92
15041722   103
15041723    69
15041800   183
15041801   230
15041802   118
15041803   105
15041804   252
15041805   236
15041806   136
15041807    83
15041808   204
15041809   211
15041810    92
15041811    62
15041812    91
15041813   117
15041814   224
15041815   285
15041816   381
15041817   385
15041818   509
15041819   421
15041820   622
15041821   243
15041822    99
15041823   119
15041900   369
15041901   467
15041902   294
15041903   260
15041904   330
15041905   410
15041906   216
15041907   165
15041908   175
15041909   184
15041910   132
15041911    86
15041912   152
15041913   185
15041914   197
15041915   156
15041916   177
15041917    71
15041918   229
15041919   419
15041920   549
15041921   383
15041922   273
15041923   336
15042000   435
15042001   452
15042002   427
15042003   324
15042004   414
15042005   125
15042006    59
15042007    76
15042008    50
15042009    42
15042010   121
15042011   186
15042012   162
15042013   112
15042014   115
15042015    68
15042016    65
15042017    84
15042018   201
15042019   246
15042020   202
15042021   118
15042022   111
15042023    78
15042100   160
15042101   317
15042102   437
15042103   457
15042104   439
15042105   436
15042106   404
15042107   381
15042108   292
15042109   363
15042110   718
15042111   622
15042112   521
15042113   140
15042114   326
15042115   334
15042116   470
15042117   275
15042118   196
15042119   123
15042120   277
15042121   416
15042122   408
15042123   264
15042200   147
15042201   194
15042202   249
15042203   204
15042204    82
15042205   197
15042206   181
15042207   619
15042208   676
15042209   401
15042210   205
15042211   124
15042212   240
15042213    68
15042214    94
15042215   196
15042216   196
15042217   132
15042218   103
15042219   119
15042220    60
15042221    68
15042222   268
15042223   178
15042300    51
15042301    52
15042302    79
15042303   289
15042304   341
15042305   114
15042306    39
15042307    46
15042308   130
15042309   140
15042310   143
15042311    92
15042312    64
15042313    51
15042314    47
15042315    47
15042316    47
15042317    42
15042318    34
15042319    28
15042320    26
15042321    40
15042322    47
15042323    59
15042400    53
15042401    56
15042402   120
15042403   300
15042404   329
15042405    76
15042406    53
15042407    45
15042408    64
15042409    61
15042410    90
15042411    97
15042412   118
15042413    52
15042414    39
15042415    49
15042416    53
15042417    36
15042418    47
15042419    93
15042420    82
15042421    33
15042422    42
15042423    54
15042500    48
15042501    40
15042502    47
15042503    40
15042504    38
15042505    30
15042506    36
15042507    42
15042508    44
15042509    54
15042510    59
15042511    62
15042512    64
15042513    59
15042514    54
15042515    54
15042516    45
15042517    37
15042518    28
15042519    28
15042520    31
15042521    34
15042522    36
15042523    35
15042600    48
15042601    49
15042602    46
15042603    41
15042604    46
15042605    40
15042606    43
15042607    52
15042608    57
15042609    69
15042610    79
15042611    78
15042612    73
15042613    71
15042614    71
15042615    70
15042616    58
15042617    51
15042618    39
15042619    26
15042620    25
15042621    48
15042622    34
15042623    42
15042700    54
15042701    49
15042702    43
15042703    37
15042704    34
15042705    34
15042706    59
15042707    78
15042708    64
15042709   199
15042710   462
15042711   458
15042712   334
15042713   352
15042714   307
15042715   154
15042716   162
15042717   374
15042718   436
15042719   413
15042720   371
15042721   273
15042722   321
15042723   401
15042800   462
15042801   195
15042802   154
15042803   137
15042804   191
15042805   240
15042806   170
15042807    89
15042808   128
15042809   308
15042810   512
15042811   271
15042812   173
15042813   199
15042814   367
15042815   197
15042816   246
15042817    95
15042818    54
15042819    41
15042820    32
15042821    32
15042822    35
15042823    37
15042900    39
15042901    67
15042902    98
15042903    89
15042904    75
15042905    56
15042906    40
15042907    65
15042908    81
15042909    80
15042910   108
15042911   223
15042912   233
15042913   142
15042914    87
15042915   203
15042916   153
15042917    36
15042918    59
15042919   107
15042920   175
15042921   278
15042922   208
15042923   136
15043000   182
15043001   378
15043002   223
15043003    92
15043004    65
15043005    31
15043006    29
15043007    63
15043008    60
15043009    65
15043010    73
15043011    84
15043012   116
15043013    70
15043014    47
15043015    38
15043016    38
15043017    35
15043018   101
15043019   162
15043020   161
15043021    36
15043022    34
15043023    31

Fri Se 4
