15080100   374
15080101   362
15080102   175
15080103   149
15080104   274
15080105   172
15080106    43
15080107    45
15080108    44
15080109    98
15080110    88
15080111    82
15080112    92
15080113   119
15080114    89
15080115   136
15080116   302
15080117   495
15080118   289
15080119   100
15080120   104
15080121   106
15080122   122
15080123   200
15080200   398
15080201   614
15080202   592
15080203   346
15080204   130
15080205    66
15080206    67
15080207   244
15080208   266
15080209    67
15080210    55
15080211    74
15080212   205
15080213   412
15080214   330
15080215   181
15080216   285
15080217   238
15080218   111
15080219   104
15080220    62
15080221    94
15080222   108
15080223    80
15080300    74
15080301    95
15080302   283
15080303   158
15080304   143
15080305   278
15080306   302
15080307   118
15080308    54
15080309    78
15080310    65
15080311    99
15080312   128
15080313   277
15080314   294
15080315   184
15080316   112
15080317    57
15080318    58
15080319    59
15080320    74
15080321   102
15080322   106
15080323   142
15080400    87
15080401    72
15080402   156
15080403   315
15080404   190
15080405   119
15080406    78
15080407   138
15080408   215
15080409    67
15080410    53
15080411   149
15080412   222
15080413   256
15080414    90
15080415   158
15080416   150
15080417   136
15080418   302
15080419   164
15080420   133
15080421   194
15080422   430
15080423   236
15080500   114
15080501   143
15080502   141
15080503    84
15080504    71
15080505    53
15080506    29
15080507    45
15080508    49
15080509    63
15080510    72
15080511   115
15080512   137
15080513   134
15080514   140
15080515   120
15080516    95
15080517    95
15080518    66
15080519    88
15080520   157
15080521   193
15080522   189
15080523   175
15080600   232
15080601   113
15080602    84
15080603    54
15080604    55
15080605   100
15080606   189
15080607   109
15080608   269
15080609   938
15080610   732
15080611   550
15080612   363
15080613   312
15080614   511
15080615   192
15080616   191
15080617   332
15080618   395
15080619   165
15080620   110
15080621   153
15080622   295
15080623   247
15080700   157
15080701   274
15080702   364
15080703   245
15080704   252
15080705   343
15080706   324
15080707   708
15080708   540
15080709   512
15080710   521
15080711   462
15080712   590
15080713   484
15080714  1154
15080715   733
15080716   356
15080717    91
15080718    80
15080719    57
15080720    49
15080721    34
15080722    65
15080723   155
15080800   148
15080801   137
15080802   120
15080803   318
15080804   445
15080805   410
15080806   357
15080807   215
15080808   488
15080809   557
15080810   771
15080811   788
15080812   608
15080813   439
15080814   379
15080815   256
15080816   122
15080817    99
15080818   148
15080819   225
15080820   456
15080821   376
15080822   152
15080823   145
15080900    90
15080901    69
15080902   165
15080903   289
15080904   377
15080905   396
15080906   422
15080907   497
15080908   461
15080909   419
15080910   646
15080911   568
15080912   201
15080913    53
15080914   129
15080915   260
15080916   271
15080917   371
15080918   378
15080919   194
15080920   108
15080921   323
15080922   197
15080923   120
15081000   261
15081001   345
15081002   247
15081003   402
15081004   434
15081005   500
15081006   575
15081007   446
15081008   354
15081009   442
15081010   291
15081011   207
15081012   305
15081013   382
15081014   312
15081015   100
15081016    42
15081017    71
15081018   284
15081019   262
15081020    85
15081021    56
15081022    94
15081023   105
15081100    51
15081101   167
15081102   411
15081103   335
15081104   182
15081105    70
15081106   217
15081107   369
15081108   243
15081109   472
15081110   431
15081111   310
15081112   384
15081113   226
15081114    86
15081115    42
15081116    77
15081117    75
15081118    61
15081119    43
15081120    67
15081121   108
15081122   231
15081123    52
15081200   129
15081201   146
15081202   203
15081203   185
15081204   416
15081205   388
15081206   329
15081207   247
15081208   181
15081209    40
15081210    40
15081211    85
15081212   220
15081213   268
15081214   374
15081215   484
15081216   286
15081217   187
15081218   378
15081219   529
15081220   238
15081221   406
15081222   513
15081223   606
15081300   612
15081301   516
15081302   476
15081303   754
15081304   300
15081305    69
15081306   220
15081307   511
15081308   555
15081309   368
15081310   458
15081311   643
15081312   499
15081313   409
15081314   200
15081315    66
15081316   152
15081317   342
15081318   438
15081319   264
15081320   193
15081321   128
15081322    71
15081323    48
15081400    55
15081401    41
15081402    33
15081403    22
15081404    21
15081405    26
15081406    40
15081407    40
15081408    43
15081409    46
15081410    54
15081411    55
15081412    45
15081413    76
15081414    97
15081415    74
15081416    97
15081417    52
15081418    49
15081419    66
15081420   111
15081421   154
15081422   143
15081423    74
15081500   276
15081501   252
15081502    81
15081503    81
15081504    47
15081505    39
15081506    50
15081507    69
15081508   163
15081509   525
15081510   901
15081511   958
15081512   901
15081513   921
15081514   645
15081515   344
15081516   444
15081517   453
15081518   579
15081519   500
15081520   281
15081521   419
15081522   613
15081523   898
15081600   930
15081601   726
15081602   709
15081603   852
15081604   762
15081605   823
15081606  1104
15081607   935
15081608   998
15081609   275
15081610   124
15081611   104
15081612   206
15081613   292
15081614   490
15081615   259
15081616   354
15081617   766
15081618   508
15081619   508
15081620   448
15081621   513
15081622   310
15081623   497
15081700   428
15081701   146
15081702   304
15081703   571
15081704   681
15081705   813
15081706   746
15081707   992
15081708   582
15081709   856
15081710   628
15081711   652
15081712   789
15081713   275
15081714   591
15081715   726
15081716   614
15081717   198
15081718   247
15081719   403
15081720   330
15081721   213
15081722   258
15081723   136
15081800   328
15081801   339
15081802   151
15081803   174
15081804   300
15081805   272
15081806   372
15081807   379
15081808   240
15081809   269
15081810   209
15081811    64
15081812    67
15081813    59
15081814    67
15081815   144
15081816   321
15081817   247
15081818    73
15081819    51
15081820   109
15081821   136
15081822   158
15081823   236
15081900   715
15081901   533
15081902   483
15081903   686
15081904   696
15081905   647
15081906   734
15081907   603
15081908   511
15081909   562
15081910   471
15081911   261
15081912   526
15081913   718
15081914   638
15081915   525
15081916   358
15081917   291
15081918   157
15081919    61
15081920   217
15081921   328
15081922   275
15081923   253
15082000   410
15082001   358
15082002   194
15082003   425
15082004   357
15082005   228
15082006    94
15082007    85
15082008   196
15082009   401
15082010   274
15082011   330
15082012   717
15082013   204
15082014    72
15082015    74
15082016   151
15082017   293
15082018   145
15082019    84
15082020    99
15082021   160
15082022   356
15082023   179
15082100    36
15082101    43
15082102    83
15082103   149
15082104   171
15082105   129
15082106   105
15082107   275
15082108   135
15082109    65
15082110    52
15082111    63
15082112    66
15082113    89
15082114   115
15082115    87
15082116    55
15082117    48
15082118   109
15082119   169
15082120   105
15082121    90
15082122   109
15082123   143
15082200   207
15082201    83
15082202    43
15082203    73
15082204    60
15082205    80
15082206   311
15082207   261
15082208   309
15082209   403
15082210   469
15082211   453
15082212   313
15082213   264
15082214   411
15082215   511
15082216   424
15082217   128
15082218   161
15082219   285
15082220   131
15082221    57
15082222    76
15082223   187
15082300   212
15082301   147
15082302   443
15082303   349
15082304   322
15082305   399
15082306   281
15082307   929
15082308   789
15082309   483
15082310   518
15082311   605
15082312   370
15082313   559
15082314   779
15082315   240
15082316   108
15082317   146
15082318   224
15082319   394
15082320   228
15082321   150
15082322   183
15082323   150
15082400    98
15082401   339
15082402   157
15082403    44
15082404   272
15082405   310
15082406   358
15082407   441
15082408   383
15082409   388
15082410   231
15082411   124
15082412   204
15082413   217
15082414    82
15082415    41
15082416    41
15082417    61
15082418   137
15082419   156
15082420   114
15082421    93
15082422    67
15082423    45
15082500    44
15082501   129
15082502   286
15082503   427
15082504   333
15082505   297
15082506   264
15082507   352
15082508   312
15082509   327
15082510   140
15082511    89
15082512   173
15082513   218
15082514   177
15082515   252
15082516   377
15082517   472
15082518   469
15082519   557
15082520   362
15082521    69
15082522    70
15082523   341
15082600   460
15082601   345
15082602   391
15082603   553
15082604   538
15082605   566
15082606   524
15082607   662
15082608   740
15082609   677
15082610   438
15082611   479
15082612   510
15082613   886
15082614   781
15082615   898
15082616   868
15082617   855
15082618   808
15082619   826
15082620   853
15082621   917
15082622   616
15082623   784
15082700   641
15082701   555
15082702   769
15082703   973
15082704  1181
15082705   753
15082706   519
15082707   578
15082708   388
15082709   240
15082710   491
15082711   663
15082712   877
15082713   575
15082714   613
15082715   953
15082716  1119
15082717  1007
15082718   937
15082719  1017
15082720   957
15082721   677
15082722   756
15082723  1026
15082800   768
15082801   398
15082802   435
15082803   686
15082804   786
15082805   841
15082806   829
15082807   732
15082808   730
15082809   642
15082810   658
15082811   504
15082812   511
15082813   750
15082814   900
15082815   884
15082816   819
15082817   910
15082818   841
15082819   553
15082820   376
15082821   146
15082822   430
15082823   183
15082900   350
15082901   573
15082902   368
15082903   228
15082904   118
15082905    85
15082906    69
15082907   139
15082908   124
15082909   559
15082910   691
15082911   172
15082912    68
15082913    80
15082914    56
15082915    81
15082916   206
15082917   444
15082918   370
15082919   163
15082920    70
15082921    47
15082922    53
15082923   120
15083000    66
15083001    69
15083002    68
15083003    54
15083004    43
15083005    48
15083006    70
15083007   160
15083008    96
15083009    61
15083010    67
15083011    60
15083012    61
15083013    73
15083014    79
15083015    57
15083016    83
15083017    99
15083018    78
15083019    81
15083020   163
15083021    78
15083022    70
15083023    95
15083100    91
15083101    80
15083102    64
15083103    56
15083104    91
15083105    71
15083106    40
15083107    56
15083108    54
15083109    66
15083110    50
15083111    76
15083112    97
15083113    93
15083114    54
15083115    51
15083116    67
15083117   125
15083118   202
15083119    83
15083120    75
15083121    85
15083122    90
15083123    79

Thu De 1
