15030100   403
15030101   491
15030102   316
15030103   180
15030104   349
15030105   515
15030106   490
15030107   649
15030108   500
15030109   341
15030110   465
15030111   254
15030112    99
15030113    52
15030114    64
15030115    89
15030116   200
15030117   120
15030118   100
15030119   129
15030120   161
15030121   447
15030122   306
15030123   206
15030200   502
15030201   570
15030202   581
15030203   365
15030204   319
15030205   527
15030206   535
15030207   634
15030208   725
15030209   535
15030210   420
15030211   545
15030212   444
15030213   255
15030214   376
15030215   708
15030216   202
15030217    94
15030218   183
15030219   132
15030220   110
15030221   101
15030222    61
15030223   100
15030300   231
15030301   447
15030302   382
15030303   201
15030304   249
15030305   179
15030306   120
15030307   202
15030308   171
15030309   217
15030310   221
15030311   461
15030312   382
15030313   286
15030314    97
15030315   109
15030316   143
15030317   195
15030318   175
15030319   218
15030320   146
15030321   240
15030322   446
15030323   432
15030400   143
15030401    93
15030402    47
15030403    63
15030404   104
15030405    79
15030406   135
15030407   121
15030408    75
15030409   208
15030410   652
15030411   226
15030412   274
15030413   173
15030414    54
15030415    25
15030416    24
15030417    21
15030418    36
15030419    52
15030420    50
15030421    71
15030422   235
15030423   214
15030500    57
15030501    29
15030502    28
15030503    28
15030504    22
15030505    27
15030506    51
15030507    54
15030508    48
15030509    32
15030510   169
15030511   197
15030512   397
15030513   254
15030514   165
15030515   169
15030516   286
15030517   172
15030518    56
15030519    52
15030520    60
15030521    64
15030522    77
15030523    65
15030600    37
15030601    55
15030602    73
15030603    66
15030604    98
15030605   231
15030606   610
15030607   526
15030608   330
15030609   221
15030610   126
15030611    60
15030612    72
15030613   168
15030614   115
15030615    44
15030616    92
15030617   132
15030618    90
15030619    91
15030620   156
15030621   375
15030622    74
15030623    56
15030700    98
15030701   236
15030702   527
15030703   331
15030704   457
15030705   377
15030706   448
15030707   357
15030708   117
15030709   264
15030710   388
15030711   237
15030712   158
15030713   354
15030714   338
15030715   170
15030716   507
15030717   639
15030718   407
15030719   226
15030720   342
15030721   388
15030722   107
15030723   205
15030800   230
15030801   194
15030802    95
15030803    75
15030804   105
15030805   238
15030806   200
15030807   102
15030808   252
15030809   276
15030810   337
15030811   350
15030812   470
15030813   564
15030814   657
15030815   387
15030816   280
15030817   362
15030818   154
15030819    63
15030820    46
15030821    33
15030822    25
15030823    23
15030900    79
15030901   359
15030902   398
15030903   187
15030904    62
15030905    28
15030906    39
15030907    23
15030908    22
15030909    25
15030910    30
15030911    29
15030912    33
15030913    37
15030914    45
15030915    48
15030916    44
15030917    45
15030918    39
15030919    39
15030920    36
15030921    43
15030922    44
15030923    40
15031000    36
15031001    33
15031002    44
15031003    38
15031004    43
15031005   122
15031006   193
15031007    44
15031008    48
15031009   158
15031010   172
15031011   190
15031012    88
15031013    44
15031014    41
15031015    38
15031016    41
15031017    35
15031018    47
15031019    42
15031020    50
15031021    23
15031022    33
15031023    32
15031100    33
15031101    33
15031102    34
15031103    51
15031104    53
15031105   261
15031106   132
15031107    83
15031108   110
15031109   127
15031110    67
15031111    88
15031112   279
15031113   379
15031114   416
15031115   454
15031116   228
15031117   215
15031118   557
15031119   244
15031120    74
15031121    41
15031122    36
15031123    26
15031200    48
15031201    26
15031202    57
15031203   273
15031204   341
15031205   153
15031206   310
15031207   389
15031208   411
15031209   408
15031210   313
15031211   268
15031212   213
15031213   124
15031214    99
15031215   255
15031216   266
15031217    98
15031218    36
15031219    23
15031220    17
15031221    22
15031222    21
15031223    20
15031300    28
15031301    38
15031302    31
15031303    35
15031304    36
15031305    41
15031306    40
15031307    49
15031308    42
15031309    36
15031310    34
15031311    54
15031312   259
15031313   468
15031314   285
15031315    62
15031316    44
15031317    53
15031318    44
15031319    26
15031320    70
15031321    36
15031322    86
15031323    51
15031400    41
15031401    35
15031402    36
15031403    46
15031404   250
15031405   263
15031406   125
15031407    96
15031408    58
15031409    66
15031410    61
15031411    64
15031412    63
15031413   184
15031414   102
15031415    39
15031416    36
15031417    97
15031418    90
15031419    48
15031420    42
15031421    20
15031422    51
15031423   240
15031500   159
15031501   147
15031502   159
15031503   170
15031504   232
15031505   235
15031506   317
15031507   446
15031508   266
15031509   211
15031510   210
15031511   247
15031512   223
15031513   142
15031514    59
15031515    63
15031516   106
15031517   212
15031518   293
15031519    78
15031520    32
15031521    17
15031522    17
15031523    26
15031600    31
15031601    36
15031602    54
15031603   150
15031604   293
15031605   272
15031606   239
15031607   296
15031608   151
15031609   102
15031610    90
15031611    69
15031612    52
15031613    74
15031614    78
15031615    44
15031616    43
15031617    78
15031618    36
15031619    26
15031620    32
15031621    27
15031622    27
15031623    33
15031700    37
15031701    42
15031702    83
15031703    55
15031704    63
15031705    50
15031706   468
15031707   535
15031708   778
15031709   630
15031710   294
15031711   186
15031712   319
15031713  1473
15031714  1570
15031715   731
15031716   898
15031717   855
15031718  1258
15031719   978
15031720  1081
15031721  1186
15031722   457
15031723  1168
15031800   595
15031801   215
15031802   317
15031803   343
15031804   273
15031805   321
15031806   200
15031807   237
15031808   646
15031809   588
15031810   447
15031811   565
15031812   333
15031813   235
15031814   797
15031815  1043
15031816   584
15031817   333
15031818   400
15031819   718
15031820   589
15031821   498
15031822   692
15031823   745
15031900   586
15031901   364
15031902   415
15031903   326
15031904   248
15031905   216
15031906   320
15031907   521
15031908   481
15031909   660
15031910   584
15031911   530
15031912  1134
15031913   600
15031914   535
15031915   245
15031916    61
15031917   142
15031918   162
15031919   175
15031920   273
15031921   380
15031922   444
15031923   441
15032000   508
15032001   518
15032002   261
15032003   241
15032004   108
15032005   175
15032006   611
15032007   242
15032008   188
15032009   546
15032010   481
15032011   229
15032012   159
15032013   166
15032014   267
15032015   167
15032016   329
15032017   399
15032018   239
15032019   450
15032020   244
15032021   188
15032022   719
15032023   642
15032100   561
15032101   452
15032102   241
15032103   246
15032104   222
15032105   246
15032106   184
15032107   298
15032108   478
15032109   455
15032110   426
15032111   273
15032112   146
15032113   218
15032114   189
15032115    86
15032116    77
15032117   105
15032118    84
15032119    72
15032120    68
15032121    94
15032122    55
15032123    47
15032200    35
15032201    33
15032202    36
15032203   159
15032204   199
15032205   352
15032206   514
15032207  1078
15032208   561
15032209   319
15032210   140
15032211   205
15032212   671
15032213   483
15032214   310
15032215    89
15032216    58
15032217    89
15032218    94
15032219    72
15032220    60
15032221    28
15032222    25
15032223    28
15032300    83
15032301   199
15032302   469
15032303   472
15032304   666
15032305   307
15032306    77
15032307   117
15032308   162
15032309   318
15032310   416
15032311   377
15032312   356
15032313   386
15032314   678
15032315   644
15032316   138
15032317    82
15032318    57
15032319    49
15032320   167
15032321   524
15032322   247
15032323   103
15032400    99
15032401   100
15032402    55
15032403    28
15032404    42
15032405    92
15032406   120
15032407    69
15032408    42
15032409    59
15032410    90
15032411   295
15032412   512
15032413   399
15032414   365
15032415   378
15032416   729
15032417   189
15032418   128
15032419    60
15032420    44
15032421    49
15032422    82
15032423   152
15032500    78
15032501   109
15032502   166
15032503    91
15032504   114
15032505   110
15032506   227
15032507   163
15032508    89
15032509    88
15032510   574
15032511   255
15032512   119
15032513    63
15032514    59
15032515   172
15032516   123
15032517   160
15032518   180
15032519   367
15032520   165
15032521    77
15032522   139
15032523    94
15032600   101
15032601   108
15032602    49
15032603    46
15032604    74
15032605   124
15032606   194
15032607   214
15032608   107
15032609    45
15032610    46
15032611    49
15032612    55
15032613    89
15032614    96
15032615   153
15032616   129
15032617   204
15032618   124
15032619   187
15032620   359
15032621   233
15032622   195
15032623   435
15032700   425
15032701   194
15032702   183
15032703   180
15032704   185
15032705   253
15032706   147
15032707    99
15032708   150
15032709   317
15032710   215
15032711   348
15032712   288
15032713   232
15032714   408
15032715   183
15032716    84
15032717    49
15032718    51
15032719    40
15032720    63
15032721   100
15032722   124
15032723    57
15032800    29
15032801    27
15032802    26
15032803    29
15032804    31
15032805   109
15032806   356
15032807   582
15032808   373
15032809   155
15032810    84
15032811    59
15032812    55
15032813    54
15032814    46
15032815    54
15032816    52
15032817    69
15032818    95
15032819    89
15032820   162
15032821   215
15032822   291
15032823   389
15032900   300
15032901   283
15032902   346
15032903   231
15032904   185
15032905   230
15032906   299
15032907   298
15032908   250
15032909   371
15032910   431
15032911   255
15032912   250
15032913   258
15032914   169
15032915   129
15032916   151
15032917   233
15032918   282
15032919   288
15032920   197
15032921   131
15032922   194
15032923   247
15033000   127
15033001    83
15033002    92
15033003   106
15033004    91
15033005    92
15033006    48
15033007    55
15033008    54
15033009    55
15033010    82
15033011    66
15033012    31
15033013    33
15033014    54
15033015    62
15033016    55
15033017    63
15033018    94
15033019   121
15033020    97
15033021   151
15033022   165
15033023    61
15033100    34
15033101    36
15033102    48
15033103    56
15033104    77
15033105    74
15033106    77
15033107    95
15033108    97
15033109   159
15033110   113
15033111   189
15033112   229
15033113   164
15033114    98
15033115    76
15033116    58
15033117   112
15033118   192
15033119   105
15033120    41
15033121    40
15033122    29
15033123    28

Wed Ap 8
