15110100   127
15110101    63
15110102   123
15110103   356
15110104   192
15110105   263
15110106   361
15110107   419
15110108   294
15110109   276
15110110   315
15110111   507
15110112   365
15110113   359
15110114   438
15110115   419
15110116   444
15110117   378
15110118   403
15110119   281
15110120   121
15110121    89
15110122    50
15110123    42
15110200    52
15110201    44
15110202    56
15110203    41
15110204    45
15110205    52
15110206    68
15110207    67
15110208    70
15110209    58
15110210    55
15110211    56
15110212    92
15110213    91
15110214   383
15110215   300
15110216    98
15110217    75
15110218    46
15110219    42
15110220    39
15110221    45
15110222    41
15110223    53
15110300    38
15110301    95
15110302   208
15110303   249
15110304   177
15110305   196
15110306   153
15110307   234
15110308   244
15110309   378
15110310   503
15110311   576
15110312   487
15110313   555
15110314   607
15110315   216
15110316   240
15110317   536
15110318  1022
15110319   835
15110320   675
15110321   416
15110322    99
15110323   165
15110400   438
15110401   771
15110402   542
15110403   713
15110404   460
15110405   517
15110406   770
15110407  1085
15110408   536
15110409   822
15110410   742
15110411   673
15110412   745
15110413  1186
15110414   636
15110415   177
15110416    94
15110417   106
15110418    68
15110419    93
15110420   113
15110421    69
15110422   142
15110423    78
15110500    87
15110501   106
15110502   154
15110503    51
15110504    55
15110505    56
15110506    71
15110507   143
15110508   384
15110509   557
15110510   532
15110511   538
15110512   337
15110513   371
15110514   434
15110515   243
15110516   504
15110517   457
15110518   315
15110519   229
15110520   260
15110521   249
15110522   263
15110523   372
15110600   366
15110601    87
15110602    93
15110603    86
15110604   116
15110605   118
15110606   115
15110607   120
15110608   127
15110609    91
15110610    90
15110611    80
15110612   190
15110613   110
15110614   177
15110615   105
15110616    53
15110617   223
15110618   364
15110619   232
15110620   450
15110621   341
15110622   368
15110623   528
15110700   431
15110701   424
15110702   685
15110703  1090
15110704  1103
15110705   949
15110706   871
15110707   777
15110708   866
15110709   449
15110710   629
15110711   828
15110712   613
15110713   439
15110714   379
15110715   442
15110716   373
15110717   412
15110718   456
15110719   549
15110720   159
15110721    63
15110722    60
15110723    43
15110800    45
15110801    45
15110802    63
15110803    51
15110804    35
15110805    37
15110806    37
15110807    40
15110808    40
15110809    74
15110810   112
15110811   236
15110812   784
15110813   593
15110814   604
15110815   551
15110816   323
15110817   139
15110818   583
15110819  1009
15110820   831
15110821   653
15110822   415
15110823   627
15110900   642
15110901   273
15110902   325
15110903   326
15110904   493
15110905   465
15110906   402
15110907   717
15110908   508
15110909   454
15110910   516
15110911  1005
15110912   661
15110913   735
15110914   827
15110915   839
15110916   609
15110917   447
15110918   342
15110919   712
15110920   337
15110921   419
15110922   761
15110923   406
15111000   678
15111001   459
15111002   382
15111003   583
15111004   424
15111005   372
15111006   591
15111007   863
15111008   801
15111009   432
15111010   475
15111011  1145
15111012  1219
15111013   540
15111014   214
15111015   436
15111016   716
15111017   574
15111018   346
15111019   243
15111020   357
15111021   541
15111022   298
15111023   211
15111100   374
15111101   660
15111102   145
15111103    68
15111104   198
15111105   358
15111106   365
15111107   555
15111108   426
15111109   283
15111110   127
15111111   207
15111112   482
15111113   716
15111114   436
15111115   290
15111116   608
15111117   770
15111118   393
15111119   291
15111120   296
15111121    84
15111122    41
15111123    53
15111200    82
15111201    56
15111202    73
15111203    34
15111204    37
15111205    63
15111206   145
15111207   187
15111208   157
15111209   287
15111210   229
15111211    61
15111212    41
15111213    28
15111214    40
15111215    74
15111216    39
15111217    40
15111218    44
15111219    58
15111220    87
15111221    72
15111222    85
15111223   103
15111300   144
15111301    72
15111302    67
15111303    55
15111304    61
15111305    61
15111306    92
15111307    76
15111308    68
15111309    70
15111310   529
15111311   453
15111312   330
15111313   259
15111314   493
15111315   452
15111316   417
15111317   306
15111318   637
15111319   321
15111320    62
15111321   178
15111322   281
15111323   356
15111400   233
15111401   315
15111402   179
15111403   153
15111404   364
15111405   397
15111406   274
15111407   176
15111408   122
15111409   285
15111410   213
15111411   454
15111412   208
15111413   261
15111414   258
15111415    80
15111416    54
15111417    65
15111418   142
15111419   158
15111420   130
15111421    96
15111422   144
15111423   141
15111500   233
15111501   102
15111502    44
15111503    63
15111504   182
15111505   202
15111506    84
15111507   109
15111508   183
15111509   121
15111510   158
15111511   406
15111512   166
15111513   101
15111514    95
15111515   187
15111516    64
15111517    37
15111518    45
15111519   207
15111520   272
15111521   128
15111522   355
15111523   601
15111600   415
15111601   409
15111602   404
15111603   427
15111604   329
15111605   282
15111606   404
15111607   251
15111608   395
15111609   570
15111610   416
15111611   371
15111612   304
15111613   437
15111614   886
15111615   724
15111616   511
15111617   377
15111618   504
15111619   235
15111620    96
15111621    82
15111622   267
15111623   191
15111700    54
15111701    79
15111702   142
15111703   243
15111704   138
15111705    86
15111706    89
15111707    85
15111708   153
15111709   288
15111710   131
15111711    78
15111712    80
15111713   116
15111714   173
15111715   192
15111716   197
15111717   312
15111718   508
15111719   206
15111720    99
15111721    69
15111722    63
15111723    24
15111800    23
15111801    33
15111802    95
15111803   113
15111804    53
15111805    34
15111806    22
15111807    37
15111808   106
15111809   440
15111810   662
15111811   383
15111812   121
15111813    51
15111814    87
15111815   427
15111816   468
15111817    93
15111818    99
15111819   167
15111820   654
15111821   627
15111822   450
15111823   774
15111900   385
15111901   196
15111902   175
15111903   111
15111904    61
15111905    41
15111906    28
15111907    49
15111908   106
15111909   141
15111910   333
15111911   398
15111912   165
15111913    82
15111914    42
15111915    63
15111916    36
15111917    21
15111918    60
15111919    50
15111920    46
15111921    22
15111922    19
15111923    17
15112000    16
15112001    28
15112002    21
15112003    19
15112004    25
15112005    24
15112006    47
15112007    64
15112008    52
15112009   242
15112010   233
15112011    40
15112012    32
15112013    32
15112014    35
15112015    39
15112016    37
15112017    35
15112018    30
15112019    23
15112020    19
15112021    22
15112022    22
15112023    19
15112100    19
15112101    45
15112102   198
15112103   118
15112104    62
15112105    29
15112106    39
15112107    43
15112108    34
15112109    29
15112110    20
15112111    22
15112112    33
15112113    53
15112114    59
15112115    49
15112116    34
15112117    26
15112118    58
15112119    99
15112120    90
15112121    21
15112122    22
15112123    23
15112200    19
15112201    19
15112202    26
15112203    41
15112204    26
15112205    34
15112206    68
15112207    57
15112208    51
15112209    39
15112210    26
15112211    21
15112212    24
15112213    24
15112214    65
15112215    78
15112216    47
15112217    26
15112218    24
15112219    44
15112220    56
15112221    19
15112222    19
15112223    19
15112300    22
15112301    25
15112302    24
15112303    34
15112304    34
15112305    41
15112306    46
15112307    74
15112308    25
15112309    14
15112310    80
15112311    31
15112312    37
15112313    62
15112314   110
15112315    37
15112316    35
15112317    28
15112318    31
15112319    23
15112320    25
15112321    21
15112322    18
15112323    18
15112400    16
15112401    12
15112402    12
15112403    14
15112404    13
15112405    17
15112406    18
15112407    17
15112408    20
15112409    46
15112410    61
15112411    32
15112412    37
15112413    29
15112414    25
15112415    30
15112416    27
15112417    31
15112418    33
15112419    41
15112420    40
15112421    43
15112422    46
15112423    48
15112500    12
15112501    14
15112502    13
15112503    15
15112504    14
15112505    12
15112506    13
15112507    15
15112508    17
15112509    18
15112510    17
15112511    21
15112512    25
15112513    26
15112514    23
15112515    21
15112516    24
15112517    27
15112518    24
15112519    18
15112520    17
15112521    18
15112522    17
15112523    12
15112600    13
15112601    14
15112602    13
15112603    13
15112604    14
15112605    14
15112606    13
15112607    12
15112608    12
15112609    13
15112610    15
15112611    21
15112612    21
15112613    73
15112614   147
15112615    64
15112616   120
15112617   142
15112618   170
15112619   274
15112620   279
15112621   108
15112622    83
15112623   130
15112700   151
15112701    78
15112702   152
15112703   285
15112704   333
15112705   231
15112706    95
15112707    30
15112708    27
15112709    28
15112710    42
15112711    35
15112712    37
15112713    48
15112714    67
15112715   112
15112716   124
15112717   126
15112718    34
15112719    36
15112720    35
15112721   116
15112722   101
15112723    83
15112800    23
15112801    34
15112802    20
15112803    28
15112804    33
15112805    52
15112806    60
15112807   114
15112808    89
15112809    38
15112810    24
15112811    85
15112812   324
15112813   307
15112814   125
15112815    61
15112816    45
15112817    38
15112818    37
15112819    93
15112820   380
15112821   547
15112822   281
15112823   150
15112900    62
15112901    31
15112902    26
15112903    22
15112904    27
15112905    51
15112906    34
15112907    18
15112908    33
15112909   120
15112910   153
15112911   112
15112912    71
15112913   141
15112914   183
15112915    81
15112916    56
15112917    66
15112918   321
15112919   462
15112920   558
15112921   607
15112922   400
15112923   426
15113000   340
15113001   326
15113002   161
15113003   139
15113004   256
15113005   480
15113006   210
15113007   150
15113008   698
15113009   675
15113010   645
15113011   475
15113012   260
15113013    85
15113014   132
15113015   156
15113016   147
15113017   165
15113018   117
15113019   106
15113020   203
15113021   125
15113022   155
15113023   175

Thu De 1
