15060100   463
15060101   284
15060102    67
15060103   161
15060104   340
15060105   371
15060106   397
15060107   143
15060108    83
15060109   300
15060110   421
15060111   137
15060112    50
15060113    48
15060114    40
15060115    36
15060116    38
15060117    94
15060118   242
15060119   212
15060120   109
15060121    53
15060122    49
15060123    59
15060200    76
15060201    57
15060202    55
15060203    42
15060204    28
15060205    46
15060206    51
15060207    89
15060208    54
15060209    61
15060210    55
15060211    56
15060212    61
15060213    50
15060214    36
15060215    30
15060216    46
15060217    55
15060218    56
15060219    56
15060220    46
15060221    47
15060222    49
15060223    52
15060300    55
15060301    47
15060302    43
15060303    43
15060304    40
15060305    66
15060306    69
15060307    77
15060308    99
15060309    91
15060310   254
15060311   141
15060312    59
15060313    55
15060314    59
15060315    54
15060316    64
15060317    58
15060318    67
15060319    61
15060320    57
15060321    52
15060322    53
15060323    59
15060400    58
15060401    49
15060402    49
15060403    40
15060404    29
15060405    32
15060406    55
15060407    61
15060408    52
15060409    56
15060410    62
15060411    61
15060412    58
15060413    53
15060414    57
15060415   116
15060416   154
15060417   152
15060418    95
15060419    70
15060420    53
15060421    48
15060422    51
15060423    59
15060500    62
15060501    58
15060502    45
15060503    35
15060504    23
15060505    41
15060506    48
15060507    55
15060508    55
15060509    65
15060510    71
15060511    61
15060512    60
15060513    51
15060514    46
15060515    40
15060516    43
15060517    46
15060518    57
15060519    52
15060520    55
15060521    48
15060522    63
15060523    77
15060600    71
15060601    72
15060602    75
15060603    90
15060604    54
15060605   104
15060606    68
15060607    74
15060608    78
15060609    85
15060610   104
15060611   198
15060612   302
15060613   166
15060614    58
15060615    53
15060616    77
15060617    44
15060618    41
15060619    58
15060620    71
15060621    82
15060622    70
15060623    49
15060700    55
15060701    53
15060702    53
15060703    57
15060704   125
15060705   267
15060706   229
15060707   157
15060708   114
15060709    78
15060710    85
15060711    82
15060712    93
15060713    87
15060714    65
15060715    71
15060716    60
15060717    63
15060718    78
15060719   150
15060720   256
15060721   402
15060722   326
15060723   146
15060800   215
15060801   492
15060802   453
15060803   251
15060804   245
15060805   427
15060806   814
15060807   957
15060808   781
15060809   460
15060810   314
15060811   356
15060812   495
15060813   442
15060814   487
15060815   545
15060816   852
15060817   738
15060818   753
15060819   260
15060820   328
15060821   368
15060822   528
15060823   336
15060900   153
15060901   287
15060902   652
15060903   363
15060904   475
15060905   489
15060906   269
15060907   421
15060908   307
15060909   102
15060910    81
15060911   108
15060912    95
15060913   164
15060914   268
15060915   373
15060916   403
15060917   612
15060918   469
15060919   406
15060920   334
15060921   291
15060922   466
15060923   483
15061000   570
15061001   594
15061002   256
15061003   104
15061004    59
15061005   223
15061006   459
15061007   366
15061008   564
15061009   547
15061010   346
15061011   401
15061012   345
15061013   341
15061014   226
15061015   307
15061016   466
15061017   390
15061018   495
15061019   436
15061020   345
15061021   216
15061022   226
15061023   299
15061100   280
15061101   156
15061102   204
15061103   575
15061104   561
15061105   151
15061106   164
15061107   397
15061108   216
15061109    79
15061110    73
15061111   336
15061112   317
15061113   288
15061114   380
15061115   319
15061116   394
15061117   348
15061118   177
15061119   118
15061120    53
15061121    74
15061122   121
15061123   185
15061200   140
15061201   118
15061202   167
15061203   187
15061204   174
15061205   316
15061206   136
15061207   105
15061208    76
15061209    64
15061210    87
15061211   109
15061212    97
15061213   111
15061214   124
15061215   158
15061216   231
15061217   234
15061218   147
15061219    79
15061220    61
15061221    62
15061222    67
15061223    97
15061300   178
15061301   352
15061302   168
15061303   105
15061304   122
15061305   365
15061306   549
15061307   325
15061308   194
15061309   433
15061310   374
15061311   205
15061312   179
15061313   113
15061314   211
15061315   132
15061316   294
15061317   323
15061318   434
15061319   336
15061320   193
15061321    75
15061322    86
15061323   308
15061400   632
15061401   499
15061402   357
15061403   346
15061404   523
15061405   298
15061406   367
15061407   802
15061408   768
15061409   973
15061410   492
15061411   153
15061412    86
15061413    82
15061414    89
15061415    90
15061416   158
15061417   248
15061418   183
15061419   121
15061420   159
15061421   217
15061422   330
15061423   169
15061500    81
15061501    73
15061502   155
15061503   342
15061504   324
15061505   197
15061506   122
15061507   219
15061508   417
15061509   639
15061510   796
15061511   892
15061512   729
15061513   719
15061514   770
15061515   775
15061516   540
15061517   337
15061518   276
15061519   210
15061520   214
15061521   154
15061522   207
15061523   252
15061600   482
15061601   512
15061602   272
15061603   198
15061604   314
15061605   546
15061606   403
15061607   381
15061608   525
15061609   392
15061610   229
15061611   138
15061612   187
15061613   129
15061614   154
15061615   153
15061616   262
15061617   234
15061618   270
15061619    73
15061620    50
15061621    47
15061622    47
15061623   163
15061700    75
15061701   185
15061702   599
15061703   702
15061704   657
15061705   526
15061706   615
15061707   809
15061708   800
15061709   777
15061710   882
15061711   673
15061712   588
15061713   528
15061714   576
15061715   665
15061716   195
15061717    92
15061718    75
15061719    67
15061720    63
15061721    59
15061722    41
15061723    54
15061800   121
15061801   260
15061802   409
15061803   331
15061804   317
15061805   189
15061806   115
15061807   155
15061808   104
15061809    76
15061810    78
15061811   245
15061812   293
15061813   281
15061814   309
15061815   203
15061816   360
15061817   172
15061818    84
15061819    63
15061820    54
15061821    56
15061822    46
15061823    83
15061900   198
15061901   370
15061902   196
15061903   184
15061904   242
15061905   236
15061906   130
15061907    61
15061908    92
15061909   165
15061910   146
15061911   185
15061912    99
15061913    81
15061914    73
15061915    44
15061916    36
15061917    35
15061918    67
15061919    49
15061920    58
15061921    56
15061922    46
15061923    48
15062000    58
15062001    57
15062002    44
15062003    47
15062004    36
15062005    40
15062006    42
15062007    44
15062008    41
15062009    53
15062010    55
15062011    59
15062012    61
15062013    75
15062014    58
15062015    48
15062016    41
15062017    34
15062018    49
15062019    62
15062020    61
15062021    65
15062022    54
15062023    48
15062100    53
15062101    56
15062102    54
15062103    53
15062104    41
15062105    40
15062106    44
15062107    61
15062108    58
15062109    67
15062110    70
15062111    62
15062112    75
15062113    76
15062114    69
15062115    62
15062116    66
15062117   115
15062118   130
15062119   105
15062120   106
15062121   133
15062122    83
15062123    58
15062200    78
15062201    54
15062202    55
15062203    68
15062204    81
15062205   225
15062206   392
15062207   846
15062208   507
15062209   477
15062210   303
15062211   191
15062212   163
15062213   235
15062214   656
15062215  1027
15062216  1237
15062217   748
15062218  1636
15062219  1170
15062220  1431
15062221  1046
15062222   473
15062223   347
15062300   246
15062301   833
15062302   893
15062303   937
15062304  1011
15062305   819
15062306   677
15062307   506
15062308   639
15062309   833
15062310   820
15062311  1012
15062312  1346
15062313   600
15062314   200
15062315   145
15062316   155
15062317   111
15062318    97
15062319   130
15062320   302
15062321   499
15062322   327
15062323   183
15062400   609
15062401   436
15062402   439
15062403   556
15062404   498
15062405   385
15062406   412
15062407   694
15062408   507
15062409   787
15062410   563
15062411   408
15062412   359
15062413   324
15062414   310
15062415   198
15062416   183
15062417   156
15062418   129
15062419    67
15062420    52
15062421    67
15062422    72
15062423    73
15062500   130
15062501   157
15062502   125
15062503    88
15062504    99
15062505   145
15062506   210
15062507   804
15062508   812
15062509   612
15062510   689
15062511   856
15062512   894
15062513   967
15062514   816
15062515   503
15062516   406
15062517   410
15062518   562
15062519   630
15062520   321
15062521   175
15062522   212
15062523   323
15062600   367
15062601   416
15062602   454
15062603   406
15062604   275
15062605   150
15062606   156
15062607   112
15062608   300
15062609   527
15062610   168
15062611    86
15062612    60
15062613    47
15062614    64
15062615    92
15062616   148
15062617    80
15062618    61
15062619    54
15062620    77
15062621   108
15062622   197
15062623   130
15062700   228
15062701   310
15062702    95
15062703    63
15062704    77
15062705    36
15062706    75
15062707   306
15062708   348
15062709   283
15062710   204
15062711   144
15062712   106
15062713    72
15062714    68
15062715    38
15062716    47
15062717    51
15062718   117
15062719    63
15062720    64
15062721    76
15062722   160
15062723   434
15062800   556
15062801   344
15062802   307
15062803   277
15062804   340
15062805   718
15062806   615
15062807   239
15062808   346
15062809   415
15062810   363
15062811   317
15062812   236
15062813   264
15062814   526
15062815   207
15062816   149
15062817   119
15062818   326
15062819   380
15062820   242
15062821   107
15062822    76
15062823    52
15062900    61
15062901    59
15062902    58
15062903    34
15062904    69
15062905   184
15062906   157
15062907   122
15062908   298
15062909   173
15062910   100
15062911   100
15062912   114
15062913   163
15062914   183
15062915   120
15062916    35
15062917    34
15062918    47
15062919    39
15062920    34
15062921    74
15062922    42
15062923    42
15063000    48
15063001    80
15063002    48
15063003    31
15063004    34
15063005   158
15063006   212
15063007   128
15063008    88
15063009    75
15063010    56
15063011    58
15063012    63
15063013    74
15063014    53
15063015    58
15063016   156
15063017   231
15063018   250
15063019   129
15063020    99
15063021   126
15063022   137
15063023   101

Fri Se 4
