16030100   196
16030101   291
16030102    64
16030103    25
16030104    44
16030105    46
16030106   165
16030107   169
16030108    38
16030109    30
16030110    66
16030111   251
16030112   136
16030113    35
16030114    44
16030115    64
16030116   188
16030117   124
16030118    60
16030119    52
16030120    30
16030121    28
16030122    99
16030123   278
16030200   163
16030201    51
16030202    36
16030203    23
16030204    20
16030205    27
16030206    55
16030207    46
16030208    43
16030209    18
16030210    33
16030211   165
16030212   123
16030213    43
16030214   108
16030215   245
16030216    93
16030217   284
16030218   101
16030219    42
16030220    33
16030221    23
16030222    20
16030223    19
16030300    32
16030301    56
16030302    34
16030303    62
16030304   177
16030305   180
16030306   111
16030307   152
16030308   213
16030309   410
16030310   293
16030311    42
16030312    33
16030313   115
16030314   170
16030315   129
16030316    57
16030317    46
16030318    47
16030319    28
16030320    21
16030321    34
16030322    35
16030323    64
16030400   160
16030401   184
16030402   122
16030403    46
16030404    30
16030405    19
16030406    23
16030407    18
16030408    27
16030409    51
16030410   103
16030411    72
16030412    59
16030413    31
16030414    32
16030415    57
16030416    88
16030417    92
16030418    45
16030419    29
16030420    22
16030421    19
16030422    23
16030423    22
16030500    25
16030501    25
16030502    24
16030503    24
16030504    23
16030505    20
16030506    25
16030507    99
16030508   154
16030509    99
16030510   148
16030511   275
16030512   337
16030513    81
16030514    59
16030515    44
16030516    51
16030517    56
16030518    47
16030519    33
16030520    24
16030521    19
16030522    18
16030523    25
16030600    30
16030601    26
16030602    24
16030603    22
16030604    22
16030605    21
16030606    16
16030607    20
16030608    20
16030609    23
16030610    25
16030611    32
16030612    43
16030613   144
16030614   216
16030615   214
16030616   800
16030617  1177
16030618   963
16030619   823
16030620   525
16030621   477
16030622   770
16030623   517
16030700   283
16030701   181
16030702   155
16030703   492
16030704   328
16030705   121
16030706   177
16030707   254
16030708   409
16030709   389
16030710   348
16030711   243
16030712   229
16030713   340
16030714   355
16030715   485
16030716   497
16030717   426
16030718   353
16030719   622
16030720   645
16030721   556
16030722   736
16030723   409
16030800   404
16030801   339
16030802   167
16030803   110
16030804    57
16030805    95
16030806    93
16030807   131
16030808   133
16030809   242
16030810   251
16030811   244
16030812   238
16030813   349
16030814   542
16030815   338
16030816   240
16030817   226
16030818   289
16030819   147
16030820   112
16030821    53
16030822    47
16030823    41
16030900    69
16030901   144
16030902   115
16030903    90
16030904   106
16030905    73
16030906    59
16030907    72
16030908   160
16030909   181
16030910   197
16030911   199
16030912   226
16030913   309
16030914   326
16030915   308
16030916    55
16030917    47
16030918    40
16030919   127
16030920   302
16030921   232
16030922   219
16030923   267
16031000   226
16031001    60
16031002    76
16031003    84
16031004   153
16031005   200
16031006   199
16031007   201
16031008   261
16031009   355
16031010   494
16031011   470
16031012   300
16031013   174
16031014   133
16031015   202
16031016   173
16031017   174
16031018   280
16031019   295
16031020   246
16031021   191
16031022   303
16031023   352
16031100   254
16031101   193
16031102   196
16031103   111
16031104   136
16031105   243
16031106   201
16031107   301
16031108   349
16031109   273
16031110   362
16031111   230
16031112   163
16031113   275
16031114   707
16031115   154
16031116    64
16031117    53
16031118    71
16031119    88
16031120   269
16031121   258
16031122    79
16031123    72
16031200   278
16031201   160
16031202    71
16031203    76
16031204   318
16031205   257
16031206    84
16031207    46
16031208   199
16031209   240
16031210    72
16031211    77
16031212    42
16031213    41
16031214    49
16031215    84
16031216   289
16031217   651
16031218   619
16031219   289
16031220    90
16031221    80
16031222   100
16031223    47
16031300    30
16031301    26
16031302    25
16031303    30
16031304    38
16031305    64
16031306    55
16031307    50
16031308    38
16031309    30
16031310    24
16031311    28
16031312    43
16031313    32
16031314    32
16031315    35
16031316    38
16031317    37
16031318    38
16031319    31
16031320    29
16031321    32
16031322    31
16031323    30
16031400    33
16031401    50
16031402    46
16031403    53
16031404    85
16031405   175
16031406   230
16031407   192
16031408   266
16031409   269
16031410   114
16031411    84
16031412   102
16031413    65
16031414    77
16031415    50
16031416    39
16031417    68
16031418    54
16031419   142
16031420   338
16031421   649
16031422   720
16031423   400
16031500   314
16031501   457
16031502   304
16031503   583
16031504   432
16031505   598
16031506   763
16031507   620
16031508   561
16031509   498
16031510   150
16031511   106
16031512   207
16031513   102
16031514    81
16031515    77
16031516   217
16031517   457
16031518   479
16031519   624
16031520   888
16031521   544
16031522   438
16031523   529
16031600   739
16031601   436
16031602   215
16031603    62
16031604    96
16031605   291
16031606   418
16031607   386
16031608   225
16031609   295
16031610   493
16031611   484
16031612   462
16031613   427
16031614   191
16031615    75
16031616    69
16031617    52
16031618   285
16031619   572
16031620   763
16031621   707
16031622   632
16031623   518
16031700   382
16031701   530
16031702   752
16031703   700
16031704   402
16031705   660
16031706   325
16031707   149
16031708   133
16031709   666
16031710   638
16031711   590
16031712   362
16031713   143
16031714    89
16031715   110
16031716   344
16031717   472
16031718   343
16031719    82
16031720   263
16031721   303
16031722    64
16031723    52
16031800    35
16031801    48
16031802    77
16031803    44
16031804    29
16031805    90
16031806   333
16031807   396
16031808   294
16031809   143
16031810   150
16031811   427
16031812   575
16031813   587
16031814   339
16031815   104
16031816   338
16031817   330
16031818   273
16031819   395
16031820   421
16031821   237
16031822   432
16031823   456
16031900   320
16031901   168
16031902    92
16031903    98
16031904   157
16031905   363
16031906   393
16031907   604
16031908   625
16031909   799
16031910   530
16031911   197
16031912    89
16031913   229
16031914   421
16031915   188
16031916   326
16031917   750
16031918   333
16031919   272
16031920   240
16031921    77
16031922    49
16031923    41
16032000    40
16032001    51
16032002    98
16032003   164
16032004    70
16032005    77
16032006   143
16032007    60
16032008    51
16032009    32
16032010    55
16032011   238
16032012   232
16032013   198
16032014   139
16032015   348
16032016   740
16032017  1029
16032018   738
16032019   723
16032020   645
16032021   463
16032022   360
16032023   154
16032100   107
16032101    98
16032102    49
16032103    46
16032104    23
16032105    32
16032106    68
16032107    40
16032108   129
16032109   282
16032110   120
16032111   100
16032112    95
16032113   132
16032114    93
16032115    84
16032116   135
16032117    80
16032118   133
16032119    72
16032120    47
16032121    54
16032122   159
16032123    95
16032200    33
16032201    42
16032202    72
16032203    52
16032204    43
16032205    39
16032206    34
16032207    55
16032208   178
16032209   314
16032210   116
16032211   212
16032212   103
16032213    71
16032214    43
16032215    35
16032216    30
16032217    36
16032218    27
16032219    26
16032220    41
16032221    66
16032222    39
16032223    25
16032300    26
16032301    35
16032302    46
16032303    69
16032304   161
16032305   372
16032306   474
16032307   310
16032308   210
16032309   181
16032310   116
16032311   209
16032312    64
16032313    84
16032314    62
16032315    45
16032316    40
16032317    33
16032318    41
16032319    95
16032320   228
16032321   104
16032322    71
16032323   267
16032400   228
16032401   172
16032402   206
16032403    98
16032404    36
16032405    34
16032406   158
16032407   248
16032408   140
16032409    50
16032410    52
16032411    68
16032412    81
16032413    58
16032414    64
16032415    47
16032416    69
16032417    46
16032418    74
16032419    32
16032420    62
16032421    39
16032422    47
16032423   100
16032500   298
16032501   451
16032502   253
16032503   101
16032504    86
16032505    60
16032506    45
16032507    49
16032508    69
16032509   107
16032510    88
16032511   115
16032512   175
16032513    63
16032514    68
16032515   129
16032516    40
16032517    32
16032518    34
16032519    40
16032520    70
16032521    25
16032522    25
16032523    24
16032600    21
16032601    21
16032602    26
16032603    29
16032604    36
16032605    31
16032606    61
16032607    62
16032608    39
16032609    37
16032610    37
16032611    38
16032612    90
16032613    50
16032614    38
16032615    51
16032616    42
16032617    42
16032618    33
16032619    27
16032620    31
16032621    36
16032622    40
16032623    36
16032700    33
16032701   106
16032702   223
16032703    61
16032704    45
16032705    83
16032706    90
16032707    49
16032708   175
16032709   312
16032710   129
16032711    60
16032712   186
16032713   211
16032714   170
16032715   169
16032716   266
16032717   459
16032718   445
16032719    70
16032720    37
16032721    40
16032722   129
16032723    79
16032800    30
16032801    39
16032802    47
16032803   326
16032804   472
16032805   351
16032806   112
16032807    50
16032808    36
16032809    30
16032810    28
16032811    79
16032812    43
16032813    55
16032814    44
16032815    48
16032816    39
16032817    43
16032818    83
16032819   269
16032820   247
16032821   153
16032822   121
16032823   133
16032900   158
16032901   487
16032902   485
16032903   281
16032904   276
16032905   250
16032906   329
16032907   208
16032908   116
16032909   186
16032910   566
16032911   571
16032912   480
16032913   155
16032914    73
16032915    93
16032916   221
16032917   411
16032918    67
16032919    43
16032920    49
16032921    72
16032922   135
16032923   139
16033000   162
16033001   312
16033002   286
16033003    70
16033004    40
16033005    33
16033006    55
16033007   113
16033008   173
16033009   163
16033010   211
16033011   381
16033012   518
16033013   265
16033014   116
16033015   281
16033016   333
16033017   258
16033018   213
16033019   317
16033020   235
16033021    71
16033022    54
16033023   125
16033100   236
16033101   194
16033102   224
16033103   265
16033104    90
16033105    25
16033106    82
16033107   192
16033108   112
16033109    60
16033110    92
16033111   125
16033112   179
16033113    51
16033114    45
16033115    55
16033116    53
16033117    93
16033118    37
16033119    38
16033120    21
16033121    41
16033122    35
16033123    33

Wed Ju 6
