16100100   333
16100101   181
16100102    41
16100103   201
16100104   475
16100105   291
16100106   286
16100107   218
16100108   191
16100109   191
16100110   336
16100111   354
16100112   239
16100113   262
16100114   261
16100115    97
16100116   185
16100117   587
16100118  1000
16100119   509
16100120    77
16100121    48
16100122   205
16100123   370
16100200   349
16100201   227
16100202   247
16100203   302
16100204   259
16100205   252
16100206   210
16100207   282
16100208   319
16100209   575
16100210   609
16100211   419
16100212   747
16100213   857
16100214   202
16100215   134
16100216   126
16100217   232
16100218   106
16100219   419
16100220   735
16100221   352
16100222   159
16100223   156
16100300   109
16100301    50
16100302    97
16100303    66
16100304   143
16100305   478
16100306   448
16100307   188
16100308    89
16100309    94
16100310    62
16100311    67
16100312   103
16100313   218
16100314   184
16100315   143
16100316   378
16100317   255
16100318   376
16100319   451
16100320   140
16100321   263
16100322   325
16100323   257
16100400   582
16100401   732
16100402   682
16100403   511
16100404   469
16100405   501
16100406   178
16100407   216
16100408   628
16100409   746
16100410   488
16100411   563
16100412   546
16100413   468
16100414   111
16100415    37
16100416   155
16100417   105
16100418   229
16100419   389
16100420   150
16100421   189
16100422   253
16100423   390
16100500   290
16100501   270
16100502   366
16100503   387
16100504   290
16100505   270
16100506   178
16100507   377
16100508   187
16100509   328
16100510   218
16100511   164
16100512   196
16100513   334
16100514   157
16100515   181
16100516   160
16100517    70
16100518    42
16100519    56
16100520    49
16100521    88
16100522   135
16100523   122
16100600   116
16100601   198
16100602    95
16100603    29
16100604    33
16100605   123
16100606   151
16100607   107
16100608    47
16100609    33
16100610    40
16100611    41
16100612    35
16100613    33
16100614    42
16100615    84
16100616   377
16100617   498
16100618   253
16100619    86
16100620    73
16100621    88
16100622    80
16100623    65
16100700   143
16100701   243
16100702   203
16100703    95
16100704    63
16100705    64
16100706   106
16100707   100
16100708    84
16100709    58
16100710    55
16100711    41
16100712    37
16100713    34
16100714    87
16100715   315
16100716   305
16100717   227
16100718   308
16100719   150
16100720    77
16100721    56
16100722    55
16100723    48
16100800    79
16100801   171
16100802   113
16100803   127
16100804   263
16100805   328
16100806   274
16100807   252
16100808   120
16100809   256
16100810   358
16100811   281
16100812   220
16100813   136
16100814    90
16100815    78
16100816   106
16100817   176
16100818   191
16100819    94
16100820    50
16100821   168
16100822   123
16100823   121
16100900   168
16100901    77
16100902    58
16100903    61
16100904    79
16100905   114
16100906   263
16100907   233
16100908   192
16100909   281
16100910   374
16100911   288
16100912   228
16100913   220
16100914   304
16100915   113
16100916   109
16100917    52
16100918    71
16100919   202
16100920    57
16100921    35
16100922    72
16100923    66
16101000   109
16101001   254
16101002   158
16101003   194
16101004   229
16101005   217
16101006   305
16101007   279
16101008   251
16101009    63
16101010    65
16101011   195
16101012   318
16101013   297
16101014   166
16101015   240
16101016   474
16101017   360
16101018   391
16101019   433
16101020   153
16101021    66
16101022    34
16101023    26
16101100    18
16101101    21
16101102    22
16101103    25
16101104    30
16101105    35
16101106    36
16101107    42
16101108    78
16101109    81
16101110    62
16101111    67
16101112    55
16101113    39
16101114    37
16101115    32
16101116    32
16101117    24
16101118    20
16101119    25
16101120    26
16101121    22
16101122    25
16101123    51
16101200    29
16101201    37
16101202    32
16101203    36
16101204    42
16101205    47
16101206    70
16101207    55
16101208    41
16101209    40
16101210    34
16101211    55
16101212    70
16101213    31
16101214    30
16101215    36
16101216    68
16101217    74
16101218    47
16101219    41
16101220    69
16101221    67
16101222    93
16101223    87
16101300    48
16101301    37
16101302    68
16101303   104
16101304   142
16101305   265
16101306   312
16101307   784
16101308   715
16101309   570
16101310   422
16101311   622
16101312   813
16101313   852
16101314   888
16101315  1200
16101316  1067
16101317  1033
16101318   870
16101319   939
16101320   809
16101321   756
16101322   635
16101323   681
16101400   585
16101401   865
16101402   796
16101403   640
16101404   496
16101405   554
16101406   688
16101407   786
16101408   675
16101409   410
16101410   442
16101411   332
16101412   225
16101413   248
16101414   186
16101415   205
16101416   190
16101417   132
16101418    32
16101419    22
16101420    46
16101421    50
16101422    25
16101423    31
16101500    35
16101501    70
16101502   178
16101503   136
16101504    68
16101505    62
16101506    45
16101507    53
16101508   182
16101509   170
16101510   235
16101511   326
16101512   254
16101513   173
16101514   136
16101515   108
16101516   240
16101517   289
16101518    85
16101519   152
16101520   212
16101521    83
16101522   262
16101523   333
16101600   239
16101601   109
16101602    83
16101603    35
16101604    24
16101605    34
16101606   110
16101607    77
16101608   362
16101609   486
16101610   209
16101611   116
16101612   216
16101613   333
16101614   162
16101615   290
16101616    80
16101617   198
16101618   770
16101619   540
16101620   314
16101621   541
16101622   262
16101623   163
16101700   287
16101701   296
16101702   228
16101703   187
16101704   302
16101705   281
16101706   389
16101707   420
16101708   693
16101709   338
16101710   634
16101711   445
16101712   202
16101713   153
16101714   158
16101715   224
16101716   456
16101717   353
16101718   387
16101719   477
16101720   447
16101721   351
16101722   319
16101723   289
16101800   202
16101801   207
16101802   332
16101803   367
16101804   310
16101805   238
16101806   303
16101807   506
16101808   318
16101809   375
16101810   310
16101811   124
16101812    67
16101813    93
16101814   135
16101815   135
16101816    86
16101817    52
16101818    31
16101819    46
16101820    51
16101821   167
16101822   181
16101823   186
16101900   132
16101901    54
16101902    74
16101903    73
16101904    89
16101905    62
16101906    66
16101907   134
16101908   126
16101909   104
16101910   140
16101911   148
16101912    77
16101913    34
16101914    47
16101915    78
16101916   123
16101917    92
16101918    43
16101919    40
16101920    95
16101921    48
16101922    36
16101923    28
16102000    28
16102001    34
16102002    43
16102003    36
16102004    22
16102005    15
16102006    15
16102007    18
16102008    28
16102009    29
16102010    28
16102011    32
16102012    37
16102013    44
16102014    48
16102015    41
16102016    42
16102017    33
16102018    26
16102019    46
16102020    65
16102021    27
16102022    30
16102023    28
16102100    24
16102101    25
16102102    25
16102103    25
16102104    44
16102105    33
16102106    29
16102107    24
16102108    26
16102109    38
16102110    34
16102111    34
16102112    38
16102113    42
16102114    47
16102115    41
16102116    36
16102117    29
16102118    25
16102119    27
16102120    27
16102121    26
16102122    23
16102123    24
16102200    28
16102201    33
16102202    27
16102203    26
16102204    21
16102205    21
16102206    26
16102207    38
16102208    50
16102209   182
16102210   153
16102211    54
16102212    29
16102213    56
16102214    75
16102215   310
16102216    82
16102217    40
16102218    29
16102219   101
16102220    78
16102221   194
16102222   113
16102223    44
16102300    23
16102301    29
16102302    28
16102303    27
16102304    31
16102305    54
16102306   132
16102307   382
16102308   285
16102309   149
16102310    82
16102311    95
16102312   205
16102313   227
16102314   165
16102315   220
16102316   142
16102317   259
16102318   328
16102319   198
16102320    99
16102321   159
16102322   416
16102323   365
16102400   328
16102401   359
16102402   506
16102403   456
16102404   432
16102405   379
16102406   478
16102407   664
16102408   518
16102409   622
16102410   401
16102411   338
16102412   501
16102413   792
16102414   304
16102415   560
16102416   653
16102417   377
16102418    83
16102419    84
16102420   166
16102421   281
16102422   331
16102423   571
16102500   543
16102501   507
16102502   809
16102503   459
16102504   368
16102505   438
16102506   433
16102507   433
16102508   584
16102509   684
16102510   670
16102511   516
16102512   721
16102513  1110
16102514   866
16102515   326
16102516   521
16102517  1681
16102518   881
16102519   634
16102520   429
16102521   693
16102522  1064
16102523   556
16102600   304
16102601   288
16102602   668
16102603   549
16102604   521
16102605   516
16102606   677
16102607   531
16102608   519
16102609   593
16102610  1100
16102611   446
16102612   193
16102613   460
16102614  1176
16102615  1177
16102616  1079
16102617  1009
16102618   520
16102619   635
16102620   470
16102621   479
16102622   289
16102623   543
16102700   465
16102701   431
16102702   544
16102703   653
16102704   514
16102705   460
16102706   613
16102707   435
16102708   396
16102709   745
16102710   498
16102711   529
16102712   576
16102713   579
16102714   452
16102715   772
16102716   704
16102717   834
16102718   368
16102719   300
16102720   426
16102721   528
16102722   469
16102723   320
16102800   269
16102801   284
16102802   242
16102803   253
16102804   255
16102805   170
16102806   205
16102807   516
16102808   501
16102809   395
16102810   556
16102811   367
16102812   371
16102813   423
16102814   490
16102815   338
16102816   387
16102817   222
16102818   108
16102819   239
16102820   467
16102821   600
16102822   514
16102823   573
16102900   684
16102901   754
16102902  1023
16102903   644
16102904   631
16102905   892
16102906   818
16102907   488
16102908   580
16102909   567
16102910   602
16102911   326
16102912   325
16102913   677
16102914   663
16102915   209
16102916   349
16102917   410
16102918   515
16102919   372
16102920   270
16102921   189
16102922   164
16102923   208
16103000   191
16103001   395
16103002   541
16103003   498
16103004   510
16103005   347
16103006   177
16103007   429
16103008   559
16103009   409
16103010   601
16103011   657
16103012  1005
16103013   960
16103014   621
16103015   191
16103016   210
16103017   375
16103018   298
16103019   205
16103020   355
16103021   250
16103022   213
16103023   184
16103100   197
16103101   256
16103102   207
16103103   215
16103104   220
16103105   297
16103106   189
16103107   156
16103108   323
16103109   382
16103110   301
16103111   295
16103112   313
16103113   198
16103114   208
16103115   268
16103116   253
16103117   159
16103118   115
16103119   124
16103120    67
16103121    62
16103122    52
16103123   118

Tue Ja 3
