16020100   404
16020101   402
16020102   388
16020103   294
16020104   473
16020105   310
16020106   452
16020107   461
16020108   508
16020109   407
16020110    87
16020111    56
16020112    39
16020113    62
16020114    75
16020115    71
16020116    81
16020117    51
16020118    22
16020119    17
16020120    17
16020121    20
16020122    16
16020123    14
16020200    17
16020201    21
16020202    28
16020203    35
16020204    44
16020205    57
16020206   148
16020207    95
16020208    44
16020209    39
16020210    33
16020211    42
16020212    36
16020213    62
16020214   119
16020215   256
16020216   195
16020217   224
16020218   282
16020219   138
16020220   100
16020221   314
16020222   195
16020223   291
16020300   567
16020301   584
16020302   663
16020303   584
16020304   538
16020305   308
16020306   136
16020307   242
16020308   218
16020309   165
16020310    49
16020311    26
16020312    34
16020313    36
16020314    41
16020315    38
16020316    32
16020317    37
16020318    44
16020319    31
16020320    24
16020321    20
16020322    21
16020323    20
16020400    15
16020401    16
16020402    16
16020403    12
16020404    13
16020405    14
16020406    19
16020407    80
16020408   136
16020409    65
16020410    69
16020411   134
16020412   435
16020413   245
16020414    53
16020415   104
16020416   166
16020417    53
16020418    44
16020419   142
16020420    60
16020421    32
16020422    18
16020423    18
16020500    84
16020501   228
16020502   138
16020503   129
16020504   134
16020505   467
16020506   195
16020507    61
16020508    82
16020509   291
16020510   358
16020511   163
16020512    74
16020513   116
16020514   272
16020515   149
16020516   241
16020517   224
16020518   273
16020519   259
16020520   157
16020521   125
16020522   165
16020523    84
16020600    47
16020601    55
16020602    82
16020603   121
16020604    98
16020605    81
16020606    92
16020607    92
16020608   107
16020609   101
16020610   268
16020611   203
16020612   119
16020613    60
16020614    45
16020615   110
16020616   125
16020617   185
16020618   176
16020619   167
16020620   152
16020621   203
16020622   199
16020623   193
16020700   206
16020701    57
16020702    36
16020703    33
16020704    22
16020705    20
16020706    37
16020707    40
16020708    37
16020709    37
16020710    82
16020711   297
16020712   469
16020713   396
16020714   263
16020715   274
16020716   669
16020717   629
16020718   456
16020719   558
16020720   426
16020721   401
16020722   423
16020723   428
16020800   429
16020801   612
16020802   631
16020803   335
16020804   249
16020805   373
16020806   749
16020807   559
16020808   204
16020809   105
16020810   157
16020811   206
16020812    68
16020813    62
16020814   100
16020815    78
16020816    38
16020817    36
16020818    33
16020819    24
16020820    51
16020821    45
16020822    26
16020823    20
16020900    49
16020901    67
16020902    65
16020903    31
16020904    33
16020905    34
16020906    46
16020907    44
16020908    57
16020909   268
16020910   286
16020911   562
16020912   329
16020913   155
16020914   257
16020915   125
16020916    56
16020917    53
16020918    80
16020919   123
16020920   103
16020921   173
16020922   357
16020923   186
16021000    97
16021001   122
16021002   175
16021003   126
16021004   122
16021005   125
16021006    86
16021007   193
16021008   150
16021009    69
16021010   106
16021011   161
16021012    98
16021013    59
16021014    76
16021015    60
16021016    50
16021017    75
16021018   136
16021019   100
16021020    88
16021021   130
16021022   114
16021023   115
16021100   148
16021101   121
16021102   144
16021103   233
16021104   289
16021105   313
16021106   222
16021107   300
16021108   374
16021109   278
16021110   412
16021111   358
16021112   260
16021113   380
16021114   240
16021115   280
16021116   279
16021117   146
16021118    62
16021119    69
16021120    94
16021121   289
16021122   529
16021123   611
16021200   527
16021201   290
16021202   400
16021203   200
16021204   117
16021205   117
16021206    56
16021207    44
16021208    62
16021209   247
16021210   344
16021211   405
16021212   266
16021213   201
16021214   142
16021215    60
16021216    57
16021217   144
16021218   173
16021219   139
16021220    82
16021221    50
16021222    50
16021223    46
16021300    40
16021301    27
16021302    28
16021303    34
16021304    44
16021305    39
16021306   280
16021307   153
16021308    38
16021309    52
16021310   120
16021311   231
16021312    97
16021313    54
16021314    39
16021315    35
16021316    35
16021317    27
16021318    24
16021319    21
16021320    23
16021321    27
16021322    40
16021323    27
16021400    19
16021401    35
16021402   140
16021403    46
16021404    47
16021405   177
16021406   199
16021407   224
16021408   291
16021409   397
16021410   247
16021411   134
16021412    99
16021413   220
16021414   185
16021415   296
16021416   469
16021417   602
16021418   110
16021419    75
16021420    77
16021421    88
16021422    49
16021423    73
16021500   105
16021501    99
16021502   132
16021503    70
16021504   100
16021505   196
16021506   271
16021507   229
16021508    91
16021509    94
16021510   127
16021511   208
16021512   167
16021513   134
16021514   163
16021515    88
16021516    57
16021517    41
16021518    24
16021519    60
16021520   148
16021521   167
16021522   541
16021523   639
16021600   449
16021601   539
16021602   341
16021603   208
16021604   220
16021605   179
16021606   246
16021607   258
16021608   395
16021609   745
16021610   420
16021611   322
16021612   821
16021613   484
16021614   678
16021615   665
16021616   721
16021617   975
16021618   913
16021619   660
16021620   695
16021621   410
16021622   379
16021623   493
16021700   302
16021701   466
16021702   384
16021703   200
16021704    82
16021705   179
16021706   365
16021707   731
16021708   470
16021709   141
16021710   402
16021711   315
16021712   482
16021713   668
16021714   850
16021715   344
16021716   288
16021717   184
16021718   557
16021719   706
16021720   908
16021721   768
16021722   636
16021723   888
16021800   375
16021801   126
16021802   425
16021803   754
16021804   323
16021805   385
16021806   446
16021807   281
16021808   568
16021809   686
16021810   389
16021811   157
16021812   310
16021813   330
16021814   171
16021815   293
16021816   443
16021817   206
16021818   799
16021819   387
16021820   364
16021821   142
16021822   381
16021823   524
16021900   319
16021901   211
16021902   232
16021903   299
16021904   200
16021905   183
16021906   146
16021907   277
16021908   232
16021909   258
16021910   200
16021911   590
16021912   251
16021913   268
16021914   308
16021915   520
16021916   612
16021917   512
16021918   415
16021919   411
16021920   456
16021921   128
16021922    75
16021923   157
16022000   245
16022001   121
16022002    70
16022003   165
16022004   232
16022005   180
16022006   269
16022007   146
16022008   103
16022009    47
16022010    38
16022011    27
16022012    46
16022013    61
16022014   122
16022015   146
16022016   229
16022017   128
16022018    41
16022019    35
16022020    43
16022021    25
16022022    35
16022023    59
16022100    48
16022101    50
16022102    54
16022103    61
16022104    64
16022105    99
16022106    79
16022107    48
16022108    42
16022109    47
16022110    49
16022111    54
16022112    77
16022113   164
16022114   157
16022115   157
16022116    98
16022117   161
16022118   254
16022119   188
16022120   179
16022121   283
16022122   116
16022123    60
16022200    46
16022201    32
16022202    26
16022203    50
16022204    57
16022205    45
16022206    31
16022207    27
16022208    34
16022209   106
16022210    63
16022211    46
16022212    45
16022213    38
16022214    41
16022215    94
16022216    82
16022217    41
16022218    27
16022219    21
16022220    37
16022221    31
16022222    28
16022223    42
16022300    52
16022301    97
16022302   118
16022303    38
16022304    19
16022305    17
16022306    26
16022307    28
16022308    37
16022309    59
16022310    31
16022311    31
16022312    36
16022313    52
16022314   140
16022315    92
16022316    48
16022317    93
16022318   228
16022319   103
16022320   301
16022321   602
16022322   370
16022323   345
16022400   355
16022401   313
16022402   231
16022403   103
16022404   124
16022405   100
16022406    96
16022407   178
16022408   315
16022409   236
16022410    88
16022411   149
16022412   170
16022413   263
16022414   113
16022415    56
16022416    81
16022417   145
16022418    46
16022419    66
16022420   203
16022421    88
16022422    50
16022423    57
16022500   154
16022501    82
16022502    35
16022503    46
16022504    67
16022505   160
16022506   194
16022507   134
16022508    70
16022509    80
16022510    92
16022511    39
16022512    30
16022513    46
16022514    63
16022515    48
16022516    40
16022517    97
16022518    96
16022519    36
16022520    33
16022521    27
16022522    48
16022523   125
16022600   252
16022601   121
16022602   197
16022603   161
16022604    64
16022605   112
16022606    95
16022607    43
16022608    35
16022609    24
16022610    26
16022611    31
16022612   115
16022613    50
16022614    39
16022615   135
16022616    63
16022617    42
16022618    36
16022619    57
16022620   120
16022621    27
16022622    26
16022623    20
16022700    15
16022701    13
16022702    22
16022703    36
16022704    65
16022705   105
16022706   149
16022707   134
16022708   220
16022709   208
16022710   192
16022711    83
16022712    47
16022713    45
16022714    40
16022715    34
16022716    25
16022717    71
16022718    63
16022719    26
16022720    22
16022721    36
16022722    29
16022723    22
16022800    18
16022801    25
16022802    16
16022803    18
16022804    20
16022805    23
16022806    35
16022807   100
16022808   134
16022809    78
16022810    50
16022811    29
16022812    87
16022813   137
16022814   207
16022815   105
16022816    48
16022817    58
16022818    30
16022819    45
16022820   105
16022821   115
16022822   106
16022823    61
16022900   120
16022901    82
16022902    28
16022903    16
16022904    21
16022905    24
16022906    27
16022907    24
16022908    54
16022909   134
16022910   126
16022911    55
16022912    66
16022913   169
16022914    53
16022915    51
16022916    50
16022917    41
16022918    27
16022919    15
16022920    23
16022921    39
16022922   152
16022923   178

Wed Ju 6
