17110100    39
17110101    64
17110102    39
17110103    26
17110104    26
17110105    32
17110106    35
17110107    35
17110108    32
17110109    29
17110110    24
17110111    67
17110112   163
17110113   255
17110114    53
17110115    42
17110116    33
17110117    20
17110118    21
17110119    31
17110120    90
17110121   164
17110122    68
17110123    95
17110200   134
17110201   223
17110202   285
17110203   113
17110204    36
17110205    16
17110206    31
17110207    54
17110208   124
17110209    62
17110210    42
17110211    52
17110212    48
17110213    77
17110214    57
17110215    30
17110216    26
17110217    20
17110218    20
17110219    61
17110220    86
17110221    97
17110222   239
17110223   528
17110300   596
17110301   340
17110302   117
17110303    82
17110304    42
17110305    52
17110306   101
17110307   200
17110308    88
17110309   139
17110310   340
17110311   301
17110312   401
17110313   144
17110314    49
17110315    46
17110316    44
17110317    45
17110318   166
17110319    56
17110320    31
17110321    44
17110322    76
17110323   107
17110400    52
17110401    28
17110402    42
17110403    19
17110404    39
17110405    27
17110406    37
17110407    32
17110408    76
17110409    41
17110410    33
17110411    36
17110412    73
17110413    70
17110414    95
17110415    92
17110416    67
17110417    20
17110418    26
17110419    21
17110420    24
17110421    65
17110422    76
17110423    15
17110500    27
17110501    26
17110502    25
17110503    24
17110504    13
17110505    10
17110506    21
17110507     7
17110508    19
17110509    25
17110510    19
17110511    17
17110512    23
17110513    25
17110514    26
17110515    37
17110516    53
17110517    87
17110518    31
17110519    24
17110520    18
17110521    19
17110522    12
17110523    12
17110600    12
17110601    17
17110602    23
17110603    23
17110604    18
17110605    14
17110606    13
17110607    22
17110608    21
17110609    23
17110610    25
17110611    28
17110612    30
17110613    32
17110614    33
17110615    36
17110616    37
17110617    32
17110618    28
17110619    26
17110620    20
17110621    16
17110622    19
17110623    20
17110700    16
17110701    23
17110702    31
17110703    52
17110704    75
17110705   124
17110706   233
17110707   330
17110708   398
17110709   353
17110710   692
17110711   530
17110712   478
17110713   273
17110714   552
17110715   318
17110716   293
17110717   317
17110718   794
17110719   945
17110720   599
17110721   520
17110722   568
17110723   856
17110800   772
17110801   872
17110802   841
17110803   831
17110804  1059
17110805   519
17110806   341
17110807   190
17110808   231
17110809   768
17110810   898
17110811   936
17110812  1070
17110813   943
17110814   842
17110815   964
17110816   559
17110817   255
17110818    87
17110819   198
17110820   379
17110821   896
17110822   457
17110823   333
17110900   307
17110901   522
17110902   387
17110903   312
17110904   266
17110905   403
17110906   382
17110907   313
17110908   403
17110909   413
17110910   336
17110911   272
17110912   464
17110913   379
17110914   213
17110915   571
17110916   500
17110917   600
17110918   454
17110919   162
17110920    68
17110921   200
17110922   478
17110923   270
17111000   125
17111001   256
17111002   336
17111003   206
17111004   109
17111005   343
17111006   569
17111007   814
17111008   382
17111009   741
17111010   279
17111011   252
17111012   327
17111013   349
17111014   608
17111015   734
17111016   453
17111017   265
17111018   272
17111019   335
17111020   235
17111021   223
17111022   265
17111023   288
17111100   173
17111101   156
17111102    99
17111103    52
17111104    64
17111105   167
17111106   226
17111107   193
17111108   120
17111109   106
17111110   284
17111111   153
17111112   212
17111113   182
17111114   173
17111115    97
17111116   134
17111117    74
17111118    41
17111119    24
17111120    39
17111121    77
17111122    86
17111123    65
17111200    55
17111201    27
17111202    22
17111203    57
17111204    65
17111205    27
17111206    33
17111207    31
17111208    24
17111209    38
17111210   149
17111211   198
17111212   200
17111213   112
17111214    90
17111215    96
17111216   140
17111217    78
17111218    31
17111219    43
17111220    87
17111221   245
17111222    41
17111223    34
17111300    25
17111301    46
17111302   104
17111303   110
17111304    45
17111305    20
17111306    16
17111307    39
17111308   125
17111309   224
17111310   160
17111311   106
17111312   169
17111313   204
17111314   151
17111315   322
17111316   244
17111317    70
17111318    57
17111319    41
17111320    26
17111321    21
17111322    22
17111323    31
17111400    72
17111401   183
17111402   322
17111403   141
17111404    33
17111405   138
17111406   192
17111407   294
17111408   382
17111409   288
17111410   143
17111411   213
17111412   145
17111413    36
17111414    28
17111415   231
17111416   685
17111417   732
17111418   639
17111419   559
17111420   520
17111421   447
17111422   308
17111423   205
17111500   101
17111501    87
17111502    76
17111503   162
17111504   214
17111505   227
17111506   231
17111507   520
17111508   238
17111509   456
17111510   623
17111511   161
17111512   192
17111513   322
17111514   143
17111515   327
17111516   710
17111517   216
17111518    83
17111519   126
17111520   152
17111521   102
17111522    73
17111523    52
17111600    65
17111601   113
17111602   494
17111603   429
17111604   195
17111605   152
17111606   173
17111607   415
17111608   525
17111609   454
17111610   308
17111611   112
17111612    78
17111613    74
17111614   104
17111615    50
17111616   204
17111617   243
17111618   230
17111619   179
17111620   144
17111621   152
17111622   234
17111623   105
17111700    45
17111701    46
17111702    42
17111703    52
17111704    81
17111705   142
17111706   155
17111707   143
17111708   207
17111709   408
17111710   286
17111711   404
17111712   182
17111713    78
17111714   118
17111715    73
17111716    43
17111717    23
17111718    20
17111719    22
17111720    21
17111721    34
17111722    26
17111723    38
17111800    61
17111801    79
17111802    90
17111803   128
17111804   131
17111805   104
17111806   120
17111807   154
17111808   179
17111809   288
17111810    98
17111811    67
17111812   227
17111813   289
17111814   106
17111815   133
17111816   203
17111817   103
17111818    94
17111819   119
17111820    85
17111821   192
17111822   194
17111823    82
17111900    49
17111901    42
17111902    37
17111903    46
17111904    53
17111905    78
17111906   175
17111907    76
17111908    86
17111909    49
17111910    34
17111911    41
17111912    31
17111913    40
17111914    43
17111915    54
17111916    34
17111917    59
17111918    29
17111919    39
17111920   113
17111921    25
17111922    14
17111923    13
17112000    20
17112001    23
17112002    21
17112003    25
17112004    21
17112005    18
17112006    14
17112007    15
17112008    16
17112009    21
17112010    50
17112011    51
17112012    73
17112013    69
17112014    88
17112015    98
17112016    71
17112017    92
17112018   382
17112019   326
17112020    90
17112021    35
17112022   151
17112023   570
17112100   637
17112101   384
17112102   124
17112103   259
17112104   411
17112105   603
17112106   595
17112107   422
17112108   691
17112109   564
17112110   331
17112111   172
17112112   116
17112113    86
17112114   256
17112115   541
17112116   379
17112117   385
17112118   605
17112119   461
17112120   446
17112121   332
17112122   444
17112123   323
17112200    87
17112201   143
17112202   180
17112203   107
17112204   192
17112205   184
17112206   187
17112207   233
17112208   233
17112209   272
17112210   107
17112211    79
17112212   275
17112213   344
17112214   250
17112215   357
17112216   439
17112217   513
17112218   404
17112219   361
17112220   264
17112221    64
17112222    40
17112223    50
17112300    83
17112301    72
17112302    78
17112303    64
17112304    34
17112305    41
17112306    47
17112307    65
17112308   262
17112309   456
17112310   169
17112311   209
17112312   224
17112313   335
17112314   170
17112315   121
17112316   181
17112317   268
17112318   205
17112319   229
17112320   246
17112321   272
17112322   207
17112323   183
17112400   307
17112401   156
17112402   111
17112403   161
17112404   224
17112405   153
17112406   269
17112407   194
17112408   189
17112409   152
17112410   117
17112411    81
17112412    40
17112413    31
17112414    24
17112415    20
17112416    21
17112417    41
17112418   271
17112419   424
17112420   524
17112421   457
17112422   296
17112423   131
17112500    96
17112501    57
17112502    49
17112503    71
17112504    95
17112505   131
17112506   129
17112507   139
17112508   160
17112509   121
17112510   107
17112511    58
17112512    20
17112513    56
17112514    92
17112515    83
17112516    84
17112517   138
17112518    94
17112519    49
17112520    42
17112521    20
17112522    19
17112523    16
17112600    15
17112601    15
17112602    10
17112603    10
17112604    10
17112605    11
17112606    26
17112607    25
17112608    25
17112609    23
17112610    39
17112611    26
17112612    26
17112613   154
17112614   203
17112615   111
17112616    36
17112617    29
17112618   156
17112619    67
17112620    24
17112621    33
17112622    22
17112623    22
17112700    25
17112701    21
17112702    34
17112703    32
17112704    74
17112705    72
17112706    63
17112707    59
17112708    26
17112709    13
17112710    16
17112711    14
17112712    16
17112713    40
17112714    68
17112715    23
17112716    14
17112717    30
17112718   158
17112719   146
17112720   109
17112721    69
17112722    34
17112723    60
17112800   118
17112801   242
17112802   304
17112803   132
17112804   101
17112805    54
17112806    34
17112807    27
17112808    70
17112809   175
17112810   305
17112811   256
17112812   230
17112813   176
17112814    47
17112815    46
17112816    32
17112817    37
17112818    73
17112819    91
17112820    57
17112821    31
17112822    19
17112823    16
17112900    20
17112901    49
17112902    87
17112903    43
17112904    43
17112905    57
17112906    57
17112907   104
17112908   180
17112909    57
17112910    62
17112911    23
17112912    22
17112913    58
17112914    53
17112915    38
17112916    32
17112917    39
17112918   140
17112919   119
17112920   121
17112921   226
17112922   244
17112923    87
17113000    57
17113001    47
17113002   139
17113003   285
17113004   264
17113005   171
17113006    75
17113007    37
17113008    26
17113009    37
17113010    29
17113011   125
17113012   193
17113013    81
17113014   230
17113015   512
17113016   258
17113017   109
17113018   130
17113019   139
17113020   156
17113021   256
17113022   144
17113023    66

Sat Ap 1
