17090100   612
17090101   684
17090102   292
17090103   267
17090104   209
17090105   124
17090106    99
17090107    73
17090108    94
17090109   553
17090110   619
17090111   342
17090112   622
17090113   594
17090114   147
17090115   125
17090116   219
17090117   147
17090118   115
17090119    66
17090120    90
17090121   196
17090122   507
17090123   252
17090200    60
17090201   111
17090202   642
17090203   512
17090204   686
17090205   440
17090206   128
17090207   496
17090208  1033
17090209   584
17090210   573
17090211   510
17090212   201
17090213   124
17090214    85
17090215   367
17090216   313
17090217   178
17090218   291
17090219   435
17090220   329
17090221   226
17090222   303
17090223   511
17090300   233
17090301   275
17090302   185
17090303   244
17090304   162
17090305   211
17090306   101
17090307    74
17090308    64
17090309   269
17090310   354
17090311   428
17090312   142
17090313    77
17090314   183
17090315   441
17090316   274
17090317    89
17090318   106
17090319    84
17090320    81
17090321   100
17090322   180
17090323   287
17090400   617
17090401   340
17090402   249
17090403   461
17090404   162
17090405   102
17090406   171
17090407   158
17090408   183
17090409   143
17090410   374
17090411   296
17090412   336
17090413   268
17090414   385
17090415   175
17090416   365
17090417   386
17090418   515
17090419   692
17090420   331
17090421   307
17090422   556
17090423   840
17090500   369
17090501   200
17090502   428
17090503   323
17090504    79
17090505    55
17090506   152
17090507   347
17090508   159
17090509    67
17090510    71
17090511   275
17090512   401
17090513   106
17090514    54
17090515    62
17090516    98
17090517   235
17090518   344
17090519   425
17090520   213
17090521    77
17090522    58
17090523    77
17090600    51
17090601    51
17090602    39
17090603    40
17090604    48
17090605    53
17090606    66
17090607   101
17090608   209
17090609   305
17090610   388
17090611   246
17090612   246
17090613   200
17090614   158
17090615   402
17090616   392
17090617   118
17090618    67
17090619    61
17090620    61
17090621    45
17090622    48
17090623    76
17090700   115
17090701    87
17090702   126
17090703   286
17090704   233
17090705   662
17090706   410
17090707   464
17090708   625
17090709  1041
17090710   513
17090711   367
17090712   173
17090713    95
17090714   121
17090715   114
17090716    53
17090717    38
17090718    35
17090719    66
17090720   204
17090721   787
17090722  1001
17090723  1157
17090800  1127
17090801   678
17090802   791
17090803   479
17090804   311
17090805   207
17090806   340
17090807   351
17090808   208
17090809   182
17090810   201
17090811   438
17090812  1335
17090813  1310
17090814  1442
17090815   936
17090816   971
17090817   851
17090818   941
17090819   712
17090820   718
17090821   721
17090822   610
17090823   387
17090900   367
17090901   387
17090902   222
17090903   134
17090904   174
17090905   171
17090906   200
17090907    72
17090908    34
17090909    40
17090910    40
17090911    65
17090912   124
17090913   171
17090914   103
17090915   107
17090916    61
17090917    36
17090918    33
17090919    44
17090920    42
17090921    45
17090922    43
17090923    45
17091000    35
17091001    28
17091002    21
17091003    15
17091004    11
17091005    11
17091006    26
17091007    36
17091008    34
17091009    39
17091010    43
17091011    43
17091012    46
17091013    49
17091014    87
17091015   125
17091016   150
17091017   109
17091018    84
17091019   161
17091020   203
17091021   369
17091022   368
17091023   498
17091100   521
17091101   374
17091102   403
17091103   166
17091104   152
17091105   458
17091106   404
17091107   460
17091108   440
17091109   274
17091110   210
17091111   180
17091112   242
17091113   278
17091114   224
17091115   247
17091116   177
17091117   304
17091118   312
17091119   286
17091120    82
17091121   122
17091122   400
17091123   310
17091200   127
17091201    89
17091202   124
17091203    83
17091204   106
17091205    71
17091206    90
17091207    83
17091208   273
17091209   469
17091210   491
17091211   651
17091212   417
17091213   310
17091214   606
17091215   176
17091216   262
17091217   310
17091218    99
17091219   131
17091220   443
17091221   486
17091222   584
17091223   696
17091300   824
17091301   405
17091302   203
17091303   191
17091304   263
17091305   512
17091306   287
17091307   333
17091308   627
17091309   331
17091310   145
17091311   142
17091312   116
17091313   113
17091314   107
17091315   130
17091316   169
17091317   180
17091318    70
17091319    50
17091320    31
17091321    30
17091322    26
17091323    20
17091400    17
17091401    38
17091402    46
17091403    64
17091404   186
17091405   256
17091406   194
17091407   146
17091408   101
17091409    64
17091410   122
17091411   267
17091412   304
17091413   370
17091414   539
17091415   771
17091416   898
17091417   798
17091418   672
17091419   431
17091420   577
17091421   460
17091422   171
17091423   296
17091500   771
17091501   568
17091502   534
17091503   557
17091504   588
17091505   429
17091506   258
17091507   696
17091508   444
17091509   413
17091510   426
17091511   318
17091512  1079
17091513   829
17091514   899
17091515   646
17091516   233
17091517    89
17091518   243
17091519   777
17091520   524
17091521   610
17091522   421
17091523   775
17091600   758
17091601   697
17091602   953
17091603   719
17091604   925
17091605   893
17091606   209
17091607    99
17091608   235
17091609   587
17091610   185
17091611   149
17091612   753
17091613   609
17091614   409
17091615   479
17091616   516
17091617   456
17091618   442
17091619   293
17091620   165
17091621   365
17091622   500
17091623   388
17091700   597
17091701   318
17091702   195
17091703   524
17091704   469
17091705   110
17091706   165
17091707   154
17091708    89
17091709    93
17091710    51
17091711   519
17091712   787
17091713   664
17091714   827
17091715   917
17091716   751
17091717   385
17091718   231
17091719   156
17091720   115
17091721    76
17091722    54
17091723    78
17091800   137
17091801   372
17091802   638
17091803   368
17091804   147
17091805   214
17091806   734
17091807   782
17091808   751
17091809   400
17091810   835
17091811   597
17091812   428
17091813   381
17091814   288
17091815   395
17091816   320
17091817   285
17091818   161
17091819   135
17091820   130
17091821   388
17091822   138
17091823   267
17091900   259
17091901   154
17091902    56
17091903    43
17091904    49
17091905    63
17091906   104
17091907    39
17091908    62
17091909    58
17091910   276
17091911   353
17091912   228
17091913   106
17091914    67
17091915    90
17091916   138
17091917   328
17091918   303
17091919   337
17091920   542
17091921   360
17091922   284
17091923   268
17092000   354
17092001   454
17092002   359
17092003   351
17092004   173
17092005   249
17092006   180
17092007   164
17092008   215
17092009   244
17092010   366
17092011   426
17092012   361
17092013   247
17092014   294
17092015   111
17092016    32
17092017    42
17092018    86
17092019   251
17092020   141
17092021    29
17092022    32
17092023    26
17092100    29
17092101    32
17092102    35
17092103    54
17092104    48
17092105   104
17092106   246
17092107   428
17092108   351
17092109   252
17092110   190
17092111   147
17092112    59
17092113   180
17092114   182
17092115   129
17092116    58
17092117    39
17092118    72
17092119   238
17092120   270
17092121   256
17092122   347
17092123   161
17092200    69
17092201    44
17092202    28
17092203    19
17092204    56
17092205    72
17092206   120
17092207   152
17092208   156
17092209    79
17092210    32
17092211    51
17092212   141
17092213   250
17092214   140
17092215   116
17092216   233
17092217   426
17092218   481
17092219   308
17092220   310
17092221   296
17092222   128
17092223    86
17092300   114
17092301    68
17092302    34
17092303    19
17092304    88
17092305   254
17092306   266
17092307   230
17092308   201
17092309    71
17092310    49
17092311    45
17092312    91
17092313   163
17092314    68
17092315    73
17092316    71
17092317    79
17092318    92
17092319   149
17092320   388
17092321    95
17092322    48
17092323    43
17092400    42
17092401    58
17092402    53
17092403    84
17092404    97
17092405   218
17092406    81
17092407    52
17092408    52
17092409    39
17092410    72
17092411   164
17092412   181
17092413   182
17092414   154
17092415   117
17092416   120
17092417    56
17092418    53
17092419   125
17092420   355
17092421   185
17092422    59
17092423   193
17092500   189
17092501    87
17092502   160
17092503   124
17092504   125
17092505    89
17092506    42
17092507    40
17092508    35
17092509    34
17092510    36
17092511    32
17092512    34
17092513    57
17092514    39
17092515    60
17092516    80
17092517    97
17092518    81
17092519    60
17092520    35
17092521    39
17092522    38
17092523    28
17092600    26
17092601    22
17092602    22
17092603    32
17092604    46
17092605    44
17092606    95
17092607    77
17092608    81
17092609    70
17092610    42
17092611    38
17092612    45
17092613    44
17092614    46
17092615    28
17092616    24
17092617    29
17092618    33
17092619    22
17092620    24
17092621    24
17092622    24
17092623    31
17092700   152
17092701   349
17092702    97
17092703    39
17092704    69
17092705    89
17092706   185
17092707   541
17092708   575
17092709   528
17092710   219
17092711   339
17092712   659
17092713   637
17092714   710
17092715   378
17092716   100
17092717    77
17092718    67
17092719   398
17092720  1037
17092721   817
17092722   718
17092723   441
17092800   453
17092801   978
17092802   692
17092803   701
17092804   767
17092805   772
17092806   878
17092807   789
17092808   970
17092809   642
17092810   324
17092811   350
17092812   204
17092813   495
17092814   461
17092815   670
17092816   279
17092817   223
17092818   296
17092819   637
17092820   538
17092821   435
17092822   637
17092823   504
17092900   311
17092901   157
17092902   238
17092903   179
17092904   308
17092905   304
17092906   234
17092907   265
17092908   222
17092909   369
17092910   197
17092911   463
17092912   578
17092913   307
17092914   144
17092915   241
17092916   308
17092917   237
17092918   237
17092919   316
17092920   195
17092921   298
17092922   452
17092923   246
17093000   113
17093001    62
17093002   141
17093003   233
17093004   254
17093005   387
17093006   511
17093007   234
17093008   312
17093009   118
17093010    88
17093011   206
17093012   370
17093013   584
17093014   701
17093015   779
17093016   419
17093017   622
17093018   410
17093019   106
17093020    41
17093021   105
17093022   199
17093023   306

Sat Ap 1
