17030100   201
17030101   399
17030102   187
17030103    50
17030104    76
17030105   207
17030106   262
17030107   119
17030108   125
17030109   162
17030110   803
17030111   644
17030112   658
17030113   562
17030114   413
17030115   691
17030116   575
17030117   208
17030118   300
17030119   865
17030120  1014
17030121   735
17030122   753
17030123   463
17030200   622
17030201   492
17030202   298
17030203   208
17030204   524
17030205   598
17030206   432
17030207   351
17030208   256
17030209   369
17030210   946
17030211   533
17030212   330
17030213   690
17030214   474
17030215   317
17030216   379
17030217   450
17030218   491
17030219   631
17030220   499
17030221   122
17030222   156
17030223   189
17030300   410
17030301   325
17030302   408
17030303   218
17030304   192
17030305   568
17030306   614
17030307   420
17030308   777
17030309   679
17030310   569
17030311   314
17030312   399
17030313   256
17030314   158
17030315   380
17030316   619
17030317   452
17030318   250
17030319    96
17030320    48
17030321    32
17030322    40
17030323    41
17030400   122
17030401   375
17030402   642
17030403   340
17030404   461
17030405   581
17030406   163
17030407   249
17030408   292
17030409   335
17030410   493
17030411   296
17030412   399
17030413   135
17030414   239
17030415   482
17030416   101
17030417   236
17030418   247
17030419   186
17030420   200
17030421   565
17030422   654
17030423   305
17030500   304
17030501   192
17030502   238
17030503   191
17030504    73
17030505   180
17030506   351
17030507   217
17030508   112
17030509   163
17030510   549
17030511   459
17030512   259
17030513   474
17030514   230
17030515   196
17030516   489
17030517   624
17030518   685
17030519   355
17030520   515
17030521   692
17030522   455
17030523   291
17030600   439
17030601   422
17030602   435
17030603   204
17030604    63
17030605    45
17030606    20
17030607    38
17030608   134
17030609   295
17030610   600
17030611   654
17030612   397
17030613   391
17030614   613
17030615   689
17030616   464
17030617   243
17030618   443
17030619   673
17030620   676
17030621   520
17030622   532
17030623   219
17030700   130
17030701   141
17030702   322
17030703   345
17030704   285
17030705   342
17030706   238
17030707   179
17030708   296
17030709   410
17030710   126
17030711    99
17030712   150
17030713   250
17030714   463
17030715   472
17030716   357
17030717   450
17030718   526
17030719   538
17030720   435
17030721   296
17030722   270
17030723   165
17030800   381
17030801   275
17030802   226
17030803   103
17030804    40
17030805    27
17030806    30
17030807    27
17030808    83
17030809   172
17030810   270
17030811   127
17030812   426
17030813   215
17030814   115
17030815   153
17030816   140
17030817    62
17030818   240
17030819   517
17030820   355
17030821   300
17030822   560
17030823   388
17030900   686
17030901   177
17030902    73
17030903   168
17030904   299
17030905   145
17030906    73
17030907    67
17030908   358
17030909   796
17030910   512
17030911   411
17030912   455
17030913   515
17030914   458
17030915   491
17030916   487
17030917   463
17030918   211
17030919   207
17030920   223
17030921   161
17030922    85
17030923    61
17031000   161
17031001   256
17031002   313
17031003   399
17031004   267
17031005   161
17031006   117
17031007   583
17031008   636
17031009   556
17031010   778
17031011   568
17031012   365
17031013   175
17031014   111
17031015   207
17031016   158
17031017    38
17031018    15
17031019    15
17031020    26
17031021    32
17031022    71
17031023   115
17031100    37
17031101    29
17031102    19
17031103    17
17031104    18
17031105    21
17031106    61
17031107   156
17031108   117
17031109    42
17031110    33
17031111    28
17031112    26
17031113    26
17031114    25
17031115    65
17031116   229
17031117   320
17031118   305
17031119   345
17031120   346
17031121   130
17031122   249
17031123   619
17031200   453
17031201   418
17031202   285
17031203   421
17031204   442
17031205   199
17031206   230
17031207   200
17031208   174
17031209    95
17031210    62
17031211   109
17031212   159
17031213   415
17031214   216
17031215   133
17031216    78
17031217   134
17031218   122
17031219   125
17031220   129
17031221    68
17031222    44
17031223    45
17031300    38
17031301    31
17031302    31
17031303    54
17031304    26
17031305    41
17031306    81
17031307   118
17031308    49
17031309    26
17031310    28
17031311    46
17031312    30
17031313    45
17031314    28
17031315    23
17031316    17
17031317    16
17031318    18
17031319    25
17031320    21
17031321    26
17031322    26
17031323    24
17031400    21
17031401    27
17031402    45
17031403    50
17031404    78
17031405    66
17031406    34
17031407    37
17031408    22
17031409    26
17031410    89
17031411    42
17031412    32
17031413    76
17031414   167
17031415   210
17031416    97
17031417    78
17031418   173
17031419   135
17031420    88
17031421    72
17031422    83
17031423   136
17031500    72
17031501    42
17031502    43
17031503    40
17031504    39
17031505    79
17031506   174
17031507   294
17031508   203
17031509   108
17031510    74
17031511    50
17031512    38
17031513    78
17031514    84
17031515    35
17031516    26
17031517    26
17031518    58
17031519    85
17031520    92
17031521    57
17031522   273
17031523   422
17031600   299
17031601   334
17031602   216
17031603   214
17031604    84
17031605    32
17031606    16
17031607    12
17031608    13
17031609    16
17031610    20
17031611    19
17031612    28
17031613    73
17031614   117
17031615   107
17031616    53
17031617    23
17031618    32
17031619    24
17031620    50
17031621   210
17031622   129
17031623    43
17031700    42
17031701    32
17031702    33
17031703    35
17031704    52
17031705    46
17031706    37
17031707    40
17031708   128
17031709    64
17031710    35
17031711    32
17031712    28
17031713    46
17031714    63
17031715    77
17031716    31
17031717    23
17031718    17
17031719    24
17031720    36
17031721   177
17031722   112
17031723    40
17031800    29
17031801    53
17031802    37
17031803    23
17031804    21
17031805    24
17031806    31
17031807    45
17031808    25
17031809    29
17031810    23
17031811    25
17031812    28
17031813    47
17031814    25
17031815    20
17031816    16
17031817    20
17031818    45
17031819   129
17031820   104
17031821    55
17031822    24
17031823    38
17031900    33
17031901    31
17031902    29
17031903    26
17031904    19
17031905    28
17031906    83
17031907    79
17031908   104
17031909    41
17031910    90
17031911    37
17031912    32
17031913    32
17031914    32
17031915    47
17031916    74
17031917   117
17031918    88
17031919    97
17031920    42
17031921    39
17031922    32
17031923    34
17032000    38
17032001    42
17032002    30
17032003    19
17032004    12
17032005    21
17032006    78
17032007   151
17032008   137
17032009    98
17032010    44
17032011    37
17032012    43
17032013    33
17032014    30
17032015    28
17032016    49
17032017   129
17032018    53
17032019    97
17032020    19
17032021    29
17032022    32
17032023    33
17032100    32
17032101    39
17032102    40
17032103    48
17032104   270
17032105   289
17032106   135
17032107   320
17032108   436
17032109   150
17032110   189
17032111   176
17032112   120
17032113   112
17032114   192
17032115   593
17032116   971
17032117   781
17032118   956
17032119   789
17032120   415
17032121   302
17032122   272
17032123   559
17032200   305
17032201   263
17032202   368
17032203   265
17032204   130
17032205   402
17032206   193
17032207   232
17032208   281
17032209   492
17032210   604
17032211   692
17032212   426
17032213   311
17032214   545
17032215   481
17032216   588
17032217   825
17032218   762
17032219   335
17032220   223
17032221   573
17032222   701
17032223   754
17032300   438
17032301   270
17032302   504
17032303   472
17032304   189
17032305   167
17032306    99
17032307   114
17032308   329
17032309   377
17032310   167
17032311    85
17032312    41
17032313    38
17032314    57
17032315   128
17032316   207
17032317    98
17032318    99
17032319    41
17032320    33
17032321    28
17032322    21
17032323    20
17032400    28
17032401    61
17032402   101
17032403   187
17032404    54
17032405    31
17032406    53
17032407    92
17032408    91
17032409    14
17032410    25
17032411    79
17032412   199
17032413    90
17032414   138
17032415   234
17032416    54
17032417    24
17032418    24
17032419    38
17032420    39
17032421    32
17032422    23
17032423    25
17032500    26
17032501    26
17032502    26
17032503    33
17032504    52
17032505    46
17032506    62
17032507    45
17032508    50
17032509    57
17032510    99
17032511   184
17032512    57
17032513    70
17032514   170
17032515    99
17032516   118
17032517    39
17032518    28
17032519    22
17032520    24
17032521    34
17032522    32
17032523    33
17032600    39
17032601    30
17032602    38
17032603    30
17032604    27
17032605    22
17032606    22
17032607    25
17032608    29
17032609    46
17032610    53
17032611   141
17032612    87
17032613    48
17032614    49
17032615    33
17032616    27
17032617    35
17032618    30
17032619    31
17032620    38
17032621    42
17032622    37
17032623    39
17032700    46
17032701    47
17032702   194
17032703   335
17032704   446
17032705   571
17032706   888
17032707   453
17032708   303
17032709   329
17032710   957
17032711   474
17032712   537
17032713   592
17032714   576
17032715   763
17032716   837
17032717   295
17032718   239
17032719   756
17032720  1024
17032721   648
17032722   327
17032723   657
17032800   461
17032801   674
17032802   512
17032803   824
17032804   572
17032805   242
17032806   348
17032807   322
17032808   318
17032809   499
17032810   437
17032811   400
17032812   264
17032813   358
17032814   521
17032815   504
17032816   177
17032817   276
17032818   417
17032819   487
17032820   149
17032821   316
17032822   410
17032823   671
17032900   569
17032901   454
17032902   575
17032903   373
17032904   269
17032905   421
17032906   521
17032907   417
17032908   463
17032909   658
17032910   295
17032911    77
17032912    64
17032913   190
17032914   526
17032915   746
17032916   679
17032917   435
17032918   145
17032919    60
17032920    45
17032921    92
17032922   338
17032923   406
17033000   466
17033001   434
17033002   534
17033003   544
17033004   669
17033005   692
17033006   284
17033007   309
17033008   313
17033009   161
17033010    64
17033011   177
17033012   377
17033013   428
17033014   239
17033015   439
17033016   304
17033017   493
17033018   575
17033019   461
17033020   581
17033021   535
17033022   635
17033023   507
17033100   571
17033101   686
17033102   635
17033103   527
17033104   436
17033105   391
17033106   699
17033107   190
17033108   524
17033109   773
17033110   484
17033111   532
17033112   561
17033113   458
17033114   472
17033115   663
17033116   231
17033117   120
17033118   221
17033119   191
17033120   332
17033121   629
17033122   266
17033123   341

Fri Ap 1
