17010100   132
17010101   329
17010102   336
17010103   357
17010104   439
17010105   400
17010106   305
17010107   144
17010108   174
17010109   304
17010110   365
17010111   255
17010112   342
17010113   279
17010114   182
17010115   149
17010116   170
17010117   465
17010118   256
17010119    72
17010120    66
17010121    81
17010122   110
17010123   101
17010200    52
17010201    46
17010202    49
17010203    66
17010204   157
17010205   110
17010206   131
17010207   141
17010208   310
17010209   282
17010210   259
17010211   301
17010212   449
17010213   464
17010214   441
17010215   338
17010216   251
17010217   281
17010218   102
17010219    36
17010220    31
17010221    31
17010222    48
17010223    40
17010300    30
17010301    33
17010302    41
17010303    46
17010304   119
17010305   111
17010306   130
17010307   111
17010308   103
17010309   119
17010310   469
17010311   519
17010312   321
17010313   168
17010314    96
17010315   202
17010316   159
17010317   348
17010318   289
17010319   142
17010320   227
17010321   263
17010322    69
17010323    54
17010400    76
17010401    52
17010402    45
17010403    56
17010404    67
17010405    71
17010406    96
17010407    48
17010408    50
17010409   109
17010410   295
17010411   162
17010412   146
17010413   172
17010414    83
17010415    84
17010416   118
17010417    52
17010418   435
17010419   765
17010420   430
17010421   319
17010422   205
17010423   333
17010500   372
17010501   425
17010502   442
17010503   236
17010504   157
17010505   280
17010506   234
17010507    73
17010508    41
17010509    52
17010510    34
17010511   106
17010512   262
17010513   482
17010514   255
17010515   585
17010516   621
17010517   311
17010518   294
17010519   210
17010520   246
17010521   243
17010522   305
17010523   580
17010600   318
17010601   312
17010602   308
17010603   278
17010604   275
17010605   194
17010606   194
17010607   169
17010608   334
17010609   262
17010610   141
17010611   253
17010612   368
17010613   521
17010614   470
17010615   153
17010616   221
17010617   373
17010618   276
17010619   104
17010620   165
17010621   317
17010622   254
17010623   119
17010700   171
17010701   401
17010702   137
17010703    68
17010704   114
17010705   185
17010706   135
17010707   123
17010708   189
17010709   235
17010710   229
17010711   192
17010712   796
17010713   381
17010714   152
17010715   179
17010716   150
17010717   448
17010718   424
17010719   276
17010720   340
17010721   386
17010722   244
17010723    93
17010800    58
17010801   163
17010802   206
17010803   149
17010804   125
17010805    86
17010806   170
17010807   181
17010808   311
17010809   431
17010810   642
17010811   454
17010812   430
17010813   321
17010814   296
17010815   287
17010816   215
17010817   170
17010818   483
17010819   284
17010820   175
17010821   147
17010822   492
17010823   276
17010900   246
17010901   194
17010902   115
17010903    75
17010904    91
17010905   101
17010906    73
17010907    63
17010908   102
17010909   175
17010910   263
17010911   212
17010912   182
17010913   613
17010914   390
17010915   212
17010916   413
17010917   137
17010918    61
17010919    52
17010920    46
17010921    62
17010922    85
17010923   139
17011000   111
17011001    80
17011002    47
17011003    49
17011004    77
17011005   110
17011006   158
17011007   103
17011008   106
17011009    67
17011010    69
17011011    84
17011012   166
17011013   202
17011014   129
17011015   163
17011016   206
17011017   566
17011018   622
17011019   303
17011020   142
17011021   164
17011022   116
17011023    99
17011100   113
17011101    95
17011102    47
17011103    59
17011104    83
17011105   124
17011106   101
17011107    92
17011108    46
17011109    48
17011110    26
17011111    38
17011112    47
17011113   129
17011114   164
17011115   239
17011116   118
17011117   284
17011118   236
17011119    77
17011120    85
17011121    67
17011122   119
17011123    76
17011200    65
17011201    56
17011202    52
17011203    88
17011204    67
17011205    52
17011206    38
17011207    32
17011208    35
17011209    38
17011210    31
17011211    28
17011212    24
17011213    30
17011214    26
17011215    39
17011216    27
17011217    26
17011218    17
17011219    19
17011220    71
17011221   130
17011222   168
17011223    29
17011300    41
17011301    62
17011302    47
17011303    50
17011304    59
17011305    52
17011306    40
17011307    41
17011308    41
17011309    49
17011310    70
17011311    68
17011312   102
17011313   165
17011314   126
17011315   110
17011316    93
17011317    52
17011318    30
17011319    36
17011320    40
17011321    70
17011322    22
17011323    27
17011400    19
17011401    30
17011402    26
17011403    38
17011404    46
17011405    55
17011406    66
17011407    98
17011408   122
17011409    72
17011410    19
17011411    41
17011412    30
17011413    36
17011414    22
17011415    45
17011416    63
17011417   140
17011418   112
17011419    84
17011420    56
17011421    25
17011422    26
17011423    20
17011500    94
17011501    53
17011502    40
17011503    27
17011504    24
17011505    39
17011506    32
17011507   103
17011508    83
17011509   110
17011510    94
17011511    47
17011512    72
17011513   252
17011514   174
17011515   128
17011516    79
17011517    96
17011518   335
17011519   119
17011520    43
17011521    36
17011522    47
17011523    43
17011600    48
17011601    40
17011602    32
17011603    32
17011604    24
17011605    34
17011606    87
17011607    64
17011608    35
17011609    18
17011610    20
17011611    35
17011612    60
17011613    54
17011614    41
17011615    41
17011616    36
17011617    38
17011618    41
17011619   104
17011620    76
17011621    19
17011622    21
17011623    17
17011700    23
17011701    24
17011702    27
17011703    20
17011704    24
17011705    58
17011706    24
17011707    31
17011708    12
17011709    20
17011710    47
17011711   119
17011712   132
17011713    47
17011714    60
17011715    77
17011716   226
17011717   226
17011718    45
17011719    21
17011720    21
17011721    15
17011722    15
17011723    21
17011800    16
17011801    18
17011802    21
17011803    24
17011804    54
17011805   198
17011806   273
17011807   460
17011808   449
17011809   355
17011810   463
17011811   461
17011812   486
17011813   542
17011814   645
17011815   221
17011816   155
17011817   605
17011818   281
17011819   274
17011820   370
17011821   358
17011822   207
17011823   247
17011900   251
17011901   522
17011902   518
17011903   328
17011904   158
17011905   172
17011906   189
17011907   311
17011908   327
17011909   537
17011910   387
17011911   252
17011912   161
17011913   146
17011914   114
17011915   230
17011916   234
17011917    93
17011918   176
17011919   145
17011920    78
17011921    52
17011922    58
17011923   121
17012000   174
17012001    53
17012002    83
17012003   197
17012004    56
17012005    62
17012006    91
17012007   257
17012008   137
17012009   131
17012010   125
17012011    69
17012012   182
17012013   269
17012014   135
17012015   183
17012016    54
17012017    57
17012018   251
17012019   308
17012020    71
17012021    35
17012022    47
17012023   156
17012100   278
17012101    73
17012102    51
17012103    44
17012104    48
17012105    52
17012106   147
17012107   181
17012108   201
17012109   169
17012110   117
17012111    98
17012112    74
17012113    94
17012114   141
17012115   179
17012116   170
17012117   235
17012118   180
17012119   318
17012120   428
17012121   328
17012122   280
17012123   201
17012200   213
17012201   388
17012202   422
17012203   175
17012204    57
17012205    49
17012206    75
17012207   259
17012208   199
17012209   136
17012210   259
17012211   287
17012212   406
17012213   308
17012214   207
17012215   192
17012216   122
17012217   199
17012218   111
17012219    81
17012220    75
17012221    92
17012222    93
17012223    36
17012300    25
17012301    17
17012302    16
17012303    20
17012304    25
17012305    20
17012306    24
17012307    37
17012308    21
17012309    66
17012310   107
17012311    97
17012312   130
17012313   117
17012314    79
17012315    83
17012316   173
17012317   120
17012318    41
17012319   402
17012320   369
17012321   253
17012322    52
17012323    38
17012400    38
17012401    46
17012402    89
17012403    46
17012404    23
17012405    32
17012406    62
17012407    49
17012408    74
17012409    23
17012410    15
17012411    32
17012412    49
17012413    21
17012414    19
17012415    18
17012416    32
17012417    53
17012418   107
17012419   110
17012420   106
17012421    42
17012422    26
17012423    49
17012500    26
17012501    72
17012502    37
17012503   130
17012504   154
17012505    97
17012506   103
17012507   152
17012508   121
17012509   161
17012510   107
17012511    69
17012512    37
17012513    30
17012514    41
17012515    20
17012516    18
17012517    15
17012518    15
17012519    13
17012520    15
17012521    91
17012522   103
17012523    19
17012600    22
17012601    24
17012602    20
17012603    16
17012604    18
17012605    23
17012606    27
17012607    37
17012608    53
17012609   192
17012610   217
17012611    72
17012612    88
17012613   364
17012614   296
17012615    95
17012616    86
17012617   621
17012618   898
17012619   737
17012620   166
17012621   104
17012622    92
17012623   242
17012700   265
17012701   508
17012702   390
17012703   355
17012704   220
17012705   408
17012706   636
17012707   273
17012708   399
17012709   335
17012710   391
17012711   476
17012712   729
17012713   401
17012714   223
17012715   478
17012716   143
17012717    89
17012718    91
17012719   112
17012720    88
17012721   125
17012722   144
17012723    66
17012800    54
17012801    45
17012802   303
17012803   466
17012804   230
17012805   185
17012806    80
17012807    57
17012808    60
17012809    56
17012810    62
17012811    37
17012812    44
17012813    23
17012814    21
17012815    42
17012816    80
17012817   148
17012818   230
17012819   186
17012820    90
17012821   321
17012822   310
17012823   102
17012900    45
17012901    78
17012902   111
17012903    56
17012904    93
17012905   186
17012906   138
17012907    85
17012908    41
17012909   101
17012910   207
17012911   287
17012912   315
17012913   240
17012914   149
17012915   100
17012916   118
17012917   164
17012918   126
17012919    72
17012920    37
17012921    38
17012922    32
17012923    26
17013000    22
17013001    23
17013002    17
17013003    21
17013004    25
17013005    24
17013006    49
17013007    77
17013008    69
17013009   123
17013010    91
17013011   180
17013012   122
17013013   106
17013014   132
17013015   287
17013016   199
17013017    62
17013018    63
17013019    80
17013020   111
17013021   135
17013022   137
17013023   254
17013100   251
17013101   252
17013102   213
17013103   262
17013104   240
17013105   179
17013106   158
17013107    87
17013108   184
17013109   577
17013110   363
17013111   143
17013112   107
17013113    56
17013114   204
17013115   480
17013116   593
17013117   402
17013118   428
17013119   377
17013120   253
17013121   819
17013122   499
17013123   403

Fri Ap 1
