17080100    93
17080101    91
17080102   135
17080103   163
17080104   170
17080105   116
17080106    77
17080107   132
17080108   161
17080109   165
17080110   176
17080111   322
17080112   279
17080113   191
17080114   126
17080115    73
17080116    47
17080117    44
17080118    44
17080119    55
17080120    50
17080121    60
17080122    65
17080123    81
17080200    62
17080201    56
17080202    53
17080203    63
17080204    71
17080205    74
17080206    69
17080207    59
17080208    70
17080209    75
17080210    73
17080211    63
17080212    70
17080213   116
17080214   385
17080215   258
17080216    52
17080217    71
17080218    66
17080219    69
17080220   114
17080221    87
17080222   126
17080223   110
17080300    43
17080301    57
17080302    53
17080303    67
17080304    90
17080305    52
17080306    51
17080307    58
17080308    76
17080309    82
17080310    81
17080311    67
17080312    62
17080313    75
17080314   110
17080315   304
17080316   496
17080317   457
17080318   371
17080319   386
17080320   605
17080321   336
17080322   280
17080323   160
17080400   133
17080401   124
17080402    82
17080403    67
17080404    72
17080405    82
17080406    84
17080407   179
17080408   864
17080409   780
17080410   704
17080411   485
17080412   466
17080413   428
17080414  1071
17080415   462
17080416   275
17080417   362
17080418   325
17080419   218
17080420   141
17080421   362
17080422   241
17080423   314
17080500   340
17080501   519
17080502   468
17080503   419
17080504   575
17080505   615
17080506   413
17080507   337
17080508   493
17080509   186
17080510   207
17080511   280
17080512   247
17080513   453
17080514   541
17080515   339
17080516   144
17080517   581
17080518   558
17080519   170
17080520   273
17080521   270
17080522   221
17080523   366
17080600   562
17080601   298
17080602    87
17080603    92
17080604   278
17080605   223
17080606   149
17080607   201
17080608   175
17080609   860
17080610   493
17080611   207
17080612   362
17080613   339
17080614   184
17080615    69
17080616   118
17080617   244
17080618   408
17080619   138
17080620   192
17080621   364
17080622   218
17080623    80
17080700    69
17080701    70
17080702    69
17080703   112
17080704    59
17080705    37
17080706   113
17080707   113
17080708   384
17080709   387
17080710   206
17080711   289
17080712   341
17080713   157
17080714   121
17080715    79
17080716    49
17080717    44
17080718    30
17080719    40
17080720    39
17080721    44
17080722    40
17080723    38
17080800    46
17080801    36
17080802    37
17080803    43
17080804    39
17080805    29
17080806    32
17080807    38
17080808    81
17080809    61
17080810   119
17080811    70
17080812    61
17080813   108
17080814    91
17080815   157
17080816   258
17080817   291
17080818   103
17080819    57
17080820    50
17080821    53
17080822    44
17080823    37
17080900    43
17080901    47
17080902    38
17080903    31
17080904    32
17080905    50
17080906   212
17080907   154
17080908    50
17080909    80
17080910   112
17080911   173
17080912   214
17080913   223
17080914   151
17080915    63
17080916   129
17080917   118
17080918   140
17080919   128
17080920    52
17080921    53
17080922   126
17080923    76
17081000    49
17081001    56
17081002    58
17081003    63
17081004    64
17081005    77
17081006    71
17081007    81
17081008   143
17081009   261
17081010   244
17081011   173
17081012    92
17081013    80
17081014    75
17081015    75
17081016   105
17081017    86
17081018    38
17081019    40
17081020    56
17081021    66
17081022   120
17081023   109
17081100    54
17081101    72
17081102    64
17081103    92
17081104   150
17081105   147
17081106   192
17081107    89
17081108    77
17081109    57
17081110    81
17081111    89
17081112    70
17081113    58
17081114   113
17081115   295
17081116    99
17081117    41
17081118    59
17081119   343
17081120   351
17081121    57
17081122    51
17081123    57
17081200    70
17081201    93
17081202   285
17081203   426
17081204   206
17081205    88
17081206    98
17081207   204
17081208   111
17081209    67
17081210    70
17081211    61
17081212    82
17081213    83
17081214   169
17081215    64
17081216    55
17081217    59
17081218    95
17081219   238
17081220   330
17081221   132
17081222   131
17081223   340
17081300   428
17081301   164
17081302   153
17081303   256
17081304   190
17081305   138
17081306   121
17081307   169
17081308    49
17081309    68
17081310    82
17081311   259
17081312   227
17081313    85
17081314    75
17081315   130
17081316    84
17081317   157
17081318   203
17081319   128
17081320    93
17081321   210
17081322   212
17081323   122
17081400   254
17081401   270
17081402   122
17081403    39
17081404    44
17081405    63
17081406    33
17081407    32
17081408    37
17081409    45
17081410    56
17081411    76
17081412   306
17081413   221
17081414    67
17081415   160
17081416    81
17081417   107
17081418   181
17081419   128
17081420    56
17081421    63
17081422    52
17081423    68
17081500    62
17081501    63
17081502    78
17081503    87
17081504    79
17081505   132
17081506    85
17081507    60
17081508    61
17081509    65
17081510    39
17081511    51
17081512    57
17081513    68
17081514    75
17081515    64
17081516    42
17081517    32
17081518    30
17081519    37
17081520    44
17081521    53
17081522    39
17081523    78
17081600    67
17081601    54
17081602    65
17081603    42
17081604    32
17081605    55
17081606   219
17081607   256
17081608   176
17081609   102
17081610   156
17081611   184
17081612   171
17081613    62
17081614    62
17081615    99
17081616   124
17081617   181
17081618   195
17081619   282
17081620   272
17081621   148
17081622   185
17081623   259
17081700   462
17081701   166
17081702    66
17081703   116
17081704   143
17081705   165
17081706    58
17081707   259
17081708   785
17081709   627
17081710   474
17081711   731
17081712   946
17081713   585
17081714   724
17081715   353
17081716   208
17081717   410
17081718   589
17081719   293
17081720   158
17081721   109
17081722   396
17081723   328
17081800   238
17081801   498
17081802   420
17081803   410
17081804   173
17081805    92
17081806   164
17081807   179
17081808   180
17081809   468
17081810   227
17081811   102
17081812   462
17081813   760
17081814   746
17081815   300
17081816   170
17081817   420
17081818  1090
17081819   734
17081820   282
17081821   303
17081822   245
17081823   272
17081900   447
17081901   911
17081902   519
17081903   253
17081904   180
17081905   457
17081906   815
17081907   536
17081908   931
17081909   476
17081910   163
17081911   476
17081912   637
17081913   318
17081914   197
17081915   425
17081916   832
17081917   344
17081918   363
17081919   226
17081920   306
17081921   713
17081922   648
17081923   649
17082000   666
17082001   819
17082002   780
17082003  1109
17082004   675
17082005   449
17082006   342
17082007   438
17082008   517
17082009   506
17082010   380
17082011   172
17082012   181
17082013    86
17082014   100
17082015   320
17082016   326
17082017   587
17082018   439
17082019   298
17082020   295
17082021   331
17082022   386
17082023   350
17082100   220
17082101   290
17082102   335
17082103   284
17082104   327
17082105   274
17082106   241
17082107   190
17082108   536
17082109   478
17082110   155
17082111    60
17082112   112
17082113    56
17082114    35
17082115    38
17082116    69
17082117   218
17082118   272
17082119   111
17082120    88
17082121   341
17082122   241
17082123   203
17082200   546
17082201   610
17082202   987
17082203   763
17082204   540
17082205   628
17082206   287
17082207   281
17082208   192
17082209   159
17082210   194
17082211   320
17082212   525
17082213   411
17082214   272
17082215   163
17082216   289
17082217   160
17082218   105
17082219    74
17082220   192
17082221   658
17082222   723
17082223   533
17082300   304
17082301   490
17082302   522
17082303   615
17082304   474
17082305   529
17082306   375
17082307   481
17082308   762
17082309   607
17082310   434
17082311   451
17082312   612
17082313   760
17082314  1052
17082315   882
17082316   885
17082317   901
17082318   893
17082319   276
17082320   139
17082321   269
17082322   444
17082323   403
17082400   371
17082401   264
17082402   449
17082403   393
17082404   482
17082405   577
17082406   464
17082407   463
17082408   518
17082409   370
17082410   285
17082411   435
17082412   623
17082413   361
17082414   238
17082415   227
17082416    53
17082417    51
17082418    56
17082419    28
17082420    25
17082421    38
17082422    45
17082423    61
17082500    69
17082501    65
17082502    66
17082503    66
17082504    59
17082505    81
17082506   161
17082507   124
17082508    80
17082509    60
17082510   105
17082511   213
17082512   368
17082513   174
17082514   110
17082515   111
17082516   138
17082517   183
17082518    90
17082519    39
17082520    66
17082521   274
17082522   126
17082523    62
17082600    38
17082601    36
17082602    32
17082603    43
17082604    67
17082605    91
17082606   188
17082607   143
17082608    59
17082609    59
17082610    55
17082611    50
17082612    55
17082613    90
17082614    75
17082615   181
17082616    49
17082617    54
17082618    66
17082619    99
17082620   148
17082621    55
17082622    66
17082623    39
17082700    40
17082701    83
17082702   173
17082703    35
17082704    29
17082705    30
17082706    35
17082707    39
17082708    36
17082709   115
17082710   348
17082711   211
17082712    66
17082713    46
17082714    54
17082715   169
17082716   558
17082717   463
17082718   538
17082719   704
17082720   700
17082721   670
17082722   478
17082723   242
17082800   116
17082801    64
17082802    64
17082803    59
17082804    83
17082805    77
17082806    76
17082807   127
17082808   164
17082809   152
17082810   260
17082811   287
17082812   200
17082813    63
17082814    55
17082815    76
17082816    95
17082817    79
17082818    44
17082819    56
17082820    39
17082821    66
17082822   173
17082823    92
17082900    39
17082901    46
17082902    39
17082903    51
17082904    51
17082905   200
17082906   191
17082907   162
17082908    81
17082909    76
17082910    55
17082911    48
17082912    86
17082913   155
17082914    75
17082915    42
17082916    46
17082917   198
17082918   253
17082919   322
17082920   408
17082921   199
17082922   152
17082923   101
17083000    39
17083001    67
17083002   262
17083003   204
17083004    69
17083005    71
17083006    74
17083007    98
17083008   176
17083009    70
17083010    58
17083011    96
17083012    59
17083013    42
17083014    44
17083015    29
17083016    63
17083017   103
17083018    64
17083019    68
17083020    44
17083021    42
17083022    38
17083023    36
17083100    33
17083101    40
17083102    43
17083103    55
17083104    77
17083105   180
17083106   194
17083107   210
17083108   382
17083109   660
17083110   577
17083111   596
17083112   788
17083113  1031
17083114   807
17083115   439
17083116   317
17083117   256
17083118   364
17083119   539
17083120   259
17083121   446
17083122   375
17083123   295

Sat Ap 1
