17020100   675
17020101   721
17020102   517
17020103   236
17020104   196
17020105   228
17020106   254
17020107   428
17020108   348
17020109   446
17020110   266
17020111   251
17020112   671
17020113   372
17020114   336
17020115   937
17020116   190
17020117   352
17020118   403
17020119   270
17020120   234
17020121   719
17020122   669
17020123   389
17020200   269
17020201   399
17020202   305
17020203   217
17020204   250
17020205   513
17020206   168
17020207   167
17020208   478
17020209   307
17020210   242
17020211   247
17020212   357
17020213   261
17020214   224
17020215   125
17020216   226
17020217   677
17020218   487
17020219   580
17020220   380
17020221   327
17020222   385
17020223   133
17020300   120
17020301   173
17020302   411
17020303   365
17020304   246
17020305   134
17020306   237
17020307   646
17020308   468
17020309   324
17020310   255
17020311    79
17020312   297
17020313   116
17020314   101
17020315   450
17020316   438
17020317   216
17020318   255
17020319   280
17020320   331
17020321   317
17020322   303
17020323   182
17020400   236
17020401   129
17020402    33
17020403    87
17020404   149
17020405   275
17020406   160
17020407   116
17020408   291
17020409   183
17020410    80
17020411   102
17020412   200
17020413   152
17020414   144
17020415   188
17020416   220
17020417   146
17020418   209
17020419   208
17020420   205
17020421   216
17020422   315
17020423   481
17020500   410
17020501   525
17020502   326
17020503   254
17020504   194
17020505   182
17020506   156
17020507   119
17020508   120
17020509    77
17020510    63
17020511   347
17020512   453
17020513   205
17020514    89
17020515   191
17020516   387
17020517   586
17020518   502
17020519   288
17020520   102
17020521    63
17020522   101
17020523   155
17020600   143
17020601   341
17020602   248
17020603   197
17020604   154
17020605    81
17020606    51
17020607   105
17020608    86
17020609    39
17020610    82
17020611   120
17020612   419
17020613   229
17020614   177
17020615   370
17020616   423
17020617   408
17020618   371
17020619   233
17020620   113
17020621    53
17020622   256
17020623   420
17020700   310
17020701   155
17020702   173
17020703   153
17020704   119
17020705    88
17020706    68
17020707    60
17020708    38
17020709    36
17020710    62
17020711   214
17020712    94
17020713   102
17020714   261
17020715   164
17020716    86
17020717   148
17020718   185
17020719   296
17020720    68
17020721    33
17020722    46
17020723   115
17020800    52
17020801    42
17020802    31
17020803    29
17020804    25
17020805    24
17020806    27
17020807    55
17020808    37
17020809    98
17020810   145
17020811    88
17020812    55
17020813    71
17020814   168
17020815   172
17020816    59
17020817    37
17020818    23
17020819    31
17020820    40
17020821    26
17020822    25
17020823    52
17020900    59
17020901    36
17020902    58
17020903    51
17020904    72
17020905    76
17020906    53
17020907    74
17020908    90
17020909   111
17020910   114
17020911    95
17020912    75
17020913    40
17020914    47
17020915    37
17020916    92
17020917   298
17020918   108
17020919   125
17020920   124
17020921   207
17020922   196
17020923    59
17021000   103
17021001   148
17021002    98
17021003    56
17021004    36
17021005    51
17021006    86
17021007   115
17021008    65
17021009    80
17021010   278
17021011   165
17021012   128
17021013   215
17021014   320
17021015   302
17021016   127
17021017   231
17021018   169
17021019   105
17021020    77
17021021   102
17021022   185
17021023   208
17021100    76
17021101    68
17021102   116
17021103    56
17021104    86
17021105   113
17021106    53
17021107    56
17021108    51
17021109    46
17021110   106
17021111    47
17021112    21
17021113    20
17021114    19
17021115    40
17021116    98
17021117    81
17021118    45
17021119    45
17021120    36
17021121    29
17021122    37
17021123    18
17021200    16
17021201    24
17021202    13
17021203    15
17021204    19
17021205    24
17021206    29
17021207    53
17021208    70
17021209    82
17021210    57
17021211    84
17021212    74
17021213    83
17021214    98
17021215    68
17021216    60
17021217   138
17021218   187
17021219    51
17021220    54
17021221    44
17021222    32
17021223    36
17021300    48
17021301   110
17021302    91
17021303    84
17021304    65
17021305    39
17021306    25
17021307    33
17021308    20
17021309    46
17021310   106
17021311    90
17021312    91
17021313    42
17021314    29
17021315    36
17021316    51
17021317   374
17021318   250
17021319   112
17021320    53
17021321    71
17021322    71
17021323    32
17021400    19
17021401    27
17021402    20
17021403    32
17021404    31
17021405    49
17021406    35
17021407    27
17021408    15
17021409    13
17021410    15
17021411    26
17021412    32
17021413    42
17021414    50
17021415    42
17021416    33
17021417    23
17021418    35
17021419    20
17021420    21
17021421    41
17021422    41
17021423    16
17021500    23
17021501    20
17021502    13
17021503    13
17021504    15
17021505    24
17021506    44
17021507    88
17021508   102
17021509   115
17021510    42
17021511    51
17021512    76
17021513    44
17021514    27
17021515    31
17021516    49
17021517    96
17021518   250
17021519   226
17021520    74
17021521    34
17021522    47
17021523    40
17021600    25
17021601    17
17021602    14
17021603    36
17021604    45
17021605   178
17021606   249
17021607   163
17021608    57
17021609    38
17021610    29
17021611    33
17021612   182
17021613   294
17021614   577
17021615   748
17021616   243
17021617    66
17021618    83
17021619   139
17021620    52
17021621   113
17021622    79
17021623    58
17021700    26
17021701    74
17021702    82
17021703   112
17021704   443
17021705   501
17021706   310
17021707   154
17021708   632
17021709   805
17021710   359
17021711   352
17021712   340
17021713   243
17021714   278
17021715   677
17021716   522
17021717   571
17021718   242
17021719   111
17021720   211
17021721   458
17021722   184
17021723   475
17021800   633
17021801   589
17021802   615
17021803   434
17021804   567
17021805   260
17021806   157
17021807   102
17021808    82
17021809   115
17021810   149
17021811   145
17021812    99
17021813   109
17021814    79
17021815    67
17021816   144
17021817   139
17021818   191
17021819   524
17021820   147
17021821    54
17021822   167
17021823   358
17021900   304
17021901    82
17021902    65
17021903   168
17021904   303
17021905   348
17021906   203
17021907   109
17021908    96
17021909    77
17021910    65
17021911    86
17021912    73
17021913   132
17021914   178
17021915   251
17021916   264
17021917   368
17021918   458
17021919   241
17021920    85
17021921    41
17021922    28
17021923    27
17022000    28
17022001    39
17022002    39
17022003    82
17022004   194
17022005   176
17022006   116
17022007    90
17022008   158
17022009   145
17022010    58
17022011    39
17022012    37
17022013    75
17022014   217
17022015   187
17022016   366
17022017   290
17022018   267
17022019   327
17022020   165
17022021    61
17022022    48
17022023    90
17022100    86
17022101    39
17022102    27
17022103    53
17022104    60
17022105   121
17022106    46
17022107    52
17022108    65
17022109    37
17022110    32
17022111    20
17022112    21
17022113    33
17022114    35
17022115    34
17022116    34
17022117    28
17022118    23
17022119    19
17022120    16
17022121    20
17022122    39
17022123   143
17022200   315
17022201   274
17022202   159
17022203   155
17022204   207
17022205   354
17022206   214
17022207   169
17022208   240
17022209   280
17022210   572
17022211   327
17022212   164
17022213    64
17022214    41
17022215    33
17022216   154
17022217   269
17022218    80
17022219    34
17022220    80
17022221   159
17022222    45
17022223    30
17022300    40
17022301    63
17022302    90
17022303    94
17022304   156
17022305   172
17022306   125
17022307    95
17022308   146
17022309   206
17022310    41
17022311    51
17022312   236
17022313   192
17022314   102
17022315    81
17022316   561
17022317   554
17022318   203
17022319   125
17022320   130
17022321   201
17022322   173
17022323   266
17022400   792
17022401   426
17022402   371
17022403   280
17022404   305
17022405   352
17022406   247
17022407   121
17022408   116
17022409   556
17022410   654
17022411   491
17022412   279
17022413   439
17022414   433
17022415   133
17022416   133
17022417   282
17022418    92
17022419    53
17022420    89
17022421   105
17022422   113
17022423   271
17022500   189
17022501   122
17022502   200
17022503   217
17022504   211
17022505   149
17022506    83
17022507   121
17022508   218
17022509   122
17022510   140
17022511   103
17022512    98
17022513    88
17022514    77
17022515    42
17022516    46
17022517    57
17022518    62
17022519    29
17022520    35
17022521   106
17022522    62
17022523    77
17022600    33
17022601    27
17022602    24
17022603    22
17022604    26
17022605    32
17022606    28
17022607    28
17022608    29
17022609    25
17022610    23
17022611    62
17022612    82
17022613    30
17022614    27
17022615    31
17022616    25
17022617    26
17022618    54
17022619    43
17022620    24
17022621    27
17022622    31
17022623    29
17022700    26
17022701    23
17022702    26
17022703    41
17022704    56
17022705    67
17022706    87
17022707    71
17022708   132
17022709   127
17022710    99
17022711   295
17022712   275
17022713    81
17022714    36
17022715    37
17022716   101
17022717    90
17022718   144
17022719   273
17022720   536
17022721   404
17022722   187
17022723   169
17022800   138
17022801   168
17022802   266
17022803   148
17022804    71
17022805    63
17022806    48
17022807    89
17022808    73
17022809    32
17022810    28
17022811    84
17022812   188
17022813   124
17022814   139
17022815    93
17022816   117
17022817   156
17022818   438
17022819   421
17022820   356
17022821   165
17022822   120
17022823   204

Fri Ap 1
