17120100    91
17120101    37
17120102    46
17120103    96
17120104   168
17120105   155
17120106   115
17120107    31
17120108    64
17120109    19
17120110    15
17120111    44
17120112   234
17120113   159
17120114   129
17120115    94
17120116   332
17120117   222
17120118   206
17120119   155
17120120    53
17120121    38
17120122    35
17120123    37
17120200    37
17120201    33
17120202    27
17120203    34
17120204    35
17120205    42
17120206   104
17120207    90
17120208    53
17120209    28
17120210    22
17120211    20
17120212    16
17120213    25
17120214    58
17120215   143
17120216   334
17120217    89
17120218    39
17120219    79
17120220    76
17120221    33
17120222    29
17120223    34
17120300    24
17120301    24
17120302    19
17120303    20
17120304    22
17120305    25
17120306    29
17120307    34
17120308    28
17120309    22
17120310    55
17120311    61
17120312    55
17120313    43
17120314    22
17120315    26
17120316    30
17120317    21
17120318    21
17120319    19
17120320    24
17120321   123
17120322    82
17120323    13
17120400    17
17120401    18
17120402    21
17120403    27
17120404    32
17120405    38
17120406    87
17120407   114
17120408    47
17120409    79
17120410   181
17120411    89
17120412   191
17120413   466
17120414   342
17120415   145
17120416   321
17120417   492
17120418   601
17120419   620
17120420   554
17120421   442
17120422   292
17120423   124
17120500   318
17120501   421
17120502   438
17120503   322
17120504   241
17120505   191
17120506   415
17120507   641
17120508   363
17120509   719
17120510   910
17120511   729
17120512   228
17120513   489
17120514   855
17120515   276
17120516   583
17120517   745
17120518   527
17120519   492
17120520   172
17120521   357
17120522   455
17120523   164
17120600   107
17120601   123
17120602   285
17120603   143
17120604   157
17120605   422
17120606   287
17120607   193
17120608   330
17120609   311
17120610   330
17120611   342
17120612   287
17120613   189
17120614   318
17120615   441
17120616   307
17120617   246
17120618   271
17120619   215
17120620   100
17120621    72
17120622    77
17120623   147
17120700   108
17120701    61
17120702    53
17120703    42
17120704    58
17120705   165
17120706   267
17120707   198
17120708    61
17120709    29
17120710    30
17120711    47
17120712   144
17120713   491
17120714   666
17120715   220
17120716   150
17120717   170
17120718   250
17120719   102
17120720   197
17120721   288
17120722   132
17120723    64
17120800    61
17120801    54
17120802    57
17120803    51
17120804    79
17120805    56
17120806   142
17120807   203
17120808   113
17120809    53
17120810    68
17120811   193
17120812   320
17120813    81
17120814    61
17120815    98
17120816    79
17120817    47
17120818    38
17120819    30
17120820    42
17120821    85
17120822    94
17120823    72
17120900    55
17120901    75
17120902    54
17120903    53
17120904    38
17120905    31
17120906    49
17120907    56
17120908    28
17120909    50
17120910    47
17120911    22
17120912    27
17120913   210
17120914   131
17120915   110
17120916    66
17120917    93
17120918   137
17120919    62
17120920    68
17120921    31
17120922    25
17120923    27
17121000    25
17121001    25
17121002    23
17121003    19
17121004    20
17121005    22
17121006    46
17121007    76
17121008    29
17121009    18
17121010    15
17121011    23
17121012   183
17121013   132
17121014   146
17121015   143
17121016   174
17121017   182
17121018   108
17121019    72
17121020    49
17121021    43
17121022    96
17121023    95
17121100    59
17121101    54
17121102    61
17121103   154
17121104   101
17121105    58
17121106    85
17121107   200
17121108   344
17121109   272
17121110   353
17121111   316
17121112   584
17121113   231
17121114    61
17121115   174
17121116   371
17121117   308
17121118   181
17121119   228
17121120   266
17121121    36
17121122    43
17121123    80
17121200   163
17121201   175
17121202   168
17121203   201
17121204   259
17121205   265
17121206   331
17121207   342
17121208   221
17121209   292
17121210   141
17121211   248
17121212   225
17121213    63
17121214    42
17121215    62
17121216   106
17121217   363
17121218   826
17121219   540
17121220   528
17121221   401
17121222   101
17121223    45
17121300    44
17121301    53
17121302    58
17121303    47
17121304    38
17121305    34
17121306    36
17121307    66
17121308   148
17121309    79
17121310    62
17121311   264
17121312   327
17121313   223
17121314   137
17121315   278
17121316   233
17121317    91
17121318   240
17121319   224
17121320    85
17121321    72
17121322    74
17121323   200
17121400   218
17121401   125
17121402    54
17121403    36
17121404    30
17121405    26
17121406    29
17121407    47
17121408    63
17121409    53
17121410    67
17121411   112
17121412   151
17121413    52
17121414    29
17121415    29
17121416    27
17121417    22
17121418    36
17121419    67
17121420    92
17121421    72
17121422    34
17121423    31
17121500    34
17121501    32
17121502    30
17121503    27
17121504    32
17121505    27
17121506    34
17121507    28
17121508    67
17121509    61
17121510    61
17121511    52
17121512    50
17121513   134
17121514   160
17121515    88
17121516    32
17121517    16
17121518    16
17121519    77
17121520   101
17121521    52
17121522    24
17121523    25
17121600    22
17121601    22
17121602    19
17121603    28
17121604    17
17121605    17
17121606    28
17121607    22
17121608    41
17121609    25
17121610   111
17121611   179
17121612   134
17121613    73
17121614    72
17121615   124
17121616    92
17121617    48
17121618    29
17121619    28
17121620    35
17121621    45
17121622    58
17121623    55
17121700    29
17121701    71
17121702   169
17121703   125
17121704    57
17121705   190
17121706   556
17121707   336
17121708   278
17121709   174
17121710   237
17121711   461
17121712   249
17121713   235
17121714   450
17121715   689
17121716   428
17121717   462
17121718   517
17121719   845
17121720   611
17121721   251
17121722   307
17121723   578
17121800   344
17121801   259
17121802   397
17121803   235
17121804   215
17121805   347
17121806   257
17121807   374
17121808   714
17121809   345
17121810   247
17121811   199
17121812   256
17121813   433
17121814   106
17121815    32
17121816   144
17121817   346
17121818   256
17121819   134
17121820    55
17121821    52
17121822    33
17121823    28
17121900    49
17121901    51
17121902    41
17121903    46
17121904    43
17121905    33
17121906    26
17121907    32
17121908    26
17121909    20
17121910    41
17121911    36
17121912    38
17121913    44
17121914    61
17121915   123
17121916    71
17121917   159
17121918   277
17121919   414
17121920   252
17121921   108
17121922   282
17121923   280
17122000   161
17122001    91
17122002    87
17122003   108
17122004   116
17122005   128
17122006    94
17122007   148
17122008   131
17122009   127
17122010   282
17122011   271
17122012   116
17122013    40
17122014    41
17122015    69
17122016    95
17122017   136
17122018   200
17122019    44
17122020    37
17122021    29
17122022    33
17122023    25
17122100    27
17122101    28
17122102    27
17122103    27
17122104    28
17122105    89
17122106   154
17122107   115
17122108    72
17122109    96
17122110   113
17122111   330
17122112   169
17122113    73
17122114    60
17122115    35
17122116    36
17122117    43
17122118    28
17122119    33
17122120    31
17122121    19
17122122    21
17122123    18
17122200    18
17122201    20
17122202    22
17122203    22
17122204    21
17122205    31
17122206    48
17122207    32
17122208    26
17122209    20
17122210    17
17122211    31
17122212   134
17122213    79
17122214    44
17122215    39
17122216    31
17122217    29
17122218    21
17122219    18
17122220    19
17122221    59
17122222    66
17122223    24
17122300    55
17122301    42
17122302    51
17122303    67
17122304   203
17122305   169
17122306   188
17122307   213
17122308   119
17122309    68
17122310    98
17122311   181
17122312   211
17122313    51
17122314    30
17122315    30
17122316    25
17122317    25
17122318    25
17122319    36
17122320    89
17122321    43
17122322    30
17122323    27
17122400    27
17122401    41
17122402    66
17122403    73
17122404    86
17122405    80
17122406    52
17122407    94
17122408    74
17122409    59
17122410   138
17122411   292
17122412   257
17122413   247
17122414   235
17122415   579
17122416   235
17122417    69
17122418   178
17122419   274
17122420   388
17122421   292
17122422   168
17122423   404
17122500   218
17122501   113
17122502    42
17122503    31
17122504    54
17122505    57
17122506    66
17122507    60
17122508   192
17122509   406
17122510   178
17122511   127
17122512    62
17122513    56
17122514    46
17122515   112
17122516   246
17122517   540
17122518   417
17122519   356
17122520   355
17122521   318
17122522   351
17122523   545
17122600   338
17122601   297
17122602   207
17122603   221
17122604   209
17122605   121
17122606    56
17122607    48
17122608    57
17122609    37
17122610   144
17122611   171
17122612    75
17122613    56
17122614    70
17122615   109
17122616   140
17122617   202
17122618   267
17122619   555
17122620   556
17122621   150
17122622   269
17122623   244
17122700   122
17122701   122
17122702   116
17122703   161
17122704   174
17122705   142
17122706    77
17122707    34
17122708    93
17122709    61
17122710   189
17122711   110
17122712    64
17122713    78
17122714   107
17122715   371
17122716   168
17122717   102
17122718   248
17122719   215
17122720   192
17122721   404
17122722   194
17122723    86
17122800    61
17122801    69
17122802    38
17122803    54
17122804    65
17122805    84
17122806   109
17122807    94
17122808    33
17122809   146
17122810    93
17122811   114
17122812   106
17122813    49
17122814    31
17122815    89
17122816   187
17122817    48
17122818    54
17122819    73
17122820    82
17122821   155
17122822    70
17122823    47
17122900    43
17122901    39
17122902    44
17122903    52
17122904    34
17122905    42
17122906    31
17122907    35
17122908    38
17122909    39
17122910    47
17122911    51
17122912    53
17122913    60
17122914   110
17122915    48
17122916    51
17122917    93
17122918    63
17122919   218
17122920    92
17122921    42
17122922    35
17122923    26
17123000    48
17123001    31
17123002    28
17123003    54
17123004    45
17123005    30
17123006    25
17123007    31
17123008    20
17123009    25
17123010    20
17123011    32
17123012    60
17123013   124
17123014   170
17123015   181
17123016   154
17123017   108
17123018   162
17123019   231
17123020   123
17123021   115
17123022   130
17123023    78
17123100    45
17123101    39
17123102    32
17123103    37
17123104    38
17123105    52
17123106    43
17123107    23
17123108    26
17123109    23
17123110    18
17123111    20
17123112    15
17123113    74
17123114   118
17123115   119
17123116   111
17123117    85
17123118    66
17123119    55
17123120    28
17123121   131
17123122   283
17123123   253

Sat Ap 1
