17040100   409
17040101   278
17040102   140
17040103   185
17040104   267
17040105   341
17040106   549
17040107   509
17040108   533
17040109   392
17040110   270
17040111   419
17040112   225
17040113   423
17040114   448
17040115   721
17040116   456
17040117   127
17040118   379
17040119   283
17040120   246
17040121   150
17040122    97
17040123   192
17040200   168
17040201   171
17040202   104
17040203   150
17040204   223
17040205   241
17040206   149
17040207   192
17040208   125
17040209    38
17040210    33
17040211    38
17040212   172
17040213   194
17040214   322
17040215   309
17040216   192
17040217   403
17040218   107
17040219    59
17040220    49
17040221    30
17040222    35
17040223    33
17040300    36
17040301    42
17040302    39
17040303    38
17040304    47
17040305    25
17040306    27
17040307    31
17040308    37
17040309    84
17040310   187
17040311   262
17040312   271
17040313   228
17040314   151
17040315   159
17040316   231
17040317   156
17040318   112
17040319    85
17040320    44
17040321    28
17040322    56
17040323    76
17040400    98
17040401   211
17040402   235
17040403   347
17040404   302
17040405   457
17040406   689
17040407   873
17040408   757
17040409   614
17040410   643
17040411   393
17040412   129
17040413   184
17040414    79
17040415    34
17040416    53
17040417    47
17040418    41
17040419    25
17040420    33
17040421    40
17040422    45
17040423    50
17040500    33
17040501    29
17040502    23
17040503    28
17040504    27
17040505    63
17040506   352
17040507   146
17040508    62
17040509    40
17040510    38
17040511    48
17040512    66
17040513    48
17040514    59
17040515    49
17040516    71
17040517   288
17040518    73
17040519    40
17040520    49
17040521    83
17040522   246
17040523    92
17040600    48
17040601    40
17040602    33
17040603    32
17040604    30
17040605    36
17040606    69
17040607    40
17040608    50
17040609    80
17040610   133
17040611   279
17040612   374
17040613   483
17040614   501
17040615   523
17040616   330
17040617    69
17040618    83
17040619   103
17040620    51
17040621    44
17040622    57
17040623    81
17040700   266
17040701   230
17040702   120
17040703    83
17040704   122
17040705   115
17040706    69
17040707   153
17040708   191
17040709   145
17040710   183
17040711   148
17040712    55
17040713    40
17040714    63
17040715    84
17040716    85
17040717    43
17040718   106
17040719   140
17040720   304
17040721   411
17040722   358
17040723   479
17040800   293
17040801   173
17040802   259
17040803   392
17040804   304
17040805   192
17040806   331
17040807   582
17040808   567
17040809   632
17040810   184
17040811    88
17040812    53
17040813    88
17040814   120
17040815   193
17040816   283
17040817   183
17040818   160
17040819    77
17040820   180
17040821   495
17040822   570
17040823   783
17040900   612
17040901   671
17040902   649
17040903   714
17040904   734
17040905   475
17040906   311
17040907   485
17040908   504
17040909   576
17040910   626
17040911   361
17040912   479
17040913   321
17040914   350
17040915   387
17040916   345
17040917   131
17040918    67
17040919    39
17040920    28
17040921    52
17040922    41
17040923    28
17041000    33
17041001    39
17041002    30
17041003    25
17041004    21
17041005    29
17041006    33
17041007    35
17041008    38
17041009    47
17041010    46
17041011    44
17041012    56
17041013    63
17041014    54
17041015    46
17041016    44
17041017    75
17041018    52
17041019    39
17041020    40
17041021    36
17041022    30
17041023    36
17041100    42
17041101    45
17041102    43
17041103    38
17041104    56
17041105   109
17041106   191
17041107   298
17041108   369
17041109   397
17041110   605
17041111   373
17041112   148
17041113   134
17041114   143
17041115   141
17041116    83
17041117   301
17041118   522
17041119   572
17041120   105
17041121    40
17041122   167
17041123   184
17041200   203
17041201   317
17041202   332
17041203   132
17041204   155
17041205   342
17041206   194
17041207   150
17041208   138
17041209   161
17041210    93
17041211   123
17041212   128
17041213   157
17041214   161
17041215    85
17041216    38
17041217    34
17041218    37
17041219    27
17041220    27
17041221    25
17041222    32
17041223    34
17041300    41
17041301    44
17041302    48
17041303    51
17041304    59
17041305   125
17041306    82
17041307    40
17041308    41
17041309    38
17041310    42
17041311    40
17041312    44
17041313    95
17041314   111
17041315   194
17041316   240
17041317   247
17041318    88
17041319   210
17041320   119
17041321    41
17041322    58
17041323    79
17041400   298
17041401   467
17041402   391
17041403   396
17041404   346
17041405   419
17041406   253
17041407   126
17041408   298
17041409   357
17041410   500
17041411   612
17041412   618
17041413   500
17041414   472
17041415   479
17041416   582
17041417   526
17041418   579
17041419   517
17041420   585
17041421   436
17041422   486
17041423   444
17041500   362
17041501   274
17041502   363
17041503   297
17041504   208
17041505   179
17041506   243
17041507    99
17041508    68
17041509    47
17041510    33
17041511    33
17041512    42
17041513    44
17041514    94
17041515    63
17041516   206
17041517   191
17041518   140
17041519    73
17041520    48
17041521    29
17041522    33
17041523    74
17041600    71
17041601    63
17041602    89
17041603    74
17041604    60
17041605    47
17041606   110
17041607   162
17041608   209
17041609   222
17041610    77
17041611    46
17041612    38
17041613    35
17041614    33
17041615    41
17041616    27
17041617    35
17041618    56
17041619   157
17041620   106
17041621   139
17041622    58
17041623    38
17041700    40
17041701    41
17041702    46
17041703    64
17041704    58
17041705    61
17041706   108
17041707   217
17041708   203
17041709    74
17041710    41
17041711    49
17041712    89
17041713    52
17041714    94
17041715    60
17041716    98
17041717    35
17041718    30
17041719    36
17041720    38
17041721    33
17041722    47
17041723    44
17041800   113
17041801    65
17041802    24
17041803    24
17041804    25
17041805    39
17041806    47
17041807    51
17041808    52
17041809    44
17041810    71
17041811   205
17041812   382
17041813   163
17041814    51
17041815    40
17041816    27
17041817    29
17041818    33
17041819    54
17041820    82
17041821    62
17041822    73
17041823   175
17041900   178
17041901   120
17041902   278
17041903   461
17041904   420
17041905   701
17041906   428
17041907   194
17041908   183
17041909   163
17041910    71
17041911    43
17041912    38
17041913    45
17041914    56
17041915   104
17041916   145
17041917   128
17041918   155
17041919   120
17041920   307
17041921   187
17041922    80
17041923   103
17042000   360
17042001   638
17042002   664
17042003  1009
17042004   814
17042005   412
17042006   556
17042007   659
17042008   212
17042009   458
17042010   863
17042011   460
17042012   566
17042013   354
17042014    91
17042015    50
17042016   146
17042017   270
17042018   365
17042019   292
17042020   115
17042021   271
17042022   190
17042023    48
17042100    30
17042101    34
17042102    28
17042103    39
17042104    48
17042105    68
17042106   109
17042107    88
17042108    51
17042109    47
17042110    40
17042111    36
17042112   100
17042113   256
17042114   532
17042115   413
17042116   420
17042117   397
17042118   584
17042119   723
17042120   718
17042121   775
17042122   598
17042123   518
17042200   401
17042201   217
17042202   786
17042203   706
17042204   782
17042205   495
17042206   446
17042207   864
17042208   776
17042209   971
17042210   712
17042211   391
17042212   262
17042213   883
17042214  1043
17042215   971
17042216   894
17042217   438
17042218   499
17042219   532
17042220   398
17042221   422
17042222   830
17042223   825
17042300   433
17042301   179
17042302   300
17042303   460
17042304   690
17042305   534
17042306   479
17042307   780
17042308   847
17042309   657
17042310   290
17042311   216
17042312   468
17042313   830
17042314   833
17042315   810
17042316   916
17042317   532
17042318   435
17042319   672
17042320   513
17042321   583
17042322   647
17042323   405
17042400   562
17042401   534
17042402   468
17042403   662
17042404   567
17042405   325
17042406   547
17042407   571
17042408   467
17042409   721
17042410   509
17042411   313
17042412   301
17042413   174
17042414   340
17042415   365
17042416   454
17042417   751
17042418   696
17042419   484
17042420   380
17042421   369
17042422   274
17042423   351
17042500   537
17042501   505
17042502   462
17042503   354
17042504   162
17042505   247
17042506   262
17042507   264
17042508   363
17042509   444
17042510   274
17042511   399
17042512   462
17042513   445
17042514   263
17042515   268
17042516   155
17042517   347
17042518   510
17042519   261
17042520   108
17042521   203
17042522   309
17042523   340
17042600   351
17042601   294
17042602   209
17042603   113
17042604   175
17042605   131
17042606   100
17042607   371
17042608   375
17042609   135
17042610   129
17042611   178
17042612   245
17042613   276
17042614   271
17042615   101
17042616   237
17042617   350
17042618   572
17042619   445
17042620   396
17042621    98
17042622    66
17042623   247
17042700   250
17042701   110
17042702    60
17042703    87
17042704   124
17042705   298
17042706   372
17042707   245
17042708   291
17042709    71
17042710    44
17042711    40
17042712    99
17042713   137
17042714    73
17042715    29
17042716    29
17042717    71
17042718   208
17042719   216
17042720    74
17042721    56
17042722    43
17042723   100
17042800    75
17042801    56
17042802    36
17042803    45
17042804    84
17042805   200
17042806   179
17042807   166
17042808   155
17042809   118
17042810    78
17042811    56
17042812    62
17042813   100
17042814   212
17042815    98
17042816   199
17042817   227
17042818   133
17042819   171
17042820   160
17042821   232
17042822   410
17042823   380
17042900   216
17042901   118
17042902   122
17042903    82
17042904    37
17042905    51
17042906   132
17042907   246
17042908   396
17042909   310
17042910   189
17042911   111
17042912   165
17042913    28
17042914    26
17042915    26
17042916    38
17042917    63
17042918   197
17042919   215
17042920   284
17042921   436
17042922   354
17042923   228
17043000   222
17043001   255
17043002    91
17043003    48
17043004    57
17043005    99
17043006   134
17043007   199
17043008   185
17043009   208
17043010   163
17043011    64
17043012    51
17043013    43
17043014    36
17043015    32
17043016    43
17043017   100
17043018   172
17043019   185
17043020    79
17043021    37
17043022   152
17043023   374

Fri Ap 1
