17050100   164
17050101    63
17050102    62
17050103    83
17050104   106
17050105    87
17050106    43
17050107    42
17050108    38
17050109    34
17050110    48
17050111    47
17050112    36
17050113    41
17050114    40
17050115    40
17050116    42
17050117    52
17050118    67
17050119    72
17050120    49
17050121   227
17050122    53
17050123    53
17050200    47
17050201    43
17050202    44
17050203   102
17050204   130
17050205    70
17050206    64
17050207    60
17050208    33
17050209    42
17050210    55
17050211    46
17050212    45
17050213    40
17050214    34
17050215    33
17050216    51
17050217    63
17050218    33
17050219    32
17050220    23
17050221    40
17050222    53
17050223    72
17050300    53
17050301    48
17050302    47
17050303    39
17050304    39
17050305    43
17050306    43
17050307   116
17050308    70
17050309    46
17050310   111
17050311   222
17050312   137
17050313    47
17050314    49
17050315    45
17050316    58
17050317   106
17050318    45
17050319    26
17050320    35
17050321    35
17050322    38
17050323    43
17050400    44
17050401    49
17050402    48
17050403    76
17050404   137
17050405    82
17050406    87
17050407    91
17050408    85
17050409    58
17050410    43
17050411    36
17050412    40
17050413    79
17050414    59
17050415    47
17050416    25
17050417    23
17050418    31
17050419    68
17050420    34
17050421    49
17050422   115
17050423   244
17050500   183
17050501    98
17050502    45
17050503    52
17050504    52
17050505    40
17050506    43
17050507    41
17050508    36
17050509    41
17050510    42
17050511    42
17050512    42
17050513    32
17050514    20
17050515    20
17050516    23
17050517    24
17050518    24
17050519    35
17050520    39
17050521    42
17050522    42
17050523    48
17050600    47
17050601    46
17050602    39
17050603    31
17050604    28
17050605    41
17050606    45
17050607    40
17050608    46
17050609    52
17050610    47
17050611    51
17050612    49
17050613    47
17050614    40
17050615    29
17050616    37
17050617    35
17050618    40
17050619    40
17050620    46
17050621    57
17050622    61
17050623    49
17050700    52
17050701    61
17050702   122
17050703   277
17050704   246
17050705   147
17050706   176
17050707   264
17050708   563
17050709   213
17050710   239
17050711   177
17050712    73
17050713    63
17050714    75
17050715   160
17050716   274
17050717   303
17050718   278
17050719   443
17050720   229
17050721    59
17050722   134
17050723   208
17050800   140
17050801   186
17050802    67
17050803    30
17050804    71
17050805   131
17050806   224
17050807   247
17050808   243
17050809    83
17050810    50
17050811    51
17050812    59
17050813    56
17050814    37
17050815    60
17050816    69
17050817   129
17050818   185
17050819    99
17050820   117
17050821    47
17050822    58
17050823   123
17050900   152
17050901    80
17050902    73
17050903   116
17050904   122
17050905   140
17050906   114
17050907   118
17050908    52
17050909    60
17050910    61
17050911    62
17050912    54
17050913    63
17050914    74
17050915    77
17050916    68
17050917    39
17050918    46
17050919    55
17050920   108
17050921    92
17050922    52
17050923    52
17051000    47
17051001    65
17051002   112
17051003    95
17051004    72
17051005    53
17051006    49
17051007    48
17051008    40
17051009    46
17051010    52
17051011    41
17051012    43
17051013    48
17051014    74
17051015    66
17051016    73
17051017    40
17051018    31
17051019    33
17051020    35
17051021    49
17051022   133
17051023   103
17051100    46
17051101    46
17051102    42
17051103    78
17051104   168
17051105   134
17051106    63
17051107    63
17051108    88
17051109    69
17051110    50
17051111    42
17051112    50
17051113    44
17051114    60
17051115    44
17051116    29
17051117    26
17051118    25
17051119    27
17051120    28
17051121    38
17051122    54
17051123    44
17051200    48
17051201    55
17051202    53
17051203    49
17051204    53
17051205    78
17051206   136
17051207   144
17051208   166
17051209   207
17051210   138
17051211   226
17051212    58
17051213    54
17051214    59
17051215    32
17051216    37
17051217    77
17051218    81
17051219   111
17051220   116
17051221   115
17051222   115
17051223    66
17051300    55
17051301    60
17051302    62
17051303    75
17051304   195
17051305   181
17051306    74
17051307    70
17051308    79
17051309    81
17051310    61
17051311    48
17051312    60
17051313    67
17051314    93
17051315   111
17051316    83
17051317    55
17051318    41
17051319    31
17051320    46
17051321    64
17051322    43
17051323    47
17051400    45
17051401    42
17051402    51
17051403    52
17051404    62
17051405    71
17051406    77
17051407    80
17051408   115
17051409   267
17051410   189
17051411    88
17051412   115
17051413   184
17051414   229
17051415   219
17051416   133
17051417    55
17051418    56
17051419    32
17051420    49
17051421    32
17051422    54
17051423    49
17051500    53
17051501    49
17051502    46
17051503    48
17051504    47
17051505    65
17051506    95
17051507   105
17051508   132
17051509   384
17051510   293
17051511   361
17051512    90
17051513    95
17051514    63
17051515   101
17051516    92
17051517   108
17051518    58
17051519   139
17051520   456
17051521   313
17051522   109
17051523    52
17051600    51
17051601    85
17051602   328
17051603   278
17051604   144
17051605   145
17051606   256
17051607   204
17051608   150
17051609    96
17051610   160
17051611   275
17051612   155
17051613   234
17051614   344
17051615   136
17051616    90
17051617   112
17051618    85
17051619    78
17051620    35
17051621    47
17051622    49
17051623    56
17051700    70
17051701    79
17051702   145
17051703   100
17051704   112
17051705    70
17051706   185
17051707   535
17051708   716
17051709   377
17051710   522
17051711   556
17051712   345
17051713   120
17051714    77
17051715    57
17051716    92
17051717   204
17051718   257
17051719   185
17051720   119
17051721    80
17051722   208
17051723   440
17051800   355
17051801   557
17051802   262
17051803   511
17051804   770
17051805   626
17051806   414
17051807   328
17051808    67
17051809    97
17051810   116
17051811    50
17051812    52
17051813    43
17051814    36
17051815    42
17051816    39
17051817    43
17051818    49
17051819    66
17051820    35
17051821    35
17051822    35
17051823    37
17051900    38
17051901    63
17051902   129
17051903   115
17051904    90
17051905    78
17051906    87
17051907   117
17051908   134
17051909   160
17051910    62
17051911    77
17051912   136
17051913   326
17051914   419
17051915   748
17051916   732
17051917   551
17051918   639
17051919   661
17051920   552
17051921   245
17051922   163
17051923   270
17052000   421
17052001   633
17052002   623
17052003   686
17052004   556
17052005   646
17052006   620
17052007   761
17052008   511
17052009   692
17052010   588
17052011   356
17052012   426
17052013   704
17052014   557
17052015   521
17052016   836
17052017   518
17052018   348
17052019   260
17052020   258
17052021   180
17052022   362
17052023   555
17052100   426
17052101   256
17052102   318
17052103   457
17052104   331
17052105   421
17052106   470
17052107   342
17052108   315
17052109   276
17052110   331
17052111   295
17052112   136
17052113    94
17052114   104
17052115   120
17052116   117
17052117   110
17052118   100
17052119   232
17052120   421
17052121   320
17052122   185
17052123   224
17052200   238
17052201   258
17052202   164
17052203   261
17052204   268
17052205   137
17052206    62
17052207   143
17052208   211
17052209   296
17052210   439
17052211   338
17052212   352
17052213   300
17052214   374
17052215   382
17052216   370
17052217   522
17052218   346
17052219   314
17052220   487
17052221   417
17052222   522
17052223   227
17052300    98
17052301    77
17052302   225
17052303   254
17052304   408
17052305   506
17052306   288
17052307   129
17052308    65
17052309    75
17052310    78
17052311   159
17052312   159
17052313   206
17052314   146
17052315   106
17052316   161
17052317   176
17052318   190
17052319   385
17052320   228
17052321   231
17052322   255
17052323   125
17052400   165
17052401   116
17052402   117
17052403    78
17052404   102
17052405   116
17052406   130
17052407    64
17052408   183
17052409   274
17052410   211
17052411   128
17052412   227
17052413   256
17052414   111
17052415   151
17052416   115
17052417    73
17052418    48
17052419    74
17052420   129
17052421    90
17052422    52
17052423    44
17052500    38
17052501    45
17052502    42
17052503    42
17052504    60
17052505    49
17052506    58
17052507    45
17052508    44
17052509    47
17052510    50
17052511    57
17052512    58
17052513    70
17052514   145
17052515   183
17052516    86
17052517    43
17052518    53
17052519    51
17052520    49
17052521    71
17052522   105
17052523   121
17052600    83
17052601    47
17052602    42
17052603    39
17052604    58
17052605    74
17052606    68
17052607    72
17052608    63
17052609    66
17052610   177
17052611   182
17052612    85
17052613    50
17052614    47
17052615    29
17052616    34
17052617    37
17052618    73
17052619    76
17052620   124
17052621    97
17052622   106
17052623    83
17052700    71
17052701    72
17052702    97
17052703    68
17052704    41
17052705    34
17052706    38
17052707    44
17052708    54
17052709    52
17052710    64
17052711    66
17052712    56
17052713    68
17052714   210
17052715   182
17052716   361
17052717   299
17052718   266
17052719   186
17052720   109
17052721   137
17052722   520
17052723   949
17052800   847
17052801  1002
17052802  1163
17052803  1031
17052804  1171
17052805  1270
17052806  1139
17052807  1083
17052808   738
17052809   794
17052810   631
17052811   669
17052812   451
17052813   626
17052814   537
17052815   456
17052816   482
17052817   304
17052818   159
17052819    90
17052820    54
17052821    45
17052822    30
17052823    40
17052900    40
17052901    42
17052902    43
17052903    46
17052904    47
17052905    91
17052906    96
17052907   116
17052908    85
17052909    99
17052910   243
17052911   223
17052912   234
17052913   621
17052914   839
17052915   537
17052916   219
17052917   366
17052918   357
17052919   108
17052920    45
17052921    38
17052922    51
17052923    33
17053000    47
17053001   102
17053002   134
17053003   480
17053004   450
17053005   169
17053006    65
17053007    75
17053008    49
17053009    35
17053010    29
17053011    34
17053012    52
17053013    67
17053014    67
17053015    36
17053016    24
17053017    42
17053018    42
17053019    47
17053020    72
17053021   108
17053022   122
17053023    44
17053100    37
17053101    38
17053102    45
17053103    70
17053104    61
17053105    61
17053106    83
17053107    88
17053108    63
17053109    36
17053110    29
17053111    37
17053112    89
17053113    74
17053114    44
17053115    24
17053116    28
17053117    59
17053118    55
17053119    78
17053120    70
17053121    42
17053122    56
17053123    47

Fri Ap 1
