17070100   109
17070101    92
17070102   108
17070103   147
17070104   257
17070105   794
17070106   487
17070107   292
17070108   236
17070109    75
17070110    83
17070111   149
17070112   282
17070113   265
17070114   370
17070115   338
17070116   223
17070117   367
17070118   258
17070119   126
17070120    80
17070121    52
17070122    49
17070123    46
17070200   120
17070201    51
17070202    32
17070203    66
17070204   282
17070205   384
17070206   833
17070207   741
17070208   776
17070209   187
17070210   139
17070211   339
17070212   225
17070213   133
17070214   128
17070215   123
17070216    75
17070217    63
17070218    57
17070219    64
17070220   132
17070221   112
17070222    76
17070223    72
17070300    67
17070301    55
17070302    41
17070303    60
17070304    77
17070305    87
17070306   117
17070307    62
17070308    59
17070309   144
17070310   183
17070311   157
17070312    85
17070313    98
17070314   114
17070315   247
17070316   130
17070317    33
17070318    44
17070319    51
17070320   138
17070321    63
17070322   199
17070323   132
17070400    75
17070401    60
17070402    66
17070403    88
17070404    73
17070405   128
17070406   117
17070407    44
17070408    32
17070409    44
17070410    39
17070411    57
17070412    87
17070413   106
17070414   156
17070415   136
17070416   151
17070417    96
17070418    68
17070419    73
17070420    93
17070421   292
17070422   210
17070423   100
17070500    93
17070501    64
17070502    62
17070503    69
17070504    91
17070505    63
17070506    40
17070507    42
17070508    44
17070509    48
17070510    47
17070511    43
17070512    51
17070513    46
17070514    57
17070515    89
17070516    54
17070517    32
17070518    51
17070519    53
17070520    64
17070521    42
17070522    46
17070523    55
17070600    89
17070601    90
17070602    72
17070603    57
17070604    54
17070605    90
17070606   144
17070607    60
17070608   207
17070609   117
17070610    70
17070611    61
17070612   101
17070613   144
17070614   180
17070615   188
17070616   403
17070617   185
17070618   150
17070619   161
17070620   277
17070621   215
17070622   413
17070623   302
17070700   118
17070701   142
17070702   256
17070703   251
17070704   153
17070705    70
17070706    50
17070707    33
17070708    38
17070709    50
17070710    53
17070711    62
17070712   106
17070713   167
17070714   179
17070715   142
17070716   126
17070717   142
17070718   156
17070719    53
17070720    58
17070721    66
17070722   107
17070723    63
17070800   147
17070801    83
17070802    59
17070803    65
17070804    62
17070805    52
17070806    40
17070807    45
17070808    48
17070809    57
17070810    55
17070811    59
17070812    63
17070813    53
17070814    97
17070815    77
17070816    54
17070817    51
17070818    66
17070819   113
17070820   136
17070821    79
17070822    51
17070823    47
17070900   112
17070901   315
17070902   924
17070903   620
17070904   293
17070905   150
17070906    83
17070907    52
17070908    58
17070909   384
17070910   740
17070911   284
17070912   300
17070913   144
17070914   108
17070915   187
17070916   228
17070917   637
17070918   365
17070919   535
17070920   596
17070921   235
17070922   334
17070923   665
17071000   481
17071001   170
17071002   466
17071003   594
17071004   356
17071005   109
17071006   144
17071007   110
17071008   150
17071009    63
17071010    53
17071011    50
17071012    55
17071013    71
17071014    77
17071015    76
17071016    63
17071017    99
17071018    52
17071019    44
17071020    58
17071021    60
17071022    63
17071023    95
17071100    85
17071101    96
17071102   210
17071103   287
17071104   324
17071105   400
17071106   228
17071107   220
17071108   375
17071109   145
17071110    75
17071111    80
17071112   268
17071113   316
17071114   203
17071115   111
17071116   179
17071117   193
17071118   122
17071119    68
17071120    46
17071121    47
17071122   123
17071123   203
17071200   216
17071201   125
17071202    69
17071203    68
17071204   113
17071205    85
17071206   116
17071207    95
17071208    78
17071209    94
17071210    58
17071211    97
17071212   194
17071213   238
17071214   158
17071215   105
17071216   109
17071217    87
17071218    39
17071219    43
17071220    39
17071221    46
17071222    49
17071223    60
17071300    72
17071301    86
17071302    83
17071303   107
17071304   170
17071305   162
17071306    51
17071307    41
17071308    49
17071309    66
17071310    68
17071311   161
17071312   184
17071313   161
17071314   150
17071315    68
17071316    61
17071317    51
17071318    61
17071319    64
17071320   140
17071321    70
17071322    57
17071323    45
17071400    39
17071401    38
17071402    47
17071403    47
17071404   112
17071405   162
17071406    93
17071407    56
17071408    34
17071409    49
17071410    47
17071411    51
17071412    63
17071413    93
17071414   136
17071415   170
17071416    90
17071417    49
17071418    52
17071419    47
17071420    58
17071421    56
17071422    50
17071423    43
17071500    54
17071501    45
17071502    57
17071503    65
17071504    84
17071505   142
17071506   233
17071507   150
17071508   154
17071509   111
17071510    77
17071511    40
17071512    35
17071513    43
17071514    39
17071515    73
17071516    56
17071517    36
17071518    46
17071519    43
17071520    78
17071521    70
17071522    69
17071523    75
17071600    62
17071601   121
17071602    61
17071603    53
17071604    41
17071605    42
17071606   362
17071607   551
17071608   368
17071609   783
17071610   776
17071611  1204
17071612  1490
17071613  1318
17071614  1023
17071615   787
17071616   635
17071617   435
17071618   608
17071619   625
17071620   718
17071621   756
17071622   671
17071623   661
17071700   413
17071701   479
17071702   648
17071703   947
17071704   440
17071705   730
17071706   870
17071707   936
17071708   635
17071709   771
17071710   684
17071711   414
17071712   224
17071713   201
17071714   553
17071715  1268
17071716   388
17071717    95
17071718    54
17071719    64
17071720    91
17071721    93
17071722   137
17071723   195
17071800   264
17071801   373
17071802   516
17071803   456
17071804   488
17071805   366
17071806   137
17071807   110
17071808   161
17071809    70
17071810    95
17071811    75
17071812    71
17071813   125
17071814    69
17071815    33
17071816    46
17071817    49
17071818    56
17071819    65
17071820   111
17071821   103
17071822   109
17071823    95
17071900    53
17071901    51
17071902    52
17071903    35
17071904    48
17071905    78
17071906    54
17071907    22
17071908    36
17071909   116
17071910   167
17071911    65
17071912    43
17071913    33
17071914    32
17071915    53
17071916    70
17071917   111
17071918   209
17071919    74
17071920    48
17071921    41
17071922    40
17071923    41
17072000    50
17072001    45
17072002    42
17072003    44
17072004    57
17072005    49
17072006    43
17072007    87
17072008    45
17072009    39
17072010    44
17072011    67
17072012    83
17072013   112
17072014   113
17072015    97
17072016    79
17072017   107
17072018   131
17072019   245
17072020   188
17072021   375
17072022   326
17072023   182
17072100   217
17072101   672
17072102   793
17072103   536
17072104   431
17072105    96
17072106   195
17072107   332
17072108   144
17072109   132
17072110    73
17072111    50
17072112   115
17072113   146
17072114   334
17072115   373
17072116   240
17072117    97
17072118    73
17072119    48
17072120    51
17072121    87
17072122   184
17072123   479
17072200   315
17072201    77
17072202    86
17072203   298
17072204   268
17072205   212
17072206   219
17072207   234
17072208   839
17072209   729
17072210   407
17072211   191
17072212    70
17072213   100
17072214   179
17072215   113
17072216   217
17072217   406
17072218   200
17072219   138
17072220   132
17072221   117
17072222   122
17072223   287
17072300   410
17072301   137
17072302    65
17072303   134
17072304   369
17072305   476
17072306   526
17072307   485
17072308   380
17072309   513
17072310   508
17072311   733
17072312   688
17072313   212
17072314    95
17072315   130
17072316   256
17072317   267
17072318   153
17072319   237
17072320   419
17072321   549
17072322   350
17072323   796
17072400   237
17072401    59
17072402    50
17072403   193
17072404   155
17072405   252
17072406   236
17072407   337
17072408   670
17072409   369
17072410   232
17072411   149
17072412   308
17072413   456
17072414   338
17072415   225
17072416   155
17072417   207
17072418   266
17072419   169
17072420   188
17072421   236
17072422   458
17072423   326
17072500   310
17072501   257
17072502   223
17072503    97
17072504   167
17072505   145
17072506   316
17072507   320
17072508   433
17072509   343
17072510    86
17072511   180
17072512   355
17072513   228
17072514   138
17072515   146
17072516   357
17072517   632
17072518   426
17072519   302
17072520   343
17072521   321
17072522   383
17072523   552
17072600   528
17072601   448
17072602   331
17072603   230
17072604   350
17072605   329
17072606   305
17072607   818
17072608   383
17072609   171
17072610   243
17072611   313
17072612   186
17072613   274
17072614   129
17072615   127
17072616   148
17072617   139
17072618   236
17072619   142
17072620    66
17072621    33
17072622    42
17072623    73
17072700    80
17072701   100
17072702   115
17072703   150
17072704   123
17072705   165
17072706   169
17072707   179
17072708   162
17072709   107
17072710    74
17072711    69
17072712    51
17072713   100
17072714   162
17072715   210
17072716   208
17072717    94
17072718    62
17072719    75
17072720    73
17072721    82
17072722   251
17072723   372
17072800   222
17072801    63
17072802    82
17072803    69
17072804   148
17072805   156
17072806   105
17072807    83
17072808    93
17072809   133
17072810   221
17072811   217
17072812   198
17072813    99
17072814   142
17072815   387
17072816   350
17072817    76
17072818   144
17072819   404
17072820   353
17072821   233
17072822    75
17072823    47
17072900    30
17072901    31
17072902    36
17072903    43
17072904    61
17072905    95
17072906   193
17072907   155
17072908   164
17072909   195
17072910   152
17072911    89
17072912   110
17072913    97
17072914   117
17072915   170
17072916   274
17072917   153
17072918    61
17072919    76
17072920    63
17072921    98
17072922   143
17072923    88
17073000    68
17073001    53
17073002    50
17073003    66
17073004    56
17073005    56
17073006    62
17073007    66
17073008   160
17073009   137
17073010    94
17073011    84
17073012   102
17073013   170
17073014   117
17073015    48
17073016    56
17073017    68
17073018   103
17073019   137
17073020    81
17073021    43
17073022    27
17073023    27
17073100    21
17073101    21
17073102    26
17073103    57
17073104    35
17073105    53
17073106    55
17073107    59
17073108    57
17073109    58
17073110    69
17073111   126
17073112   216
17073113   103
17073114    78
17073115    65
17073116    64
17073117   116
17073118    50
17073119    87
17073120    85
17073121    57
17073122    38
17073123    85

Sat Ap 1
