18120100    19
18120101    21
18120102    30
18120103    76
18120104   117
18120105   141
18120106    95
18120107    75
18120108    58
18120109    30
18120110    33
18120111    33
18120112    48
18120113   120
18120114   297
18120115   165
18120116   331
18120117   497
18120118   184
18120119   203
18120120   392
18120121   128
18120122    45
18120123    53
18120200    68
18120201    42
18120202    72
18120203    73
18120204    75
18120205   157
18120206   279
18120207   172
18120208   115
18120209    93
18120210   214
18120211   347
18120212   252
18120213   196
18120214   317
18120215   584
18120216   370
18120217   261
18120218   553
18120219   267
18120220    61
18120221    94
18120222   365
18120223   404
18120300    69
18120301    50
18120302    37
18120303    37
18120304    45
18120305    51
18120306   119
18120307   223
18120308    95
18120309   110
18120310    75
18120311   188
18120312   300
18120313   225
18120314   245
18120315   353
18120316   552
18120317   290
18120318   202
18120319   247
18120320   206
18120321    68
18120322    77
18120323    97
18120400   158
18120401   418
18120402   297
18120403   180
18120404   218
18120405   101
18120406    99
18120407    53
18120408    48
18120409    89
18120410   132
18120411    34
18120412    45
18120413    39
18120414    43
18120415    65
18120416    81
18120417   211
18120418   220
18120419    59
18120420    28
18120421    60
18120422   112
18120423   106
18120500    47
18120501    45
18120502    52
18120503    64
18120504    26
18120505    18
18120506    20
18120507    21
18120508    19
18120509    27
18120510    21
18120511    78
18120512   139
18120513   132
18120514   218
18120515   109
18120516    41
18120517    25
18120518    21
18120519    17
18120520    26
18120521    51
18120522   222
18120523    66
18120600    34
18120601    58
18120602    65
18120603    34
18120604    53
18120605    96
18120606   119
18120607    40
18120608   112
18120609   141
18120610   116
18120611    96
18120612   309
18120613   266
18120614   139
18120615   125
18120616   121
18120617   116
18120618    97
18120619    32
18120620    31
18120621    39
18120622    42
18120623    27
18120700    33
18120701    35
18120702    28
18120703    60
18120704    91
18120705    77
18120706   118
18120707   160
18120708   128
18120709    63
18120710    46
18120711   191
18120712   286
18120713    90
18120714    98
18120715   229
18120716   198
18120717   258
18120718   372
18120719   459
18120720   450
18120721   172
18120722    59
18120723    76
18120800    55
18120801    59
18120802   144
18120803   131
18120804    96
18120805    62
18120806   101
18120807   354
18120808   232
18120809    98
18120810   310
18120811   240
18120812    83
18120813   110
18120814   110
18120815   432
18120816   513
18120817   302
18120818   206
18120819   147
18120820    55
18120821    42
18120822    76
18120823    61
18120900    62
18120901    51
18120902    57
18120903    30
18120904    46
18120905    50
18120906    42
18120907    30
18120908    19
18120909    19
18120910    33
18120911    47
18120912    38
18120913    43
18120914    41
18120915   211
18120916   390
18120917   291
18120918   116
18120919   227
18120920   258
18120921   267
18120922   390
18120923   199
18121000    96
18121001   103
18121002    90
18121003   100
18121004   116
18121005    78
18121006   126
18121007   154
18121008   409
18121009   288
18121010   121
18121011   236
18121012   158
18121013    36
18121014    68
18121015   175
18121016   179
18121017   241
18121018   191
18121019   114
18121020    55
18121021   143
18121022    83
18121023    34
18121100    32
18121101    33
18121102    52
18121103    66
18121104    44
18121105    54
18121106   188
18121107   324
18121108   351
18121109   393
18121110    70
18121111    31
18121112    18
18121113    18
18121114    23
18121115    65
18121116   170
18121117   479
18121118   302
18121119   304
18121120    84
18121121    47
18121122    35
18121123    52
18121200   103
18121201    88
18121202    81
18121203    46
18121204    19
18121205    20
18121206    17
18121207    25
18121208    40
18121209    13
18121210    18
18121211    31
18121212    93
18121213    43
18121214    43
18121215    38
18121216    26
18121217    22
18121218    56
18121219   166
18121220   145
18121221    81
18121222    32
18121223    22
18121300    25
18121301    25
18121302    31
18121303    28
18121304    18
18121305    26
18121306    18
18121307    27
18121308    26
18121309    22
18121310    38
18121311    47
18121312    53
18121313    50
18121314    29
18121315    27
18121316    85
18121317    76
18121318    38
18121319    22
18121320    18
18121321    10
18121322    11
18121323    10
18121400    13
18121401    14
18121402    23
18121403    13
18121404    10
18121405    11
18121406    10
18121407    14
18121408    22
18121409    32
18121410    85
18121411    61
18121412    50
18121413    25
18121414    31
18121415    42
18121416    32
18121417    18
18121418    16
18121419    43
18121420    51
18121421    15
18121422    19
18121423    17
18121500    15
18121501    17
18121502    15
18121503    12
18121504    11
18121505    12
18121506    10
18121507    14
18121508    17
18121509    13
18121510    29
18121511    28
18121512    15
18121513    13
18121514    24
18121515    70
18121516    47
18121517    22
18121518    16
18121519    13
18121520    33
18121521    26
18121522    13
18121523    14
18121600    15
18121601    18
18121602    15
18121603    23
18121604    28
18121605    21
18121606    30
18121607    29
18121608    71
18121609    58
18121610    36
18121611    30
18121612    39
18121613    17
18121614    52
18121615    88
18121616    64
18121617    68
18121618    55
18121619   111
18121620   107
18121621    79
18121622    26
18121623    24
18121700    21
18121701    15
18121702    21
18121703    26
18121704    25
18121705    20
18121706    18
18121707    31
18121708    25
18121709    17
18121710    18
18121711    16
18121712   211
18121713    57
18121714    57
18121715    49
18121716    89
18121717   129
18121718   298
18121719   281
18121720   113
18121721    88
18121722   140
18121723   210
18121800   357
18121801   321
18121802   128
18121803    79
18121804    63
18121805    52
18121806    73
18121807    33
18121808    18
18121809    21
18121810    21
18121811   126
18121812   214
18121813   115
18121814   204
18121815   322
18121816   161
18121817   208
18121818   426
18121819   190
18121820    72
18121821    35
18121822    25
18121823    25
18121900    45
18121901    24
18121902    35
18121903    40
18121904    37
18121905    42
18121906    65
18121907    97
18121908    62
18121909   264
18121910   217
18121911    90
18121912    65
18121913    38
18121914    39
18121915    90
18121916    43
18121917    56
18121918    48
18121919   113
18121920   186
18121921   150
18121922   225
18121923   133
18122000    97
18122001    94
18122002   149
18122003   128
18122004    68
18122005    93
18122006   296
18122007   199
18122008    88
18122009    44
18122010    65
18122011   105
18122012   104
18122013   122
18122014   179
18122015   138
18122016    51
18122017   133
18122018   269
18122019   181
18122020   356
18122021   307
18122022   134
18122023    55
18122100    70
18122101    80
18122102    52
18122103    41
18122104    34
18122105    37
18122106    72
18122107    63
18122108    34
18122109    44
18122110    53
18122111    45
18122112    42
18122113    37
18122114    71
18122115    40
18122116    30
18122117    47
18122118   138
18122119   103
18122120    63
18122121    75
18122122    56
18122123    32
18122200    32
18122201    42
18122202    57
18122203    35
18122204    29
18122205    29
18122206    19
18122207    14
18122208    11
18122209    15
18122210    27
18122211    41
18122212    32
18122213    33
18122214    47
18122215    42
18122216    58
18122217    67
18122218    47
18122219    37
18122220    29
18122221    27
18122222    17
18122223    22
18122300    16
18122301    23
18122302    25
18122303    26
18122304    22
18122305    18
18122306    16
18122307    24
18122308    22
18122309    15
18122310    32
18122311    20
18122312    25
18122313    18
18122314    23
18122315    28
18122316    72
18122317    55
18122318    44
18122319    88
18122320    67
18122321    27
18122322    19
18122323    19
18122400    24
18122401    22
18122402    24
18122403    23
18122404    20
18122405    20
18122406    23
18122407    43
18122408    32
18122409    23
18122410    24
18122411    27
18122412    33
18122413    40
18122414    38
18122415    33
18122416    32
18122417    30
18122418    72
18122419    44
18122420    26
18122421    28
18122422    60
18122423   145
18122500    68
18122501    59
18122502    66
18122503   109
18122504    42
18122505    27
18122506    34
18122507    23
18122508    15
18122509    19
18122510    15
18122511    13
18122512    10
18122513    24
18122514   110
18122515   140
18122516    71
18122517   134
18122518   156
18122519    73
18122520    49
18122521    55
18122522    36
18122523    21
18122600    19
18122601    23
18122602    32
18122603    29
18122604    41
18122605    35
18122606    33
18122607    33
18122608    24
18122609    64
18122610    74
18122611    98
18122612   138
18122613   288
18122614   191
18122615    48
18122616    54
18122617    67
18122618    66
18122619    45
18122620    28
18122621    21
18122622    16
18122623    17
18122700    18
18122701    23
18122702    43
18122703    54
18122704    21
18122705    18
18122706    18
18122707    35
18122708    63
18122709    29
18122710    24
18122711    17
18122712    19
18122713    21
18122714    22
18122715    30
18122716    33
18122717    27
18122718    25
18122719    21
18122720    25
18122721    79
18122722   193
18122723   226
18122800   169
18122801   361
18122802   434
18122803   405
18122804    66
18122805    44
18122806   126
18122807   517
18122808   523
18122809   367
18122810   405
18122811   274
18122812   178
18122813   503
18122814   604
18122815   245
18122816   338
18122817   413
18122818   359
18122819   427
18122820   575
18122821   287
18122822   122
18122823   270
18122900    87
18122901    50
18122902   102
18122903   233
18122904   146
18122905   123
18122906   215
18122907   332
18122908   308
18122909   211
18122910   206
18122911   358
18122912   307
18122913   182
18122914   253
18122915   298
18122916   182
18122917   108
18122918   248
18122919    52
18122920    56
18122921    62
18122922   119
18122923   242
18123000   114
18123001    46
18123002    58
18123003    56
18123004   231
18123005   193
18123006   154
18123007   321
18123008   372
18123009   292
18123010   181
18123011   193
18123012   212
18123013   163
18123014   126
18123015   229
18123016   343
18123017   209
18123018   343
18123019    93
18123020    78
18123021   120
18123022    75
18123023    74
18123100    59
18123101   176
18123102    80
18123103    98
18123104   163
18123105   103
18123106   120
18123107    47
18123108    85
18123109   208
18123110   314
18123111   511
18123112   357
18123113   147
18123114    66
18123115   101
18123116    72
18123117    83
18123118    51
18123119    19
18123120    33
18123121    63
18123122    46
18123123    20

Wed Oc 1
