18110100    24
18110101    30
18110102    32
18110103    20
18110104    27
18110105    83
18110106   167
18110107   252
18110108   320
18110109   253
18110110   170
18110111    99
18110112    82
18110113    65
18110114    65
18110115    70
18110116    38
18110117    36
18110118    23
18110119    25
18110120    28
18110121    33
18110122    19
18110123    34
18110200    51
18110201    54
18110202    26
18110203    17
18110204    12
18110205    15
18110206    39
18110207    59
18110208    79
18110209   141
18110210   134
18110211    43
18110212   116
18110213   115
18110214    55
18110215    91
18110216   127
18110217    88
18110218    36
18110219    24
18110220    22
18110221    24
18110222    21
18110223    19
18110300    33
18110301    66
18110302   142
18110303   154
18110304    86
18110305    35
18110306    25
18110307    24
18110308    25
18110309    25
18110310    45
18110311    47
18110312    35
18110313    38
18110314    46
18110315    43
18110316    48
18110317    39
18110318    42
18110319    29
18110320    41
18110321    35
18110322   104
18110323    47
18110400    33
18110401    33
18110402    26
18110403    32
18110404    21
18110405    34
18110406    33
18110407    42
18110408    30
18110409    26
18110410    28
18110411    78
18110412   277
18110413   298
18110414   361
18110415   397
18110416   463
18110417   582
18110418   809
18110419   710
18110420   593
18110421   684
18110422   404
18110423   446
18110500   570
18110501   258
18110502    93
18110503   195
18110504   732
18110505  1045
18110506   328
18110507   628
18110508   538
18110509   654
18110510  1017
18110511   756
18110512   507
18110513   347
18110514   367
18110515   512
18110516   642
18110517   709
18110518   553
18110519   473
18110520   156
18110521   108
18110522   125
18110523   150
18110600    83
18110601   113
18110602   125
18110603   206
18110604   102
18110605    36
18110606    58
18110607   139
18110608   350
18110609   329
18110610   252
18110611   334
18110612   272
18110613   216
18110614   203
18110615   115
18110616   156
18110617   102
18110618    39
18110619    34
18110620    25
18110621    30
18110622   123
18110623   175
18110700   161
18110701   122
18110702   225
18110703   348
18110704   225
18110705   206
18110706   239
18110707   381
18110708   191
18110709    74
18110710    42
18110711    40
18110712    54
18110713   146
18110714   329
18110715   145
18110716    71
18110717    56
18110718    49
18110719    61
18110720   238
18110721   341
18110722    78
18110723    78
18110800    52
18110801    74
18110802   225
18110803   297
18110804    74
18110805    39
18110806    67
18110807    83
18110808   186
18110809   301
18110810   653
18110811   176
18110812    60
18110813    37
18110814    84
18110815   107
18110816   162
18110817    99
18110818   147
18110819    39
18110820    28
18110821    55
18110822    83
18110823    54
18110900    63
18110901    47
18110902    34
18110903    33
18110904    30
18110905    24
18110906    21
18110907    32
18110908    74
18110909   279
18110910   117
18110911   138
18110912   241
18110913   300
18110914   231
18110915   291
18110916   335
18110917   350
18110918   743
18110919   817
18110920   670
18110921   611
18110922   289
18110923   170
18111000   103
18111001    59
18111002    70
18111003    91
18111004    62
18111005    39
18111006    44
18111007    67
18111008    93
18111009   264
18111010   371
18111011   748
18111012   200
18111013    95
18111014    69
18111015    86
18111016   195
18111017    93
18111018   309
18111019   588
18111020   278
18111021   138
18111022   353
18111023   380
18111100   215
18111101    90
18111102    98
18111103    77
18111104   116
18111105   185
18111106   140
18111107   101
18111108    84
18111109    93
18111110   230
18111111   108
18111112   131
18111113    91
18111114    54
18111115    77
18111116    69
18111117    67
18111118   189
18111119   340
18111120   171
18111121    91
18111122    70
18111123    65
18111200    40
18111201    59
18111202   111
18111203    78
18111204   183
18111205   359
18111206   308
18111207   309
18111208   150
18111209   126
18111210   239
18111211   250
18111212   101
18111213    86
18111214   111
18111215    69
18111216    84
18111217   145
18111218   218
18111219   229
18111220   185
18111221   163
18111222   121
18111223    92
18111300    95
18111301    90
18111302    44
18111303    77
18111304    69
18111305    39
18111306    30
18111307    31
18111308   106
18111309   107
18111310    76
18111311    29
18111312    77
18111313    72
18111314    74
18111315    44
18111316    28
18111317    26
18111318    26
18111319    74
18111320    53
18111321    36
18111322    21
18111323    15
18111400    14
18111401    12
18111402    12
18111403    12
18111404    21
18111405    31
18111406    45
18111407    32
18111408    24
18111409    21
18111410    28
18111411    26
18111412    52
18111413    45
18111414   144
18111415   143
18111416    36
18111417    20
18111418   150
18111419    97
18111420    29
18111421    28
18111422    25
18111423    21
18111500    19
18111501    17
18111502    27
18111503    25
18111504    28
18111505    18
18111506    15
18111507    18
18111508    20
18111509    25
18111510    16
18111511    17
18111512    22
18111513    56
18111514    28
18111515    39
18111516   109
18111517    63
18111518    23
18111519    19
18111520    16
18111521    15
18111522    37
18111523    14
18111600    27
18111601    25
18111602    29
18111603    26
18111604    19
18111605    16
18111606    16
18111607    17
18111608    15
18111609    15
18111610    11
18111611    17
18111612    77
18111613    87
18111614   195
18111615   122
18111616    29
18111617    29
18111618    23
18111619    16
18111620    17
18111621    16
18111622    26
18111623    26
18111700    20
18111701    17
18111702    13
18111703    26
18111704    32
18111705    31
18111706    36
18111707    46
18111708    30
18111709    12
18111710    18
18111711     8
18111712    27
18111713    16
18111714    15
18111715    15
18111716    18
18111717    31
18111718    27
18111719    69
18111720    39
18111721    21
18111722    21
18111723    24
18111800    11
18111801    10
18111802    19
18111803    22
18111804    25
18111805    25
18111806    36
18111807    53
18111808    64
18111809    51
18111810    38
18111811    97
18111812    59
18111813    55
18111814    63
18111815   126
18111816    45
18111817    22
18111818    23
18111819    14
18111820    28
18111821    20
18111822    17
18111823    29
18111900    83
18111901    80
18111902    60
18111903    97
18111904   109
18111905   114
18111906    55
18111907    53
18111908    73
18111909    41
18111910    36
18111911    30
18111912    43
18111913    38
18111914    68
18111915   279
18111916   382
18111917   468
18111918   298
18111919   146
18111920    72
18111921   126
18111922   217
18111923   195
18112000   191
18112001   171
18112002   238
18112003   135
18112004   247
18112005   159
18112006   130
18112007    55
18112008    26
18112009    40
18112010    65
18112011   114
18112012    92
18112013    24
18112014    20
18112015    17
18112016    23
18112017    40
18112018    58
18112019    28
18112020    17
18112021    29
18112022    19
18112023     9
18112100    12
18112101    32
18112102    40
18112103    73
18112104   183
18112105   160
18112106    72
18112107    35
18112108    56
18112109    98
18112110   100
18112111    51
18112112    16
18112113    24
18112114    36
18112115    33
18112116    37
18112117    52
18112118    20
18112119    17
18112120    16
18112121    20
18112122    56
18112123    58
18112200    40
18112201    40
18112202    29
18112203    25
18112204    18
18112205    17
18112206    24
18112207    35
18112208    75
18112209    49
18112210    78
18112211    69
18112212    67
18112213    39
18112214    46
18112215    19
18112216    21
18112217    22
18112218    73
18112219    34
18112220    23
18112221    25
18112222    30
18112223    33
18112300    21
18112301    23
18112302    18
18112303    25
18112304    41
18112305    31
18112306    29
18112307    30
18112308    38
18112309    20
18112310    78
18112311    26
18112312    76
18112313    59
18112314    33
18112315    27
18112316    12
18112317    11
18112318    17
18112319    12
18112320    26
18112321    30
18112322    26
18112323    10
18112400     8
18112401    13
18112402    14
18112403    16
18112404    15
18112405    16
18112406    29
18112407    53
18112408    63
18112409    35
18112410    14
18112411    11
18112412    26
18112413    95
18112414   168
18112415   141
18112416    60
18112417    35
18112418    28
18112419    20
18112420    24
18112421    40
18112422    19
18112423    19
18112500    18
18112501    18
18112502    25
18112503    35
18112504    22
18112505    16
18112506    12
18112507    18
18112508    31
18112509    29
18112510   100
18112511   132
18112512   394
18112513   167
18112514    82
18112515    52
18112516    29
18112517    12
18112518    16
18112519    14
18112520    19
18112521    44
18112522    81
18112523    53
18112600    49
18112601    28
18112602    34
18112603    42
18112604    46
18112605    19
18112606    16
18112607    12
18112608    12
18112609    19
18112610    11
18112611    12
18112612    10
18112613    12
18112614    15
18112615    23
18112616    24
18112617    30
18112618    22
18112619    17
18112620    14
18112621    16
18112622    11
18112623    11
18112700    30
18112701    32
18112702    31
18112703    24
18112704    25
18112705    25
18112706    21
18112707    15
18112708    17
18112709    23
18112710    12
18112711    59
18112712    32
18112713   212
18112714   178
18112715   260
18112716   222
18112717    68
18112718    66
18112719   169
18112720   155
18112721   174
18112722    99
18112723    26
18112800    53
18112801    45
18112802    30
18112803    39
18112804    23
18112805    24
18112806    15
18112807    10
18112808     9
18112809    11
18112810    34
18112811    18
18112812    17
18112813    18
18112814    18
18112815    22
18112816    24
18112817    26
18112818    31
18112819    29
18112820    30
18112821    45
18112822    50
18112823    43
18112900    95
18112901    83
18112902    27
18112903    27
18112904    21
18112905    18
18112906    19
18112907    45
18112908    28
18112909    88
18112910    60
18112911    62
18112912    38
18112913    16
18112914    14
18112915    18
18112916    18
18112917    17
18112918    16
18112919    18
18112920    14
18112921    21
18112922    26
18112923    16
18113000    27
18113001    25
18113002    22
18113003    33
18113004    25
18113005    23
18113006    16
18113007    15
18113008    18
18113009    13
18113010    41
18113011    30
18113012    45
18113013    56
18113014    73
18113015    41
18113016    24
18113017    23
18113018    32
18113019    41
18113020    90
18113021    19
18113022    15
18113023    15

Wed Oc 1
