18040100    41
18040101    32
18040102    33
18040103    36
18040104    45
18040105    73
18040106    97
18040107    92
18040108   190
18040109   116
18040110   114
18040111   144
18040112   158
18040113   256
18040114   124
18040115   124
18040116    88
18040117    63
18040118    70
18040119    47
18040120    51
18040121    62
18040122    40
18040123    59
18040200    46
18040201    56
18040202    41
18040203    36
18040204    28
18040205    24
18040206    70
18040207    89
18040208    59
18040209    40
18040210    46
18040211   154
18040212   111
18040213    56
18040214    62
18040215   154
18040216    58
18040217    54
18040218    39
18040219    60
18040220   233
18040221   148
18040222    54
18040223    40
18040300    49
18040301   100
18040302   222
18040303   140
18040304    76
18040305    59
18040306   172
18040307   108
18040308    54
18040309    38
18040310    37
18040311    34
18040312    35
18040313    36
18040314    33
18040315    32
18040316    41
18040317    42
18040318    38
18040319    33
18040320    36
18040321    37
18040322    36
18040323    33
18040400    33
18040401    32
18040402    33
18040403    34
18040404    30
18040405    28
18040406    35
18040407    35
18040408    43
18040409    52
18040410    75
18040411   330
18040412   324
18040413   124
18040414   106
18040415   158
18040416   325
18040417   118
18040418   106
18040419   113
18040420   124
18040421    62
18040422    75
18040423   110
18040500   187
18040501   124
18040502   125
18040503   151
18040504    71
18040505    57
18040506    69
18040507   117
18040508    68
18040509    39
18040510    43
18040511    84
18040512    60
18040513    61
18040514    73
18040515   114
18040516   290
18040517   321
18040518   117
18040519    63
18040520   275
18040521    72
18040522    28
18040523    29
18040600    25
18040601    20
18040602    24
18040603    32
18040604    43
18040605    41
18040606    48
18040607    44
18040608    36
18040609    32
18040610    77
18040611    50
18040612    99
18040613    55
18040614    92
18040615    87
18040616    69
18040617   152
18040618   121
18040619    29
18040620    46
18040621    33
18040622    30
18040623    34
18040700    33
18040701    27
18040702    30
18040703    36
18040704    41
18040705    30
18040706    49
18040707    68
18040708   137
18040709    72
18040710    44
18040711    44
18040712    61
18040713   131
18040714   151
18040715    57
18040716    65
18040717   116
18040718    42
18040719    33
18040720    33
18040721    66
18040722   148
18040723    43
18040800    39
18040801    37
18040802    28
18040803    56
18040804    57
18040805    25
18040806    28
18040807    34
18040808    37
18040809    35
18040810    33
18040811    35
18040812    41
18040813    43
18040814    39
18040815    43
18040816    53
18040817   137
18040818   196
18040819   331
18040820   185
18040821   398
18040822   254
18040823    99
18040900    79
18040901    44
18040902    55
18040903    82
18040904   123
18040905   119
18040906   103
18040907   277
18040908   189
18040909   188
18040910   116
18040911    81
18040912   290
18040913   257
18040914   266
18040915   256
18040916   236
18040917   280
18040918   365
18040919   462
18040920   679
18040921   933
18040922   303
18040923    93
18041000   127
18041001    57
18041002    44
18041003   246
18041004   660
18041005   532
18041006   711
18041007   568
18041008   472
18041009   402
18041010   162
18041011   126
18041012   564
18041013   785
18041014   655
18041015   412
18041016   476
18041017   495
18041018   320
18041019   262
18041020   316
18041021   683
18041022   770
18041023   578
18041100   404
18041101   846
18041102   415
18041103   203
18041104   427
18041105   497
18041106   546
18041107   416
18041108   579
18041109   443
18041110   303
18041111   339
18041112   127
18041113   113
18041114    90
18041115   131
18041116   125
18041117   124
18041118    63
18041119    97
18041120   183
18041121   258
18041122   285
18041123   245
18041200   134
18041201    98
18041202    85
18041203    63
18041204    76
18041205    85
18041206   318
18041207   127
18041208   128
18041209   149
18041210   214
18041211    72
18041212   106
18041213   106
18041214   133
18041215   233
18041216   159
18041217    60
18041218   104
18041219   203
18041220   316
18041221   340
18041222   225
18041223   285
18041300   501
18041301   456
18041302   498
18041303   309
18041304   187
18041305   112
18041306   166
18041307   259
18041308   225
18041309   177
18041310   152
18041311   194
18041312   179
18041313    78
18041314    26
18041315    34
18041316    36
18041317    35
18041318    81
18041319   215
18041320   305
18041321   511
18041322   225
18041323   153
18041400    66
18041401    27
18041402    38
18041403    34
18041404    23
18041405    32
18041406    24
18041407    38
18041408    31
18041409    32
18041410    37
18041411    35
18041412    59
18041413   123
18041414    96
18041415   167
18041416   375
18041417   373
18041418   239
18041419   110
18041420   184
18041421   276
18041422   197
18041423   212
18041500   316
18041501   151
18041502   140
18041503   100
18041504   110
18041505   113
18041506    93
18041507    76
18041508   202
18041509    98
18041510    79
18041511   150
18041512   286
18041513   225
18041514   270
18041515   165
18041516    48
18041517    41
18041518    56
18041519    45
18041520    39
18041521    34
18041522   121
18041523   147
18041600   122
18041601   194
18041602   157
18041603   122
18041604   111
18041605   110
18041606   105
18041607    66
18041608    34
18041609    93
18041610   101
18041611    38
18041612    59
18041613   113
18041614    71
18041615    99
18041616    92
18041617    38
18041618    32
18041619    26
18041620    27
18041621    25
18041622    41
18041623   102
18041700    64
18041701    44
18041702    37
18041703    36
18041704    50
18041705   114
18041706    83
18041707    71
18041708    94
18041709    60
18041710    45
18041711    32
18041712    45
18041713   136
18041714   171
18041715   119
18041716    72
18041717    45
18041718    47
18041719    42
18041720    43
18041721   132
18041722    70
18041723    36
18041800    54
18041801   112
18041802    75
18041803   123
18041804   182
18041805   153
18041806   137
18041807   117
18041808    92
18041809    86
18041810    78
18041811   141
18041812   332
18041813   144
18041814    80
18041815   141
18041816   425
18041817   419
18041818   322
18041819   178
18041820    72
18041821    57
18041822    46
18041823    31
18041900    23
18041901    29
18041902    44
18041903    33
18041904    30
18041905    31
18041906    41
18041907    44
18041908    44
18041909    53
18041910    77
18041911    99
18041912    75
18041913    74
18041914    53
18041915    39
18041916    41
18041917    49
18041918    44
18041919    83
18041920    60
18041921    28
18041922    31
18041923    31
18042000    49
18042001    86
18042002   271
18042003   386
18042004   449
18042005   501
18042006   680
18042007   824
18042008   622
18042009   673
18042010  1001
18042011   639
18042012   475
18042013   395
18042014   375
18042015   526
18042016   588
18042017   553
18042018   560
18042019   999
18042020   892
18042021   435
18042022   313
18042023   422
18042100   525
18042101   224
18042102   118
18042103   188
18042104   166
18042105   331
18042106   189
18042107   242
18042108   533
18042109   339
18042110   160
18042111   170
18042112   233
18042113   299
18042114   331
18042115   326
18042116   499
18042117   423
18042118   256
18042119   384
18042120   204
18042121    65
18042122    43
18042123    75
18042200    70
18042201    78
18042202    96
18042203   151
18042204   141
18042205    43
18042206    80
18042207    74
18042208    74
18042209    47
18042210    26
18042211    33
18042212    94
18042213   298
18042214    83
18042215    60
18042216    50
18042217    81
18042218    96
18042219   113
18042220   102
18042221   122
18042222   163
18042223   183
18042300   337
18042301   145
18042302    54
18042303    85
18042304    77
18042305   102
18042306    38
18042307    38
18042308    46
18042309    37
18042310    34
18042311    42
18042312    57
18042313    93
18042314   223
18042315   379
18042316   340
18042317   300
18042318   227
18042319   496
18042320   395
18042321   437
18042322   111
18042323    47
18042400    62
18042401    38
18042402    37
18042403    29
18042404    25
18042405    39
18042406    79
18042407   146
18042408   125
18042409    33
18042410    28
18042411    60
18042412   150
18042413   295
18042414   147
18042415    97
18042416   219
18042417   129
18042418    82
18042419   170
18042420   302
18042421   141
18042422   121
18042423    80
18042500   138
18042501   198
18042502   221
18042503   153
18042504   100
18042505   116
18042506   252
18042507    84
18042508    62
18042509    39
18042510    89
18042511    48
18042512    72
18042513   182
18042514   158
18042515    62
18042516    30
18042517    29
18042518    25
18042519    24
18042520    38
18042521    47
18042522   108
18042523   175
18042600    92
18042601    55
18042602   100
18042603    63
18042604    69
18042605    60
18042606    70
18042607    79
18042608    53
18042609    54
18042610   101
18042611    61
18042612    83
18042613   166
18042614    69
18042615    41
18042616    46
18042617    46
18042618    57
18042619    39
18042620    39
18042621    43
18042622    40
18042623    89
18042700    48
18042701    34
18042702    30
18042703    33
18042704    27
18042705    30
18042706    33
18042707    37
18042708    62
18042709    39
18042710    36
18042711    52
18042712    43
18042713    43
18042714    71
18042715   116
18042716   392
18042717   254
18042718    82
18042719    73
18042720    49
18042721    66
18042722    90
18042723    64
18042800    41
18042801    45
18042802    47
18042803    43
18042804    33
18042805    33
18042806    41
18042807    89
18042808    84
18042809    41
18042810    50
18042811    62
18042812    64
18042813    53
18042814    52
18042815    37
18042816    40
18042817    39
18042818    57
18042819    39
18042820    32
18042821    31
18042822    29
18042823    34
18042900    33
18042901    26
18042902    28
18042903    25
18042904    31
18042905    40
18042906    46
18042907    74
18042908    81
18042909    56
18042910    35
18042911    46
18042912    36
18042913    29
18042914    28
18042915    32
18042916    39
18042917    59
18042918    44
18042919    38
18042920    50
18042921    51
18042922    32
18042923    34
18043000    34
18043001    43
18043002    74
18043003    38
18043004    30
18043005    33
18043006    34
18043007    37
18043008    43
18043009    37
18043010    40
18043011    54
18043012    76
18043013    72
18043014    80
18043015   141
18043016    85
18043017    43
18043018    45
18043019    50
18043020    31
18043021    28
18043022    26
18043023    34

Mon Ap 4
