18050100    33
18050101    30
18050102    33
18050103    36
18050104    38
18050105    42
18050106    48
18050107    97
18050108    91
18050109    55
18050110    45
18050111    36
18050112    32
18050113    31
18050114    31
18050115    29
18050116    31
18050117    33
18050118    32
18050119    35
18050120    35
18050121    36
18050122    31
18050123    26
18050200    25
18050201    22
18050202    32
18050203    58
18050204    94
18050205   127
18050206   139
18050207   104
18050208    97
18050209   216
18050210   132
18050211    57
18050212    45
18050213    35
18050214    32
18050215    27
18050216    31
18050217    23
18050218    22
18050219    26
18050220    24
18050221    23
18050222    26
18050223    32
18050300    34
18050301    35
18050302    29
18050303    26
18050304    27
18050305    34
18050306    39
18050307    46
18050308    49
18050309    49
18050310    38
18050311    43
18050312    43
18050313    43
18050314    45
18050315    33
18050316    48
18050317    51
18050318    58
18050319    42
18050320    54
18050321   101
18050322   114
18050323    57
18050400    41
18050401    42
18050402    41
18050403    34
18050404    52
18050405    65
18050406    54
18050407    75
18050408    78
18050409    47
18050410    52
18050411    50
18050412    56
18050413    53
18050414    68
18050415    50
18050416    46
18050417    54
18050418    44
18050419    50
18050420    44
18050421    57
18050422   127
18050423    68
18050500    40
18050501    38
18050502    45
18050503    59
18050504    94
18050505    51
18050506    34
18050507    51
18050508    52
18050509   109
18050510   137
18050511    72
18050512   231
18050513   172
18050514   330
18050515   497
18050516   606
18050517   929
18050518   832
18050519   532
18050520   296
18050521   675
18050522   955
18050523   761
18050600   828
18050601   813
18050602   582
18050603   590
18050604   550
18050605   318
18050606   191
18050607   268
18050608   203
18050609   614
18050610   649
18050611   611
18050612   620
18050613   409
18050614   237
18050615   257
18050616   336
18050617   246
18050618   210
18050619   213
18050620   637
18050621   583
18050622   691
18050623   565
18050700   461
18050701   523
18050702   543
18050703   522
18050704   580
18050705   534
18050706   285
18050707   115
18050708   228
18050709   224
18050710   194
18050711   310
18050712   277
18050713   195
18050714   502
18050715   513
18050716   246
18050717   360
18050718   305
18050719   127
18050720   168
18050721   516
18050722   526
18050723   452
18050800   170
18050801   247
18050802   255
18050803   167
18050804   266
18050805   710
18050806   349
18050807    50
18050808   153
18050809   308
18050810   403
18050811   123
18050812    94
18050813    54
18050814   135
18050815   619
18050816   320
18050817   182
18050818   174
18050819   549
18050820   410
18050821   145
18050822   160
18050823   110
18050900   159
18050901   394
18050902   475
18050903   263
18050904   361
18050905   395
18050906   516
18050907   351
18050908   448
18050909   288
18050910   269
18050911   354
18050912   389
18050913   319
18050914   287
18050915   214
18050916   341
18050917   247
18050918   431
18050919   557
18050920   308
18050921   265
18050922   545
18050923   625
18051000   671
18051001   415
18051002   483
18051003   318
18051004   141
18051005   111
18051006   216
18051007   576
18051008   599
18051009   516
18051010   610
18051011   603
18051012   525
18051013   319
18051014   432
18051015   500
18051016   376
18051017   443
18051018   193
18051019   144
18051020   208
18051021   380
18051022   182
18051023   183
18051100   130
18051101   171
18051102   140
18051103   184
18051104   573
18051105   482
18051106   563
18051107   742
18051108   602
18051109   386
18051110   226
18051111   135
18051112    62
18051113   247
18051114   485
18051115   304
18051116   330
18051117   552
18051118   618
18051119   673
18051120   626
18051121   373
18051122   466
18051123   287
18051200   287
18051201   296
18051202   420
18051203   541
18051204   539
18051205   375
18051206   229
18051207   150
18051208    87
18051209   132
18051210   198
18051211    47
18051212    41
18051213    43
18051214    57
18051215    60
18051216    54
18051217    23
18051218    29
18051219    77
18051220   202
18051221   208
18051222   293
18051223   205
18051300    81
18051301    57
18051302    44
18051303    64
18051304   151
18051305   282
18051306   314
18051307   345
18051308   239
18051309   322
18051310   332
18051311   288
18051312   342
18051313   311
18051314   242
18051315   216
18051316    72
18051317    43
18051318    44
18051319    59
18051320    99
18051321   159
18051322   250
18051323   170
18051400    70
18051401    75
18051402    69
18051403    61
18051404    74
18051405   158
18051406   116
18051407   119
18051408   102
18051409    81
18051410    64
18051411    82
18051412   126
18051413   233
18051414   176
18051415    93
18051416    41
18051417    43
18051418    49
18051419    44
18051420    76
18051421   235
18051422   182
18051423    78
18051500    72
18051501    47
18051502    37
18051503    48
18051504    33
18051505    78
18051506    79
18051507    94
18051508    94
18051509    47
18051510    40
18051511    33
18051512    39
18051513   118
18051514   114
18051515   175
18051516   235
18051517   301
18051518   203
18051519   199
18051520   169
18051521   105
18051522    58
18051523    56
18051600    55
18051601    44
18051602    37
18051603    32
18051604    25
18051605    28
18051606    46
18051607    50
18051608    56
18051609    38
18051610    42
18051611    45
18051612    50
18051613    61
18051614    83
18051615    94
18051616    42
18051617   100
18051618   186
18051619   207
18051620   237
18051621   135
18051622   190
18051623   132
18051700   268
18051701   445
18051702   419
18051703   398
18051704   338
18051705   126
18051706    77
18051707    72
18051708    56
18051709    69
18051710    67
18051711   180
18051712   341
18051713   592
18051714   360
18051715   703
18051716   735
18051717   860
18051718   746
18051719   649
18051720   437
18051721   137
18051722   130
18051723   280
18051800   318
18051801   308
18051802   273
18051803   227
18051804    70
18051805    75
18051806    70
18051807    77
18051808    72
18051809    91
18051810   129
18051811   235
18051812   403
18051813   232
18051814   155
18051815   165
18051816    89
18051817    65
18051818    55
18051819    54
18051820    73
18051821    93
18051822    78
18051823    66
18051900    51
18051901    50
18051902    50
18051903    47
18051904    43
18051905    46
18051906    48
18051907    48
18051908    68
18051909    52
18051910    56
18051911    67
18051912   118
18051913   143
18051914   129
18051915   131
18051916   149
18051917   169
18051918   193
18051919   110
18051920   144
18051921    87
18051922    52
18051923    51
18052000    56
18052001    79
18052002    63
18052003    58
18052004    38
18052005    51
18052006    76
18052007   152
18052008    98
18052009   100
18052010    63
18052011    58
18052012   164
18052013   189
18052014   116
18052015   109
18052016    51
18052017    42
18052018    30
18052019    30
18052020    42
18052021    46
18052022    42
18052023    32
18052100    48
18052101    65
18052102    51
18052103    50
18052104    67
18052105    81
18052106    85
18052107   104
18052108    84
18052109    73
18052110   174
18052111    50
18052112    51
18052113    83
18052114    94
18052115   128
18052116    94
18052117    55
18052118    31
18052119    38
18052120    41
18052121    41
18052122    72
18052123   113
18052200    57
18052201    61
18052202    62
18052203    61
18052204    65
18052205   116
18052206   130
18052207   343
18052208   154
18052209    83
18052210    69
18052211    54
18052212    51
18052213    50
18052214   100
18052215   113
18052216   189
18052217   120
18052218    71
18052219   107
18052220    89
18052221    42
18052222    42
18052223   112
18052300    63
18052301    73
18052302   121
18052303   117
18052304   177
18052305   400
18052306   514
18052307   512
18052308   197
18052309   188
18052310   230
18052311   372
18052312   275
18052313   189
18052314   238
18052315   216
18052316    71
18052317    73
18052318    56
18052319    69
18052320    90
18052321    96
18052322    66
18052323    97
18052400   144
18052401   125
18052402   162
18052403   113
18052404   123
18052405    98
18052406    66
18052407    65
18052408    80
18052409    74
18052410   108
18052411    63
18052412    57
18052413    59
18052414    84
18052415    62
18052416    45
18052417    88
18052418    81
18052419    42
18052420    55
18052421    56
18052422    54
18052423    60
18052500    68
18052501    83
18052502    63
18052503    34
18052504    39
18052505    42
18052506   111
18052507    87
18052508    89
18052509    95
18052510    46
18052511    44
18052512    63
18052513   127
18052514   138
18052515   164
18052516    56
18052517    37
18052518    54
18052519    47
18052520    33
18052521    32
18052522    36
18052523    47
18052600    55
18052601    50
18052602    43
18052603    53
18052604    45
18052605    52
18052606    45
18052607    51
18052608    60
18052609    61
18052610    64
18052611   110
18052612   164
18052613   104
18052614    35
18052615    45
18052616    96
18052617    77
18052618    72
18052619    66
18052620    55
18052621    45
18052622    52
18052623    53
18052700    59
18052701    59
18052702    58
18052703    52
18052704    37
18052705    41
18052706    38
18052707    36
18052708    55
18052709    79
18052710   181
18052711   344
18052712   219
18052713    51
18052714    39
18052715    55
18052716    49
18052717    35
18052718    45
18052719    54
18052720    80
18052721    53
18052722    54
18052723    79
18052800    53
18052801    51
18052802    52
18052803    45
18052804    60
18052805    50
18052806    58
18052807    98
18052808   183
18052809   101
18052810    54
18052811    81
18052812   141
18052813   190
18052814   105
18052815   119
18052816    68
18052817    42
18052818    46
18052819    54
18052820   104
18052821    50
18052822    49
18052823    57
18052900    58
18052901    62
18052902    73
18052903   131
18052904   174
18052905   109
18052906    70
18052907    60
18052908    32
18052909    48
18052910    63
18052911    64
18052912    75
18052913   127
18052914   100
18052915    96
18052916    96
18052917    60
18052918    64
18052919    58
18052920    71
18052921    72
18052922    83
18052923    71
18053000    53
18053001    64
18053002    53
18053003    41
18053004    50
18053005    61
18053006   144
18053007   111
18053008    70
18053009    56
18053010    43
18053011    42
18053012    45
18053013    42
18053014    40
18053015    36
18053016    57
18053017    76
18053018    68
18053019    92
18053020    77
18053021    61
18053022    87
18053023    77
18053100    43
18053101    54
18053102    79
18053103   101
18053104    81
18053105    52
18053106    42
18053107    76
18053108    73
18053109   110
18053110    96
18053111    66
18053112    77
18053113    63
18053114   163
18053115   137
18053116   338
18053117   333
18053118   564
18053119   616
18053120   388
18053121   174
18053122   401
18053123   415

Mon Ap 4
