18020100   100
18020101   131
18020102    68
18020103    43
18020104    34
18020105    23
18020106    39
18020107    49
18020108    77
18020109    64
18020110    62
18020111    28
18020112    26
18020113    33
18020114    65
18020115    42
18020116    39
18020117    29
18020118    53
18020119   177
18020120    60
18020121   193
18020122   109
18020123    41
18020200    55
18020201   133
18020202    66
18020203    75
18020204    73
18020205    90
18020206    84
18020207   106
18020208    84
18020209    62
18020210    68
18020211    68
18020212    66
18020213    22
18020214    34
18020215    33
18020216    35
18020217   101
18020218   182
18020219    43
18020220    38
18020221    22
18020222    19
18020223    17
18020300    17
18020301    13
18020302    11
18020303    13
18020304    15
18020305    24
18020306    44
18020307    58
18020308    55
18020309    25
18020310   103
18020311   124
18020312    25
18020313    22
18020314    72
18020315    56
18020316    87
18020317    44
18020318    27
18020319    26
18020320    79
18020321   144
18020322    29
18020323    20
18020400    21
18020401    26
18020402    19
18020403    17
18020404    21
18020405    22
18020406    26
18020407    27
18020408    88
18020409    79
18020410    32
18020411    22
18020412    22
18020413    23
18020414    21
18020415    24
18020416    34
18020417    76
18020418   359
18020419   176
18020420    26
18020421    27
18020422    36
18020423    19
18020500    26
18020501    74
18020502   142
18020503   104
18020504    30
18020505    32
18020506    47
18020507    85
18020508   376
18020509   282
18020510   152
18020511    41
18020512   217
18020513   573
18020514   244
18020515   102
18020516   116
18020517   330
18020518   132
18020519    47
18020520    38
18020521    21
18020522    14
18020523    14
18020600    12
18020601    10
18020602    20
18020603    57
18020604    97
18020605    50
18020606    61
18020607   128
18020608   193
18020609   243
18020610   204
18020611   297
18020612   193
18020613    43
18020614    32
18020615    27
18020616    28
18020617    26
18020618    29
18020619    51
18020620   163
18020621    66
18020622    74
18020623    54
18020700    25
18020701    22
18020702    20
18020703    18
18020704    16
18020705    14
18020706    21
18020707    42
18020708    62
18020709    35
18020710    37
18020711   223
18020712   355
18020713   101
18020714    34
18020715    30
18020716    39
18020717    31
18020718    20
18020719    23
18020720    28
18020721    15
18020722    14
18020723    14
18020800    14
18020801    13
18020802    15
18020803    17
18020804    17
18020805    22
18020806    37
18020807    38
18020808    45
18020809    37
18020810    52
18020811   117
18020812    52
18020813    25
18020814    24
18020815    38
18020816    48
18020817    36
18020818    32
18020819    41
18020820    84
18020821    74
18020822   160
18020823    58
18020900    36
18020901    29
18020902    35
18020903    95
18020904   267
18020905   124
18020906    37
18020907    14
18020908    28
18020909    22
18020910    16
18020911    37
18020912    64
18020913    35
18020914    52
18020915    31
18020916    32
18020917    29
18020918    34
18020919    83
18020920    34
18020921    20
18020922   115
18020923   101
18021000    43
18021001    29
18021002    38
18021003    38
18021004    35
18021005    61
18021006    20
18021007    21
18021008    53
18021009   171
18021010   504
18021011   320
18021012   275
18021013   183
18021014   259
18021015   166
18021016    69
18021017    40
18021018    22
18021019    24
18021020   185
18021021    66
18021022    36
18021023    22
18021100    18
18021101    15
18021102    14
18021103    13
18021104    16
18021105    12
18021106    10
18021107    12
18021108    26
18021109    31
18021110    34
18021111    77
18021112    71
18021113    73
18021114    73
18021115    67
18021116   164
18021117    44
18021118    18
18021119    28
18021120    16
18021121    12
18021122    12
18021123    12
18021200    12
18021201    13
18021202    13
18021203    19
18021204    16
18021205    28
18021206    75
18021207    62
18021208    28
18021209    18
18021210    20
18021211    22
18021212    24
18021213    20
18021214    39
18021215    35
18021216    24
18021217    15
18021218    39
18021219   163
18021220   120
18021221    38
18021222    21
18021223    17
18021300    16
18021301    16
18021302    15
18021303    22
18021304    17
18021305    19
18021306    20
18021307    18
18021308    21
18021309    17
18021310    24
18021311    20
18021312    21
18021313    21
18021314    25
18021315    26
18021316    29
18021317    42
18021318    52
18021319    48
18021320    61
18021321    58
18021322   146
18021323    95
18021400    25
18021401    41
18021402    32
18021403    21
18021404    17
18021405    14
18021406    12
18021407    19
18021408    48
18021409    33
18021410    20
18021411    23
18021412    21
18021413    21
18021414    18
18021415    17
18021416    15
18021417    16
18021418    38
18021419   154
18021420    83
18021421    66
18021422    45
18021423    94
18021500    53
18021501    26
18021502    27
18021503    22
18021504    16
18021505    16
18021506    21
18021507    35
18021508   158
18021509   128
18021510    84
18021511   145
18021512   177
18021513   246
18021514   238
18021515   256
18021516   373
18021517   495
18021518   266
18021519    87
18021520    57
18021521    59
18021522   271
18021523   102
18021600    45
18021601    37
18021602    54
18021603   121
18021604   115
18021605    55
18021606    58
18021607    15
18021608    37
18021609    22
18021610    36
18021611    22
18021612    28
18021613    57
18021614   124
18021615    97
18021616    54
18021617    76
18021618    70
18021619    46
18021620    43
18021621    57
18021622   114
18021623   178
18021700   386
18021701   215
18021702   199
18021703   123
18021704   173
18021705   492
18021706   290
18021707   157
18021708   141
18021709   174
18021710   332
18021711   334
18021712   502
18021713   420
18021714   183
18021715   154
18021716   144
18021717   110
18021718    65
18021719    46
18021720    47
18021721   143
18021722   250
18021723   220
18021800   520
18021801   424
18021802   225
18021803    85
18021804    82
18021805   108
18021806   145
18021807   291
18021808   193
18021809   123
18021810   145
18021811   151
18021812   381
18021813   143
18021814   210
18021815   534
18021816   385
18021817   158
18021818   205
18021819   225
18021820   206
18021821   179
18021822   275
18021823   352
18021900   341
18021901   465
18021902   589
18021903   197
18021904   378
18021905   302
18021906    89
18021907    72
18021908    48
18021909    78
18021910   140
18021911   252
18021912   393
18021913   314
18021914   369
18021915   247
18021916   270
18021917   371
18021918   419
18021919   618
18021920   395
18021921   240
18021922   328
18021923   200
18022000   235
18022001   132
18022002    53
18022003    23
18022004    20
18022005    14
18022006    19
18022007    23
18022008    34
18022009    60
18022010    60
18022011    58
18022012    40
18022013    69
18022014   148
18022015   124
18022016    69
18022017    23
18022018    54
18022019    76
18022020    23
18022021    23
18022022    28
18022023    28
18022100    29
18022101    26
18022102    23
18022103    27
18022104    24
18022105    25
18022106    36
18022107    54
18022108    59
18022109   281
18022110   342
18022111   116
18022112    40
18022113    23
18022114    18
18022115    44
18022116    56
18022117    87
18022118   137
18022119    85
18022120    77
18022121    42
18022122    34
18022123    57
18022200   109
18022201   127
18022202   160
18022203   152
18022204    82
18022205    55
18022206    48
18022207    22
18022208    55
18022209   101
18022210   333
18022211   240
18022212   195
18022213   175
18022214   271
18022215   333
18022216   245
18022217   340
18022218   710
18022219   213
18022220    90
18022221   329
18022222   185
18022223    48
18022300    47
18022301    57
18022302    61
18022303   228
18022304   382
18022305   186
18022306   369
18022307   229
18022308   227
18022309   566
18022310   991
18022311   500
18022312   198
18022313    76
18022314    38
18022315    76
18022316   385
18022317   338
18022318   377
18022319   377
18022320   365
18022321   194
18022322   122
18022323   133
18022400   432
18022401   343
18022402   219
18022403   384
18022404   159
18022405    97
18022406    68
18022407   171
18022408   310
18022409   225
18022410   101
18022411    94
18022412   135
18022413   130
18022414   180
18022415   114
18022416    89
18022417    56
18022418    89
18022419    65
18022420    41
18022421    64
18022422    55
18022423    29
18022500    29
18022501    30
18022502    33
18022503    28
18022504    25
18022505    34
18022506    35
18022507    57
18022508    39
18022509    20
18022510    21
18022511    21
18022512    22
18022513    30
18022514    29
18022515    63
18022516   220
18022517   257
18022518   266
18022519   254
18022520   158
18022521   110
18022522    80
18022523   109
18022600   129
18022601    70
18022602    60
18022603    48
18022604    79
18022605   109
18022606   103
18022607   218
18022608   130
18022609   154
18022610   297
18022611   131
18022612   110
18022613   135
18022614   144
18022615   276
18022616    63
18022617    39
18022618    35
18022619    21
18022620    50
18022621   130
18022622   197
18022623   357
18022700   653
18022701   555
18022702   478
18022703   393
18022704   668
18022705   281
18022706    72
18022707    50
18022708    43
18022709    32
18022710    54
18022711    78
18022712   430
18022713   868
18022714   515
18022715   257
18022716   311
18022717   226
18022718   156
18022719    97
18022720    57
18022721    55
18022722    59
18022723    66
18022800   122
18022801   101
18022802    54
18022803    76
18022804   102
18022805    63
18022806    88
18022807    70
18022808    50
18022809    52
18022810    81
18022811   316
18022812   364
18022813   225
18022814   239
18022815   178
18022816   196
18022817   124
18022818    74
18022819    75
18022820   133
18022821   120
18022822    57
18022823    66

Sat Ap 1
