18070100    52
18070101    46
18070102    42
18070103    53
18070104    30
18070105    24
18070106    30
18070107    43
18070108    51
18070109    63
18070110    63
18070111    60
18070112    61
18070113    70
18070114    54
18070115    42
18070116    47
18070117    50
18070118    44
18070119    46
18070120    46
18070121    43
18070122    32
18070123    32
18070200    36
18070201    39
18070202    40
18070203    33
18070204    31
18070205    22
18070206    39
18070207    42
18070208    47
18070209    43
18070210    43
18070211    66
18070212    69
18070213    55
18070214    52
18070215    43
18070216    54
18070217    54
18070218    47
18070219    49
18070220    97
18070221    35
18070222    36
18070223    37
18070300    36
18070301    36
18070302    35
18070303    33
18070304    31
18070305    30
18070306    31
18070307    46
18070308    51
18070309    49
18070310    57
18070311    59
18070312    49
18070313    54
18070314    90
18070315   228
18070316   355
18070317    94
18070318    39
18070319    43
18070320    53
18070321    66
18070322    51
18070323    55
18070400    34
18070401    34
18070402    39
18070403    26
18070404    38
18070405    85
18070406   121
18070407   113
18070408   120
18070409    73
18070410    54
18070411    81
18070412   257
18070413    92
18070414    49
18070415    47
18070416   102
18070417    71
18070418    73
18070419    59
18070420    70
18070421    40
18070422    44
18070423    45
18070500    61
18070501    92
18070502   109
18070503    54
18070504    27
18070505    30
18070506    49
18070507    57
18070508    46
18070509    73
18070510   230
18070511   141
18070512   224
18070513   209
18070514   368
18070515   270
18070516   278
18070517   644
18070518   719
18070519   487
18070520   615
18070521   303
18070522    95
18070523   423
18070600   455
18070601   208
18070602   210
18070603   259
18070604    89
18070605    65
18070606    36
18070607    52
18070608    75
18070609    74
18070610   134
18070611   189
18070612   161
18070613   178
18070614    98
18070615    61
18070616    53
18070617    39
18070618    34
18070619    39
18070620    47
18070621   114
18070622   218
18070623   124
18070700    61
18070701    80
18070702   176
18070703   148
18070704   162
18070705   173
18070706   175
18070707    99
18070708   121
18070709   201
18070710    66
18070711    65
18070712    68
18070713   106
18070714   156
18070715   169
18070716   156
18070717   104
18070718   203
18070719    92
18070720    84
18070721    77
18070722    66
18070723    63
18070800    58
18070801    61
18070802    53
18070803    39
18070804    48
18070805   204
18070806   143
18070807    70
18070808    53
18070809    77
18070810    75
18070811    62
18070812    58
18070813    85
18070814   113
18070815   144
18070816    97
18070817    51
18070818    47
18070819    53
18070820   123
18070821   107
18070822    47
18070823    34
18070900    33
18070901    35
18070902    40
18070903    48
18070904    33
18070905    29
18070906    27
18070907    34
18070908    39
18070909    50
18070910    47
18070911    55
18070912    52
18070913    64
18070914    85
18070915   138
18070916    71
18070917    34
18070918    25
18070919    32
18070920    39
18070921    36
18070922    28
18070923    33
18071000    56
18071001    45
18071002    87
18071003   176
18071004   309
18071005   127
18071006   183
18071007   290
18071008   225
18071009   207
18071010   240
18071011   246
18071012   120
18071013   139
18071014    84
18071015    59
18071016    57
18071017    47
18071018    42
18071019    46
18071020    50
18071021    47
18071022    39
18071023    35
18071100    37
18071101    40
18071102    35
18071103    39
18071104    41
18071105    66
18071106   232
18071107   200
18071108   147
18071109   122
18071110   202
18071111   493
18071112   420
18071113   131
18071114    76
18071115    50
18071116    50
18071117    34
18071118    60
18071119    69
18071120    86
18071121    94
18071122    82
18071123   161
18071200    53
18071201    64
18071202    98
18071203   200
18071204    65
18071205    75
18071206   218
18071207   353
18071208   223
18071209    67
18071210   118
18071211   179
18071212   145
18071213   110
18071214   101
18071215   149
18071216   195
18071217   108
18071218   165
18071219    58
18071220    80
18071221    41
18071222    56
18071223    46
18071300   101
18071301   233
18071302   221
18071303   161
18071304   232
18071305   152
18071306   105
18071307   157
18071308   212
18071309    86
18071310    77
18071311    73
18071312    83
18071313   114
18071314    95
18071315   147
18071316    62
18071317    81
18071318    68
18071319   162
18071320   227
18071321   120
18071322    55
18071323    51
18071400    80
18071401    73
18071402    70
18071403    93
18071404    57
18071405    41
18071406    91
18071407   176
18071408   135
18071409   103
18071410   150
18071411    70
18071412   101
18071413   172
18071414   102
18071415   159
18071416   175
18071417   174
18071418   238
18071419    80
18071420    51
18071421    38
18071422    41
18071423    41
18071500    65
18071501    86
18071502    90
18071503   135
18071504   134
18071505   116
18071506   127
18071507   159
18071508   169
18071509    90
18071510    62
18071511    79
18071512    84
18071513   103
18071514   106
18071515   120
18071516   141
18071517    69
18071518    54
18071519    75
18071520   167
18071521   129
18071522    71
18071523    92
18071600    83
18071601    72
18071602    75
18071603   167
18071604   284
18071605   272
18071606   335
18071607   375
18071608   510
18071609   409
18071610   348
18071611   320
18071612   130
18071613   118
18071614   176
18071615   117
18071616   148
18071617   153
18071618    84
18071619   101
18071620   226
18071621   537
18071622   233
18071623   102
18071700    78
18071701    58
18071702    48
18071703    74
18071704   147
18071705   541
18071706   685
18071707   404
18071708   102
18071709    45
18071710    52
18071711    41
18071712    36
18071713    59
18071714    91
18071715   126
18071716   101
18071717   140
18071718    94
18071719    54
18071720    47
18071721    74
18071722   151
18071723   156
18071800    61
18071801    57
18071802    51
18071803    46
18071804    35
18071805    67
18071806   103
18071807   101
18071808    60
18071809    50
18071810    33
18071811    30
18071812    27
18071813    23
18071814    32
18071815    36
18071816    30
18071817    37
18071818   102
18071819    77
18071820   149
18071821   106
18071822    87
18071823    58
18071900    42
18071901    51
18071902    71
18071903    51
18071904    44
18071905    42
18071906    82
18071907   114
18071908    70
18071909    67
18071910    69
18071911    66
18071912   102
18071913    57
18071914    61
18071915    78
18071916    73
18071917   348
18071918   145
18071919    86
18071920   118
18071921    60
18071922    51
18071923   109
18072000    98
18072001   149
18072002    61
18072003    55
18072004    59
18072005   102
18072006   104
18072007   126
18072008   155
18072009   456
18072010   321
18072011   300
18072012   372
18072013   192
18072014    78
18072015    64
18072016    76
18072017    57
18072018    64
18072019    87
18072020   253
18072021   338
18072022   112
18072023   134
18072100   123
18072101    71
18072102    73
18072103    87
18072104   150
18072105   381
18072106   306
18072107   366
18072108   487
18072109   417
18072110   429
18072111   542
18072112   434
18072113   432
18072114   313
18072115   233
18072116   198
18072117   108
18072118    59
18072119    68
18072120    59
18072121    80
18072122   105
18072123   232
18072200   138
18072201    65
18072202    37
18072203    33
18072204   125
18072205   292
18072206   208
18072207    90
18072208   177
18072209   279
18072210   187
18072211    75
18072212    43
18072213    56
18072214    78
18072215   116
18072216   301
18072217   103
18072218    50
18072219    54
18072220    65
18072221    70
18072222    83
18072223    42
18072300    39
18072301    34
18072302    22
18072303    26
18072304    33
18072305   146
18072306   235
18072307   198
18072308    60
18072309    62
18072310    68
18072311    79
18072312    64
18072313    65
18072314    54
18072315    53
18072316    55
18072317    76
18072318   119
18072319   128
18072320    49
18072321    44
18072322    52
18072323    88
18072400   421
18072401   378
18072402   174
18072403   220
18072404   316
18072405   365
18072406   245
18072407   209
18072408   184
18072409   340
18072410   491
18072411   336
18072412   247
18072413    92
18072414    52
18072415   226
18072416   618
18072417   413
18072418   351
18072419   335
18072420   529
18072421   593
18072422   103
18072423    95
18072500   294
18072501   469
18072502   551
18072503   552
18072504   563
18072505   271
18072506   315
18072507   167
18072508    65
18072509    86
18072510   187
18072511    99
18072512    66
18072513    71
18072514   129
18072515   200
18072516   227
18072517   144
18072518    50
18072519    53
18072520   109
18072521   206
18072522    67
18072523    56
18072600    45
18072601    40
18072602    27
18072603    28
18072604    60
18072605    98
18072606    70
18072607    40
18072608    40
18072609    42
18072610    45
18072611    59
18072612    54
18072613    98
18072614   135
18072615    88
18072616   104
18072617    93
18072618    91
18072619    47
18072620    55
18072621    51
18072622    47
18072623    43
18072700    37
18072701    25
18072702    18
18072703    14
18072704    20
18072705    34
18072706    49
18072707    55
18072708    52
18072709    60
18072710    62
18072711    60
18072712    55
18072713    58
18072714    63
18072715    59
18072716    53
18072717    40
18072718    57
18072719    76
18072720    60
18072721    75
18072722    79
18072723    38
18072800    26
18072801    38
18072802   133
18072803   200
18072804   109
18072805    38
18072806    49
18072807    63
18072808   112
18072809    77
18072810   133
18072811   294
18072812   137
18072813    66
18072814    79
18072815    78
18072816    70
18072817    94
18072818   157
18072819   105
18072820   119
18072821    96
18072822    77
18072823    40
18072900    39
18072901    93
18072902   195
18072903    99
18072904    70
18072905    66
18072906    93
18072907   187
18072908   224
18072909   213
18072910   231
18072911   164
18072912   186
18072913   138
18072914    88
18072915    72
18072916    74
18072917    97
18072918    89
18072919    94
18072920   247
18072921   188
18072922   169
18072923   105
18073000    91
18073001    71
18073002    60
18073003    32
18073004    42
18073005    39
18073006    14
18073007    14
18073008    16
18073009    26
18073010    37
18073011    48
18073012    62
18073013    64
18073014    69
18073015    78
18073016    64
18073017    73
18073018   104
18073019    80
18073020   247
18073021   251
18073022   175
18073023    91
18073100    53
18073101    82
18073102   116
18073103    79
18073104    72
18073105    19
18073106    33
18073107    24
18073108    26
18073109    33
18073110    37
18073111    44
18073112    49
18073113    52
18073114    38
18073115    41
18073116    62
18073117   120
18073118   107
18073119   178
18073120   117
18073121    74
18073122    70
18073123   209

Wed Oc 1
