18100100    26
18100101    22
18100102    22
18100103    20
18100104    55
18100105   118
18100106    65
18100107   102
18100108   158
18100109   397
18100110   374
18100111   260
18100112   191
18100113   328
18100114   659
18100115   321
18100116   281
18100117   166
18100118   243
18100119   248
18100120   222
18100121    79
18100122   205
18100123   292
18100200   288
18100201   210
18100202   415
18100203   184
18100204    87
18100205   140
18100206   150
18100207    83
18100208   129
18100209    79
18100210    29
18100211    32
18100212    58
18100213    51
18100214    36
18100215    45
18100216    29
18100217    47
18100218   102
18100219   197
18100220    74
18100221    27
18100222    31
18100223    25
18100300    18
18100301    19
18100302    24
18100303    33
18100304    43
18100305    31
18100306    24
18100307    89
18100308   118
18100309    28
18100310    32
18100311    29
18100312    31
18100313    36
18100314    60
18100315    73
18100316    57
18100317    47
18100318    48
18100319    75
18100320   103
18100321    94
18100322   147
18100323    83
18100400    29
18100401    38
18100402    34
18100403    27
18100404    33
18100405    30
18100406    40
18100407    29
18100408    37
18100409    25
18100410    24
18100411    28
18100412    32
18100413    79
18100414   254
18100415   217
18100416    94
18100417    42
18100418    37
18100419    50
18100420    41
18100421    38
18100422    29
18100423    24
18100500    61
18100501   192
18100502   144
18100503   142
18100504   128
18100505   190
18100506    73
18100507    95
18100508    93
18100509    95
18100510   143
18100511   187
18100512   108
18100513    96
18100514   117
18100515   120
18100516    87
18100517    77
18100518    40
18100519    94
18100520    77
18100521    80
18100522   105
18100523   191
18100600    63
18100601   199
18100602   187
18100603    49
18100604    27
18100605    20
18100606    24
18100607    71
18100608   131
18100609   157
18100610    61
18100611   245
18100612    65
18100613    37
18100614    44
18100615    46
18100616    36
18100617    27
18100618    54
18100619    55
18100620    38
18100621    16
18100622    16
18100623    12
18100700    16
18100701    12
18100702     9
18100703    14
18100704    29
18100705    30
18100706    30
18100707    94
18100708   125
18100709    40
18100710    93
18100711   358
18100712   827
18100713   680
18100714   311
18100715   529
18100716   820
18100717   792
18100718   801
18100719   786
18100720   923
18100721   693
18100722   325
18100723   283
18100800   704
18100801   307
18100802   201
18100803   411
18100804   436
18100805   290
18100806   245
18100807   677
18100808   783
18100809   596
18100810   618
18100811   739
18100812   806
18100813   600
18100814   401
18100815   424
18100816   358
18100817   279
18100818   343
18100819   251
18100820    99
18100821   121
18100822    67
18100823    83
18100900   302
18100901   253
18100902   134
18100903   136
18100904   266
18100905   396
18100906   444
18100907   685
18100908   347
18100909   442
18100910   412
18100911   705
18100912   409
18100913   255
18100914    99
18100915   292
18100916   757
18100917   544
18100918   349
18100919   199
18100920   281
18100921   662
18100922   469
18100923   243
18101000   171
18101001   323
18101002   135
18101003    64
18101004    44
18101005    50
18101006    55
18101007    54
18101008    78
18101009    97
18101010   411
18101011   420
18101012   784
18101013   989
18101014   790
18101015   422
18101016   309
18101017   574
18101018   770
18101019   753
18101020   724
18101021   190
18101022    78
18101023   147
18101100   299
18101101   564
18101102   377
18101103   215
18101104   142
18101105   179
18101106   494
18101107   535
18101108   528
18101109   279
18101110   149
18101111   106
18101112   168
18101113   179
18101114   221
18101115   206
18101116   240
18101117   312
18101118   340
18101119   176
18101120   215
18101121   134
18101122   110
18101123    62
18101200    43
18101201    56
18101202    56
18101203    82
18101204    55
18101205    46
18101206    39
18101207    87
18101208   203
18101209   307
18101210   320
18101211   213
18101212   133
18101213    84
18101214    81
18101215   101
18101216   159
18101217   147
18101218    67
18101219   108
18101220   183
18101221   160
18101222    60
18101223    30
18101300    29
18101301    40
18101302    39
18101303   108
18101304    74
18101305    33
18101306    70
18101307    89
18101308    79
18101309    50
18101310    38
18101311    34
18101312    40
18101313    35
18101314    39
18101315   107
18101316   414
18101317   981
18101318   704
18101319   229
18101320    79
18101321   245
18101322   537
18101323   192
18101400    87
18101401    59
18101402    49
18101403    45
18101404    33
18101405    38
18101406    99
18101407    76
18101408    35
18101409    57
18101410   155
18101411   259
18101412   141
18101413    62
18101414    55
18101415    61
18101416   138
18101417    61
18101418    40
18101419    89
18101420    49
18101421    94
18101422    88
18101423    84
18101500   220
18101501   174
18101502    72
18101503    54
18101504    87
18101505    58
18101506    63
18101507    41
18101508    62
18101509   126
18101510   274
18101511   160
18101512    74
18101513   108
18101514   180
18101515   198
18101516   294
18101517   464
18101518   328
18101519   279
18101520   262
18101521   362
18101522   281
18101523   183
18101600   165
18101601   111
18101602    84
18101603    36
18101604    31
18101605    29
18101606    25
18101607    34
18101608    56
18101609    33
18101610   139
18101611   238
18101612   141
18101613    53
18101614   106
18101615   254
18101616    52
18101617    27
18101618    26
18101619    29
18101620    26
18101621    23
18101622    20
18101623    18
18101700    17
18101701    13
18101702    16
18101703    28
18101704    50
18101705    73
18101706    67
18101707   160
18101708   101
18101709    41
18101710    37
18101711    26
18101712    24
18101713    27
18101714    26
18101715    28
18101716    26
18101717    23
18101718    19
18101719    17
18101720    17
18101721    16
18101722    14
18101723    11
18101800     7
18101801    11
18101802    13
18101803    18
18101804    19
18101805    16
18101806    20
18101807    34
18101808    39
18101809    29
18101810    21
18101811    19
18101812    23
18101813    21
18101814    23
18101815    26
18101816    23
18101817    20
18101818    20
18101819    24
18101820    21
18101821    17
18101822    15
18101823    11
18101900     9
18101901    12
18101902    11
18101903    10
18101904    11
18101905    11
18101906    15
18101907    16
18101908    14
18101909    18
18101910    22
18101911    27
18101912    20
18101913    32
18101914    48
18101915    35
18101916    26
18101917    44
18101918    25
18101919    20
18101920    62
18101921    18
18101922    19
18101923    17
18102000    11
18102001    14
18102002    14
18102003    16
18102004    15
18102005    29
18102006    46
18102007    28
18102008    19
18102009    21
18102010    25
18102011    21
18102012    17
18102013    25
18102014   120
18102015    48
18102016    35
18102017    40
18102018    31
18102019    54
18102020    27
18102021    21
18102022    23
18102023    20
18102100    20
18102101    15
18102102    17
18102103    23
18102104    24
18102105    26
18102106    29
18102107    31
18102108    35
18102109    33
18102110   105
18102111   469
18102112   286
18102113   289
18102114   181
18102115    62
18102116   115
18102117    41
18102118    74
18102119   176
18102120   104
18102121    31
18102122    30
18102123    47
18102200   257
18102201   216
18102202    66
18102203    41
18102204   143
18102205   160
18102206    96
18102207    69
18102208    43
18102209   177
18102210   114
18102211    80
18102212    57
18102213   123
18102214   252
18102215   145
18102216   134
18102217   162
18102218    87
18102219    60
18102220   100
18102221    46
18102222    35
18102223    40
18102300    65
18102301    64
18102302    46
18102303    36
18102304    72
18102305    69
18102306    71
18102307   106
18102308   109
18102309    49
18102310    65
18102311   222
18102312   211
18102313   140
18102314    76
18102315    40
18102316    36
18102317    28
18102318    20
18102319    21
18102320    21
18102321    21
18102322    15
18102323    19
18102400    20
18102401    20
18102402    15
18102403    14
18102404    15
18102405    23
18102406    85
18102407    45
18102408    38
18102409    41
18102410   145
18102411   109
18102412    83
18102413    38
18102414    25
18102415    34
18102416    31
18102417    29
18102418   111
18102419   140
18102420    43
18102421    49
18102422    34
18102423    24
18102500    26
18102501    29
18102502    28
18102503    43
18102504    56
18102505    65
18102506    40
18102507    25
18102508    37
18102509   217
18102510   140
18102511    73
18102512   111
18102513   120
18102514   121
18102515    68
18102516   150
18102517   331
18102518   194
18102519   159
18102520   165
18102521   113
18102522    43
18102523    60
18102600   187
18102601    91
18102602    35
18102603    24
18102604    26
18102605    25
18102606    22
18102607    23
18102608    24
18102609    27
18102610   149
18102611   103
18102612    73
18102613   116
18102614    59
18102615   109
18102616    60
18102617    43
18102618    41
18102619    34
18102620   197
18102621   324
18102622   174
18102623    59
18102700    46
18102701    43
18102702    43
18102703    30
18102704    33
18102705    74
18102706   169
18102707   185
18102708    88
18102709    39
18102710   161
18102711   175
18102712    88
18102713    42
18102714    31
18102715    36
18102716    33
18102717    21
18102718    17
18102719    18
18102720    20
18102721    21
18102722    16
18102723    15
18102800    15
18102801    64
18102802    31
18102803    18
18102804    20
18102805    49
18102806   111
18102807    78
18102808    67
18102809    40
18102810    34
18102811    23
18102812    24
18102813    24
18102814    24
18102815    28
18102816    31
18102817    37
18102818    31
18102819    24
18102820    24
18102821    22
18102822    24
18102823    18
18102900    14
18102901    13
18102902    16
18102903    16
18102904    16
18102905    18
18102906    24
18102907    31
18102908    47
18102909    46
18102910    41
18102911    31
18102912    36
18102913    57
18102914    47
18102915    46
18102916    32
18102917    24
18102918    37
18102919    25
18102920    20
18102921    16
18102922    16
18102923    17
18103000    28
18103001    24
18103002    45
18103003    39
18103004    65
18103005    84
18103006    88
18103007    62
18103008    30
18103009    27
18103010    29
18103011    24
18103012    24
18103013    58
18103014    26
18103015    27
18103016    33
18103017    24
18103018    24
18103019    75
18103020    77
18103021    28
18103022    18
18103023    25
18103100    48
18103101    21
18103102    17
18103103    16
18103104    17
18103105    23
18103106    28
18103107    33
18103108    34
18103109    31
18103110    28
18103111    29
18103112   151
18103113    95
18103114   191
18103115   321
18103116   165
18103117   158
18103118    65
18103119    37
18103120   105
18103121   127
18103122    91
18103123    51

Wed Oc 1
