18010100   330
18010101   370
18010102   349
18010103   395
18010104   225
18010105   180
18010106   123
18010107   131
18010108   284
18010109   441
18010110   220
18010111   134
18010112   239
18010113   479
18010114   262
18010115    60
18010116    49
18010117    31
18010118    28
18010119    33
18010120    84
18010121   145
18010122   150
18010123   110
18010200    68
18010201    86
18010202    63
18010203    61
18010204    54
18010205    40
18010206    49
18010207    67
18010208    28
18010209    38
18010210    31
18010211    26
18010212    23
18010213    38
18010214   149
18010215   169
18010216   210
18010217    98
18010218   165
18010219   185
18010220    47
18010221    49
18010222    57
18010223    20
18010300    22
18010301    15
18010302    30
18010303    41
18010304    32
18010305    29
18010306    24
18010307    70
18010308   119
18010309   202
18010310    70
18010311    46
18010312    22
18010313    16
18010314    40
18010315   104
18010316   141
18010317    56
18010318    54
18010319    32
18010320    41
18010321    26
18010322    18
18010323    24
18010400    23
18010401    20
18010402    18
18010403    21
18010404    29
18010405    41
18010406    60
18010407    75
18010408    94
18010409    29
18010410    34
18010411    91
18010412    88
18010413    52
18010414    34
18010415    28
18010416    22
18010417    30
18010418   121
18010419   205
18010420    87
18010421    90
18010422    96
18010423    30
18010500    19
18010501    25
18010502    32
18010503    29
18010504    64
18010505    37
18010506    25
18010507    54
18010508   169
18010509   106
18010510    75
18010511    72
18010512    88
18010513    46
18010514    59
18010515    76
18010516    59
18010517    45
18010518    85
18010519    64
18010520    59
18010521    58
18010522    94
18010523    44
18010600    47
18010601    21
18010602    15
18010603    17
18010604    22
18010605    26
18010606    53
18010607   140
18010608   120
18010609    48
18010610    25
18010611    23
18010612    47
18010613    77
18010614    83
18010615    25
18010616    30
18010617    23
18010618    23
18010619    81
18010620   107
18010621    51
18010622    28
18010623    23
18010700    31
18010701    24
18010702    24
18010703    23
18010704    22
18010705    15
18010706    13
18010707    11
18010708    11
18010709    13
18010710    13
18010711    10
18010712    53
18010713    19
18010714    18
18010715    20
18010716    20
18010717    20
18010718    26
18010719   114
18010720   116
18010721    34
18010722    18
18010723    19
18010800    19
18010801    15
18010802    17
18010803    19
18010804    22
18010805    20
18010806    43
18010807    68
18010808    81
18010809    56
18010810    26
18010811    30
18010812    48
18010813    86
18010814   550
18010815   514
18010816   106
18010817   110
18010818   112
18010819   123
18010820    56
18010821    62
18010822    85
18010823   138
18010900   117
18010901   277
18010902   162
18010903   136
18010904   162
18010905   185
18010906   205
18010907   197
18010908    77
18010909    92
18010910   266
18010911   322
18010912   193
18010913   123
18010914   104
18010915   298
18010916   196
18010917   115
18010918    85
18010919    65
18010920   143
18010921    95
18010922    33
18010923    86
18011000    42
18011001    33
18011002    61
18011003   109
18011004    69
18011005    42
18011006    77
18011007   114
18011008    62
18011009   123
18011010    50
18011011    66
18011012    62
18011013   155
18011014   114
18011015    49
18011016    30
18011017    26
18011018    24
18011019    61
18011020    31
18011021    16
18011022    10
18011023    13
18011100    10
18011101    12
18011102    18
18011103    40
18011104    58
18011105    47
18011106    40
18011107    40
18011108    43
18011109    30
18011110    18
18011111    59
18011112   110
18011113    95
18011114    70
18011115    35
18011116    34
18011117    28
18011118    23
18011119    24
18011120    19
18011121    21
18011122    23
18011123    29
18011200    36
18011201    26
18011202    20
18011203    29
18011204    47
18011205    50
18011206    63
18011207    63
18011208   108
18011209   247
18011210   183
18011211   137
18011212   196
18011213   158
18011214   117
18011215    72
18011216    93
18011217   137
18011218   101
18011219    42
18011220    27
18011221    25
18011222    21
18011223    16
18011300    17
18011301    16
18011302    16
18011303    19
18011304    23
18011305    29
18011306    95
18011307    91
18011308    97
18011309   163
18011310   265
18011311   234
18011312   146
18011313   145
18011314   224
18011315    78
18011316    66
18011317    42
18011318   169
18011319   315
18011320   295
18011321    89
18011322    83
18011323   106
18011400   230
18011401   288
18011402   438
18011403   352
18011404   157
18011405   581
18011406   314
18011407   153
18011408    66
18011409    33
18011410    27
18011411    62
18011412   121
18011413   152
18011414   191
18011415   214
18011416    99
18011417    53
18011418    47
18011419    41
18011420    31
18011421    26
18011422    38
18011423   100
18011500   317
18011501   159
18011502    35
18011503    80
18011504    92
18011505   131
18011506   170
18011507   159
18011508   383
18011509   186
18011510   195
18011511    61
18011512    30
18011513    26
18011514    98
18011515   186
18011516   107
18011517    63
18011518   186
18011519   163
18011520    54
18011521    34
18011522    48
18011523   109
18011600   109
18011601    54
18011602    43
18011603    32
18011604    25
18011605    20
18011606    24
18011607    51
18011608    59
18011609   187
18011610   199
18011611    79
18011612    81
18011613    80
18011614   138
18011615    74
18011616    33
18011617    75
18011618    95
18011619    44
18011620   113
18011621    53
18011622    34
18011623    31
18011700    26
18011701    24
18011702    24
18011703    25
18011704    25
18011705    24
18011706    24
18011707    30
18011708    26
18011709    41
18011710   141
18011711    45
18011712    54
18011713    39
18011714    28
18011715    27
18011716    31
18011717    32
18011718    31
18011719    28
18011720    26
18011721    26
18011722    48
18011723    23
18011800    23
18011801    23
18011802    21
18011803    21
18011804    24
18011805    21
18011806    21
18011807    26
18011808    39
18011809    18
18011810    15
18011811    18
18011812    48
18011813    27
18011814    51
18011815    61
18011816    43
18011817    22
18011818    17
18011819    24
18011820    98
18011821   109
18011822    56
18011823    54
18011900    29
18011901    38
18011902    42
18011903    60
18011904    81
18011905   205
18011906   231
18011907   341
18011908   272
18011909   220
18011910   209
18011911    59
18011912    32
18011913    25
18011914    38
18011915    25
18011916    49
18011917    68
18011918   221
18011919   149
18011920   155
18011921   150
18011922    61
18011923   137
18012000   272
18012001   192
18012002   153
18012003   117
18012004   167
18012005   230
18012006   174
18012007   252
18012008   127
18012009    61
18012010   112
18012011   172
18012012    56
18012013   125
18012014   122
18012015    81
18012016   142
18012017   285
18012018   229
18012019    73
18012020    65
18012021    45
18012022    51
18012023    45
18012100    36
18012101    52
18012102    59
18012103    63
18012104    89
18012105    83
18012106    60
18012107    74
18012108   131
18012109   251
18012110   142
18012111    65
18012112   106
18012113   488
18012114   430
18012115   175
18012116    60
18012117   107
18012118   195
18012119   390
18012120   201
18012121    99
18012122   127
18012123   240
18012200   221
18012201   177
18012202   113
18012203   189
18012204    91
18012205   114
18012206   231
18012207   312
18012208   210
18012209   101
18012210   174
18012211   164
18012212   225
18012213   145
18012214    54
18012215    59
18012216   129
18012217   443
18012218   411
18012219   443
18012220   250
18012221   101
18012222   130
18012223   173
18012300    80
18012301    68
18012302   129
18012303   110
18012304    38
18012305    33
18012306    39
18012307    54
18012308    62
18012309   170
18012310    46
18012311    68
18012312   222
18012313   130
18012314    77
18012315   148
18012316    81
18012317    44
18012318    36
18012319    24
18012320    19
18012321    21
18012322    24
18012323    22
18012400    23
18012401    18
18012402    18
18012403    20
18012404    21
18012405    21
18012406    18
18012407    20
18012408    39
18012409    91
18012410    40
18012411    32
18012412    85
18012413   106
18012414   321
18012415   477
18012416   141
18012417   168
18012418    75
18012419    36
18012420    45
18012421   109
18012422   439
18012423   599
18012500   469
18012501   340
18012502   304
18012503   165
18012504   109
18012505   139
18012506   191
18012507   107
18012508   125
18012509    72
18012510   239
18012511   257
18012512   104
18012513    68
18012514    67
18012515   253
18012516   437
18012517   618
18012518   389
18012519   187
18012520   109
18012521    70
18012522    79
18012523   151
18012600   243
18012601   223
18012602    99
18012603   145
18012604   134
18012605    56
18012606   120
18012607   202
18012608   201
18012609    64
18012610    37
18012611    51
18012612    27
18012613    32
18012614    46
18012615    58
18012616    72
18012617    63
18012618   113
18012619   160
18012620    71
18012621    83
18012622   145
18012623    60
18012700    60
18012701   141
18012702    75
18012703    65
18012704    69
18012705    54
18012706    60
18012707    48
18012708    70
18012709   194
18012710   189
18012711   147
18012712   286
18012713   356
18012714   219
18012715   109
18012716    93
18012717   151
18012718   244
18012719   147
18012720   122
18012721    73
18012722    41
18012723    48
18012800    35
18012801    48
18012802    38
18012803    37
18012804    49
18012805    47
18012806    39
18012807    33
18012808    24
18012809    46
18012810   107
18012811   157
18012812   162
18012813   149
18012814   165
18012815    60
18012816    55
18012817    58
18012818    74
18012819    66
18012820    69
18012821   120
18012822   104
18012823    41
18012900    34
18012901    28
18012902    35
18012903    38
18012904    42
18012905    43
18012906    39
18012907    34
18012908    88
18012909   219
18012910   159
18012911   214
18012912   189
18012913   113
18012914    64
18012915    73
18012916    78
18012917   109
18012918    73
18012919   145
18012920    67
18012921    61
18012922    24
18012923    13
18013000    26
18013001    30
18013002    35
18013003    76
18013004    90
18013005    42
18013006    54
18013007    44
18013008   191
18013009   116
18013010    59
18013011    28
18013012    21
18013013    18
18013014    43
18013015    82
18013016    79
18013017    62
18013018   115
18013019    50
18013020    19
18013021    26
18013022    16
18013023    16
18013100    10
18013101    12
18013102    16
18013103    19
18013104    17
18013105    17
18013106    32
18013107   102
18013108   165
18013109   399
18013110   289
18013111   184
18013112   143
18013113   308
18013114   198
18013115   148
18013116   154
18013117   348
18013118   317
18013119   335
18013120   160
18013121   160
18013122   314
18013123   192

Sat Ap 1
