19010100    28
19010101    36
19010102    38
19010103    25
19010104    40
19010105    86
19010106   259
19010107   299
19010108   293
19010109   300
19010110   280
19010111   355
19010112   405
19010113   101
19010114    63
19010115    61
19010116    41
19010117    36
19010118    26
19010119    27
19010120    22
19010121    23
19010122    32
19010123    55
19010200    24
19010201    13
19010202    14
19010203    16
19010204    12
19010205    11
19010206    12
19010207    11
19010208    13
19010209    12
19010210    13
19010211    20
19010212    35
19010213    49
19010214    25
19010215    44
19010216    64
19010217    24
19010218    55
19010219    34
19010220    11
19010221    11
19010222    21
19010223    22
19010300    30
19010301    15
19010302    14
19010303    12
19010304    13
19010305     9
19010306    28
19010307    39
19010308    39
19010309    58
19010310    37
19010311    73
19010312   153
19010313    53
19010314    34
19010315    22
19010316    14
19010317    11
19010318     8
19010319    19
19010320    25
19010321    60
19010322    13
19010323     9
19010400    13
19010401    24
19010402    22
19010403    23
19010404    24
19010405    21
19010406    38
19010407    64
19010408   154
19010409   213
19010410   212
19010411    56
19010412   117
19010413   123
19010414   137
19010415   404
19010416   354
19010417   514
19010418   528
19010419   243
19010420   288
19010421   539
19010422   229
19010423   293
19010500   471
19010501   299
19010502   184
19010503   283
19010504   470
19010505   133
19010506   111
19010507    79
19010508    94
19010509   386
19010510   100
19010511   102
19010512   230
19010513   133
19010514    73
19010515   134
19010516   374
19010517   213
19010518   120
19010519    76
19010520    54
19010521   357
19010522   366
19010523   138
19010600    77
19010601    62
19010602    67
19010603    72
19010604    74
19010605    84
19010606   167
19010607   176
19010608   126
19010609    97
19010610   115
19010611   177
19010612   290
19010613   188
19010614   271
19010615   143
19010616    85
19010617   302
19010618   633
19010619   553
19010620   171
19010621   118
19010622   168
19010623   172
19010700   121
19010701    75
19010702    56
19010703    88
19010704   112
19010705    73
19010706   100
19010707   197
19010708   220
19010709   127
19010710   112
19010711   310
19010712   115
19010713    66
19010714    85
19010715    56
19010716    44
19010717    25
19010718    46
19010719    27
19010720    36
19010721   131
19010722   100
19010723    48
19010800    35
19010801    39
19010802    61
19010803    43
19010804    30
19010805    45
19010806    57
19010807    51
19010808    53
19010809   103
19010810   277
19010811   109
19010812    49
19010813    38
19010814    76
19010815    56
19010816    48
19010817    56
19010818   114
19010819    95
19010820    47
19010821    40
19010822    30
19010823    37
19010900    40
19010901    33
19010902    35
19010903    40
19010904    44
19010905    59
19010906    43
19010907    47
19010908   120
19010909   199
19010910    74
19010911    45
19010912    56
19010913    32
19010914    36
19010915    31
19010916    22
19010917    21
19010918    48
19010919   102
19010920   121
19010921   102
19010922    38
19010923    29
19011000    34
19011001    34
19011002    35
19011003    39
19011004    44
19011005    34
19011006    35
19011007    46
19011008    74
19011009    74
19011010    58
19011011    38
19011012    61
19011013   152
19011014   207
19011015    48
19011016    31
19011017    23
19011018    25
19011019    23
19011020    20
19011021    20
19011022    22
19011023    20
19011100    28
19011101    37
19011102    48
19011103    34
19011104    31
19011105    60
19011106   144
19011107   337
19011108   177
19011109    56
19011110    47
19011111    46
19011112   100
19011113   138
19011114    59
19011115    60
19011116    91
19011117    85
19011118   169
19011119    81
19011120    36
19011121    28
19011122    27
19011123    47
19011200    20
19011201    39
19011202    22
19011203    23
19011204    28
19011205    23
19011206    24
19011207    20
19011208    21
19011209    17
19011210    21
19011211    42
19011212   158
19011213   140
19011214   155
19011215    93
19011216    90
19011217    77
19011218    47
19011219    57
19011220    42
19011221    30
19011222    28
19011223    23
19011300    22
19011301    27
19011302    37
19011303    43
19011304    43
19011305   137
19011306    83
19011307    67
19011308    80
19011309    37
19011310    73
19011311    41
19011312    32
19011313    23
19011314    25
19011315    27
19011316    26
19011317    39
19011318    37
19011319    36
19011320    91
19011321    42
19011322    36
19011323    45
19011400    27
19011401    30
19011402    85
19011403    56
19011404    34
19011405    31
19011406    32
19011407    66
19011408   152
19011409   135
19011410    81
19011411    88
19011412   106
19011413   131
19011414   122
19011415    94
19011416    73
19011417   391
19011418   107
19011419    75
19011420    41
19011421    47
19011422    51
19011423   178
19011500    93
19011501    34
19011502    32
19011503    47
19011504    50
19011505    54
19011506    85
19011507    55
19011508    34
19011509    23
19011510    19
19011511    56
19011512   136
19011513    88
19011514    44
19011515    69
19011516    62
19011517    91
19011518    68
19011519    67
19011520    71
19011521    54
19011522    49
19011523    37
19011600    32
19011601    31
19011602    35
19011603    35
19011604    96
19011605    91
19011606   172
19011607   137
19011608    63
19011609    37
19011610    20
19011611    36
19011612    25
19011613    42
19011614    38
19011615    71
19011616    79
19011617   152
19011618   160
19011619   166
19011620   398
19011621   576
19011622   399
19011623   435
19011700   241
19011701   131
19011702   106
19011703    60
19011704    30
19011705    32
19011706    29
19011707    22
19011708    20
19011709    21
19011710    30
19011711    27
19011712    28
19011713    28
19011714    39
19011715   190
19011716   316
19011717   255
19011718   238
19011719   232
19011720    79
19011721   103
19011722   102
19011723   139
19011800    63
19011801    50
19011802    69
19011803    30
19011804    64
19011805    61
19011806    49
19011807    66
19011808    66
19011809    54
19011810   192
19011811   320
19011812    74
19011813    59
19011814   138
19011815    53
19011816    69
19011817   226
19011818   149
19011819   113
19011820   120
19011821    41
19011822    39
19011823    33
19011900    27
19011901    36
19011902    25
19011903    26
19011904    42
19011905    50
19011906    55
19011907    50
19011908    74
19011909   352
19011910   112
19011911    48
19011912    22
19011913    12
19011914    17
19011915    26
19011916    61
19011917   207
19011918   285
19011919   192
19011920   164
19011921   185
19011922   160
19011923   248
19012000    92
19012001    59
19012002    61
19012003    45
19012004    28
19012005    34
19012006    31
19012007    55
19012008   108
19012009   134
19012010    83
19012011   105
19012012   103
19012013    40
19012014    45
19012015    88
19012016   167
19012017    76
19012018    52
19012019    41
19012020    82
19012021   107
19012022    38
19012023    38
19012100    34
19012101    26
19012102    31
19012103    25
19012104    18
19012105    20
19012106    18
19012107    15
19012108    25
19012109    34
19012110    40
19012111    33
19012112    30
19012113    39
19012114    30
19012115    40
19012116    56
19012117   122
19012118    71
19012119    56
19012120   106
19012121    96
19012122    46
19012123    31
19012200    26
19012201    26
19012202    24
19012203    41
19012204    30
19012205    24
19012206    19
19012207    16
19012208    17
19012209    15
19012210    19
19012211    13
19012212    14
19012213    50
19012214    81
19012215    89
19012216    52
19012217    26
19012218    47
19012219   266
19012220   233
19012221   119
19012222    47
19012223    32
19012300   145
19012301   130
19012302    61
19012303   100
19012304    46
19012305    82
19012306   157
19012307    90
19012308    63
19012309    38
19012310   243
19012311   564
19012312   395
19012313   151
19012314   252
19012315   335
19012316   192
19012317   172
19012318    95
19012319    70
19012320   163
19012321   353
19012322   255
19012323   590
19012400   368
19012401   229
19012402   112
19012403   183
19012404   311
19012405   261
19012406   379
19012407   511
19012408   227
19012409    65
19012410    38
19012411    57
19012412    37
19012413    28
19012414    55
19012415   107
19012416   151
19012417   311
19012418   637
19012419   656
19012420   253
19012421   761
19012422   316
19012423    92
19012500   133
19012501   103
19012502    48
19012503    47
19012504   120
19012505   258
19012506   161
19012507   177
19012508   328
19012509   281
19012510    51
19012511   117
19012512   490
19012513   651
19012514   254
19012515   530
19012516   381
19012517   180
19012518   178
19012519   204
19012520    90
19012521    73
19012522    42
19012523   133
19012600   108
19012601    66
19012602    35
19012603    31
19012604    90
19012605    90
19012606    54
19012607    71
19012608   203
19012609   120
19012610    64
19012611   145
19012612    73
19012613   169
19012614   440
19012615   296
19012616    57
19012617    34
19012618    54
19012619   127
19012620   117
19012621    49
19012622    35
19012623    33
19012700    80
19012701    90
19012702    61
19012703    57
19012704    60
19012705    41
19012706    30
19012707    34
19012708    32
19012709    47
19012710   170
19012711   234
19012712    97
19012713    28
19012714    20
19012715    45
19012716    42
19012717    56
19012718   132
19012719   101
19012720    62
19012721   120
19012722    85
19012723    73
19012800    71
19012801    37
19012802    22
19012803    24
19012804    22
19012805    30
19012806    44
19012807    50
19012808    31
19012809    30
19012810    16
19012811    31
19012812   111
19012813    30
19012814    44
19012815    24
19012816    82
19012817    37
19012818    51
19012819    64
19012820    56
19012821    32
19012822    25
19012823    20
19012900    29
19012901    26
19012902    27
19012903    23
19012904    33
19012905    17
19012906    17
19012907    17
19012908    20
19012909    24
19012910    21
19012911    86
19012912   214
19012913   122
19012914    28
19012915    41
19012916    43
19012917    30
19012918    21
19012919    22
19012920    16
19012921    18
19012922    17
19012923    20
19013000    18
19013001    17
19013002    17
19013003    17
19013004    15
19013005    17
19013006    18
19013007    23
19013008    19
19013009    22
19013010    25
19013011    18
19013012    13
19013013    19
19013014    12
19013015    14
19013016    29
19013017    61
19013018   132
19013019    90
19013020    40
19013021    28
19013022    36
19013023    33
19013100    31
19013101    24
19013102    29
19013103    30
19013104    28
19013105    41
19013106    48
19013107   113
19013108   112
19013109    97
19013110   166
19013111   178
19013112   192
19013113   639
19013114   554
19013115   431
19013116   370
19013117   227
19013118   193
19013119    75
19013120   110
19013121   400
19013122   871
19013123   430

Wed Oc 1
