19020100    83
19020101    92
19020102   126
19020103   246
19020104   268
19020105   373
19020106   220
19020107   475
19020108   344
19020109   168
19020110   178
19020111   137
19020112   115
19020113   220
19020114   621
19020115   624
19020116   610
19020117   505
19020118   232
19020119   197
19020120   145
19020121   260
19020122   479
19020123   219
19020200   289
19020201   392
19020202   193
19020203   268
19020204   374
19020205   247
19020206   104
19020207   323
19020208   308
19020209   368
19020210   317
19020211   185
19020212   256
19020213   126
19020214   266
19020215   524
19020216   253
19020217   304
19020218   554
19020219   267
19020220   250
19020221   330
19020222   220
19020223   165
19020300   218
19020301   423
19020302   248
19020303   184
19020304   273
19020305   320
19020306   180
19020307   233
19020308    87
19020309    40
19020310    76
19020311   103
19020312    95
19020313    91
19020314   130
19020315   178
19020316   113
19020317   243
19020318   294
19020319   121
19020320    97
19020321   240
19020322    91
19020323    48
19020400    45
19020401    36
19020402    22
19020403    28
19020404    39
19020405    31
19020406    38
19020407    47
19020408    48
19020409    40
19020410    30
19020411    36
19020412   230
19020413   339
19020414   399
19020415   439
19020416   326
19020417   176
19020418   181
19020419   391
19020420   293
19020421   170
19020422   355
19020423   331
19020500   365
19020501   191
19020502    54
19020503    63
19020504    26
19020505    29
19020506    33
19020507    32
19020508    19
19020509    41
19020510   114
19020511    90
19020512    37
19020513    24
19020514    40
19020515    87
19020516    46
19020517   164
19020518    58
19020519   164
19020520   128
19020521    53
19020522    34
19020523    29
19020600    21
19020601    38
19020602    45
19020603    88
19020604   118
19020605    44
19020606    38
19020607    81
19020608   149
19020609    26
19020610   181
19020611   588
19020612   498
19020613   231
19020614    82
19020615   130
19020616   164
19020617    96
19020618   273
19020619   173
19020620   288
19020621   247
19020622   132
19020623   110
19020700    64
19020701    61
19020702    60
19020703    72
19020704    54
19020705    56
19020706    53
19020707    67
19020708    53
19020709    21
19020710    11
19020711    12
19020712     8
19020713    18
19020714    69
19020715   217
19020716   106
19020717    62
19020718    50
19020719    71
19020720   216
19020721   316
19020722   274
19020723   307
19020800   151
19020801    47
19020802    53
19020803    46
19020804    82
19020805    94
19020806   144
19020807   178
19020808   249
19020809   341
19020810   157
19020811    41
19020812    28
19020813    46
19020814    31
19020815   148
19020816   205
19020817    86
19020818    35
19020819   107
19020820   315
19020821   509
19020822   388
19020823   147
19020900   246
19020901   171
19020902    97
19020903   168
19020904   124
19020905    92
19020906   118
19020907    97
19020908   255
19020909   332
19020910   170
19020911   101
19020912    68
19020913   121
19020914   229
19020915    44
19020916    66
19020917   342
19020918   505
19020919   434
19020920   199
19020921    93
19020922    55
19020923    43
19021000    36
19021001    43
19021002   105
19021003   119
19021004    84
19021005    42
19021006    98
19021007   101
19021008    57
19021009    54
19021010    33
19021011    32
19021012    37
19021013    41
19021014    19
19021015    47
19021016    27
19021017    78
19021018    46
19021019    95
19021020   105
19021021    23
19021022    27
19021023    47
19021100    43
19021101    34
19021102    36
19021103    41
19021104    42
19021105    58
19021106   189
19021107   191
19021108    94
19021109    55
19021110    67
19021111    78
19021112    86
19021113   129
19021114   368
19021115   639
19021116   268
19021117   209
19021118   338
19021119   178
19021120    62
19021121    39
19021122    74
19021123   188
19021200   137
19021201    83
19021202    71
19021203   134
19021204   126
19021205   123
19021206    73
19021207    28
19021208    15
19021209    12
19021210    15
19021211    34
19021212    51
19021213   230
19021214   207
19021215    67
19021216    36
19021217    41
19021218    30
19021219    21
19021220    24
19021221    60
19021222   226
19021223   131
19021300    65
19021301    37
19021302    44
19021303    27
19021304   110
19021305   268
19021306   262
19021307   170
19021308   374
19021309   549
19021310   283
19021311   687
19021312   635
19021313   165
19021314   100
19021315    55
19021316   265
19021317   391
19021318    81
19021319    41
19021320    38
19021321    99
19021322   248
19021323   252
19021400   121
19021401   309
19021402   212
19021403    77
19021404   116
19021405   254
19021406   191
19021407   193
19021408   197
19021409   377
19021410   515
19021411    65
19021412    30
19021413    26
19021414    23
19021415    20
19021416    21
19021417    64
19021418    43
19021419   155
19021420   217
19021421    51
19021422    44
19021423    22
19021500    23
19021501    31
19021502   152
19021503    58
19021504    32
19021505    42
19021506    58
19021507    55
19021508    59
19021509    36
19021510    20
19021511    18
19021512    22
19021513    84
19021514    31
19021515   138
19021516    68
19021517    36
19021518   119
19021519    69
19021520    38
19021521    32
19021522    26
19021523    23
19021600    23
19021601    22
19021602    20
19021603    16
19021604    34
19021605    49
19021606    78
19021607    31
19021608    18
19021609    31
19021610    19
19021611    19
19021612    33
19021613    75
19021614   120
19021615   155
19021616   301
19021617   307
19021618   160
19021619    52
19021620    30
19021621    32
19021622    18
19021623    20
19021700    24
19021701    21
19021702    19
19021703    16
19021704    11
19021705    18
19021706    33
19021707    49
19021708    90
19021709    40
19021710    61
19021711    58
19021712    54
19021713    35
19021714    27
19021715    42
19021716    14
19021717    20
19021718    17
19021719    54
19021720   150
19021721    66
19021722    31
19021723   235
19021800   299
19021801   144
19021802   162
19021803   207
19021804   325
19021805   127
19021806    38
19021807    35
19021808    40
19021809   196
19021810   146
19021811    51
19021812    75
19021813   180
19021814   292
19021815   230
19021816   171
19021817   192
19021818   140
19021819    58
19021820    36
19021821    33
19021822    27
19021823    25
19021900    31
19021901    15
19021902    15
19021903    30
19021904    23
19021905    33
19021906    56
19021907    82
19021908    53
19021909    36
19021910    24
19021911    17
19021912    79
19021913    68
19021914    67
19021915    72
19021916    91
19021917    78
19021918    47
19021919    73
19021920    47
19021921    28
19021922    27
19021923    35
19022000    15
19022001    17
19022002    20
19022003    17
19022004    31
19022005    27
19022006    21
19022007    25
19022008    27
19022009    19
19022010    27
19022011    21
19022012    59
19022013    50
19022014   147
19022015   224
19022016   184
19022017    88
19022018   131
19022019    80
19022020   139
19022021   193
19022022   203
19022023   212
19022100   215
19022101   234
19022102   103
19022103    36
19022104    29
19022105    35
19022106   309
19022107   354
19022108    72
19022109    45
19022110    74
19022111   215
19022112   535
19022113   327
19022114    60
19022115    38
19022116   209
19022117   124
19022118    53
19022119    35
19022120    63
19022121   102
19022122   541
19022123   292
19022200    68
19022201    47
19022202    43
19022203    41
19022204    22
19022205    24
19022206    59
19022207    39
19022208    36
19022209    69
19022210    62
19022211    54
19022212    68
19022213    49
19022214    39
19022215    49
19022216    43
19022217    29
19022218    25
19022219    40
19022220    55
19022221    17
19022222    18
19022223    38
19022300    18
19022301    16
19022302    18
19022303    14
19022304    14
19022305    17
19022306    16
19022307    14
19022308    16
19022309    17
19022310    15
19022311    22
19022312    27
19022313    30
19022314    24
19022315    60
19022316   145
19022317    58
19022318   106
19022319    50
19022320    20
19022321    21
19022322    18
19022323    13
19022400    14
19022401    16
19022402    13
19022403    18
19022404    21
19022405    23
19022406    39
19022407    32
19022408    27
19022409    23
19022410    28
19022411    29
19022412   102
19022413    77
19022414    37
19022415    63
19022416    49
19022417    38
19022418    20
19022419    19
19022420    17
19022421    17
19022422    14
19022423    11
19022500    11
19022501    15
19022502    15
19022503    12
19022504    18
19022505    29
19022506    56
19022507    50
19022508    36
19022509    77
19022510    59
19022511    22
19022512    21
19022513    30
19022514    24
19022515    21
19022516    19
19022517    33
19022518    31
19022519    19
19022520    15
19022521    29
19022522    70
19022523    33
19022600    30
19022601    22
19022602    17
19022603    12
19022604     9
19022605     8
19022606    13
19022607    22
19022608    41
19022609   128
19022610   106
19022611    29
19022612    25
19022613    24
19022614    49
19022615    59
19022616   164
19022617    30
19022618    20
19022619    20
19022620    20
19022621    23
19022622    62
19022623    30
19022700    30
19022701    17
19022702    20
19022703    18
19022704    20
19022705    15
19022706    11
19022707    15
19022708    37
19022709    42
19022710    73
19022711    52
19022712   391
19022713   454
19022714   206
19022715   121
19022716   437
19022717   599
19022718   483
19022719   145
19022720    96
19022721   494
19022722   849
19022723   423
19022800   167
19022801   296
19022802   672
19022803   270
19022804    67
19022805   112
19022806   204
19022807   126
19022808   101
19022809   268
19022810   690
19022811   408
19022812   395
19022813   692
19022814   879
19022815   536
19022816   484
19022817   416
19022818   766
19022819   923
19022820   600
19022821   448
19022822   372
19022823   257

Wed Oc 1
