19030100   520
19030101   741
19030102   285
19030103   229
19030104   644
19030105   476
19030106   142
19030107   244
19030108   441
19030109   374
19030110   556
19030111   571
19030112   252
19030113   156
19030114   122
19030115   554
19030116   432
19030117   226
19030118   390
19030119   481
19030120   437
19030121   433
19030122   241
19030123   502
19030200   404
19030201   209
19030202   267
19030203   316
19030204   299
19030205   468
19030206   386
19030207   202
19030208   249
19030209   140
19030210   171
19030211   180
19030212   373
19030213   317
19030214   234
19030215   387
19030216   445
19030217   538
19030218   419
19030219   190
19030220    72
19030221    80
19030222   183
19030223   117
19030300   106
19030301    55
19030302   141
19030303   308
19030304   201
19030305   193
19030306    57
19030307    45
19030308    42
19030309    92
19030310   115
19030311    30
19030312    29
19030313   164
19030314    83
19030315    37
19030316    29
19030317    40
19030318    51
19030319    51
19030320    37
19030321    35
19030322    64
19030323   209
19030400   115
19030401   106
19030402   112
19030403   199
19030404   286
19030405   196
19030406   130
19030407   111
19030408   117
19030409   309
19030410   431
19030411   608
19030412   352
19030413   478
19030414   378
19030415   113
19030416    88
19030417   122
19030418   109
19030419    52
19030420    36
19030421    37
19030422    64
19030423   273
19030500   152
19030501   193
19030502    74
19030503    62
19030504    41
19030505    84
19030506    66
19030507    65
19030508    51
19030509    33
19030510    28
19030511    45
19030512    34
19030513    99
19030514   173
19030515   190
19030516   127
19030517    49
19030518    35
19030519    25
19030520    75
19030521   138
19030522    78
19030523    43
19030600    40
19030601    28
19030602    42
19030603    35
19030604    36
19030605    57
19030606   345
19030607   181
19030608    40
19030609    40
19030610    25
19030611    39
19030612   146
19030613   350
19030614   206
19030615   106
19030616   198
19030617   233
19030618   358
19030619   192
19030620   162
19030621   205
19030622    81
19030623    38
19030700    45
19030701    32
19030702    26
19030703    35
19030704    38
19030705    24
19030706    24
19030707    25
19030708    27
19030709    28
19030710    26
19030711    29
19030712    44
19030713    94
19030714   615
19030715   718
19030716   631
19030717   227
19030718   143
19030719   183
19030720   249
19030721   294
19030722   379
19030723   316
19030800   107
19030801    55
19030802    40
19030803    34
19030804    50
19030805    46
19030806    68
19030807    89
19030808   137
19030809    85
19030810   237
19030811    59
19030812    45
19030813    32
19030814    27
19030815    28
19030816    31
19030817    29
19030818    59
19030819    57
19030820    22
19030821    25
19030822    49
19030823    31
19030900    21
19030901    25
19030902    25
19030903    22
19030904    19
19030905    22
19030906    28
19030907    44
19030908    79
19030909   133
19030910    54
19030911    41
19030912    37
19030913   214
19030914   188
19030915    41
19030916    44
19030917    34
19030918    20
19030919    25
19030920    91
19030921    33
19030922    45
19030923   115
19031000   183
19031001   156
19031002   205
19031003   222
19031004   166
19031005   189
19031006   194
19031007    74
19031008    41
19031009    49
19031010    77
19031011    54
19031012    45
19031013    40
19031014   116
19031015    94
19031016    51
19031017    43
19031018    32
19031019    20
19031020    22
19031021    28
19031022    29
19031023    26
19031100    20
19031101    15
19031102    12
19031103    14
19031104    15
19031105    18
19031106    25
19031107    59
19031108    59
19031109    63
19031110   152
19031111   249
19031112   218
19031113   159
19031114    34
19031115    26
19031116    33
19031117    26
19031118    25
19031119    50
19031120    22
19031121    38
19031122    41
19031123    53
19031200    27
19031201    23
19031202    36
19031203    38
19031204    28
19031205    31
19031206    62
19031207   218
19031208   383
19031209   395
19031210   189
19031211   243
19031212   238
19031213    91
19031214    49
19031215    39
19031216    51
19031217    48
19031218    54
19031219    45
19031220   157
19031221   164
19031222    59
19031223    48
19031300    45
19031301    37
19031302    30
19031303    66
19031304   245
19031305   200
19031306    64
19031307    71
19031308   200
19031309   159
19031310   105
19031311    77
19031312    71
19031313    35
19031314    33
19031315    21
19031316    28
19031317    78
19031318   144
19031319   130
19031320    75
19031321    33
19031322    35
19031323    33
19031400    28
19031401    23
19031402    27
19031403    32
19031404    48
19031405   119
19031406   272
19031407   161
19031408    67
19031409    48
19031410   107
19031411   249
19031412   389
19031413   206
19031414   455
19031415   301
19031416   235
19031417   238
19031418   223
19031419   186
19031420   344
19031421   408
19031422   204
19031423   320
19031500   318
19031501   167
19031502   318
19031503   286
19031504   207
19031505   195
19031506   151
19031507   113
19031508    41
19031509    27
19031510    20
19031511    28
19031512    27
19031513    26
19031514    28
19031515    62
19031516    95
19031517   190
19031518   295
19031519   232
19031520    49
19031521    47
19031522    41
19031523    39
19031600    29
19031601    24
19031602    49
19031603    99
19031604    84
19031605    77
19031606    96
19031607   100
19031608    87
19031609   427
19031610   581
19031611   297
19031612   150
19031613   135
19031614   367
19031615   553
19031616   708
19031617   633
19031618   426
19031619   153
19031620   197
19031621   710
19031622   609
19031623   575
19031700   646
19031701   541
19031702   616
19031703   449
19031704   330
19031705   342
19031706   457
19031707   265
19031708   848
19031709   576
19031710   540
19031711   496
19031712   425
19031713   316
19031714   243
19031715   420
19031716   167
19031717    60
19031718    59
19031719    83
19031720    46
19031721    46
19031722    46
19031723    29
19031800    19
19031801    19
19031802    23
19031803    27
19031804    32
19031805    32
19031806    36
19031807    34
19031808    38
19031809    30
19031810    28
19031811    31
19031812    41
19031813    87
19031814    42
19031815    31
19031816    61
19031817    83
19031818    72
19031819    89
19031820    24
19031821    41
19031822    30
19031823    23
19031900    21
19031901    28
19031902    39
19031903    38
19031904    38
19031905    51
19031906    83
19031907   153
19031908   116
19031909    70
19031910    39
19031911   119
19031912   243
19031913    99
19031914   114
19031915    88
19031916    41
19031917   140
19031918   136
19031919   134
19031920   256
19031921   448
19031922   111
19031923    69
19032000    50
19032001    30
19032002    28
19032003    21
19032004    41
19032005    96
19032006    91
19032007    42
19032008    35
19032009    40
19032010   115
19032011   107
19032012   118
19032013    87
19032014   165
19032015   185
19032016   132
19032017   241
19032018    90
19032019    59
19032020    37
19032021    32
19032022    80
19032023    28
19032100    24
19032101    20
19032102    20
19032103    30
19032104    36
19032105    22
19032106    35
19032107    34
19032108    35
19032109    49
19032110    41
19032111    36
19032112    31
19032113    85
19032114    38
19032115    30
19032116    31
19032117    26
19032118    17
19032119    17
19032120    20
19032121    22
19032122    23
19032123    23
19032200    23
19032201    19
19032202    20
19032203    25
19032204    27
19032205    25
19032206    34
19032207    84
19032208    57
19032209    68
19032210    43
19032211    46
19032212    39
19032213    38
19032214    47
19032215    71
19032216    63
19032217    39
19032218    29
19032219    23
19032220    20
19032221    20
19032222    19
19032223    19
19032300    17
19032301    20
19032302    27
19032303    31
19032304    29
19032305    30
19032306    35
19032307    38
19032308    38
19032309    37
19032310    71
19032311   107
19032312    80
19032313    51
19032314    43
19032315    34
19032316    55
19032317    28
19032318    26
19032319    18
19032320    16
19032321    15
19032322    16
19032323    18
19032400    18
19032401    21
19032402    27
19032403    31
19032404    29
19032405    28
19032406    36
19032407    41
19032408    46
19032409    49
19032410    45
19032411    39
19032412    38
19032413    39
19032414    40
19032415    36
19032416    32
19032417    34
19032418    29
19032419    20
19032420    22
19032421    30
19032422    35
19032423    34
19032500    27
19032501    25
19032502    27
19032503    42
19032504    66
19032505    62
19032506    73
19032507    82
19032508    50
19032509    43
19032510    35
19032511    34
19032512    33
19032513    37
19032514    86
19032515    90
19032516    74
19032517   170
19032518    34
19032519    27
19032520    28
19032521    51
19032522    61
19032523   101
19032600    45
19032601    52
19032602    95
19032603   125
19032604   166
19032605    92
19032606    69
19032607    56
19032608    54
19032609    43
19032610    38
19032611    37
19032612    46
19032613    54
19032614    37
19032615    37
19032616    29
19032617    28
19032618    20
19032619    19
19032620    23
19032621    40
19032622    28
19032623    26
19032700    25
19032701   114
19032702   166
19032703   104
19032704    82
19032705    88
19032706    50
19032707    72
19032708   257
19032709   221
19032710   245
19032711   521
19032712   379
19032713   234
19032714   103
19032715    72
19032716    49
19032717   121
19032718   267
19032719   237
19032720   139
19032721    56
19032722    32
19032723    39
19032800    30
19032801    34
19032802    61
19032803    88
19032804   227
19032805   354
19032806   355
19032807   378
19032808   416
19032809    78
19032810    64
19032811    34
19032812    74
19032813   261
19032814   396
19032815   102
19032816    70
19032817   105
19032818    51
19032819   120
19032820   215
19032821   287
19032822   324
19032823   282
19032900   134
19032901    55
19032902    35
19032903    79
19032904    82
19032905   118
19032906    97
19032907   147
19032908   311
19032909   235
19032910   215
19032911   256
19032912   127
19032913    48
19032914    45
19032915   115
19032916   220
19032917   301
19032918   183
19032919    59
19032920    54
19032921    93
19032922    68
19032923    70
19033000   104
19033001   190
19033002    70
19033003   109
19033004    70
19033005    56
19033006    73
19033007    98
19033008    52
19033009    35
19033010    36
19033011    49
19033012    73
19033013    38
19033014    32
19033015    30
19033016    33
19033017    30
19033018    29
19033019    21
19033020    25
19033021    31
19033022    46
19033023    49
19033100    97
19033101    97
19033102    86
19033103   294
19033104   429
19033105   363
19033106   206
19033107   485
19033108   174
19033109    65
19033110    46
19033111    38
19033112   167
19033113   459
19033114   540
19033115   296
19033116   138
19033117    60
19033118   144
19033119   473
19033120   200
19033121    56
19033122    39
19033123    33

Wed Oc 1
