34 1 1137912 0 3202323535043217  0  2  7  9  9 56 48 32 201.05  0  0.03
34 1 21379131740203037332710213  6 27  7 15 22 18 12  4 140.84  0  0.03
34 1 3137914 02027171017 7 7103  0  7 12  6  4  6  3  3  50.21  0  0.03
34 1 413791523 3 0 0 7 3 3 7 47  9  2  0  0  3  2  2  3  30.00  0  0.03
34 1 5137916 017 3 3 3 0 7 0 33  0  6  2  2  2  0  3  0  20.00  0  0.03
34 1 6137917 0 0 0 0 710 7 3 27  0  0  0  0  3  4  3  2  20.00  0  0.03
34 1 7137918 7 7 3 3 0131310 57  3  3  2  2  0  5  5  4  30.10  0  0.03
34 1 8137919102310101010 013 87  4  9  4  4  4  4  0  5  40.10  0  0.03
34 1 913792010 3 3 0 3 0 317 40  4  2  2  0  2  0  2  6  20.00  0  0.03
34 11013792117 7 3 7 3 71713 73  6  3  2  3  2  3  6  5  40.10  0  0.03
34 1111379222710 3 710 313 7 80 12  4  2  3  4  2  5  3  40.21  0  0.03
34 112137923 3171017 3 0 3 0 53  2  6  4  6  2  0  2  0  30.00  8  0.03
34 11313792413 0 3 7 3 3 3 0 33  5  0  2  3  2  2  2  0  20.00 11  0.03
34 11413792510 3131710202740140  4  2  5  6  4  7 12 27  80.52 12  0.03
34 11513792627171010 7 73027133 12  6  4  4  3  3 15 12  70.42 13  0.03
34 1161379272330202713 71313147  9 15  7 12  5  3  5  5  80.42 16  0.03
34 1171380 1 3 3 310 713 713 60  2  2  2  4  3  5  3  5  30.10 11  0.03
34 1181380 220 7132017 73323140  7  3  5  7  6  3 18  9  70.42  4  0.03
34 1191380 3301713 7 3 017 7 93 15  6  5  3  2  0  6  3  50.21  0  0.03
34 1201380 417 3 71727 710 3 90  6  2  3  6 12  3  4  2  50.21  0  0.03
34 1211380 5 3172717132010 7113  2  6 12  6  5  7  4  3  60.31  0  0.03
34 1221380 6 0 0 0 710101737 80  0  0  0  3  4  4  6 22  50.21  0  0.03
34 1231380 73330231713272330197 18 15  9  6  5 12  9 15 110.63  0  0.03
34 1241380 8272020 7 7132330147 12  7  7  3  3  5  9 15  80.42  0  0.03
34 1251380 923 723 713201313120  9  3  9  3  5  7  5  5  60.31  0  0.03
34 126138010 717 720 7132327120  3  6  3  7  3  5  9 12  60.31  0  0.03
34 1271380112720 7 3 7 0 313 80 12  7  3  2  3  0  2  5  40.10  0  0.03
34 128138012 7 0 31720131320 93  3  0  2  6  7  5  5  7  40.21  0  0.03
34 1291380132737302710172017183 12 22 15 12  4  6  7  6 100.63  8  0.03
34 1301380142723101013 71723130 12  9  4  4  5  3  6  9  60.31 11  0.03
34 13113801513 7201313102010107  5  3  7  5  5  4  7  4  50.21 12  0.03
34 2 1138016171710 3 3 3 7 0 60  6  6  4  2  2  2  3  0  30.10 11  0.03
34 2 2138017 0 3 3 3 3 33033 80  0  2  2  2  2  2 15 18  50.21  9  0.03
34 2 3138018 713171010 71720100  3  5  6  4  4  3  6  7  50.21  9  0.03
34 2 41380193030131017332733193 15 15  5  4  6 18 12 18 120.73  0  0.03
34 2 51380202710101010232730147 12  4  4  4  4  9 12 15  80.42 10  0.03
34 2 613802117 3 0 010 3 313 50  6  2  0  0  4  2  2  5  30.00 11  0.03
34 2 713802217 7 71010 320 7 80  6  3  3  4  4  2  7  3  40.10 19  0.03
34 2 8138023 7 0 3 3 3202730 93  3  0  2  2  2  7 12 15  50.21  8  0.03
34 2 91380245050372330434313290 48 48 22  9 15 32 32  5 261.26 14  0.03
34 210138025 717 32340374013180  3  6  2  9 27 22 27  5 130.73  8  0.03
34 2111380262037131013131720143  7 22  5  4  5  5  6  7  80.42  9  0.03
34 212138027102010 3 0102337113  4  7  4  2  0  4  9 22  60.31  9  0.03
34 2131381 130171713 3 71027123 15  6  6  5  2  3  4 12  70.31 16  0.03
34 2141381 2131010 7 7 0 3 7 57  5  4  4  3  3  0  2  3  30.10 17  0.03
34 2151381 31013101720333027160  4  5  4  6  7 18 15 12  90.52 10  0.03
34 2161381 41317171357475033247  5  6  6  5 67 39 48 18 241.26 11  0.03
34 2171381 53033403327273337260 15 18 27 18 12 12 18 22 181.05 11  0.03
34 2181381 62720233327373327227 12  7  9 18 12 22 18 12 140.84 11  0.03
34 2191381 71027171313171710123  4 12  6  5  5  6  6  4  60.31  8  0.03
34 2201381 82027202313131710143  7 12  7  9  5  5  6  4  70.31  0  0.03
34 2211381 9 7 31313 7101320 87  3  2  5  5  3  4  5  7  40.10  0  0.03
34 22213811033332313 7 7 710133 18 18  9  5  3  3  3  4  80.42  0  0.03
34 22313811113 7 7 310 71010 67  5  3  3  2  4  3  4  4  40.10  0  0.03
34 224138112 0 3 3 717131733 93  0  2  2  3  6  5  6 18  50.21 10  0.03
34 2251381132013 7303010 720137  7  5  3 15 15  4  3  7  70.42  7  0.03
34 22613811413 71013 7 7 0 3 60  5  3  4  5  3  3  0  2  30.10  0  0.03
34 227138115 0 0 31020171310 73  0  0  2  4  7  6  5  4  40.10  0  0.03
34 22813811610 7 710132010 3 80  4  3  3  4  5  7  4  2  40.10  0  0.03
34 3 1138117 010 3 7 7132010 70  0  4  2  3  3  5  7  4  40.10  0  0.03
34 3 21381182017204043273727230  7  6  7 27 32 12 22 12 160.94  0  0.03
34 3 31381193713131320 310 0110 22  5  5  5  7  2  4  0  60.31  0  0.03
34 3 4138120 0 0 3 320404757170  0  0  2  2  7 27 39 67 181.05  6  0.03
34 3 51381214040604727333743327 27 27 80 39 12 18 22 32 321.36  0  0.03
34 3 61381224330333723272317233 32 15 18 22  9 12  9  6 150.94  7  0.03
34 3 71381233337334337373747303 18 22 18 32 22 22 22 39 241.26  9  0.03
34 3 81381243027201313 71320143 15 12  7  5  5  3  5  7  70.42 19  0.03
34 3 913812523172310 7232327153  9  6  9  4  3  9  9 12  80.42 22  0.03
34 3101381263037302323103323210 15 22 15  9  9  4 18  9 130.73 12  0.03
34 3111381272747132020 04030197 12 39  5  7  7  0 27 15 140.84 15  0.03
34 3121382 123201017 310 310 97  9  7  4  6  2  4  2  4  50.21  7  0.03
34 3131382 2 7 0 3 7 3 32013 57  3  0  2  3  2  2  7  5  30.10  0  0.03
34 3141382 3 7 0 3 3 7 31010 43  3  0  2  2  3  2  4  4  20.00  0  0.03
34 3151382 43730172027 3 3 3140 22 15  6  7 12  2  2  2  80.52  0  0.03
34 3161382 51013272320132730163  4  5 12  9  7  5 12 15  90.52  0  0.03
34 3171382 63020102013 71027137 15  7  4  7  5  3  4 12  70.42  0  0.03
34 3181382 72710201713301730163 12  4  7  6  5 15  6 15  90.52  7  0.03
34 3191382 827 3131317 3 0 7 83 12  2  5  5  6  2  0  3  40.21  0  0.03
34 3201382 91713 7 3 3 310 7 63  6  5  3  2  2  2  4  3  30.10  0  0.03
34 32113821017 3 7 3131013 7 73  6  2  3  2  5  4  5  3  40.10  0  0.03
34 322138211 743201020273750213  3 32  7  4  7 12 22 48 170.94  0  0.03
34 323138212333020 7 7233340193 18 15  7  3  3  9 18 27 120.73  0  0.03
34 324138213131323 7 3102747143  5  5  9  3  2  4 12 39 100.63  0  0.03
34 3251382145330203727402737270 56 15  7 22 12 27 12 22 221.15  7  0.03
34 32613821527 0 7 3 3103330113 12  0  3  2  2  4 18 15  70.42  7  0.03
34 3271382162010 7 010172320107  7  4  3  0  4  6  9  7  50.21  0  0.03
34 328138217 3 0 71717103343130  2  0  3  6  6  4 18 32  90.52  0  0.03
34 3291382184040272720271023213 27 27 12 12  7 12  4  9 140.84  7  0.03
34 330138219172320 7 7 32737140  6  9  7  3  3  2 12 22  80.42  7  0.03
34 3311382203030503747273730287 15 15 48 22 39 12 22 15 241.15  0  0.03
34 4 11382213337333333403737283 18 22 18 18 18 27 22 22 211.15  0  0.03
34 4 21382224027131723 72717170 27 12  5  6  9  3 12  6 100.63 11  0.03
34 4 31382231017 31020202320123  4  6  2  4  7  7  9  7  60.31 12  0.03
34 4 41382243013171713303750207 15  5  6  6  5 15 22 48 150.94  9  0.03
34 4 51382253723271737503717243 22  9 12  6 22 48 22  6 181.05  8  0.03
34 4 61382263033373320172027217 15 18 22 18  7  6  7 12 130.84  0  0.03
34 4 713822730232710 7 710 3117 15  9 12  4  3  3  4  2  60.31  0  0.03
34 4 81383 1 7 310 3 7201017 77  3  2  4  2  3  7  4  6  40.10  0  0.03
34 4 91383 21030 3 31013 7 0 77  4 15  2  2  4  5  3  0  40.21  0  0.03
34 4101383 3 32010 0 0 0 013 47  2  7  4  0  0  0  0  5  20.00  0  0.03
34 4111383 413 0 7 713 7 0 0 47  5  0  3  3  5  3  0  0  20.00  0  0.03
34 4121383 51020 0 7 710 7 3 63  4  7  0  3  3  4  3  2  30.10  0  0.03
34 4131383 610 3 31313 3 0 3 50  4  2  2  5  5  2  0  2  30.00  0  0.03
34 4141383 7 3 31310 7 71313 70  2  2  5  4  3  3  5  5  40.10  7  0.03
34 4151383 81713 3 7 7 3 733 90  6  5  2  3  3  2  3 18  50.21 21  0.03
34 4161383 93333303033232017220 18 18 15 15 18  9  7  6 130.84 33  0.03
34 4171383101320 7 3 3 7 3 0 57  5  7  3  2  2  3  2  0  30.10 32  0.03
34 418138311 0 0 3 7 0 3 3 3 20  0  0  2  3  0  2  2  2  10.00 29  0.03
34 419138312 0 31010101717 7 73  0  2  4  4  4  6  6  3  40.10 22  0.03
34 420138313203310 713131013120  7 18  4  3  5  5  4  5  60.31 21  0.03
34 42113831410 7 71710101010 80  4  3  3  6  4  4  4  4  40.10 22  0.03
34 42213831517 713132320 713113  6  3  5  5  9  7  3  5  50.21 18  0.03
34 423138316 3131010 7 3 713 67  2  5  4  4  3  2  3  5  40.10 16  0.03
34 42413831710271730 3 3 3 7100  4 12  6 15  2  2  2  3  60.31 19  0.03
34 42513831810231710 7 32020110  4  9  6  4  3  2  7  7  50.21 11  0.03
34 42613831910 3 3 3 3 31717 60  4  2  2  2  2  2  6  6  30.10 10  0.03
34 42713832010 710 710 71313 77  4  3  4  3  4  3  5  5  40.10 16  0.03
34 4281383212017 3 3 7 3 0 3 57  7  6  2  2  3  2  0  2  30.10 14  0.03
34 429138322 3 0 3 3 3 3 7 3 27  2  0  2  2  2  2  3  2  20.00  7  0.03
34 430138323 0 310 710101010 60  0  2  4  3  4  4  4  4  30.10  0  0.03
34 5 1138324231723 7 7 3 010 90  9  6  9  3  3  2  0  4  40.21  7  0.03
34 5 2138325271020 720274353207 12  4  7  3  7 12 32 56 170.94  0  0.03
34 5 31383264740371717131740227 39 27 22  6  6  5  6 27 170.94  0  0.03
34 5 413832720 3102720 3 020103  7  2  4 12  7  2  0  7  50.21 14  0.03
34 5 51384 110 3 31313201310 87  4  2  2  5  5  7  5  4  40.10 17  0.03
34 5 61384 2102010 710101023100  4  7  4  3  4  4  4  9  50.21 21  0.03
34 5 71384 310 0 3 3 7 71710 57  4  0  2  2  3  3  6  4  30.10 26  0.03
34 5 81384 420 310 7 3 3 3 3 53  7  2  4  3  2  2  2  2  30.10 34  0.03
34 5 91384 5 3 310 71013 717 70  2  2  4  3  4  5  3  6  40.10 23  0.03
34 5101384 6231710 3 3 71327103  9  6  4  2  2  3  5 12  50.21 19  0.03
34 5111384 71327101317102363177  5 12  4  5  6  4  9 94 170.94 10  0.03
34 5121384 84737401010171733210 39 22 27  4  4  6  6 18 160.94  7  0.03
34 5131384 927231710131310 7120 12  9  6  4  5  5  4  3  60.31 15  0.03
34 5141384101313 7 3 7 310 3 60  5  5  3  2  3  2  4  2  30.10 21  0.03
34 515138411 3 3 3 7 3 3 313 40  2  2  2  3  2  2  2  5  20.00 26  0.03
34 516138412 3 7 3 7 3 3 3 3 33  2  3  2  3  2  2  2  2  20.00 25  0.03
34 517138413 710 3 3 3 3 317 50  3  4  2  2  2  2  2  6  30.10 35  0.03
34 518138414 327333053604333283  2 12 18 15 56 80 32 18 291.36 41  0.03
34 519138415471720172320 723173 39  6  7  6  9  7  3  9 110.63 46  0.03
34 520138416 7 3 3 0 3132310 63  3  2  2  0  2  5  9  4  30.10 37  0.03
34 5211384172013102017232713143  7  5  4  7  6  9 12  5  70.31 29  0.03
34 5221384181010272727171320150  4  4 12 12 12  6  5  7  80.42 34  0.03
34 523138419201327 7 3202010120  7  5 12  3  2  7  7  4  60.31 33  0.03
34 524138420 7 3 3 3 3202723 90  3  2  2  2  2  7 12  9  50.21 23  0.03
34 52513842110 0 7 710273027117  4  0  3  3  4 12 15 12  70.31 19  0.03
34 5261384222313 713 7 3 7 7 80  9  5  3  5  3  2  3  3  40.10 17  0.03
34 527138423 0 3 3 3 3 7 3 7 30  0  2  2  2  2  3  2  3  20.00  9  0.03
34 528138424 0 0 3 0 0 0 0 0  3  0  0  2  0  0  0  0  0  00.00 16  0.03
34 529138425 0 0 3 3 7 710 3 33  0  0  2  2  3  3  4  2  20.00  8  0.03
34 5301384261017 3 010 71317 77  4  6  2  0  4  3  5  6  40.10  0  0.03
34 53113842710 3 3 7 7 3 3 3 40  4  2  2  3  3  2  2  2  20.00  0  0.03
34 6 11385 1 3 7 3 3 3 31010 43  2  3  2  2  2  2  4  4  30.00  0  0.03
34 6 21385 2 0 0 0 3 3 7 310 27  0  0  0  2  2  3  2  4  20.00  0  0.03
34 6 31385 3 0 3 0 7 3 3 313 33  0  2  0  3  2  2  2  5  20.00  0  0.03
34 6 41385 4 7 3 3 317173723110  3  2  2  2  6  6 22  9  60.31  0  0.03
34 6 51385 53733172740373033253 22 18  6 12 27 22 15 18 181.05  0  0.03
34 6 61385 64730302310371313203 39 15 15  9  4 22  5  5 140.84  0  0.03
34 6 71385 7201317 717 3 7 7 90  7  5  6  3  6  2  3  3  40.21  0  0.03
34 6 81385 8 7 0 31020303733140  3  0  2  4  7 15 22 18  90.52  0  0.03
34 6 91385 93030201720101717160 15 15  7  6  7  4  6  6  80.42  7  0.03
34 6101385101313 7 3 7 71010 70  5  5  3  2  3  3  4  4  40.10  0  0.03
34 611138511 7 3 3 723303723133  3  2  2  3  9 15 22  9  80.42  0  0.03
34 61213851243371313202317 7173 32 22  5  5  7  9  6  3 110.63  0  0.03
34 613138513 713101013 3 3 3 63  3  5  4  4  5  2  2  2  30.10  0  0.03
34 614138514 3 3 3 010102037 87  2  2  2  0  4  4  7 22  50.21  0  0.03
34 61513851537333010 3 7 3 7130 22 18 15  4  2  3  2  3  90.52 11  0.03
34 616138516 7 3 710 7132310 80  3  2  3  4  3  5  9  4  40.10 27  0.03
34 617138517 720 3 3 3 71723 83  3  7  2  2  2  3  6  9  40.10 31  0.03
34 618138518 710171720372330160  3  4  6  6  7 22  9 15  90.52 26  0.03
34 61913851913 71713 7 7 3 3 70  5  3  6  5  3  3  2  2  40.10 25  0.03
34 620138520 02310 3 7102017 90  0  9  4  2  3  4  7  6  40.21 14  0.03
34 621138521 3 3 0 0 3 0 3 7 20  2  2  0  0  2  0  2  3  10.00 16  0.03
34 622138522 3 3 3 3 0 3 3 7 27  2  2  2  2  0  2  2  3  20.00 10  0.03
34 623138523 7 3 3 3 3 72017 63  3  2  2  2  2  3  7  6  30.10 10  0.03
34 624138524 31313 7 3 3 3 0 47  2  5  5  3  2  2  2  0  30.00  8  0.03
34 625138525 7 310 3 3 3 3 0 33  3  2  4  2  2  2  2  0  20.00  8  0.03
34 626138526 3 3 3 3 3 3 0 0 20  2  2  2  2  2  2  0  0  20.00  8  0.03
34 627138527 0 3 0 310273320 97  0  2  0  2  4 12 18  7  60.31  0  0.03
34 6281386 117 7 71010101020 90  6  3  3  4  4  4  4  7  40.21  0  0.03
34 6291386 22317 0 3 7 7 3 3 63  9  6  0  2  3  3  2  2  30.10  0  0.03
34 6301386 3 3 3 010 7 7 0 3 33  2  2  0  4  3  3  0  2  20.00  0  0.03
34 7 11386 42033 3 3 7 71310 97  7 18  2  2  3  3  5  4  60.21  0  0.03
34 7 21386 5171017 7 7 3 0 0 60  6  4  6  3  3  2  0  0  30.10  0  0.03
34 7 31386 610 3 34053373323203  4  2  2 27 56 22 18  9 181.05  0  0.03
34 7 41386 73023232323131323173 15  9  9  9  9  5  5  9  90.52  0  0.03
34 7 51386 82033301317131010147  7 18 15  5  6  5  4  4  80.42  0  0.03
34 7 61386 92023 7 3 72010 7 97  7  9  3  2  3  7  4  3  50.21  8  0.03
34 7 71386102020 7101013 7 7 93  7  7  3  4  4  5  3  3  40.21  8  0.03
34 7 8138611 717 713 3 31317 80  3  6  3  5  2  2  5  6  40.10 11  0.03
34 7 91386121723201013 71310113  6  9  7  4  5  3  5  4  50.21 11  0.03
34 71013861313 3 7 3 3 3 3 7 43  5  2  3  2  2  2  2  3  30.00 18  0.03
34 711138614 310 3 3 32027 7 77  2  4  2  2  2  7 12  3  40.10 24  0.03
34 7121386151317 3 310 71310 77  5  6  2  2  4  3  5  4  40.10 24  0.03
34 713138616 3 71010131313 3 73  2  3  4  4  5  5  5  2  40.10 25  0.03
34 714138617 713 3 710174020117  3  5  2  3  4  6 27  7  70.42 24  0.03
34 715138618332020 71017 3 7117 18  7  7  3  4  6  2  3  60.31 20  0.03
34 71613861927302013101323 7143 12 15  7  5  4  5  9  3  80.42 23  0.03
34 717138620 0 3 3 7 3101723 67  0  2  2  3  2  4  6  9  40.10 17  0.03
34 7181386211313 3 71310 710 77  5  5  2  3  5  4  3  4  40.10 18  0.03
34 719138622 713 313 3 3 7 7 57  3  5  2  5  2  2  3  3  30.10 17  0.03
34 720138623 7 3 7 3131310 3 60  3  2  3  2  5  5  4  2  30.10  9  0.03
34 72113862413 3 0 3 3 3 317 47  5  2  0  2  2  2  2  6  30.00  8  0.03
34 722138625 7 3 3 7 3 0 0 3 27  3  2  2  3  2  0  0  2  20.00  0  0.03
34 723138626 0 310 7 3 0 0 7 30  0  2  4  3  2  0  0  3  20.00  0  0.03
34 724138627 0 3101010201310 77  0  2  4  4  4  7  5  4  40.10  8  0.03
34 7251387 1 3 713 710 7 327 77  2  3  5  3  4  3  2 12  40.10  8  0.03
34 7261387 21310 3 310 3 7 7 57  5  4  2  2  4  2  3  3  30.10  0  0.03
34 7271387 3131010 3 7 0 7 3 53  5  4  4  2  3  0  3  2  30.10  0  0.03
34 7281387 4 3 0 0 3 3 7 710 33  2  0  0  2  2  3  3  4  20.00  6  0.03
34 7291387 52023172327172017163  7  9  6  9 12  6  7  6  80.42  0  0.03
34 7301387 6 747575053331330290  3 39 67 48 56 18  5 15 311.36  0  0.03
34 7311387 73017131713372717170 15  6  5  6  5 22 12  6 100.52  0  0.03
34 8 11387 84030373327131013203 27 15 22 18 12  5  4  5 140.84  0  0.03
34 8 21387 91717272323172013157  6  6 12  9  9  6  7  5  80.42  0  0.03
34 8 31387102737134337404027263 12 22  5 32 22 27 27 12 201.05  0  0.03
34 8 41387112323371320203740213  9  9 22  5  7  7 22 27 140.84  0  0.03
34 8 51387124033101717 7 720150 27 18  4  6  6  3  3  7  90.52  0  0.03
34 8 6138713271733171710 320143 12  6 18  6  6  4  2  7  80.42  8  0.03
34 8 71387141013103020 71310113  4  5  4 15  7  3  5  4  60.31  9  0.03
34 8 8138715 310 7171710 727 97  2  4  3  6  6  4  3 12  50.21  9  0.03
34 8 91387161310 0 3 3 710 3 50  5  4  0  2  2  3  4  2  30.00 10  0.03
34 810138717132027 3 3 7 317 93  5  7 12  2  2  3  2  6  50.21 11  0.03
34 81113871823232020 3 7 3 7107  9  9  7  7  2  3  2  3  50.21 12  0.03
34 812138719 7 3 3 3 3203743120  3  2  2  2  2  7 22 32  90.52 21  0.03
34 8131387203310131020231027147 18  4  5  4  7  9  4 12  80.42 22  0.03
34 814138721 71310 720202333133  3  5  4  3  7  7  9 18  70.42 24  0.03
34 815138722101720 710102027120  4  6  7  3  4  4  7 12  60.31 24  0.03
34 81613872327 7 71013 71017 97 12  3  3  4  5  3  4  6  50.21 27  0.03
34 8171387242717131317232730167 12  6  5  5  6  9 12 15  90.52 17  0.03
34 81813872527231320 3102730153 12  9  5  7  2  4 12 15  80.42 22  0.03
34 8191387262330101020332320170  9 15  4  4  7 18  9  7  90.52 13  0.03
34 820138727 7 0 310 3 71313 57  3  0  2  4  2  3  5  5  30.10  0  0.03
34 8211388 1 3132017171013 7100  2  5  7  6  6  4  5  3  50.21  0  0.03
34 8221388 220173023332717 3170  7  6 15  9 18 12  6  2  90.52  0  0.03
34 8231388 3 3 0 3 3 3 32323 63  2  0  2  2  2  2  9  9  40.10  7  0.03
34 8241388 4 710 7 3 3 3 0 7 40  3  4  3  2  2  2  0  3  20.00  8  0.03
34 8251388 5 7 3 0 3 0 71313 47  3  2  0  2  0  3  5  5  20.00  0  0.03
34 8261388 62017 72037303340203  7  6  3  7 22 15 18 27 130.84  0  0.03
34 8271388 74050371723273337263 27 48 22  6  9 12 18 22 201.05  7  0.03
34 8281388 84340434033271737280 32 27 32 27 18 12  6 22 221.15  0  0.03
34 8291388 92740474027204033273 12 27 39 27 12  7 27 18 211.15  0  0.03
34 8301388102333333327232730230  9 18 18 18 12  9 12 15 140.84  7  0.03
34 83113881127 7172727131733167 12  3  6 12 12  5  6 18  90.52  0  0.03
34 9 11388122310272027231733180  9  4 12  7 12  9  6 18 100.52  0  0.03
34 9 21388132340371337433733263  9 27 22  5 22 32 22 18 201.05  0  0.03
34 9 31388144027303723272323230 27 12 15 22  9 12  9  9 140.84  7  0.03
34 9 41388152317102020302723170  9  6  4  7  7 15 12  9  90.52  0  0.03
34 9 5138816 0131017 7 7 310 67  0  5  4  6  3  3  2  4  30.10  0  0.03
34 9 613881717 01020 7101723103  6  0  4  7  3  4  6  9  50.21  0  0.03
34 9 71388183727 317 7 710 3110 22 12  2  6  3  3  4  2  70.31  0  0.03
34 9 813881927 31010132320 7113 12  2  4  4  5  9  7  3  60.31  0  0.03
34 9 9138820 310 3 3 0 31013 47  2  4  2  2  0  2  4  5  30.00  0  0.03
34 910138821 010 3 3 7 0 310 37  0  4  2  2  3  0  2  4  20.00  7  0.03
34 91113882213 3131317 73020117  5  2  5  5  6  3 15  7  60.31  0  0.03
34 91213882327302720 7102010150 12 15 12  7  3  4  7  4  80.42  7  0.03
34 91313882410 7 3 3 7 3 0 7 40  4  3  2  2  3  2  0  3  20.00  7  0.03
34 914138825 3 310 710 7 3 3 47  2  2  4  3  4  3  2  2  30.00  8  0.03
34 915138826 7 3 3 7 3101313 60  3  2  2  3  2  4  5  5  30.10 16  0.03
34 9161388271733172730302320197  6 18  6 12 15 15  9  7 110.63  9  0.03
34 9171389 13720303733231310203 22  7 15 22 18  9  5  4 130.73  8  0.03
34 9181389 21320102310 0 313 93  5  7  4  9  4  0  2  5  40.21  0  0.03
34 9191389 310 0 3 710332033117  4  0  2  3  4 18  7 18  70.42  0  0.03
34 9201389 430 7302313301717167 15  3 15  9  5 15  6  6  90.52  0  0.03
34 9211389 5 710 3 0 7132327 90  3  4  2  0  3  5  9 12  50.21  0  0.03
34 9221389 65030 710171713 3147 48 15  3  4  6  6  5  2 110.63  0  0.03
34 9231389 71713 313 710 3 0 67  6  5  2  5  3  4  2  0  30.10  7  0.03
34 9241389 81330474740303753297  5 15 39 39 27 15 22 56 271.26  0  0.03
34 9251389 94763504750576030403 39 94 48 39 48 67 80 15 541.67  0  0.03
34 92613891027 7 72027203340180 12  3  3  7 12  7 18 27 110.63  0  0.03
34 9271389112740402030474027270 12 27 27  7 15 39 27 12 211.15  0  0.03
34 92813891227 72730331723 3167 12  3 12 15 18  6  9  2 100.52  9  0.03
34 929138913 710 71017202317110  3  4  3  4  6  7  9  6  50.21 14  0.03
34 9301389143030331323134320207 15 15 18  5  9  5 32  7 130.84 21  0.03
3410 1138915 720231317101320123  3  7  9  5  6  4  5  7  60.31 15  0.03
3410 21389161720171717 710 3107  6  7  6  6  6  3  4  2  50.21  0  0.03
3410 3138917 3 7 31713 7 0 0 50  2  3  2  6  5  3  0  0  30.00  0  0.03
3410 4138918 013 7 71710 717 77  0  5  3  3  6  4  3  6  40.10  8  0.03
3410 5138919 7 01310131717 3 80  3  0  5  4  5  6  6  2  40.10  0  0.03
3410 6138920 0 710131010 723 80  0  3  4  5  4  4  3  9  40.10  0  0.03
3410 713892110 7 3 320201313 90  4  3  2  2  7  7  5  5  40.21  0  0.03
3410 8138922 0 3 31010 0 0 7 33  0  2  2  4  4  0  0  3  20.00  0  0.03
3410 9138923 0 013 3 0 0 0 0 17  0  0  5  2  0  0  0  0  10.00  0  0.03
341010138924 0 0 3 3 3 0 3 3 17  0  0  2  2  2  0  2  2  10.00  0  0.03
341011138925 0 0 3 7 3 0 0 3 17  0  0  2  3  2  0  0  2  10.00  7  0.03
3410121389263023 71710 31327130 15  9  3  6  4  2  5 12  70.42  8  0.03
3410131389273037301310172727190 15 22 15  5  4  6 12 12 110.73  8  0.03
3410141390 120272317 3 7 3 7107  7 12  9  6  2  3  2  3  60.21  8  0.03
3410151390 2 717231320403733190  3  6  9  5  7 27 22 18 120.73  9  0.03
3410161390 3 7 0 72010 3 3 3 53  3  0  3  7  4  2  2  2  30.10  9  0.03
3410171390 4272013 7 0 31720107 12  7  5  3  0  2  6  7  50.21  8  0.03
3410181390 53310 310 0 3 7 0 67 18  4  2  4  0  2  3  0  40.10  8  0.03
3410191390 6 0 0 3 0 0 0 3 0  7  0  0  2  0  0  0  2  0  00.00 14  0.03
3410201390 7 0 7 3 310133333103  0  3  2  2  4  5 18 18  60.31  0  0.03
3410211390 827201013 7132010120 12  7  4  5  3  5  7  4  60.31  0  0.03
3410221390 92733171310 713 7127 12 18  6  5  4  3  5  3  70.42  7  0.03
34102313901017 710 3 0 0 017 53  6  3  4  2  0  0  0  6  30.00  8  0.03
3410241390112750474340402313283 12 48 39 32 27 27  9  5 251.26  0  0.03
3410251390123330272027473323240 18 15 12  7 12 39 18  9 160.94  7  0.03
3410261390133333203340302710227 18 18  7 18 27 15 12  4 150.84  7  0.03
341027139014272313202317 717147 12  9  5  7  9  6  3  6  70.42  7  0.03
341028139015103020 32020 0 3107  4 15  7  2  7  7  0  2  60.21  7  0.03
341029139016 7 310 3 7 0 3 7 40  3  2  4  2  3  0  2  3  20.00  9  0.03
34103013901710 313 3 313 0 7 53  4  2  5  2  2  5  0  3  30.10 16  0.03
341031139018 0 71010 310 7 3 50  0  3  4  4  2  4  3  2  30.00  0  0.03
3411 1139019 0 0 3 3 3 0 7 0 17  0  0  2  2  2  0  3  0  10.00 13  0.03
3411 213902013 3 0 3 0 3 7 3 33  5  2  0  2  0  2  3  2  20.00 14  0.03
3411 3139021 0 3 710 7 32320 73  0  2  3  4  3  2  9  7  40.10 16  0.03
3411 4139022 027 3 3 3 7 710 60  0 12  2  2  2  3  3  4  40.10 14  0.03
3411 5139023 3 3 31313171717 87  2  2  2  5  5  6  6  6  40.10 12  0.03
3411 613902417 7 3 7 3 7 0 3 47  6  3  2  3  2  3  0  2  30.00 14  0.03
3411 7139025 727234737474343273  3 12  9 39 22 39 32 32 241.15 10  0.03
3411 81390263030274030331723230 15 15 12 27 15 18  6  9 150.84  8  0.03
3411 91390273037302010 72010163 15 22 15  7  4  3  7  4 100.52 10  0.03
3411101391 1172013 3131310 7 97  6  7  5  2  5  5  4  3  50.21  7  0.03
3411111391 2 7101310 3131310 80  3  4  5  4  2  5  5  4  40.10  7  0.03
3411121391 310 71010 31020 7 77  4  3  4  4  2  4  7  3  40.10  7  0.03
3411131391 4 0 0 31017171733 97  0  0  2  4  6  6  6 18  50.21  0  0.03
3411141391 5173313 7 713 0 7 97  6 18  5  3  3  5  0  3  50.21  0  0.03
3411151391 6 0 0 310 710 710 47  0  0  2  4  3  4  3  4  20.00  0  0.03
3411161391 713 31710 3 3 3 0 53  5  2  6  4  2  2  2  0  30.10  0  0.03
3411171391 8 32017 3 7 3 023 77  2  7  6  2  3  2  0  9  40.10  0  0.03
3411181391 92727 3 0 0 3 713 80 12 12  2  0  0  2  3  5  40.21  7  0.03
3411191391102727 7 313 3 0 0 80 12 12  3  2  5  2  0  0  40.21  0  0.03
341120139111 0 0 3 0 0 3 7 3 17  0  0  2  0  0  2  3  2  10.00  0  0.03
341121139112 7 3 3 7 3 7 0 0 30  3  2  2  3  2  3  0  0  20.00  0  0.03
341122139113 0 0 0 3 0 0 0 3  7  0  0  0  2  0  0  0  2  00.00  0  0.03
34112313911413 3 3 0 0 0 3 0 23  5  2  2  0  0  0  2  0  10.00  0  0.03
341124139115 0 0 3 0 3303723 97  0  0  2  0  2 15 22  9  60.31  0  0.03
341125139116332320302720 7 3163 18  9  7 15 12  7  3  2  90.52  7  0.03
34112613911720 310 0 0 0 3 3 40  7  2  4  0  0  0  2  2  20.00 11  0.03
34112713911817 313 3 3 3 710 60  6  2  5  2  2  2  3  4  30.10 14  0.03
3411281391191717101010 71727113  6  6  4  4  4  3  6 12  60.31 23  0.03
341129139120 31013 3132017 3 83  2  4  5  2  5  7  6  2  40.10 35  0.03
341130139121 7 3 3 3 0 0 0 0 17  3  2  2  2  0  0  0  0  10.00 31  0.03
3412 1139122 027173727302020177  0 12  6 22 12 15  7  7 100.63 27  0.03
3412 21391232043171313 0 3 3113  7 32  6  5  5  0  2  2  70.42 20  0.03
3412 31391241730231717131350180  6 15  9  6  6  5  5 48 120.73 12  0.03
3412 41391256353603347332023333 94 56 80 18 39 18  7  9 401.57 14  0.03
3412 51391263037271717303310200 15 22 12  6  6 15 18  4 120.73 14  0.03
3412 6139127 7 720 7 710 3 7 67  3  3  7  3  3  4  2  3  40.10 10  0.03
3412 71392 1 327302013102310137  2 12 15  7  5  4  9  4  70.42 13  0.03
3412 81392 213201710 7131010100  5  7  6  4  3  5  4  4  50.21 11  0.03
3412 91392 3 710 3 7 7131010 67  3  4  2  3  3  5  4  4  40.10  0  0.03
3412101392 4 7 3 7 3 3 31310 50  3  2  3  2  2  2  5  4  30.10  0  0.03
3412111392 5 013 020172320 3 97  0  5  0  7  6  9  7  2  40.21  0  0.03
3412121392 6 0 3 0 01713 3 7 43  0  2  0  0  6  5  2  3  20.00  0  0.03
3412131392 7 010 0 7 7 3 313 43  0  4  0  3  3  2  2  5  20.00  0  0.03
3412141392 8 0 0 0 0 0102027 57  0  0  0  0  0  4  7 12  30.10  0  0.03
3412151392 920302020201320 0143  7 15  7  7  7  5  7  0  70.31  0  0.03
34121613921013 0 0 3 0 0 0 0 17  5  0  0  2  0  0  0  0  10.00  0  0.03
341217139211 0 0 3 3 0 0 3 7 17  0  0  2  2  0  0  2  3  10.00  0  0.03
341218139212 0 010 3 3 3 730 57  0  0  4  2  2  2  3 15  40.10  0  0.03
341219139213302317 3 7 01310103 15  9  6  2  3  0  5  4  60.21  0  0.03
3412201392143013 0 010 0 7 3 63 15  5  0  0  4  0  3  2  40.10 14  0.03
3412211392152010132337303010173  7  4  5  9 22 15 15  4 100.63 24  0.03
3412221392162027231310 7 327130  7 12  9  5  4  3  2 12  70.31 21  0.03
34122313921713 7 0 0 0 0 0 3 23  5  3  0  0  0  0  0  2  10.00 27  0.03
341224139218 727132017402327173  3 12  5  7  6 27  9 12 100.63 25  0.03
3412251392194720201727233330217 39  7  7  6 12  9 18 15 140.84 47  0.03
3412261392202337101717 7 0 7117  9 22  4  6  6  3  0  3  70.31 37  0.03
341227139221 7 0 0 3 01310 3 37  3  0  0  2  0  5  4  2  20.00 29  0.03
3412281392221720 310 313 7 3 77  6  7  2  4  2  5  3  2  40.10 35  0.03
341229139223 713202337475747250  3  5  7  9 22 39 67 39 241.26 31  0.03
3412301392244737303747404330310 39 22 15 22 39 27 32 15 261.26 36  0.03
341231139225374710 710203030190 22 39  4  3  4  7 15 15 140.84 31  0.03
