38 1 11433153027132313172327173 15 12  5  9  5  6  9 12  90.52117  0.03
38 1 21433162023172733272320190  7  9  6 12 18 12  9  7 100.63109  0.03
38 1 31433173013171730233310173 15  5  6  6 15  9 18  4 100.52 86  0.03
38 1 41433182327233353435043297  9 12  9 18 56 32 48 32 271.26 76  0.03
38 1 514331937333037 7 3 0 3150 22 18 15 22  3  2  0  2 100.63 80  0.03
38 1 6143320 3 3132027473023167  2  2  5  7 12 39 15  9 110.73101  0.03
38 1 71433213730171730434347263 22 15  6  6 15 32 32 39 211.15102  0.03
38 1 81433224753372310 01037217 39 56 22  9  4  0  4 22 201.05 86  0.03
38 1 914332347332313171010 3157 39 18  9  5  6  4  4  2 110.63 59  0.03
38 1101433241723 71013 010 3 83  6  9  3  4  5  0  4  2  40.10 92  0.03
38 11114332513 71310102013 7 93  5  3  5  4  4  7  5  3  40.21 98  0.03
38 112143326 710302013303750197  3  4 15  7  5 15 22 48 150.84104  0.03
38 1131433275357474027302717297 56 67 39 27 12 15 12  6 291.36106  0.03
38 1141434 11020331733171717163  4  7 18  6 18  6  6  6  90.52111  0.03
38 1151434 22020302020133027180  7  7 15  7  7  5 15 12  90.52118  0.03
38 1161434 31317272333403377263  5  6 12  9 18 27 18179 341.46134  0.03
38 1171434 46763676383774763530111 94111 94236179 39 941201.98110  0.03
38 1181434 54047333040534750340 27 39 18 15 27 56 39 48 341.36110  0.03
38 1191434 63733373740504023297 22 18 22 22 27 48 27  9 241.26104  0.03
38 1201434 72040403740404737300  7 27 27 22 27 27 39 22 251.26119  0.03
38 1211434 83347574750403350357 18 39 67 39 48 27 18 48 381.46123  0.03
38 1221434 95773838367705343530 67154236236111132 56 321281.98122  0.03
38 1231434103030303323233343247 15 15 15 18  9  9 18 32 160.94149  0.03
38 1241434113337333027272730243 18 22 18 15 12 12 12 15 160.94108  0.03
38 1251434124027174760738783433 27 12  6 39 801543002361071.98 94  0.03
38 1261434138363434740434020380236 94 32 39 27 32 27  7 621.77 76  0.03
38 1271434141713302027373327203  6  5 15  7 12 22 18 12 120.73 67  0.03
38 1281434151720172033133030180  6  7  6  7 18  5 15 15 100.63 76  0.03
38 1291434161737233310 73747210  6 22  9 18  4  3 22 39 150.94 59  0.03
38 1301434173017131310 32727140 15  6  5  5  4  2 12 12  80.42 79  0.03
38 1311434182723334033436060320 12  9 18 27 18 32 80 80 341.46 76  0.03
38 2 11434192023172340232740213  7  9  6  9 27  9 12 27 130.84 62  0.03
38 2 21434203330303330232020220 18 15 15 18 15  9  7  7 130.73 73  0.03
38 2 31434213327333033402727250 18 12 18 15 18 27 12 12 160.94 68  0.03
38 2 41434223020232033373027220 15  7  9  7 18 22 15 12 130.84 94  0.03
38 2 514342330272027271720 3170 15 12  7 12 12  6  7  2  90.52 85  0.03
38 2 61434242367634037535343380  9111 94 27 22 56 56 32 511.67128  0.03
38 2 71434254040333050432727290 27 27 18 15 48 32 12 12 241.26124  0.03
38 2 81434262020273333606353310  7  7 12 18 18 80 94 56 361.46110  0.03
38 2 91434273357434343473730333 18 67 32 32 32 39 22 15 321.36101  0.03
38 2101435 1436057374313 723283 32 80 67 22 32  5  3  9 311.36133  0.03
38 2111435 24053574320302010273 27 56 67 32  7 15  7  4 271.26137  0.03
38 2121435 3 717333030171327173  3  6 18 15 15  6  5 12 100.63161  0.03
38 2131435 43323303733273333250 18  9 15 22 18 12 18 18 160.94169  0.03
38 2141435 53340505057574320350 18 27 48 48 67 67 32  7 391.46200  0.03
38 2151435 6 3102010 7 7 713 77  2  4  7  4  3  3  3  5  40.10171  0.03
38 2161435 717 7232010 7 717107  6  3  9  7  4  3  3  6  50.21205  0.03
38 2171435 8 7 0231717 31017 93  3  0  9  6  6  2  4  6  40.21171  0.03
38 2181435 9133023202720 717157  5 15  9  7 12  7  3  6  80.42174  0.03
38 21914351017 3 7 3 3 0 310 47  6  2  3  2  2  0  2  4  30.00145  0.03
38 220143511 01020 720 7 013 77  0  4  7  3  7  3  0  5  40.10 98  0.03
38 221143512 7 71330 3 0 0 0 60  3  3  5 15  2  0  0  0  40.10109  0.03
38 222143513 0 0 3 7 7 71017 50  0  0  2  3  3  3  4  6  30.00 91  0.03
38 2231435143030332337332730243 15 15 18  9 22 18 12 15 160.94 90  0.03
38 2241435152023302023132023173  7  9 15  7  9  5  7  9  80.52 92  0.03
38 22514351617 7204033434017217  6  3  7 27 18 32 27  6 160.94 83  0.03
38 2261435172020102727203327183  7  7  4 12 12  7 18 12 100.63 81  0.03
38 2271435182020132030302737197  7  7  5  7 15 15 12 22 110.63 97  0.03
38 2281435194033333327234340273 27 18 18 18 12  9 32 27 201.05 85  0.03
38 3 11435204343333343405033320 32 32 18 18 32 27 48 18 281.26 74  0.03
38 3 21435213320272320131020167 18  7 12  9  7  5  4  7  90.52 67  0.03
38 3 31435222730201310101010130 12 15  7  5  4  4  4  4  70.31 62  0.03
38 3 4143523 313201010202733137  2  5  7  4  4  7 12 18  70.42 45  0.03
38 3 51435243023473353575337333 15  9 39 18 56 67 56 22 351.46 43  0.03
38 3 61435255037403317203033260 48 22 27 18  6  7 15 18 201.05 52  0.03
38 3 71435262713272030231710167 12  5 12  7 15  9  6  4  90.52 78  0.03
38 3 814352717231713 710 320110  6  9  6  5  3  4  2  7  50.21 71  0.03
38 3 91436 1 71710 7 7 31023 83  3  6  4  3  3  2  4  9  40.10 97  0.03
38 3101436 21310 3 710 3 3 3 53  5  4  2  3  4  2  2  2  30.10106  0.03
38 3111436 3 0101310 3101327 87  0  4  5  4  2  4  5 12  40.21134  0.03
38 3121436 43340303037371317237 18 27 15 15 22 22  5  6 160.94124  0.03
38 3131436 5102010 713 7 717 90  4  7  4  3  5  3  3  6  40.21161  0.03
38 3141436 62337333327202323220  9 22 18 18 12  7  9  9 130.73149  0.03
38 3151436 73333232733131710190 18 18  9 12 18  5  6  4 110.63145  0.03
38 3161436 8 3 3 317 3101017 67  2  2  2  6  2  4  4  6  40.10161  0.03
38 3171436 9232017171320 3 7120  9  7  6  6  5  7  2  3  60.31140  0.03
38 31814361010 310 7 3 3 3 3 43  4  2  4  3  2  2  2  2  30.00105  0.03
38 319143611 0 310 7 3 0 0 0 23  0  2  4  3  2  0  0  0  10.00 80  0.03
38 320143612 0 0 3 3 3 3 310 27  0  0  2  2  2  2  2  4  20.00 77  0.03
38 32114361310 3 31327171743133  4  2  2  5 12  6  6 32  90.52 86  0.03
38 3221436143750605053404353387 22 48 80 48 56 27 32 56 461.57 64  0.03
38 3231436155750475723376060390 67 48 39 67  9 22 80 80 521.67 71  0.03
38 3241436166363604727172027323 94 94 80 39 12  6  7 12 431.57 66  0.03
38 3251436172323273330233043233  9  9 12 18 15  9 15 32 150.84 59  0.03
38 3261436186337133737333027277 94 22  5 22 22 18 15 12 261.26 34  0.03
38 327143619401717 7 7 31710117 27  6  6  3  3  2  6  4  70.42 52  0.03
38 3281436201720 7 710 3 317 83  6  7  3  3  4  2  2  6  40.10 55  0.03
38 32914362113 3132023334310160  5  2  5  7  9 18 32  4 100.63 65  0.03
38 33014362210201710 3 3 0 0 63  4  7  6  4  2  2  0  0  30.10 73  0.03
38 331143623 0 01010 7 31010 50  0  0  4  4  3  2  4  4  30.00 86  0.03
38 4 114362410 0 72013232313110  4  0  3  7  5  9  9  5  50.21 83  0.03
38 4 2143625 3 3 710 3 32020 70  2  2  3  4  2  2  7  7  40.10 81  0.03
38 4 31436262310102327272017157  9  4  4  9 12 12  7  6  80.42 80  0.03
38 4 41436272030202730201010167  7 15  7 12 15  7  4  4  90.52 80  0.03
38 4 51437 1 31013 3 3 0 0 3 37  2  4  5  2  2  0  0  2  20.00 91  0.03
38 4 61437 22733534023173340267 12 18 56 27  9  6 18 27 221.15 95  0.03
38 4 71437 34347303337271723257 32 39 15 18 22 12  6  9 191.05 95  0.03
38 4 81437 42020202720232023173  7  7  7 12  7  9  7  9  80.42 85  0.03
38 4 91437 51310173043233323193  5  4  6 15 32  9 18  9 120.73 87  0.03
38 4101437 62317173030301310170  9  6  6 15 15 15  5  4  90.52103  0.03
38 4111437 7 717203330473337223  3  6  7 18 15 39 18 22 160.94110  0.03
38 4121437 81723273030133730207  6  9 12 15 15  5 22 15 120.73 97  0.03
38 4131437 92317234350504067313  9  6  9 32 48 48 27111 361.46119  0.03
38 4141437105763705053434333413 67 94132 48 56 32 32 18 601.77115  0.03
38 4151437114737303733332327267 39 22 15 22 18 18  9 12 191.05117  0.03
38 4161437123370908077574353503 18132400207179 67 32 561361.98133  0.03
38 4171437132027333737404340277  7 12 18 22 22 27 32 27 211.15107  0.03
38 4181437143730373023333733260 22 15 22 15  9 18 22 18 181.05112  0.03
38 4191437153723202320273023203 22  9  7  9  7 12 15  9 110.63100  0.03
38 4201437162317131023171717137  9  6  5  4  9  6  6  6  60.31 99  0.03
38 4211437172320201713202320157  9  7  7  6  5  7  9  7  70.42 89  0.03
38 4221437183033131727334030223 15 18  5  6 12 18 27 15 140.84 75  0.03
38 4231437193727475050574753367 22 12 39 48 48 67 39 56 411.57 82  0.03
38 4241437203733273323202317213 22 18 12 18  9  7  9  6 130.73 95  0.03
38 4251437213340303333273330260 18 27 15 18 18 12 18 15 181.05 92  0.03
38 426143722231017303020 713150  9  4  6 15 15  7  3  5  80.42 92  0.03
38 4271437231320101010171313107  5  7  4  4  4  6  5  5  50.21124  0.03
38 4281437241013 310 713 3 0 60  4  5  2  4  3  5  2  0  30.10144  0.03
38 429143725202010 3 3 3 310 73  7  7  4  2  2  2  2  4  40.10144  0.03
38 430143726 0 3 71020201010 80  0  2  3  4  7  7  4  4  40.10105  0.03
38 5 1143727 7 71010 3 32023 83  3  3  4  4  2  2  7  9  40.10115  0.03
38 5 21438 12023202027131017150  7  9  7  7 12  5  4  6  70.42134  0.03
38 5 31438 21740302720333340240  6 27 15 12  7 18 18 27 160.94160  0.03
38 5 41438 34057372043705033350 27 67 22  7 32132 48 18 441.57137  0.03
38 5 51438 44040102017404040247 27 27  4  7  6 27 27 27 191.05123  0.03
38 5 61438 527333027302713 7193 12 18 15 12 15 12  5  3 120.73138  0.03
38 5 71438 6 7 313131030 3 3 83  3  2  5  5  4 15  2  2  50.21136  0.03
38 5 81438 7101713 720131317110  4  6  5  3  7  5  5  6  50.21153  0.03
38 5 91438 810 3 3 713131730 97  4  2  2  3  5  5  6 15  50.21156  0.03
38 5101438 93323201020171013147 18  9  7  4  7  6  4  5  80.42151  0.03
38 5111438102727202320778787367 12 12  7  9  71793003001031.98149  0.03
38 5121438117367634043474767447154111 94 27 32 39 39111 761.87143  0.03
38 5131438126317 71023101027167 94  6  3  4  9  4  4 12 170.94151  0.03
38 5141438133033335357433763350 15 18 18 56 67 32 22 94 401.57135  0.03
38 5151438145353302730331730273 56 56 15 12 15 18  6 15 241.26131  0.03
38 5161438152737372727303327243 12 22 22 12 12 15 18 12 160.94105  0.03
38 5171438163733302720233320223 22 18 15 12  7  9 18  7 140.84 91  0.03
38 5181438171730271710 710 7123  6 15 12  6  4  3  4  3  70.31 87  0.03
38 519143818131010 713201317103  5  4  4  3  5  7  5  6  50.21 95  0.03
38 52014381913 7 3 313 7 717 70  5  3  2  2  5  3  3  6  40.10116  0.03
38 521143820101323201713 310110  4  5  9  7  6  5  2  4  50.21106  0.03
38 5221438211313131317271713127  5  5  5  5  6 12  6  5  60.31124  0.03
38 5231438221010 7 3 3 7 7 7 53  4  4  3  2  2  3  3  3  30.10119  0.03
38 524143823 3 7 72033473743197  2  3  3  7 18 39 22 32 160.94172  0.03
38 5251438243030201717132030177 15 15  7  6  6  5  7 15 100.52161  0.03
38 526143825132317 7 710 3 7 87  5  9  6  3  3  4  2  3  40.21152  0.03
38 5271438261020131013232720137  4  7  5  4  5  9 12  7  70.31126  0.03
38 5281438271317472330303327220  5  6 39  9 15 15 18 12 150.84 99  0.03
38 5291439 13040474060573340347 15 27 39 27 80 67 18 27 381.46104  0.03
38 5301439 22713373037102320197 12  5 22 15 22  4  9  7 120.73 89  0.03
38 5311439 317132317 7102020127  6  5  9  6  3  4  7  7  60.31 91  0.03
38 6 11439 42010271317 71317123  7  4 12  5  6  3  5  6  60.31113  0.03
38 6 21439 51713131727304350210  6  5  5  6 12 15 32 48 160.94100  0.03
38 6 31439 640131013 7 31017113 27  5  4  5  3  2  4  6  70.42107  0.03
38 6 41439 720231017 3 7 3 7 90  7  9  4  6  2  3  2  3  40.21103  0.03
38 6 51439 827272023131317 3143 12 12  7  9  5  5  6  2  70.42 91  0.03
38 6 61439 917 713 720231710113  6  3  5  3  7  9  6  4  50.21 86  0.03
38 6 7143910101310 713101343120  4  5  4  3  5  4  5 32  80.42134  0.03
38 6 81439113747474337434737337 22 39 39 32 22 32 39 22 311.36139  0.03
38 6 9143912202330 720231323160  7  9 15  3  7  9  5  9  80.42115  0.03
38 6101439131320233030374027220  5  7  9 15 15 22 27 12 140.84115  0.03
38 6111439143330303030303740260 18 15 15 15 15 15 22 27 181.05106  0.03
38 6121439154343403723405347327 32 32 27 22  9 27 56 39 301.36 99  0.03
38 6131439163750504037372733310 22 48 48 27 22 22 12 18 271.26 91  0.03
38 614143917 31313 7 7 3 313 63  2  5  5  3  3  2  2  5  30.10 88  0.03
38 61514391817 7 0 3 3 31010 53  6  3  0  2  2  2  4  4  30.10 87  0.03
38 616143919 0 3232327232320143  0  2  9  9 12  9  9  7  70.42 76  0.03
38 617143920201713 310102713113  7  6  5  2  4  4 12  5  60.31 76  0.03
38 6181439211310231313101017110  5  4  9  5  5  4  4  6  50.21 56  0.03
38 6191439221010 7 31327 7 7 83  4  4  3  2  5 12  3  3  40.21 69  0.03
38 62014392310 7 7 3 7 71023 73  4  3  3  2  3  3  4  9  40.10 76  0.03
38 6211439243027333733171717210 15 12 18 22 18  6  6  6 130.73103  0.03
38 6221439251727272010 7 7 7120  6 12 12  7  4  3  3  3  60.31101  0.03
38 623143926 0 3 0 0 0 0 3 0  7  0  2  0  0  0  0  2  0  00.00 98  0.03
38 624143927 0 3131317101713 87  0  2  5  5  6  4  6  5  40.10 88  0.03
38 6251440 11710 7 720 7 713 87  6  4  3  3  7  3  3  5  40.10 76  0.03
38 6261440 21013171313101013100  4  5  6  5  5  4  4  5  50.21 72  0.03
38 6271440 31313102010 71013 97  5  5  4  7  4  3  4  5  50.21108  0.03
38 6281440 4 7 3 3 7 3 31713 57  3  2  2  3  2  2  6  5  30.10106  0.03
38 6291440 513 720 010174017123  5  3  7  0  4  6 27  6  70.42128  0.03
38 6301440 61723171723201013140  6  9  6  6  9  7  4  5  60.31119  0.03
38 7 11440 72343404037303047290  9 32 27 27 22 15 15 39 231.15119  0.03
38 7 21440 830433727272013 7203 15 32 22 12 12  7  5  3 140.84116  0.03
38 7 31440 9 32320 710 7 3 0 73  2  9  7  3  4  3  2  0  40.10157  0.03
38 7 41440101320202053505760293  5  7  7  7 56 48 67 80 351.46151  0.03
38 7 51440114340202047232713233 32 27  7  7 39  9 12  5 170.94141  0.03
38 7 614401227372727303020 3200 12 22 12 12 15 15  7  2 120.73184  0.03
38 7 7144013101717 313131320107  4  6  6  2  5  5  5  7  50.21175  0.03
38 7 814401420202017201310 7127  7  7  7  6  7  5  4  3  60.31186  0.03
38 7 914401517 71710 3173743150  6  3  6  4  2  6 22 32 100.63175  0.03
38 7101440164737372730475337313 39 22 22 12 15 39 56 22 281.26183  0.03
38 711144017372713 7 3 310 3103 22 12  5  3  2  2  4  2  60.31205  0.03
38 712144018101310102313 710 97  4  5  4  4  9  5  3  4  50.21211  0.03
38 713144019 713131723203747177  3  5  5  6  9  7 22 39 120.73229  0.03
38 7141440205343202330233323250 56 32  7  9 15  9 18  9 191.05208  0.03
38 7151440212333504363637067413  9 18 48 32 94 94132111 671.77200  0.03
38 7161440225030335043335033323 48 15 18 48 32 18 48 18 311.36173  0.03
38 71714402320273310 3 713 3117  7 12 18  4  2  3  5  2  70.31161  0.03
38 718144024 0 7 71013171317 83  0  3  3  4  5  6  5  6  40.10148  0.03
38 7191440253013232320101310143 15  5  9  9  7  4  5  4  70.42151  0.03
38 7201440261317231010201320127  5  6  9  4  4  7  5  7  60.31153  0.03
38 7211440272313171717131313127  9  5  6  6  6  5  5  5  60.31147  0.03
38 7221441 1 7171713102310 7103  3  6  6  5  4  9  4  3  50.21118  0.03
38 7231441 2101717 713201723123  4  6  6  3  5  7  6  9  60.31157  0.03
38 7241441 317 7101013101317 97  6  3  4  4  5  4  5  6  50.21189  0.03
38 7251441 420 3 3 3 3 7 3 0 43  7  2  2  2  2  3  2  0  20.00202  0.03
38 7261441 5 0 310 71310 7 3 53  0  2  4  3  5  4  3  2  30.10179  0.03
38 7271441 6 31313 71010 713 77  2  5  5  3  4  4  3  5  40.10156  0.03
38 7281441 7 0 7 7 3 710 3 3 40  0  3  3  2  3  4  2  2  20.00151  0.03
38 7291441 8 0 7132327202733150  0  3  5  9 12  7 12 18  80.42151  0.03
38 7301441 93760575350304743377 22 80 67 56 48 15 39 32 451.57139  0.03
38 73114411033131013 7 3 7 3 90 18  5  4  5  3  2  3  2  50.21109  0.03
38 8 11441111313333027473347243  5  5 18 15 12 39 18 39 191.05144  0.03
38 8 21441124360302023303747290 32 80 15  7  9 15 22 39 271.26121  0.03
38 8 3144113402017 3 0272373203 27  7  6  2  0 12  9154 271.26121  0.03
38 8 41441145347675740433750393 56 39111 67 27 32 22 48 501.67153  0.03
38 8 51441155050372043404330313 48 48 22  7 32 27 32 15 291.36132  0.03
38 8 61441163033272313272723203 15 18 12  9  5 12 12  9 120.73133  0.03
38 8 71441171330271330372313187  5 15 12  5 15 22  9  5 110.63135  0.03
38 8 8144118 717171713 72017113  3  6  6  6  5  3  7  6  50.21150  0.03
38 8 914411913 713 317 31013 80  5  3  5  2  6  2  4  5  40.10158  0.03
38 8101441201333302327272023197  5 18 15  9 12 12  7  9 110.63161  0.03
38 8111441213033405360574037350 15 18 27 56 80 67 27 22 391.46173  0.03
38 8121441222730272320202720193 12 15 12  9  7  7 12  7 100.63132  0.03
38 813144123303023 710 313 7123 15 15  9  3  4  2  5  3  70.42124  0.03
38 814144124 7 7 3 320101313 77  3  3  2  2  7  4  5  5  40.10107  0.03
38 815144125 3 3 3 7 0 7 7 3 33  2  2  2  3  0  3  3  2  20.00102  0.03
38 816144126 3 3 3 3 3 3 3 3 27  2  2  2  2  2  2  2  2  20.00119  0.03
38 817144127 3 3101017201010 83  2  2  4  4  6  7  4  4  40.10106  0.03
38 8181442 117 7 3 3 7 710 7 60  6  3  2  2  3  3  4  3  30.10100  0.03
38 8191442 2 313 7 7 7131310 73  2  5  3  3  3  5  5  4  40.10104  0.03
38 8201442 3 7 7 7 7 3 3 7 3 43  3  3  3  3  2  2  3  2  30.00 76  0.03
38 8211442 4 3 7101023233017123  2  3  4  4  9  9 15  6  60.31 65  0.03
38 8221442 51320 3 750434330210  5  7  2  3 48 32 32 15 181.05 72  0.03
38 8231442 63737376050302717293 22 22 22 80 48 15 12  6 281.26 94  0.03
38 8241442 713 7101720173740160  5  3  4  6  7  6 22 27 100.63 86  0.03
38 8251442 8402317 710132310143 27  9  6  3  4  5  9  4  80.52113  0.03
38 8261442 91010171010 31313 87  4  4  6  4  4  2  5  5  40.10103  0.03
38 82714421010 71017 7 7 710 73  4  3  4  6  3  3  3  4  40.10 91  0.03
38 828144211 7 7101010303023127  3  3  4  4  4 15 15  9  70.42 94  0.03
38 8291442122320302010133723177  9  7 15  7  4  5 22  9 100.52114  0.03
38 8301442133040202323172310187 15 27  7  9  9  6  9  4 110.63105  0.03
38 8311442142027171717 3 3 3107  7 12  6  6  6  2  2  2  50.21 98  0.03
38 9 114421513172010 7131313107  5  6  7  4  3  5  5  5  50.21106  0.03
38 9 2144216 7 710202010 720100  3  3  4  7  7  4  3  7  50.21124  0.03
38 9 31442172323273023231320183  9  9 12 15  9  9  5  7  90.52101  0.03
38 9 41442181010131717271330137  4  4  5  6  6 12  5 15  70.42107  0.03
38 9 514421927271723373710 3180 12 12  6  9 22 22  4  2 110.63120  0.03
38 9 6144220 0 7 72020 7 720 87  0  3  3  7  7  3  3  7  40.10136  0.03
38 9 714422120271717133320 7153  7 12  6  6  5 18  7  3  80.42100  0.03
38 9 81442222320172020202310153  9  7  6  7  7  7  9  4  70.42 88  0.03
38 9 9144223 0 7232327272717150  0  3  9  9 12 12 12  6  80.42 74  0.03
38 9101442241720232727171717163  6  7  9 12 12  6  6  6  80.42 75  0.03
38 9111442252030102323172323170  7 15  4  9  9  6  9  9  80.52 67  0.03
38 9121442262730271020172327180 12 15 12  4  7  6  9 12 100.52 59  0.03
38 9131442271743232010205053237  6 32  9  7  4  7 48 56 211.15 44  0.03
38 9141443 15063232037605757367 48 94  9  7 22 80 67 67 491.67 48  0.03
38 9151443 26367676773636343507 94111111111154 94 94 321001.98 44  0.03
38 9161443 34030201317203033203 27 15  7  5  6  7 15 18 120.73 47  0.03
38 9171443 430402313232713 0170 15 27  9  5  9 12  5  0 100.63 46  0.03
38 9181443 5201720171713 017120  7  6  7  6  6  5  0  6  50.21 65  0.03
38 9191443 613 713 7 3101317 83  5  3  5  3  2  4  5  6  40.10 55  0.03
38 9201443 7271323132013 3 3117 12  5  9  5  7  5  2  2  60.31 57  0.03
38 9211443 8 310201313172730133  2  4  7  5  5  6 12 15  70.42 56  0.03
38 9221443 923333337272010 3187  9 18 18 22 12  7  4  2 120.73 70  0.03
38 9231443102040301713131013157  7 27 15  6  5  5  4  5  90.52 86  0.03
38 924144311 3 3 31010 7 717 60  2  2  2  4  4  3  3  6  30.10 97  0.03
38 925144312 3 7 71310131323 90  2  3  3  5  4  5  5  9  40.21131  0.03
38 9261443133327535347475047357 18 12 56 56 39 39 48 39 381.46150  0.03
38 9271443142727403030303070283 12 12 27 15 15 15 15132 301.36143  0.03
38 9281443157770503740333320360179132 48 22 27 18 18  7 561.67137  0.03
38 9291443162037434033232020237  7 22 32 27 18  9  7  7 160.94125  0.03
38 9301443171320133747306750277  5  7  5 22 39 15111 48 321.36131  0.03
3810 11443185773474320273740343 67154 39 32  7 12 22 27 451.57130  0.03
3810 21443193737272733333033257 22 22 12 12 18 18 15 18 170.94 94  0.03
3810 31443203733232010333340230 22 18  9  7  4 18 18 27 150.94 55  0.03
3810 414432123301330371317 7170  9 15  5 15 22  5  6  3 100.63 90  0.03
3810 5144322 0 31010 3 0 3 3 33  0  2  4  4  2  0  2  2  20.00106  0.03
3810 6144323 0232723231720 3137  0  9 12  9  9  6  7  2  70.31102  0.03
3810 7144324 023474770707053380  0  9 39 39132132132 56 671.77 92  0.03
3810 81443255770675347403723393 67132111 56 39 27 22  9 581.77102  0.03
3810 91443263017373313202030200 15  6 22 18  5  7  7 15 120.73143  0.03
3810101443273330131727172330190 18 15  5  6 12  6  9 15 110.63152  0.03
3810111444 130332723272020 0180 15 18 12  9 12  7  7  0 100.63132  0.03
3810121444 2 3 71710 7 31717 80  2  3  6  4  3  2  6  6  40.10134  0.03
3810131444 3 0 310 7 3 72017 67  0  2  4  3  2  3  7  6  30.10121  0.03
3810141444 410 7 7 3 3 0 0 7 37  4  3  3  2  2  0  0  3  20.00122  0.03
3810151444 5 3 3131717 31313 83  2  2  5  6  6  2  5  5  40.10103  0.03
3810161444 62020173037272333207  7  7  6 15 22 12  9 18 120.73 78  0.03
3810171444 730 713272020 7 0123 15  3  5 12  7  7  3  0  60.31 71  0.03
3810181444 8 3101717 7132023110  2  4  6  6  3  5  7  9  50.21 31  0.03
3810191444 92733201723172027183 12 18  7  6  9  6  7 12 100.52 20  0.03
3810201444102340372727233317227  9 27 22 12 12  9 18  6 140.84 58  0.03
3810211444111720132727131717150  6  7  5 12 12  5  6  6  70.42 55  0.03
381022144412 3 7202020132717127  2  3  7  7  7  5 12  6  60.31 46  0.03
3810231444131330404033332737253  5 15 27 27 18 18 12 22 181.05 61  0.03
3810241444142733303343433047287 12 18 15 18 32 32 15 39 231.15 66  0.03
3810251444155343404747304047347 56 32 27 39 39 15 27 39 341.46 91  0.03
3810261444163337404050504050340 18 22 27 27 48 48 27 48 331.36104  0.03
3810271444174740504747434030343 39 27 48 39 39 32 27 15 331.36114  0.03
3810281444184040333347373717283 27 27 18 18 39 22 22  6 221.15138  0.03
38102914441927233313 7272720177 12  9 18  5  3 12 12  7 100.52148  0.03
38103014442037131310 3 3 3 0 83 22  5  5  4  2  2  2  0  50.21159  0.03
381031144421 720 7 7 7 3 310 63  3  7  3  3  3  2  2  4  30.10155  0.03
3811 11444221310 717301310 7107  5  4  3  6 15  5  4  3  60.31146  0.03
3811 2144423 3 710172323 710100  2  3  4  6  9  9  3  4  50.21143  0.03
3811 3144424 7 71017 7101713 87  3  3  4  6  3  4  6  5  40.10162  0.03
3811 41444251313131713132010113  5  5  5  6  5  5  7  4  50.21128  0.03
3811 51444261010 710102010 3 80  4  4  3  4  4  7  4  2  40.10112  0.03
3811 61444271717172017131713130  6  6  6  7  6  5  6  5  60.31167  0.03
3811 71445 1 7102317 7 72317110  3  4  9  6  3  3  9  6  50.21176  0.03
3811 81445 21740303740473347290  6 27 15 22 27 39 18 39 241.26159  0.03
3811 91445 35040404040504340343 48 27 27 27 27 48 32 27 331.36138  0.03
3811101445 44330201310 31010140 32 15  7  5  4  2  4  4  90.52131  0.03
3811111445 5 71010 713101310 80  3  4  4  3  5  4  5  4  40.10125  0.03
3811121445 610 710 3 3 0 0 0 33  4  3  4  2  2  0  0  0  20.00134  0.03
3811131445 713 713 7 7 3 0 3 53  5  3  5  3  3  2  0  2  30.10152  0.03
3811141445 8 7 3 7 720273333137  3  2  3  3  7 12 18 18  80.42152  0.03
3811151445 9302013 7 7 71330127 15  7  5  3  3  3  5 15  70.42161  0.03
381116144510131320172013 727130  5  5  7  6  7  5  3 12  60.31157  0.03
3811171445112027203350503740277  7 12  7 18 48 48 22 27 241.15137  0.03
3811181445122323273330132720197  9  9 12 18 15  5 12  7 110.63115  0.03
3811191445132720233317101713160 12  7  9 18  6  4  6  5  80.52106  0.03
3811201445141717303030231713177  6  6 15 15 15  9  6  5 100.52 97  0.03
3811211445151713274043404037257  6  5 12 27 32 27 27 22 201.05 78  0.03
3811221445162743372327201320210 12 32 22  9 12  7  5  7 130.84 56  0.03
3811231445173030372330302033233 15 15 22  9 15 15  7 18 140.84 61  0.03
3811241445182033333033373730253  7 18 18 15 18 22 22 15 170.94 79  0.03
3811251445193330273323331717213 18 15 12 18  9 18  6  6 130.73 94  0.03
3811261445203033434033332327263 15 18 32 27 18 18  9 12 191.05 85  0.03
381127144521272717232010 713143 12 12  6  9  7  4  3  5  70.42110  0.03
381128144522 713232020131310120  3  5  9  7  7  5  5  4  60.31107  0.03
381129144523202020 7 3131020113  7  7  7  3  2  5  4  7  50.21103  0.03
38113014452423 0 710 3 7 7 0 57  9  0  3  4  2  3  3  0  30.10 95  0.03
3812 1144525 3 0 0 3 0 01010 27  2  0  0  2  0  0  4  4  20.00 97  0.03
3812 214452610 7172733334750223  4  3  6 12 18 18 39 48 181.05 82  0.03
3812 31445275043373033404340317 48 32 22 15 18 27 32 27 281.26 64  0.03
3812 41446 140371313 3102010147 27 22  5  5  2  4  7  4 100.52 82  0.03
3812 51446 2132717303723 7 7160  5 12  6 15 22  9  3  3  90.52 58  0.03
3812 61446 32020201710132017137  7  7  7  6  4  5  7  6  60.31 90  0.03
3812 71446 41710 0 7101720 7 87  6  4  0  3  4  6  7  3  40.10117  0.03
3812 81446 5 7 3 3 7 0 7 3 0 30  3  2  2  3  0  3  2  0  20.00106  0.03
3812 91446 61020172317302730173  4  7  6  9  6 15 12 15  90.52130  0.03
3812101446 72327273340535743303  9 12 12 18 27 56 67 32 291.36124  0.03
3812111446 82727302713231717180 12 12 15 12  5  9  6  6 100.52129  0.03
3812121446 91723272330201313167  6  9 12  9 15  7  5  5  80.52154  0.03
3812131446102327232320173323190  9 12  9  9  7  6 18  9 100.63124  0.03
3812141446112317172320233323180  9  6  6  9  7  9 18  9  90.52151  0.03
3812151446122023271317101013133  7  9 12  5  6  4  4  5  60.31120  0.03
3812161446131013303027405347250  4  5 15 15 12 27 56 39 221.15105  0.03
3812171446145047473733373740327 48 39 39 22 18 22 22 27 301.36 76  0.03
3812181446154730404350574737350 39 15 27 32 48 67 39 22 361.46 77  0.03
3812191446162737402737433333277 12 22 27 12 22 32 18 18 201.05 87  0.03
3812201446173333232327303333237 18 18  9  9 12 15 18 18 150.84 89  0.03
3812211446181720303333101017170  6  7 15 18 18  4  4  6 100.52 88  0.03
3812221446193340474740232320273 18 27 39 39 27  9  9  7 221.15 88  0.03
3812231446202720101320 31017120 12  7  4  5  7  2  4  6  60.31 81  0.03
381224144621201017 7 7 31310 87  7  4  6  3  3  2  5  4  40.10 88  0.03
38122514462217 0 71720 7 3 3 73  6  0  3  6  7  3  2  2  40.10 82  0.03
38122614462313 7 3 3 3 3 7 0 40  5  3  2  2  2  2  3  0  20.00 73  0.03
381227144624 3 3 3 3 3 3 717 43  2  2  2  2  2  2  3  6  30.00 73  0.03
3812281446252013 31727201317130  7  5  2  6 12  7  5  6  60.31 69  0.03
381229144626 3101320 7 3 313 73  2  4  5  7  3  2  2  5  40.10 64  0.03
3812301446271313 3 710231313 97  5  5  2  3  4  9  5  5  50.21 44  0.03
3812311447 117 313 7 3 3 010 57  6  2  5  3  2  2  0  4  30.10 63  0.03
