41 1 11474 4102723 733434037220  4 12  9  3 18 32 27 22 160.94 43  0.03
41 1 21474 5271710132723 713137 12  6  4  5 12  9  3  5  70.42 45  0.03
41 1 31474 610 7131013 72033113  4  3  5  4  5  3  7 18  60.31 45  0.03
41 1 41474 733332020 313 7 0130 18 18  7  7  2  5  3  0  80.42 54  0.03
41 1 51474 8 0 31017 7231710 87  0  2  4  6  3  9  6  4  40.10 75  0.03
41 1 61474 93750503017202713243 22 48 48 15  6  7 12  5 201.05 74  0.03
41 1 71474101720232010433723193  6  7  9  7  4 32 22  9 120.73 54  0.03
41 1 81474112723231713101733163 12  9  9  6  5  4  6 18  90.52 51  0.03
41 1 91474122330333337333017237  9 15 18 18 22 18 15  6 150.94 58  0.03
41 1101474133320201327232327187 18  7  7  5 12  9  9 12 100.63 32  0.03
41 1111474143023132730173027197 15  9  5 12 15  6 15 12 110.63 46  0.03
41 1121474152323201023171720153  9  9  7  4  9  6  6  7  70.42 28  0.03
41 11314741633131713 3 72023130 18  5  6  5  2  3  7  9  70.31 25  0.03
41 11414741713 710 7 3 3 723 73  5  3  4  3  2  2  3  9  40.10 24  0.03
41 115147418202027171310 7 3117  7  7 12  6  5  4  3  2  60.31  8  0.03
41 1161474191310172327371720163  5  4  6  9 12 22  6  7  90.52 16  0.03
41 1171474205730433750574353370 67 15 32 22 48 67 32 56 421.57 22  0.03
41 1181474214043404027435347333 27 32 27 27 12 32 56 39 321.36 29  0.03
41 1191474224337373340402740297 32 22 22 18 27 27 12 27 231.15 16  0.03
41 1201474233730272723102337213 22 15 12 12  9  4  9 22 130.84 32  0.03
41 1211474242333 7 3 3 72017113  9 18  3  2  2  3  7  6  60.31 34  0.03
41 1221474251020201310133330150  4  7  7  5  4  5 18 15  80.42 49  0.03
41 1231474263320333340434340287 18  7 18 18 27 32 32 27 221.15 43  0.03
41 1241474273337434057504040340 18 22 32 27 67 48 27 27 341.36 40  0.03
41 1251475 13347404733403337310 18 39 27 39 18 27 18 22 261.26 45  0.03
41 1261475 25030373737303040290 48 15 22 22 22 15 15 27 231.15 61  0.03
41 1271475 32323303740403737267  9  9 15 22 27 27 22 22 191.05 56  0.03
41 1281475 43323133030233723213 18  9  5 15 15  9 22  9 130.73 65  0.03
41 1291475 5231313201317 727133  9  5  5  7  5  6  3 12  60.31 85  0.03
41 1301475 63037202027273327220 15 22  7  7 12 12 18 12 130.84 89  0.03
41 1311475 71710271010 3 7 3 87  6  4 12  4  4  2  3  2  50.21 71  0.03
41 2 11475 8 0 3101323232010103  0  2  4  5  9  9  7  4  50.21 81  0.03
41 2 21475 9 710131717 73030130  3  4  5  6  6  3 15 15  70.42 69  0.03
41 2 31475103043474333273333290 15 32 39 32 18 12 18 18 231.15 65  0.03
41 2 41475113027232730172313190 15 12  9 12 15  6  9  5 100.63 72  0.03
41 2 51475122323272730304043243  9  9 12 12 15 15 27 32 160.94 85  0.03
41 2 61475134740434033333330300 39 27 32 27 18 18 18 15 241.26 64  0.03
41 2 71475144353433740403737330 32 56 32 22 27 27 22 22 301.36 57  0.03
41 2 81475154037333330333330270 27 22 18 18 15 18 18 15 191.05 43  0.03
41 2 91475163040401717234030237 15 27 27  6  6  9 27 15 160.94 58  0.03
41 2101475173323302720172027197 18  9 15 12  7  6  7 12 110.63 47  0.03
41 2111475182013201013172713133  7  5  7  4  5  6 12  5  60.31 36  0.03
41 2121475191310132017101317113  5  4  5  7  6  4  5  6  50.21 30  0.03
41 2131475203723374050434043313 22  9 22 27 48 32 27 32 271.26 33  0.03
41 2141475214740435030372327297 39 27 32 48 15 22  9 12 261.26 29  0.03
41 2151475224353374340373723313 32 56 22 32 27 22 22  9 281.26 27  0.03
41 2161475233740101313172743200 22 27  4  5  5  6 12 32 140.84  8  0.03
41 2171475243037404733273327273 15 22 27 39 18 12 18 12 201.05 21  0.03
41 2181475252020172723132710157  7  7  6 12  9  5 12  4  80.42 22  0.03
41 219147526 7 3 71717372010117  3  2  3  6  6 22  7  4  70.31 28  0.03
41 220147527 713202730203737190  3  5  7 12 15  7 22 22 120.73 40  0.03
41 2211476 14033203050574753330 27 18  7 15 48 67 39 56 351.46 40  0.03
41 2221476 23750334747575347370 22 48 18 39 39 67 56 39 411.57 26  0.03
41 2231476 34037433347475750353 27 22 32 18 39 39 67 48 361.46 15  0.03
41 2241476 43333334033503337293 18 18 18 27 18 48 18 22 231.15 46  0.03
41 2251476 53330303337333740273 18 15 15 18 22 18 22 27 191.05 54  0.03
41 2261476 633373040302727 3227 18 22 15 27 15 12 12  2 150.94 46  0.03
41 2271476 7 3 3 710 7231710 80  2  2  3  4  3  9  6  4  40.10 50  0.03
41 2281476 83023133720201320177 15  9  5 22  7  7  5  7 100.52 55  0.03
41 3 11476 93063808087908770587 15 942072073004003001322072.19 46  0.03
41 3 21476105340474733474043350 56 27 39 39 18 39 27 32 351.46 49  0.03
41 3 31476113737304340534317300 22 22 15 32 27 56 32  6 261.26 50  0.03
41 3 41476124743435347503053367 39 32 32 56 39 48 15 56 401.46 48  0.03
41 3 51476134753373353404350357 39 56 22 18 56 27 32 48 371.46 41  0.03
41 3 61476143733373723373713253 22 18 22 22  9 22 22  5 181.05 45  0.03
41 3 71476153023202713274343227 15  9  7 12  5 12 32 32 160.94 47  0.03
41 3 81476164033102327233037223 27 18  4  9 12  9 15 22 140.84 31  0.03
41 3 91476174027301710203337213 27 12 15  6  4  7 18 22 140.84 42  0.03
41 3101476183337201310132013160 18 22  7  5  4  5  7  5  90.52 40  0.03
41 3111476193023131320133750200 15  9  5  5  7  5 22 48 140.84 46  0.03
41 3121476201713 32037302337180  6  5  2  7 22 15  9 22 110.63 60  0.03
41 31314762130302017 7303740210 15 15  7  6  3 15 22 27 140.84 37  0.03
41 3141476226360637057435360470 94 80 94132 67 32 56 80 791.87 37  0.03
41 3151476232737474730303737290 12 22 39 39 15 15 22 22 231.15 37  0.03
41 31614762433271313171013 0127 18 12  5  5  6  4  5  0  70.31 48  0.03
41 3171476251023201020101317123  4  9  7  4  7  4  5  6  60.31 61  0.03
41 31814762630 710 7 3131337120 15  3  4  3  2  5  5 22  70.42 65  0.03
41 3191476271717204353434037270  6  6  7 32 56 32 27 22 241.15 70  0.03
41 3201477 14737434043533743343 39 22 32 27 32 56 22 32 331.36 64  0.03
41 3211477 24040404040406037337 27 27 27 27 27 27 80 22 331.36 76  0.03
41 3221477 34753404343535337370 39 56 27 32 32 56 56 22 401.46 56  0.03
41 3231477 42027303030473350267  7 12 15 15 15 39 18 48 211.15 59  0.03
41 3241477 52720172317303030193 12  7  6  9  6 15 15 15 110.63 39  0.03
41 3251477 61723203017133020170  6  9  7 15  6  5 15  7  90.52 47  0.03
41 3261477 717201710 3 310 7 87  6  7  6  4  2  2  4  3  40.10 36  0.03
41 3271477 8 0 0 310 7 31013 47  0  0  2  4  3  2  4  5  20.00 43  0.03
41 3281477 94740335760636353417 39 27 18 67 80 94 94 56 591.77 40  0.03
41 3291477104743373340476357367 39 32 22 18 27 39 94 67 421.57 34  0.03
41 3301477115050534047707377460 48 48 56 27 39132154179 851.87 17  0.03
41 3311477127767577053403333430179111 67132 56 27 18 18 761.87 28  0.03
41 4 11477132720 32013171027137 12  7  2  7  5  6  4 12  70.31 35  0.03
41 4 21477143023231730201733193 15  9  9  6 15  7  6 18 110.63 26  0.03
41 4 31477153743171720303027220 22 32  6  6  7 15 15 12 140.84 21  0.03
41 4 414771623202317 3 3 720117  9  7  9  6  2  2  3  7  60.31 23  0.03
41 4 514771713202310 717 723120  5  7  9  4  3  6  3  9  60.31 20  0.03
41 4 61477182733171013131330157 12 18  6  4  5  5  5 15  90.52 11  0.03
41 4 7147719 3 7173330274043200  2  3  6 18 15 12 27 32 140.84 38  0.03
41 4 81477204017132023202327183 27  6  5  7  9  7  9 12 100.63 43  0.03
41 4 91477213347373037331713247 18 39 22 15 22 18  6  5 181.05 51  0.03
41 4101477222030472727504350293  7 15 39 12 12 48 32 48 271.26 51  0.03
41 4111477233737504330303027283 22 22 48 32 15 15 15 12 231.15 59  0.03
41 4121477243750373733231717250 22 48 22 22 18  9  6  6 191.05 46  0.03
41 413147725401313101010 713117 27  5  5  4  4  4  3  5  70.42 41  0.03
41 414147726132317 7 3 3 3 0 70  5  9  6  3  2  2  2  0  40.10 30  0.03
41 415147727 0 3 31320201730107  0  2  2  5  7  7  6 15  60.21 17  0.03
41 4161478 14013 340371310 7163 27  5  2 27 22  5  4  3 120.73 16  0.03
41 4171478 21020202323271317153  4  7  7  9  9 12  5  6  70.42 31  0.03
41 4181478 34017132737172750227 27  6  5 12 22  6 12 48 170.94 29  0.03
41 4191478 43063634037403333340 15 94 94 27 22 27 18 18 391.46 25  0.03
41 4201478 53020332030203033217 15  7 18  7 15  7 15 18 130.73 18  0.03
41 4211478 633272313271730 7177 18 12  9  5 12  6 15  3 100.63 20  0.03
41 4221478 7 02323 313171720117  0  9  9  2  5  6  6  7  60.21 20  0.03
41 4231478 8 3 3 31317 71310 70  2  2  2  5  6  3  5  4  40.10 36  0.03
41 4241478 9 713506763636353380  3  5 48111 94 94 94 56 631.77 34  0.03
41 4251478105760534727473733360 67 80 56 39 12 39 22 18 421.57 36  0.03
41 4261478113340275320171327230 18 27 12 56  7  6  5 12 181.05 45  0.03
41 42714781220 71710 3131010 90  7  3  6  4  2  5  4  4  40.21 34  0.03
41 4281478132333172323374343243  9 18  6  9  9 22 32 32 170.94 43  0.03
41 42914781453373317 7 0 010157 56 22 18  6  3  0  0  4 140.84 43  0.03
41 4301478151320 7 3 0 7 3 3 57  5  7  3  2  0  3  2  2  30.10 41  0.03
41 5 1147816 0 0 31723273027127  0  0  2  6  9 12 15 12  70.42 44  0.03
41 5 2147817172317 717171320130  6  9  6  3  6  6  5  7  60.31 38  0.03
41 5 31478182027201010 72317133  7 12  7  4  4  3  9  6  60.31 35  0.03
41 5 4147819 730434020131320187  3 15 32 27  7  5  5  7 130.73 37  0.03
41 5 514782023 72017201710 3117  9  3  7  6  7  6  4  2  60.21 40  0.03
41 5 6147821 7172333271327 7153  3  6  9 18 12  5 12  3  80.52 32  0.03
41 5 7147822133020 0 3101017103  5 15  7  0  2  4  4  6  50.21 14  0.03
41 5 8147823 0 3 32323203323130  0  2  2  9  9  7 18  9  70.42 12  0.03
41 5 91478242733332317101727187 12 18 18  9  6  4  6 12 110.63 28  0.03
41 5101478253723232323201320183 22  9  9  9  9  7  5  7 100.52 21  0.03
41 5111478263010101713 3 3 7 93 15  4  4  6  5  2  2  3  50.21 23  0.03
41 512147827102010 710102323113  4  7  4  3  4  4  9  9  60.21 31  0.03
41 5131479 130232320272710 7167 15  9  9  7 12 12  4  3  90.52 29  0.03
41 5141479 21013 71717201027120  4  5  3  6  6  7  4 12  60.31 22  0.03
41 5151479 330131317 3172020133 15  5  5  6  2  6  7  7  70.31 26  0.03
41 5161479 43720333740371020233 22  7 18 22 27 22  4  7 160.94 32  0.03
41 5171479 51050534340232030270  4 48 56 32 27  9  7 15 251.26 38  0.03
41 5181479 61730131010232730160  6 15  5  4  4  9 12 15  90.52 23  0.03
41 5191479 72723 7 3 3 713 3 87 12  9  3  2  2  3  5  2  50.21 26  0.03
41 5201479 8 7 7 310 713 320 70  3  3  2  4  3  5  2  7  40.10 28  0.03
41 5211479 92017272313404750237  7  6 12  9  5 27 39 48 191.05 48  0.03
41 5221479105047274040305043327 48 39 12 27 27 15 48 32 311.36 44  0.03
41 5231479113027334037234350283 15 12 18 27 22  9 32 48 231.15 58  0.03
41 5241479123340403027234030263 18 27 27 15 12  9 27 15 191.05 43  0.03
41 5251479134330272723233040243 32 15 12 12  9  9 15 27 160.94 26  0.03
41 5261479143017232723172733197 15  6  9 12  9  6 12 18 110.63 26  0.03
41 5271479152017171313172320140  7  6  6  5  5  6  9  7  60.31 16  0.03
41 5281479161720302020171333170  6  7 15  7  7  6  5 18  90.52 16  0.03
41 5291479172733331717131320173 12 18 18  6  6  5  5  7 100.52 15  0.03
41 5301479183013 71020232713143 15  5  3  4  7  9 12  5  80.42 11  0.03
41 5311479194027171320233317190 27 12  6  5  7  9 18  6 110.63 31  0.03
41 6 11479202730301717101317160 12 15 15  6  6  4  5  6  90.52 37  0.03
41 6 21479211710 3 0 3 7 0 3 43  6  4  2  0  2  3  0  2  20.00 21  0.03
41 6 314792210 0101710 7 7 0 60  4  0  4  6  4  3  3  0  30.10 47  0.03
41 6 41479231010 7 3 310 710 60  4  4  3  2  2  4  3  4  30.10 53  0.03
41 6 514792410 71310 7131013 83  4  3  5  4  3  5  4  5  40.10 61  0.03
41 6 6147925 710 333231013 7107  3  4  2 18  9  4  5  3  60.31 70  0.03
41 6 7147926 7 313101713 3 7 73  3  2  5  4  6  5  2  3  40.10 61  0.03
41 6 8147927 3 320231317 3 3 87  2  2  7  9  5  6  2  2  40.21 97  0.03
41 6 91480 1 3 7133727131723140  2  3  5 22 12  5  6  9  80.42118  0.03
41 6101480 22720403760533040307 12  7 27 22 80 56 15 27 311.36 95  0.03
41 6111480 35733302717334323263 67 18 15 12  6 18 32  9 221.15 82  0.03
41 6121480 42330171727302717187  9 15  6  6 12 15 12  6 100.63 74  0.03
41 6131480 5 733536053374350337  3 18 56 80 56 22 32 48 391.46 62  0.03
41 6141480 64743371327102337237 39 32 22  5 12  4  9 22 181.05 56  0.03
41 6151480 73743434333273320280 22 32 32 32 18 12 18  7 221.15 45  0.03
41 6161480 813 713 7 7 7 710 70  5  3  5  3  3  3  3  4  40.10 22  0.03
41 6171480 91013202727335340223  4  5  7 12 12 18 56 27 181.05 29  0.03
41 61814801043402717203027 7210 32 27 12  6  7 15 12  3 140.84 28  0.03
41 619148011 3 7 72020233030140  2  3  3  7  7  9 15 15  80.42 28  0.03
41 6201480123337533027303037277 18 22 56 15 12 15 15 22 221.15 45  0.03
41 6211480133327332023202317197 18 12 18  7  9  7  9  6 110.63 40  0.03
41 6221480142310302723132327177  9  4 15 12  9  5  9 12  90.52 36  0.03
41 6231480151713 71313131020107  6  5  3  5  5  5  4  7  50.21 47  0.03
41 62414801610 3102323232330147  4  2  4  9  9  9  9 15  80.42 61  0.03
41 6251480171710 3 313 31727 93  6  4  2  2  5  2  6 12  50.21 59  0.03
41 6261480183313131010102733150 18  5  5  4  4  4 12 18  90.52 71  0.03
41 6271480192333332323101710173  9 18 18  9  9  4  6  4 100.52 74  0.03
41 6281480202713132020172020150 12  5  5  7  7  6  7  7  70.42 82  0.03
41 6291480213020232017131310147 15  7  9  7  6  5  5  4  70.42 94  0.03
41 6301480221010171717 7 723107  4  4  6  6  6  3  3  9  50.21 98  0.03
41 7 11480233333231710 7 720150 18 18  9  6  4  3  3  7  80.52 76  0.03
41 7 21480243027301013 7 7 7130 15 12 15  4  5  3  3  3  80.42 73  0.03
41 7 31480252013 31027371723150  7  5  2  4 12 22  6  9  80.52 79  0.03
41 7 41480261047403023305347280  4 39 27 15  9 15 56 39 261.26 62  0.03
41 7 51480276363878790876777620 94 943003004003001111792222.29 47  0.03
41 7 61481 12720334363575747347 12  7 18 32 94 67 67 39 421.57 53  0.03
41 7 71481 27067573723434733377132111 67 22  9 32 39 18 541.67 53  0.03
41 7 81481 31323403037303310217  5  9 27 15 22 15 18  4 140.84 47  0.03
41 7 91481 4 710 72330274043187  3  4  3  9 15 12 27 32 130.84 59  0.03
41 7101481 53730301723304750263 22 15 15  6  9 15 39 48 211.15 62  0.03
41 7111481 62723302313 310 3133 12  9 15  9  5  2  4  2  70.42 31  0.03
41 7121481 713 7332337 71313147  5  3 18  9 22  3  5  5  90.52 25  0.03
41 7131481 813 3102010 7 7 7 77  5  2  4  7  4  3  3  3  40.10 23  0.03
41 7141481 9 31013 3 3 31027 73  2  4  5  2  2  2  4 12  40.10 12  0.03
41 715148110 7 7131723101013100  3  3  5  6  9  4  4  5  50.21  8  0.03
41 7161481111730202730302723203  6 15  7 12 15 15 12  9 110.73 23  0.03
41 7171481123323271313201717163 18  9 12  5  5  7  6  6  80.52 34  0.03
41 7181481132710131317132013127 12  4  5  5  6  5  7  5  60.31 56  0.03
41 7191481142723 7 710131723127 12  9  3  3  4  5  6  9  60.31 49  0.03
41 7201481151320272020203027177  5  7 12  7  7  7 15 12  90.52 60  0.03
41 7211481163350606030304727337 18 48 80 80 15 15 39 12 381.46 65  0.03
41 7221481174040272733401333253 27 27 12 12 18 27  5 18 181.05 62  0.03
41 7231481183330373727171733230 18 15 22 22 12  6  6 18 150.84 84  0.03
41 7241481192730172023202717180 12 15  6  7  9  7 12  6  90.52 99  0.03
41 7251481202330332323131310170  9 15 18  9  9  5  5  4  90.52103  0.03
41 726148121 3 710 310 7 713 60  2  3  4  2  4  3  3  5  30.10113  0.03
41 727148122 3 7 7 3 7 3 317 50  2  3  3  2  3  2  2  6  30.10123  0.03
41 72814812310 7 71313 310 7 70  4  3  3  5  5  2  4  3  40.10107  0.03
41 7291481241010 7 710 7 317 70  4  4  3  3  4  3  2  6  40.10125  0.03
41 73014812510101713 7 3 720 87  4  4  6  5  3  2  3  7  40.10128  0.03
41 73114812617 7 7 710102033110  6  3  3  3  4  4  7 18  60.31133  0.03
41 8 114812710 7232017133030150  4  3  9  7  6  5 15 15  80.42107  0.03
41 8 21482 14743475053503330353 39 32 39 48 56 48 18 15 371.46 97  0.03
41 8 31482 22337302017301730203  9 22 15  7  6 15  6 15 120.73 94  0.03
41 8 41482 35070605783676367517 48132 80 67236111 941111101.98 93  0.03
41 8 51482 46040272323303733273 80 27 12  9  9 15 22 18 241.26 87  0.03
41 8 61482 52327373327403357277  9 12 22 18 12 27 18 67 231.15 90  0.03
41 8 71482 64733303017272330237 39 18 15 15  6 12  9 15 160.94 86  0.03
41 8 81482 720171713 7 71710107  7  6  6  5  3  3  6  4  50.21 57  0.03
41 8 91482 8 3 710 710 3 310 53  2  3  4  3  4  2  2  4  30.10 50  0.03
41 8101482 913 3 0 3 0 0 320 43  5  2  0  2  0  0  2  7  20.00 55  0.03
41 8111482102713232017172720163 12  5  9  7  6  6 12  7  80.42 68  0.03
41 8121482112017131320131023130  7  6  5  5  7  5  4  9  60.31 52  0.03
41 8131482122020202317171320150  7  7  7  9  6  6  5  7  70.31 32  0.03
41 814148213173020 7101010 7110  6 15  7  3  4  4  4  3  60.31 16  0.03
41 81514821423 7 71010 3 3 0 63  9  3  3  4  4  2  2  0  30.10  8  0.03
41 816148215 3 0 31317 310 3 53  2  0  2  5  6  2  4  2  30.10 10  0.03
41 8171482161713 0 3 3 01010 57  6  5  0  2  2  0  4  4  30.10 13  0.03
41 818148217 7 0 71010172323 97  3  0  3  4  4  6  9  9  50.21 16  0.03
41 8191482183733334033302327257 22 18 18 27 18 15  9 12 170.94 34  0.03
41 82014821917 717 3 3 7 313 70  6  3  6  2  2  3  2  5  40.10 48  0.03
41 8211482202017171713273317160  7  6  6  6  5 12 18  6  80.42 70  0.03
41 82214822113 3 010 7 32013 70  5  2  0  4  3  2  7  5  40.10 76  0.03
41 823148222 7 310 3 3 7 717 57  3  2  4  2  2  3  3  6  30.10 73  0.03
41 8241482231323273017172020167  5  9 12 15  6  6  7  7  80.52 82  0.03
41 8251482241310131710233730153  5  4  5  6  4  9 22 15  90.52 68  0.03
41 8261482254020232740373747270 27  7  9 12 27 22 22 39 211.15 66  0.03
41 8271482265750576060434753427 67 48 67 80 80 32 39 56 591.77 72  0.03
41 8281482274337475037232323283 32 22 39 48 22  9  9  9 241.15 79  0.03
41 8291483 12740375343474047333 12 27 22 56 32 39 27 39 321.36 64  0.03
41 8301483 25350372740233323287 56 48 22 12 27  9 18  9 251.26 50  0.03
41 8311483 32327272027232730203  9 12 12  7 12  9 12 15 110.63 48  0.03
41 9 11483 42730333323403330250 12 15 18 18  9 27 18 15 160.94 50  0.03
41 9 21483 53017403020273030223 15  6 27 15  7 12 15 15 140.84 61  0.03
41 9 31483 630131310 3 71010 97 15  5  5  4  2  3  4  4  50.21 49  0.03
41 9 41483 7101010 3 3 71013 67  4  4  4  2  2  3  4  5  40.10 53  0.03
41 9 51483 8 310 710 3 3 3 3 43  2  4  3  4  2  2  2  2  30.00 49  0.03
41 9 61483 9 3 3 3 7 71013 7 53  2  2  2  3  3  4  5  3  30.10 44  0.03
41 9 7148310 333303050304033250  2 18 15 15 48 15 27 18 201.05 47  0.03
41 9 81483112723272013102323167 12  9 12  7  5  4  9  9  80.52 49  0.03
41 9 91483123020201710101740163 15  7  7  6  4  4  6 27 100.52 34  0.03
41 910148313302017 3 3101710110 15  7  6  2  2  4  6  4  60.31 37  0.03
41 9111483142023131730131023150  7  9  5  6 15  5  4  9  80.42 38  0.03
41 91214831520201013 7 3 0 0 73  7  7  4  5  3  2  0  0  40.10 58  0.03
41 913148316 0 0172357533743230  0  0  6  9 67 56 22 32 241.26 77  0.03
41 9141483174740472730303043293 39 27 39 12 15 15 15 32 241.26 83  0.03
41 9151483184040332733305347303 27 27 18 12 18 15 56 39 261.26 91  0.03
41 9161483195740202323173333247 67 27  7  9  9  6 18 18 201.05103  0.03
41 9171483202720301327302310180 12  7 15  5 12 15  9  4 100.63148  0.03
41 9181483212067838787878787603  71112363003003003003002322.29140  0.03
41 9191483228790877340507340540300400300154 27 48154 271762.19132  0.03
41 9201483235343406353302013317 56 32 27 94 56 15  7  5 361.46 89  0.03
41 92114832427604343435010 7283 12 80 32 32 32 48  4  3 301.36 78  0.03
41 92214832510172310 7 7 710 90  4  6  9  4  3  3  3  4  40.21 88  0.03
41 923148326 7 7272037473020193  3  3 12  7 22 39 15  7 140.84 58  0.03
41 9241483273737333037304357303 22 22 18 15 22 15 32 67 271.26 47  0.03
41 9251484 15330402737234017267 56 15 27 12 22  9 27  6 221.15 63  0.03
41 9261484 21310 713 7 31013 77  5  4  3  5  3  2  4  5  40.10 54  0.03
41 9271484 32730332320332017203 12 15 18  9  7 18  7  6 120.73 43  0.03
41 9281484 42023131010172733153  7  9  5  4  4  6 12 18  80.42 35  0.03
41 9291484 52047273727332733250  7 39 12 22 12 18 12 18 181.05 35  0.03
41 9301484 63720233320203320207 22  7  9 18  7  7 18  7 120.73 43  0.03
4110 11484 717201713101010 7103  6  7  6  5  4  4  4  3  50.21 44  0.03
4110 21484 8 710 7 3 7 73027 97  3  4  3  2  3  3 15 12  60.31 30  0.03
4110 31484 923131310 3 7 7 7 83  9  5  5  4  2  3  3  3  40.10 31  0.03
4110 414841010 3 310 7 7 723 70  4  2  2  4  3  3  3  9  40.10 33  0.03
4110 5148411232027231310 7 7130  9  7 12  9  5  4  3  3  60.31 34  0.03
4110 614841213 7131317171013103  5  3  5  5  6  6  4  5  50.21 42  0.03
4110 71484131713 7 3 310 710 70  6  5  3  2  2  4  3  4  40.10 43  0.03
4110 8148414333317 7 7302317167 18 18  6  3  3 15  9  6 100.52 48  0.03
4110 9148415 72710 727101717120  3 12  4  3 12  4  6  6  60.31 41  0.03
411010148416 3 710 713203323117  2  3  4  3  5  7 18  9  60.31 32  0.03
4110111484173030404343475767357 15 15 27 32 32 39 67111 421.57 39  0.03
4110121484186047402720301323260 80 39 27 12  7 15  5  9 241.26 43  0.03
4110131484192730302310202313177 12 15 15  9  4  7  9  5 100.52 43  0.03
4110141484201323102737401320183  5  9  4 12 22 27  5  7 110.73 38  0.03
4110151484213033373023273327240 15 18 22 15  9 12 18 12 150.94 48  0.03
4110161484222040271027303337223  7 27 12  4 12 15 18 22 150.84 58  0.03
411017148423 7 323201313 710 97  3  2  9  7  5  5  3  4  50.21 66  0.03
411018148424 313201710101310 97  2  5  7  6  4  4  5  4  50.21 63  0.03
4110191484253023301723371713190 15  9 15  6  9 22  6  5 110.63 60  0.03
41102014842610203013 7101713120  4  7 15  5  3  4  6  5  60.31 49  0.03
411021148427232313 3 0 3 310 80  9  9  5  2  0  2  2  4  40.10 45  0.03
4110221485 12020172033576353283  7  7  6  7 18 67 94 56 331.36 34  0.03
4110231485 22033231723273340217  7 18  9  6  9 12 18 27 130.84 52  0.03
4110241485 33723232017304330223 22  9  9  7  6 15 32 15 140.84 42  0.03
4110251485 4233310 7 7 710 7103  9 18  4  3  3  3  4  3  60.31 44  0.03
4110261485 5 713173020103033160  3  5  6 15  7  4 15 18  90.52 52  0.03
4110271485 62717202013 3 717123 12  6  7  7  5  2  3  6  60.31 63  0.03
4110281485 7 710131713202720127  3  4  5  6  5  7 12  7  60.31 54  0.03
4110291485 83010 71010102017113 15  4  3  4  4  4  7  6  60.31 64  0.03
4110301485 91730171320171317143  6 15  6  5  7  6  5  6  70.42 50  0.03
4110311485103057432730436367360 15 67 32 12 15 32 94111 471.57 50  0.03
4111 11485117773704753532710410179154132 39 56 56 12  4 791.87 51  0.03
4111 214851210 3 3 7 3132023 83  4  2  2  3  2  5  7  9  40.10 53  0.03
4111 31485132320 7 71020 323113  9  7  3  3  4  7  2  9  60.21 57  0.03
4111 414851423271713 7 3 717113  9 12  6  5  3  2  3  6  60.31 48  0.03
4111 51485151013131313374347190  4  5  5  5  5 22 32 39 150.84 39  0.03
4111 61485163340505353505047377 18 27 48 56 56 48 48 39 421.57  8  0.03
4111 71485174027303030333027247 27 12 15 15 15 18 15 12 160.94  0  0.03
4111 81485183740403037333713267 22 27 27 15 22 18 22  5 201.05  7  0.03
4111 91485192023203337402017210  7  9  7 18 22 27  7  6 130.73 14  0.03
4111101485202727173347473740273 12 12  6 18 39 39 22 27 221.15  0  0.03
4111111485214743274320373023270 39 32 12 32  7 22 15  9 211.15  0  0.03
4111121485221327331010172730167  5 12 18  4  4  6 12 15 100.52 13  0.03
4111131485231317172313201720140  5  6  6  9  5  7  6  7  60.31 24  0.03
41111414852410171317 7131317107  4  6  5  6  3  5  5  6  50.21 38  0.03
411115148525 7 0 3 7 7 71010 50  3  0  2  3  3  3  4  4  30.00 32  0.03
411116148526101710 7 3101727100  4  6  4  3  2  4  6 12  50.21 32  0.03
4111171485273740474043504747350 22 27 39 27 32 48 39 39 341.36 23  0.03
4111181486 12327473733374030273  9 12 39 22 18 22 27 15 201.05 26  0.03
4111191486 25730272730201730237 67 15 12 12 15  7  6 15 191.05 23  0.03
4111201486 33017272010 72020150 15  6 12  7  4  3  7  7  80.42 37  0.03
4111211486 43330201723132027183 18 15  7  6  9  5  7 12 100.63 24  0.03
4111221486 52710171720334043207 12  4  6  6  7 18 27 32 140.84 34  0.03
4111231486 63747302723231323223 22 39 15 12  9  9  5  9 150.84 46  0.03
4111241486 720171017 3 32020110  7  6  4  6  2  2  7  7  50.21 63  0.03
4111251486 8 71023 710102313103  3  4  9  3  4  4  9  5  50.21 70  0.03
4111261486 9 31713 717 3 7 3 70  2  6  5  3  6  2  3  2  40.10 81  0.03
411127148610 333332327201013163  2 18 18  9 12  7  4  5  90.52 74  0.03
4111281486114360635727376337387 32 80 94 67 12 22 94 22 531.67 81  0.03
4111291486122027302020 71310147  7 12 15  7  7  3  5  4  80.42 84  0.03
41113014861313 7 71313232320120  5  3  3  5  5  9  9  7  60.31 71  0.03
4112 11486143030576777705063443 15 15 67111179132 48 94 831.87 70  0.03
4112 21486154760473330332310283 39 80 39 18 15 18  9  4 281.26 52  0.03
4112 31486161020 3 7 7273737147  4  7  2  3  3 12 22 22  90.52 48  0.03
4112 41486173730233730203730243 22 15  9 22 15  7 22 15 160.94 47  0.03
4112 5148618 717201317273733170  3  6  7  5  6 12 22 18 100.63 57  0.03
4112 61486193033232020231017177 15 18  9  7  7  9  4  6  90.52 54  0.03
4112 71486202027232313101717150  7 12  9  9  5  4  6  6  70.42 31  0.03
4112 81486211317131020172030140  5  6  5  4  7  6  7 15  70.31 36  0.03
4112 914862210 7172327171327140  4  3  6  9 12  6  5 12  70.42 38  0.03
411210148623202017102020 3 7117  7  7  6  4  7  7  2  3  50.21 52  0.03
411211148624 310 31010 3 3 0 43  2  4  2  4  4  2  2  0  20.00 47  0.03
411212148625 313 310171710 7 80  2  5  2  4  6  6  4  3  40.10 47  0.03
4112131486261310201727303020167  5  4  7  6 12 15 15  7  90.52 46  0.03
4112141486274343274037334043307 32 32 12 27 22 18 27 32 251.26 49  0.03
4112151487 12327271323171030170  9 12 12  5  9  6  4 15  90.52 49  0.03
4112161487 23350271710131013173 18 48 12  6  4  5  4  5 130.73 41  0.03
4112171487 31720232710272737187  6  7  9 12  4 12 12 22 100.63 21  0.03
4112181487 42030403327231720210  7 15 27 18 12  9  6  7 130.73  8  0.03
4112191487 51713171313131313113  6  5  6  5  5  5  5  5  50.21  7  0.03
4112201487 620 3 710101710 7 83  7  2  3  4  4  6  4  3  40.10  0  0.03
4112211487 7 3 7 7 7 3 3 717 53  2  3  3  3  2  2  3  6  30.10  0  0.03
4112221487 810 7 7 7 7171310 77  4  3  3  3  3  6  5  4  40.10  8  0.03
4112231487 91320 71023302030153  5  7  3  4  9 15  7 15  80.42  9  0.03
4112241487102017 72327172313147  7  6  3  9 12  6  9  5  70.42  8  0.03
411225148711 310201310 7 3 7 73  2  4  7  5  4  3  2  3  40.10 10  0.03
411226148712 727171317171033140  3 12  6  5  6  6  4 18  80.42 16  0.03
4112271487134033171720201733197 27 18  6  6  7  7  6 18 120.73 32  0.03
4112281487143030171313101327153 15 15  6  5  5  4  5 12  80.52 53  0.03
4112291487153720232013271727183 22  7  9  7  5 12  6 12 100.63 40  0.03
4112301487161710 7 717272327133  6  4  3  3  6 12  9 12  70.31 36  0.03
41123114871723 7 3 3 3272013100  9  3  2  2  2 12  7  5  50.21 33  0.03
