52 1 11622255037404033303027287 48 22 27 27 18 15 15 12 231.15 66  0.03
52 1 21622262327201313172713153  9 12  7  5  5  6 12  5  80.42 63 93.60
52 1 31622271723171323103330167  6  9  6  5  9  4 18 15  90.52 58 87.80
52 1 41623 14020172330333047240 27  7  6  9 15 18 15 39 170.94 40 86.50
52 1 51623 23760604750433043370 22 80 80 39 48 32 15 32 441.57 32  0.03
52 1 61623 34747474030433023307 39 39 39 27 15 32 15  9 271.26 18  0.03
52 1 71623 43030272743433340273 15 15 12 12 32 32 18 27 201.05 27 88.10
52 1 81623 53340233030302010217 18 27  9 15 15 15  7  4 140.84 35 94.90
52 1 91623 6 330331720303727197  2 15 18  6  7 15 22 12 120.73 47102.50
52 1101623 73053473333473747327 15 56 39 18 18 39 22 39 311.36 43108.30
52 1111623 84037373040473737303 27 22 22 15 27 39 22 22 241.26 55110.30
52 1121623 94753404040474350360 39 56 27 27 27 39 32 48 371.46 57  0.03
52 1131623104043375057474753373 27 32 22 48 67 39 39 56 411.57 61  0.03
52 1141623114350474347504750377 32 48 39 32 39 48 39 48 411.57 65110.40
52 1151623123743433760504023333 22 32 32 22 80 48 27  9 341.36 72106.70
52 1161623133323273327303030233 18  9 12 18 12 15 15 15 140.84 70 95.70
52 11716231420272017 7132320147  7 12  7  6  3  5  9  7  70.42 55 97.80
52 1181623152017 710 7101010 90  7  6  3  4  3  4  4  4  40.21 53 89.40
52 119162316 710 71020172317110  3  4  3  4  7  6  9  6  50.21 44  0.03
52 120162317 3171313 7132020107  2  6  5  5  3  5  7  7  50.21 38  0.03
52 1211623182317172013131317133  9  6  6  7  5  5  5  6  60.31 33 92.70
52 1221623192023201717202330170  7  9  7  6  6  7  9 15  80.42 12 87.30
52 1231623203020273343434337277 15  7 12 18 32 32 32 22 211.15 24106.60
52 1241623213723201730373030223 22  9  7  6 15 22 15 15 140.84 30 88.90
52 1251623223313233030302720207 18  5  9 15 15 15 12  7 120.73 32 86.80
52 126162323 0 31327272010 7107  0  2  5 12 12  7  4  3  60.31 31  0.03
52 1271623241337404357533737317  5 22 27 32 67 56 22 22 321.36 27  0.03
52 1281623253350373740372030283 18 48 22 22 27 22  7 15 231.15 19 85.20
52 1291623262010273740506357303  7  4 12 22 27 48 94 67 351.46 15 84.70
52 1301623273740402330102723230 22 27 27  9 15  4 12  9 160.94 22 83.90
52 1311624 11313171337372027177  5  5  6  5 22 22  7 12 100.63 17 81.50
52 2 11624 23320435747405043333 18  7 32 67 39 27 48 32 341.36 21 82.90
52 2 21624 33343302323302020223 18 32 15  9  9 15  7  7 140.84  7  0.03
52 2 31624 41723171717132010133  6  9  6  6  6  5  7  4  60.31  7  0.03
52 2 41624 5201710 720 710 3 93  7  6  4  3  7  3  4  2  40.21 15 82.00
52 2 51624 6 313 7 710 3 3 7 53  2  5  3  3  4  2  2  3  30.10 27 88.80
52 2 61624 72037374343576063360  7 22 22 32 32 67 80 94 441.57 31 86.70
52 2 71624 84743535340404347367 39 32 56 56 27 27 32 39 381.46 28 88.40
52 2 81624 95343604043504743380 56 32 80 27 32 48 39 32 431.57 26 87.50
52 2 91624104043273343474340317 27 32 12 18 32 39 32 27 271.26 30  0.03
52 2101624113030303727435367317 15 15 15 22 12 32 56111 351.46 18  0.03
52 2111624126047334733334353350 80 39 18 39 18 18 32 56 381.46  0 89.70
52 2121624135350374347374350360 56 48 22 32 39 22 32 48 371.46 16 87.80
52 2131624144737333343474050330 39 22 18 18 32 39 27 48 301.36 23 94.50
52 2141624154027273330333730257 27 12 12 18 15 18 22 15 170.94 35 95.80
52 215162416203037271320 727180  7 15 22 12  5  7  3 12 100.63 44  0.03
52 2161624173757635753405050407 22 67 94 67 56 27 48 48 541.67 44101.00
52 2171624184727133030232017207 39 12  5 15 15  9  7  6 140.84 53  0.03
52 2181624193727203727203340240 22 12  7 22 12  7 18 27 160.94 52103.10
52 2191624205043473740375050353 48 32 39 22 27 22 48 48 361.46 54 95.90
52 2201624213037433020231313210 15 22 32 15  7  9  5  5 140.84 35 88.80
52 221162422202010 323171713123  7  7  4  2  9  6  6  5  60.31 28 86.20
52 222162423 710201313133017123  3  4  7  5  5  5 15  6  60.31 20 79.10
52 2231624242317201013131343153  9  6  7  4  5  5  5 32  90.52 26  0.03
52 2241624256770376057506043443111132 22 80 67 48 80 32 721.87 17 80.30
52 2251624264727203347202317233 39 12  7 18 39  7  9  6 170.94  0 79.10
52 2261624273333434327434050313 18 18 32 32 12 32 27 48 271.26  0 72.00
52 2271625 14357634027404350363 32 67 94 27 12 27 32 48 421.57  0 71.20
52 2281625 24753575040474320357 39 56 67 48 27 39 32  7 391.46  0 70.70
52 2291625 32043374040372037273  7 32 22 27 27 22  7 22 211.15  0 69.00
52 3 11625 437373333373313 7230 22 22 18 18 22 18  5  3 160.94  0  0.03
52 3 21625 51027 7171310 7 7 97  4 12  3  6  5  4  3  3  50.21  0  0.03
52 3 31625 6 310231757476367287  2  4  9  6 67 39 94111 421.57  0 71.20
52 3 41625 75763606350535753457 67 94 80 94 48 56 67 56 701.87  0 70.70
52 3 51625 86067536360636073500 80111 56 94 80 94 80154 941.98  9 74.90
52 3 61625 98073634743405053450207154 94 39 32 27 48 56 821.87 10 75.40
52 3 71625103750336353575067410 22 48 18 94 56 67 48111 581.77 10 74.50
52 3 81625115750434747576053413 67 48 32 39 39 67 80 56 541.67 23  0.03
52 3 91625126040475043535060403 80 27 39 48 32 56 48 80 511.67 20  0.03
52 3101625134343473743575053373 32 32 39 22 32 67 48 56 411.57 30 81.70
52 3111625145340373740435337340 56 27 22 22 27 32 56 22 331.36 38 80.00
52 3121625154333273040334030277 32 18 12 15 27 18 27 15 201.05 28 82.50
52 3131625162723302033202333210 12  9 15  7 18  7  9 18 120.73 35 86.20
52 314162517202310302313 723150  7  9  4 15  9  5  3  9  80.42 25 84.20
52 3151625182030302030274043240  7 15 15  7 15 12 27 32 160.94 22  0.03
52 3161625192033434030373740280  7 18 32 27 15 22 22 27 211.15 18  0.03
52 3171625203747403747433030310 22 39 27 22 39 32 15 15 261.26 20 80.00
52 3181625212333332723371020207  9 18 18 12  9 22  4  7 120.73 15 78.40
52 3191625222010171017232720143  7  4  6  4  6  9 12  7  70.31  9 76.20
52 320162523 3131723 7 31010 87  2  5  6  9  3  2  4  4  40.21  0 76.20
52 3211625242737474757473757353 12 22 39 39 67 39 22 67 381.46  0 76.70
52 3221625254750403323304357323 39 48 27 18  9 15 32 67 321.36  0  0.03
52 3231625267043504333405740377132 32 48 32 18 27 67 27 481.67  0  0.03
52 3241625275057505350504743400 48 67 48 56 48 48 39 32 481.67  0 73.30
52 3251626 12333474347374033303  9 18 39 32 39 22 27 18 261.26 23 75.50
52 3261626 24730131730274027230 39 15  5  6 15 12 27 12 160.94 30 74.60
52 3271626 32040373333432727260  7 27 22 18 18 32 12 12 181.05 46 80.40
52 3281626 4172010 713 71310 97  6  7  4  3  5  3  5  4  50.21 60 85.50
52 3291626 5 710102727132030143  3  4  4 12 12  5  7 15  80.42 71  0.03
52 3301626 63337202043606067340 18 22  7  7 32 80 80111 451.57 75  0.03
52 3311626 77760675340605350460179 80111 56 27 80 56 48 801.87 66 84.20
52 4 11626 84750474757504017353 39 48 39 39 67 48 27  6 391.46 28 86.20
52 4 21626 96353537043536363463 94 56 56132 32 56 94 94 771.87 16 85.10
52 4 31626106060636747635763480 80 80 94111 39 94 67 94 821.87 21 82.50
52 4 41626115343575050436357417 56 32 67 48 48 32 94 67 561.67 26 88.80
52 4 51626125043575050575057413 48 32 67 48 48 67 48 67 531.67 37  0.03
52 4 61626136043435737404763390 80 32 32 67 22 27 39 94 491.67 33  0.03
52 4 71626145043534337374743353 48 32 56 32 22 22 39 32 351.46 37 83.30
52 4 81626155047434043374743350 48 39 32 27 32 22 39 32 341.36 40 85.80
52 4 91626165037404033474350340 48 22 27 27 18 39 32 48 331.36 32 88.80
52 4101626176750434030132727297111 48 32 27 15  5 12 12 331.36 30 80.40
52 4111626183023303030172010190 15  9 15 15 15  6  7  4 110.63 46  0.03
52 41216261937272320 7 72720167 22 12  9  7  3  3 12  7  90.52 28 88.00
52 4131626203753203027173020233 22 56  7 15 12  6 15  7 181.05 22  0.03
52 41416262117 7173327402330193  6  3  6 18 12 27  9 15 120.73 19  0.03
52 4151626223330273747332717250 18 15 12 22 39 18 12  6 181.05  7 78.30
52 4161626233043472733333027270 15 32 39 12 18 18 15 12 201.05  8 74.90
52 4171626243050402713101313197 15 48 27 12  5  4  5  5 150.94  7 75.40
52 418162625 310132027334050197  2  4  5  7 12 18 27 48 150.94 17 78.00
52 4191626264037272043474747307 27 22 12  7 32 39 39 39 271.26 33  0.03
52 4201626272330201710171030157  9 15  7  6  4  6  4 15  80.42 53  0.03
52 4211627 12733404083807063437 12 18 27 27236207132 94 941.98 62 89.30
52 4221627 24753575330302727323 39 56 67 56 15 15 12 12 341.36 52 90.10
52 4231627 33740374020273020250 22 27 22 27  7 12 15  7 170.94 40 85.50
52 4241627 41313 31023432743177  5  5  2  4  9 32 12 32 130.73 27 87.20
52 4251627 51713 73733231017157  6  5  3 22 18  9  4  6  90.52 20 83.40
52 4261627 610 3101717273323140  4  2  4  6  6 12 18  9  80.42 26  0.03
52 4271627 72010 71013101027107  7  4  3  4  5  4  4 12  50.21 16  0.03
52 4281627 84053404343403733330 27 56 27 32 32 27 22 18 301.36 17 83.40
52 4291627 94357634353707073473 32 67 94 32 56132132154 871.87 32 84.30
52 4301627106753535347535363443111 56 56 56 39 56 56 94 661.77 42 82.50
52 5 11627116353535747435357427 94 56 56 67 39 32 56 67 581.77 30 84.10
52 5 21627126357475050475360427 94 67 39 48 48 39 56 80 591.77 18 79.50
52 5 31627135353433340436370400 56 56 32 18 27 32 94132 561.67  9  0.03
52 5 41627146750403740475053383111 48 27 22 27 39 48 56 471.57 22  0.03
52 5 51627155340404037333047320 56 27 27 27 22 18 15 39 291.36 32 85.40
52 5 61627163743534330372733303 22 32 56 32 15 22 12 18 261.26 34 88.30
52 5 71627174043575767606070453 27 32 67 67111 80 80132 741.87 30 90.00
52 5 81627185747473737373323317 67 39 39 22 22 22 18  9 301.36 27 88.80
52 5 91627191710 7 0 3 3 320 63  6  4  3  0  2  2  2  7  30.10 23 85.00
52 5101627203020101723 3 7 3113 15  7  4  6  9  2  3  2  60.31  7 79.60
52 511162721 013132037433720183  0  5  5  7 22 32 22  7 120.73  7 70.70
52 5121627224033302017132720200 27 18 15  7  6  5 12  7 120.73  6 70.70
52 5131627231313132343173337193  5  5  5  9 32  6 18 22 130.73  8 73.20
52 51416272440332710 71010 7143 27 18 12  4  3  4  4  3  90.52 15 74.90
52 51516272513 3 31017271713103  5  2  2  4  6 12  6  5  50.21 14 74.50
52 51616272610 7 710 717 310 70  4  3  3  4  3  6  2  4  40.10  8 76.20
52 517162727 31010 713172330113  2  4  4  3  5  6  9 15  60.31 10 76.20
52 5181628 15030435040604030343 48 15 32 48 27 80 27 15 361.46 18 77.00
52 5191628 24057475733373027327 27 67 39 67 18 22 15 12 331.36 22 77.90
52 5201628 33037333340372037267 15 22 18 18 27 22  7 22 191.05 36 78.30
52 5211628 42727334033272017223 12 12 18 27 18 12  7  6 140.84 26 74.00
52 5221628 51017131713 7 7 3 87  4  6  5  6  5  3  3  2  40.10 25 80.40
52 5231628 6 7 7101723272720137  3  3  4  6  9 12 12  7  70.42 32 81.70
52 5241628 73323272330302333223 18  9 12  9 15 15  9 18 130.84 31 78.80
52 5251628 847334030233013 7223 39 18 27 15  9 15  5  3 160.94 17  0.03
52 5261628 9 3 7376040505377327  2  3 22 80 27 48 56179 521.67 10 84.20
52 5271628108057475343535750440207 67 39 56 32 56 67 48 721.87 43 86.70
52 5281628114730304347575050353 39 15 15 32 39 67 48 48 381.46 57 91.80
52 5291628124753435337504040363 39 56 32 56 22 48 27 27 381.46 49 88.30
52 5301628134047373030233733277 27 39 22 15 15  9 22 18 211.15 36 83.80
52 5311628144747402323203343277 39 39 27  9  9  7 18 32 221.15 23 83.00
52 6 11628152033302717202320190  7 18 15 12  6  7  9  7 100.63 12  0.03
52 6 21628162027201320203017167  7 12  7  5  7  7 15  6  80.42 19 76.10
52 6 31628172327171717173030177  9 12  6  6  6  6 15 15  90.52 14 75.70
52 6 41628183013102013101713127 15  5  4  7  5  4  6  5  60.31  7 74.00
52 6 51628192027202020302017173  7 12  7  7  7 15  7  6  80.52  7 72.30
52 6 61628202713201310 71010110 12  5  7  5  4  3  4  4  60.21  6 71.80
52 6 71628211310101710 72013100  5  4  4  6  4  3  7  5  50.21 26 72.70
52 6 81628223033334333434343303 15 18 18 32 18 32 32 32 251.26 21 71.90
52 6 91628233343373357503743333 18 32 22 18 67 48 22 32 321.36  8 73.10
52 6101628243730272740373343273 22 15 12 12 27 22 18 32 201.05 17 74.90
52 6111628253330402330373033257 18 15 27  9 15 22 15 18 170.94 10 72.70
52 6121628263023271720201717170 15  9 12  6  7  7  6  6  80.52 18 74.00
52 613162827 31023 310102323107  2  4  9  2  4  4  9  9  50.21 20 75.30
52 6141629 11727474047435350323  6 12 39 27 39 32 56 48 321.36 22 76.60
52 6151629 22743374040273030273 12 32 22 27 27 12 15 15 201.05 46 80.30
52 6161629 33047433337433017280 15 39 32 18 22 32 15  6 221.15 36 81.20
52 6171629 42733333727372317233 12 18 18 22 12 22  9  6 150.84 45 84.10
52 6181629 54333172730202033223 32 18  6 12 15  7  7 18 140.84 45 85.70
52 6191629 62013131327201713137  7  5  5  5 12  7  6  5  60.31 55 86.60
52 6201629 72013101317131313113  7  5  4  5  6  5  5  5  50.21 57 87.40
52 6211629 81310 31717171313103  5  4  2  6  6  6  5  5  50.21 50 90.90
52 6221629 91013332750474743270  4  5 18 12 48 39 39 32 251.26 55 91.30
52 6231629104337474750373343337 32 22 39 39 48 22 18 32 321.36 70 99.70
52 6241629115357374050473337353 56 67 22 27 48 39 18 22 371.46 58 96.70
52 6251629121717202737333743230  6  6  7 12 22 18 22 32 160.94 56 98.00
52 6261629134330304037402317260 32 15 15 27 22 27  9  6 191.05 56 98.40
52 6271629142733302327333330237 12 18 15  9 12 18 18 15 150.84 52106.40
52 6281629152710133330171010150 12  4  5 18 15  6  4  4  80.52 66103.50
52 6291629161713231713104060193  6  5  9  6  5  4 27 80 181.05 63106.80
52 6301629175380777037231723380 56207179132 22  9  6  9 781.87 76101.90
52 7 11629181313131313 74760180  5  5  5  5  5  3 39 80 181.05 59 97.10
52 7 21629192723173013131017150 12  9  6 15  5  5  4  6  80.42 55 92.80
52 7 31629202020171733373023197  7  7  6  6 18 22 15  9 110.63 39 93.30
52 7 41629212027232327331020183  7 12  9  9 12 18  4  7 100.52 31 87.80
52 7 51629223050535057576347407 15 48 56 48 67 67 94 39 541.67 26 84.00
52 7 61629233047633730202020267 15 39 94 22 15  7  7  7 261.26 12 78.60
52 7 716292427203023172717 7167 12  7 15  9  6 12  6  3  90.52 13 77.80
52 7 8162925 717232040302027183  3  6  9  7 27 15  7 12 110.63 19 83.20
52 7 91629263027405033403330283 15 12 27 48 18 27 18 15 221.15 44 87.80
52 7101629272337333733474033283  9 22 18 22 18 39 27 18 221.15 52 92.80
52 7111630 137403717232020 7200 22 27 22  6  9  7  7  3 130.73 70100.00
52 7121630 22323273020 71023163  9  9 12 15  7  3  4  9  80.52 66104.70
52 7131630 31320132027372713170  5  7  5  7 12 22 12  5  90.52 72106.00
52 7141630 43030272730372030230 15 15 12 12 15 22  7 15 140.84 93105.10
52 7151630 53040273327302333243 15 27 12 18 12 15  9 18 160.94 90103.40
52 7161630 62327272027172013173  9 12 12  7 12  6  7  5  90.52 85102.10
52 7171630 7 723231717232327160  3  9  9  6  6  9  9 12  80.42 53100.50
52 7181630 81727172327171720163  6 12  6  9 12  6  6  7  80.42 43 92.90
52 7191630 913 7 71320102020110  5  3  3  5  7  4  7  7  50.21 23 89.90
52 7201630102323235753434350317  9  9  9 67 56 32 32 48 331.36 30 85.70
52 7211630114057505060504343393 27 67 48 48 80 48 32 32 481.67 25 80.20
52 7221630124330303320203337247 32 15 15 18  7  7 18 22 170.94  9 80.70
52 7231630132723272020272033197 12  9 12  7  7 12  7 18 100.63  9 75.60
52 7241630143017102320302727183 15  6  4  9  7 15 12 12 100.63  9 75.60
52 7251630151313172327333030187  5  5  6  9 12 18 15 15 110.63 17 76.00
52 7261630163733302323171013187 22 18 15  9  9  6  4  5 110.63 11 76.00
52 72716301723 3 71020201743143  9  2  3  4  7  7  6 32  90.52 19 79.10
52 72816301820171710 71020 3103  7  6  6  4  3  4  7  2  50.21 23 81.50
52 729163019 0 3 3 3 7 71310 47  0  2  2  2  3  3  5  4  30.00 26 78.50
52 73016302010 3 310 7 3 713 57  4  2  2  4  3  2  3  5  30.10 36 86.90
52 7311630212317434037333020243  9  6 32 27 22 18 15  7 170.94 60 97.50
52 8 11630222330231720133020177  9 15  9  6  7  5 15  7  90.52 62 87.60
52 8 21630232720171723173330183 12  7  6  6  9  6 18 15 100.63 42 83.80
52 8 31630241743474057502723303  6 32 39 27 67 48 12  9 301.36 35 87.20
52 8 41630253033332023274040247 15 18 18  7  9 12 27 27 170.94 44 87.20
52 8 51630263727273013272723210 22 12 12 15  5 12 12  9 120.73 46 84.70
52 8 61630274747403023272327263 39 39 27 15  9 12  9 12 201.05 43 85.60
52 8 71631 14027402023102030210 27 12 27  7  9  4  7 15 140.84 51 91.80
52 8 81631 22727272323132020180 12 12 12  9  9  5  7  7  90.52 49 91.80
52 8 91631 31013131317133027137  4  5  5  5  6  5 15 12  70.42 57 91.00
52 8101631 44327202743373023250 32 12  7 12 32 22 15  9 181.05 59  0.03
52 8111631 53720132733172340210 22  7  5 12 18  6  9 27 130.84 43 84.70
52 8121631 65023303330403723267 48  9 15 18 15 27 22  9 201.05 54 85.10
52 8131631 7132023171717 710123  5  7  9  6  6  6  3  4  60.31 66 86.70
52 8141631 81320131313 713 7100  5  7  5  5  5  3  5  3  50.21 50 87.20
52 8151631 920 7 3 7 7103030113  7  3  2  3  3  4 15 15  60.31 44 90.60
52 81616311027271310 3 3 3 3 90 12 12  5  4  2  2  2  2  50.21 45  0.03
52 8171631112330435347375337323  9 15 32 56 39 22 56 22 311.36 50 86.30
52 8181631125043332737474350330 48 32 18 12 22 39 32 48 311.36 43 88.00
52 8191631134037273323332017230 27 22 12 18  9 18  7  6 150.84 30 85.60
52 8201631143043373730232333257 15 32 22 22 15  9  9 18 181.05 22 86.00
52 8211631152010102713171310120  7  4  4 12  5  6  5  4  60.31 28 90.10
52 822163116 7 71717 7131327107  3  3  6  6  3  5  5 12  50.21 30 90.10
52 8231631174023131717202010160 27  9  5  6  6  7  7  4  90.52 54 96.90
52 82416311810132720101713 3113  4  5 12  7  4  6  5  2  60.31 69100.60
52 825163119 0 7131720101010 87  0  3  5  6  7  4  4  4  40.10 80102.40
52 826163120 717102010101720110  3  6  4  7  4  4  6  7  50.21 74113.30
52 8271631213027403013171713187 15 12 27 15  5  6  6  5 110.73 90112.00
52 828163122202713 7 310 7 7 93  7 12  5  3  2  4  3  3  50.21 85120.50
52 8291631231710131723404040200  6  4  5  6  9 27 27 27 140.84 89119.20
52 8301631244757471717273027267 39 67 39  6  6 12 15 12 241.26 83  0.03
52 8311631251330132323102040173  5 15  5  9  9  4  7 27 100.63 85  0.03
52 9 11631265753575340474057403 67 56 67 56 27 39 27 67 511.67 89  0.03
52 9 21631274347604750373743363 32 39 80 39 48 22 22 32 391.46 75  0.03
52 9 31632 13747404727372740300 22 39 27 39 12 22 12 27 251.26 55103.00
52 9 41632 22727302730232713203 12 12 15 12 15  9 12  5 120.73 36 97.80
52 9 51632 32717273033473737253 12  6 12 15 18 39 22 22 181.05 35 91.60
52 9 61632 43740332320272727233 22 27 18  9  7 12 12 12 150.84 38 85.20
52 9 71632 51347401323305363283  5 39 27  5  9 15 56 94 311.36 35 82.30
52 9 81632 66057575343505357430 80 67 67 56 32 48 56 67 591.77 14 80.60
52 9 91632 75057536037534050400 48 67 56 80 22 56 27 48 501.67 16 78.10
52 9101632 84743474033132027270 39 32 39 27 18  5  7 12 221.15 17 74.80
52 9111632 93327233030272033223 18 12  9 15 15 12  7 18 130.84  7 75.20
52 9121632103740333040334030283 22 27 18 15 27 18 27 15 211.15  0 78.10
52 9131632111317131713101320117  5  6  5  6  5  4  5  7  50.21  7 73.90
52 9141632123350333740473333307 18 48 18 22 27 39 18 18 261.26  0 71.30
52 9151632132717203027273033210 12  6  7 15 12 12 15 18 120.73  8 71.80
52 9161632142723172723131733180 12  9  6 12  9  5  6 18 100.52 10 77.70
52 917163215231317202710 717133  9  5  6  7 12  4  3  6  60.31 11 77.30
52 91816321613131710 7 71713 97  5  5  6  4  3  3  6  5  50.21 23 76.40
52 919163217 7 010 71013 717 70  3  0  4  3  4  5  3  6  40.10 17 82.30
52 92016321813 717 717173343153  5  3  6  3  6  6 18 32 100.63 20 79.30
52 9211632195737172013131720193 67 22  6  7  5  5  6  7 160.94 27 82.30
52 9221632202333201317101310140  9 18  7  5  6  4  5  4  70.42 29 85.50
52 923163221131710101713 7 3 90  5  6  4  4  6  5  3  2  40.21 42 83.90
52 9241632221020272323372333197  4  7 12  9  9 22  9 18 110.63 45 83.50
52 92516322320 7 7 710273353163  7  3  3  3  4 12 18 56 130.84 38 84.80
52 92616322457574020171020 7227 67 67 27  7  6  4  7  3 241.15 38 82.20
52 9271632252050474737332013267  7 48 39 39 22 18  7  5 231.15 37  0.03
52 9281632262737434733406053340 12 22 32 39 18 27 80 56 361.46 31  0.03
52 9291632275360576053336070447 56 80 67 80 56 18 80132 711.87 28 78.90
52 9301633 17353375733433723357154 56 22 67 18 32 22  9 481.67 19 75.10
5210 11633 23740272717172027210 22 27 12 12  6  6  7 12 130.73 20 76.30
5210 21633 32027172040234027213  7 12  6  7 27  9 27 12 130.84 23 76.30
5210 31633 43040301330435360300 15 27 15  5 15 32 56 80 311.36 22 79.60
5210 41633 56363634737475367440 94 94 94 39 22 39 56111 691.77 42 87.30
5210 51633 64057675757606730433 27 67111 67 67 80111 15 681.77 33 82.60
5210 61633 74743404340473013303 39 32 27 32 27 39 15  5 271.26 37 85.10
5210 71633 8 717332730302333200  3  6 18 12 15 15  9 18 120.73 37 85.10
5210 81633 94033232340303050270 27 18  9  9 27 15 15 48 211.15 23 83.40
5210 91633103727133020173033207 22 12  5 15  7  6 15 18 120.73 26 81.30
5210101633112327172010335040220  9 12  6  7  4 18 48 27 160.94 24 79.60
5210111633123333303730404747297 18 18 15 22 15 27 39 39 241.26 16  0.03
5210121633134747402727202727260 39 39 27 12 12  7 12 12 201.05 15 82.20
5210131633143017 71317201023137 15  6  3  5  6  7  4  9  70.31 15 79.30
52101416331527403713101710 3157 12 27 22  5  4  6  4  2 100.63 14 76.70
52101516331610 7 3 7 3202710 87  4  3  2  3  2  7 12  4  50.21 11 75.90
5210161633171327132030101023147  5 12  5  7 15  4  4  9  80.42 10 77.10
5210171633183340271320372717213 18 27 12  5  7 22 12  6 140.84  0 74.10
5210181633192337472320303323237  9 22 39  9  7 15 18  9 160.94  0 74.10
5210191633202310304013 7 310137  9  4 15 27  5  3  2  4  90.52 12 78.30
5210201633212323201720201017150  9  9  7  6  7  7  4  6  70.31 15 78.80
521021163322 0 0174353504733243  0  0  6 32 56 48 39 18 251.26 25 85.10
5210221633231327101310 0 0 7 80  5 12  4  5  4  0  0  3  40.10 27 90.20
521023163324 0 0 3 71713 3 7 50  0  0  2  3  6  5  2  3  30.00 35 91.00
52102416332510 7 3 3 0 3 7 3 37  4  3  2  2  0  2  3  2  20.00 33 91.50
521025163326 0 3 73323373743183  0  2  3 18  9 22 22 32 140.84 37  0.03
5210261633276050374750473740367 80 48 22 39 48 39 22 27 411.57 40 88.50
5210271634 13333332710171720190 18 18 18 12  4  6  6  7 110.63 34 86.40
5210281634 23733232023302017203 22 18  9  7  9 15  7  6 120.73 33 87.60
5210291634 32320202030374037227  9  7  7  7 15 22 27 22 140.84 32 86.00
5210301634 45060232030505360347 48 80  9  7 15 48 56 80 431.57 26 84.70
5210311634 56053575353503037393 80 56 67 56 56 48 15 22 501.67 22 81.30
5211 11634 64333233343374050303 32 18  9 18 32 22 27 48 261.26 14 75.50
5211 21634 73737302337304013247 22 22 15  9 22 15 27  5 170.94 12  0.03
5211 31634 8232323332723 723183  9  9  9 18 12  9  3  9 100.52  7 71.30
5211 41634 9271320 7 3 7 7 3 87 12  5  7  3  2  3  3  2  50.21  0 70.90
5211 5163410171710202013 717120  6  6  4  7  7  5  3  6  60.21  9 75.50
5211 61634111340403737303017243  5 27 27 22 22 15 15  6 170.94 13 72.20
5211 71634123030232720304043243 15 15  9 12  7 15 27 32 160.94 32 72.50
5211 81634133037272323273743247 15 22 12  9  9 12 22 32 170.94 30  0.03
5211 916341437301310 7302323173 22 15  5  4  3 15  9  9 100.63 30 74.20
521110163415 7 0 7 3 01010 3 40  3  0  3  2  0  4  4  2  20.00 26 72.50
521111163416 7 3 7 7 0172020 80  3  2  3  3  0  6  7  7  40.10 23 74.20
52111216341713 013 0 3 3 3 3 40  5  0  5  0  2  2  2  2  20.00 16 75.80
52111316341813 7 0 3 7 0 3 3 37  5  3  0  2  3  0  2  2  20.00 18 76.70
521114163419 723172010 71727127  3  9  6  7  4  3  6 12  60.31 22 77.10
52111516342017233023101727 7153  6  9 15  9  4  6 12  3  80.42 23  0.03
521116163421 0 727234333 710150  0  3 12  9 32 18  3  4 100.63 15  0.03
5211171634222310272017204337197  9  4 12  7  6  7 32 22 120.73 28 87.70
5211181634232027272013 31717143  7 12 12  7  5  2  6  6  70.42 35 91.90
5211191634241313101320101313107  5  5  4  5  7  4  5  5  50.21 43109.50
5211201634251717 31713201020117  6  6  2  6  5  7  4  7  50.21 47 95.60
5211211634264040634730302723300 27 27 94 39 15 15 12  9 301.36 42 98.70
52112216342747272737303723 3230 39 12 12 22 15 22  9  2 170.94 39 91.00
5211231635 13037302317 7 7 7157 15 22 15  9  6  3  3  3 100.52 35 91.90
5211241635 217 72027233010 3137  6  3  7 12  9 15  4  2  70.42 30 91.40
5211251635 33713102727201313160 22  5  4 12 12  7  5  5  90.52 28 94.40
5211261635 4 3 7303727375753250  2  3 15 22 12 22 67 56 251.26 17 84.80
5211271635 53740436057434340363 22 27 32 80 67 32 32 27 401.46 14 75.80
5211281635 64033403740403730297 27 18 27 22 27 27 22 15 231.15  8 76.30
5211291635 72010233037303327210  7  4  9 15 22 15 18 12 130.73  0  0.03
5211301635 82713302723302327200 12  5 15 12  9 15  9 12 110.63  7  0.03
5212 11635 91020303737404340257  4  7 15 22 22 27 32 27 201.05 13 75.80
5212 21635104337233353473750323 32 22  9 18 56 39 22 48 311.36 12  0.03
5212 31635113050373330273037273 15 48 22 18 15 12 15 22 211.15 14 75.00
5212 41635126740404340334043347111 27 27 32 27 18 27 32 381.46 16 72.40
5212 51635134337373737134323270 32 22 22 22 22  5 32  9 211.15 29 73.70
5212 61635141733231013231713150  6 18  9  4  5  9  6  5  80.42 32  0.03
5212 71635152017201710172710137  7  6  7  6  4  6 12  4  60.31 38  0.03
5212 816351617 713131717 3 7 93  6  3  5  5  6  6  2  3  40.21 43 82.50
5212 9163517 3 0 7 3 3 310 3 33  2  0  3  2  2  2  4  2  20.00 38 86.30
521210163518 723101320273323157  3  9  4  5  7 12 18  9  80.52 28 89.20
5212111635191033332323202310177  4 18 18  9  9  7  9  4 100.52 31 94.30
5212121635201713332340331310183  6  5 18  9 27 18  5  4 120.73 42 90.90
5212131635213353605350203017317 18 56 80 56 48  7 15  6 361.46 47  0.03
5212141635221017 0101310 323 87  4  6  0  4  5  4  2  9  40.10 63  0.03
521215163523333020372727 313190 18 15  7 22 12 12  2  5 120.73 71101.00
5212161635241723132327272027177  6  9  5  9 12 12  7 12  90.52 67 99.80
52121716352523273317 7 7 330147  9 12 18  6  3  3  2 15  80.52 70102.30
5212181635262730 71020234020177 12 15  3  4  7  9 27  7 100.63 66100.50
52121916352723 7 7 7 7 3 7 7 67  9  3  3  3  3  2  3  3  40.10 66  0.03
5212201636 11013 71013 7 7 3 70  4  5  3  4  5  3  3  2  40.10 50  0.03
5212211636 2 3 3101017 7 7 3 60  2  2  4  4  6  3  3  2  30.10 40  0.03
5212221636 31310131730271717143  5  4  5  6 15 12  6  6  70.42 35 81.60
5212231636 4 7 7 710 7 31013 63  3  3  3  4  3  2  4  5  30.10 35 83.70
5212241636 52033204353434037290  7 18  7 32 56 32 27 22 251.26 29 81.30
5212251636 63750304340232320267 22 48 15 32 27  9  9  7 211.15 18  0.03
5212261636 73030302720301320200 15 15 15 12  7 15  5  7 110.73 30 76.20
5212271636 82730272020203067240 12 15 12  7  7  7 15111 231.15 15  0.03
5212281636 94027173037404043273 27 12  6 15 22 27 27 32 211.15  0  0.03
5212291636105040334330504743337 48 27 18 32 15 48 39 32 321.36  0 69.10
5212301636114747373737503743333 39 39 22 22 22 48 22 32 311.36  9 69.00
5212311636124323403733433343297 32  9 27 22 18 32 18 32 241.15 16 80.70
