55 1 11663141313132010132023127  5  5  5  7  4  5  7  9  60.31 22  0.03
55 1 2166315271323171017 717130 12  5  9  6  4  6  3  6  60.31 17 73.90
55 1 3166316 7 717171713 313 93  3  3  6  6  6  5  2  5  40.21 12 73.50
55 1 41663173723132327202320187 22  9  5  9 12  7  9  7 100.63 20 78.90
55 1 516631813 710 310132330110  5  3  4  2  4  5  9 15  60.31 32 85.40
55 1 61663192733171317172313160 12 18  6  5  6  6  9  5  80.52 40 95.90
55 1 71663202020201723202317160  7  7  7  6  9  7  9  6  70.42 54100.10
55 1 816632113 317 7 3 72027 97  5  2  6  3  2  3  7 12  50.21 54  0.03
55 1 91663224027403037473310263 27 12 27 15 22 39 18  4 201.05 35 97.60
55 11016632310 71010 71323 0 80  4  3  4  4  3  5  9  0  40.10 33 93.20
55 1111663242317 71047132750193  9  6  3  4 39  5 12 48 160.94 30 95.00
55 112166325502317 7 0 313 3117 48  9  6  3  0  2  5  2  90.52 29 95.50
55 1131663263040333730232017230 15 27 18 22 15  9  7  6 150.84 28 91.90
55 11416632710131317272033 3137  4  5  5  6 12  7 18  2  70.42 27 90.80
55 1151664 1 3 3 3 3 0 0 0 3 17  2  2  2  2  0  0  0  2  10.00 17  0.03
55 1161664 21310102323202320143  5  4  4  9  9  7  9  7  70.31 16 85.00
55 1171664 31330304067575053340  5 15 15 27111 67 48 56 431.57 15 83.30
55 1181664 47770571723434037363179132 67  6  9 32 27 22 591.77 11 80.60
55 1191664 55063635347404047403 48 94 94 56 39 27 27 39 531.67 10 80.60
55 1201664 64337231023233337230 32 22  9  4  9  9 18 22 160.94  7 75.50
55 1211664 7402720 7 7102023153 27 12  7  3  3  4  7  9  90.52  8 73.00
55 1221664 8272020 710 7 710107 12  7  7  3  4  3  3  4  50.21  8 73.70
55 1231664 92723232330273327213 12  9  9  9 15 12 18 12 120.73 14 73.90
55 124166410171710 3 717 710 87  6  6  4  2  3  6  3  4  40.10 22 78.60
55 125166411101310 3101010 7 73  4  5  4  2  4  4  4  3  40.10 21 78.70
55 126166412 7 710 7 3 7 0 0 40  3  3  4  3  2  3  0  0  20.00 25 78.10
55 127166413 0 0132313333740160  0  0  5  9  5 18 22 27 110.63 25 73.20
55 12816641430272317 3131023147 15 12  9  6  2  5  4  9  80.42 19 76.90
55 1291664151310 713 7132737127  5  4  3  5  3  5 12 22  70.42 22 78.80
55 1301664161723 71727202320153  6  9  3  6 12  7  9  7  70.42 22  0.03
55 131166417171313 7 3 71023 93  6  5  5  3  2  3  4  9  50.21 22 81.60
55 2 1166418 0 0 3 713101013 57  0  0  2  3  5  4  4  5  30.10 19 80.70
55 2 216641910 3131013171717100  4  2  5  4  5  6  6  6  50.21 28 82.40
55 2 31664203733231310171023167 22 18  9  5  4  6  4  9 100.52 33 85.40
55 2 41664211023274730304040247  4  9 12 39 15 15 27 27 181.05 34 86.30
55 2 51664223723272730233340240 22  9 12 12 15  9 18 27 160.94 32 81.70
55 2 61664231733272330332737227  6 18 12  9 15 18 12 22 140.84 28 83.50
55 2 71664243740272040302010223 22 27 12  7 27 15  7  4 150.94 34 85.30
55 2 81664252017172017373737200  7  6  6  7  6 22 22 22 120.73 24 87.30
55 2 91664262327373320232710200  9 12 22 18  7  9 12  4 120.73 28 88.50
55 2101664271313271713101717127  5  5 12  6  5  4  6  6  60.31 27 82.00
55 2111665 1 710101320374747190  3  4  4  5  7 22 39 39 150.94 27 79.20
55 2121665 23333232023202737217 18 18  9  7  9  7 12 22 130.73 26  0.03
55 2131665 340301733173023 0190 27 15  6 18  6 15  9  0 120.73 27 84.50
55 2141665 41327272023302337200  5 12 12  7  9 15  9 22 110.73 10 80.50
55 2151665 533303320 7 0 0 0123 18 15 18  7  3  0  0  0  80.42  8 79.80
55 2161665 6 0 3102327172320123  0  2  4  9 12  6  9  7  60.31 16 76.10
55 2171665 73020102020 3 317123 15  7  4  7  7  2  2  6  60.31  9 73.40
55 2181665 813332013 3 02733143  5 18  7  5  2  0 12 18  80.52  0 76.20
55 2191665 9202323 717101013123  7  9  9  3  6  4  4  5  60.31  0 77.00
55 2201665101027202027202710160  4 12  7  7 12  7 12  4  80.42  0 82.00
55 2211665113047302027232017213 15 39 15  7 12  9  7  6 140.84  7 78.90
55 2221665123043273730202727240 15 32 12 22 15  7 12 12 160.94  9 76.00
55 2231665133330304343404023283 18 15 15 32 32 27 27  9 221.15 19 82.70
55 2241665142730272033132717193 12 15 12  7 18  5 12  6 110.63 26 83.70
55 2251665153737173323271327213 22 22  6 18  9 12  5 12 130.84 28 81.20
55 2261665163340132013 71710153 18 27  5  7  5  3  6  4  90.52 28 80.50
55 227166517 0 3171013132023100  0  2  6  4  5  5  7  9  50.21 28  0.03
55 228166518536040375033 717297 56 80 27 22 48 18  3  6 321.36 26 78.50
55 3 1166519 710 3 710101310 70  3  4  2  3  4  4  5  4  40.10 23  0.03
55 3 216652017131313 7 7 7 3 80  6  5  5  5  3  3  3  2  40.10 20 76.70
55 3 3166521 020201310 3 0 0 67  0  7  7  5  4  2  0  0  30.10 16 77.40
55 3 4166522 310 713 3 02023 80  2  4  3  5  2  0  7  9  40.10 15 74.40
55 3 51665232327171717232333180  9 12  6  6  6  9  9 18  90.52  8 78.10
55 3 61665244023202723133023200 27  9  7 12  9  5 15  9 120.73  8 76.90
55 3 71665254737333313436040307 39 22 18 18  5 32 80 27 301.36  8 74.10
55 3 81665263727332020434030250 22 12 18  7  7 32 27 15 181.05  8 73.90
55 3 91665273733372730405033287 22 18 22 12 15 27 48 18 231.15  7 74.10
55 3101666 12730434043274037287 12 15 32 27 32 12 27 22 221.15  0 77.90
55 3111666 23333403740372013253 18 18 27 22 27 22  7  5 181.05  0 72.50
55 3121666 34043372730373733283 27 32 22 12 15 22 22 18 211.15  0 73.20
55 3131666 42730272023274027220 12 15 12  7  9 12 27 12 130.84  0  0.03
55 3141666 54023102323373330220 27  9  4  9  9 22 18 15 140.84  0 74.10
55 3151666 63340433327173030253 18 27 32 18 12  6 15 15 181.05  0 74.00
55 3161666 730371713 7202727177 15 22  6  5  3  7 12 12 100.63  0 74.20
55 3171666 83320333327301320210 18  7 18 18 12 15  5  7 120.73  0 71.40
55 3181666 92313273027473720223  9  5 12 15 12 39 22  7 150.94  0 73.90
55 319166610271017 7 7132010110 12  4  6  3  3  5  7  4  60.21  0  0.03
55 3201666111713201313 7 733123  6  5  7  5  5  3  3 18  60.31  0 74.40
55 3211666123310171717102327153 18  4  6  6  6  4  9 12  80.42  0 73.00
55 3221666131720305060633723300  6  7 15 48 80 94 22  9 351.46  0  0.03
55 3231666142010201033405053237  7  4  7  4 18 27 48 56 211.15  0 71.60
55 32416661537403030201010 7183 22 27 15 15  7  4  4  3 120.73  0 71.60
55 325166616 3 32020 7232717120  2  2  7  7  3  9 12  6  60.31  0 74.10
55 326166617 72340333323 723190  3  9 27 18 18  9  3  9 120.73  0  0.03
55 3271666181017174327231717170  4  6  6 32 12  9  6  6 100.63  7  0.03
55 3281666192010231710 3 320107  7  4  9  6  4  2  2  7  50.21  0  0.03
55 3291666201710131310 0 3 3 70  6  4  5  5  4  0  2  2  40.10  7 75.10
55 33016662113 3103027204357203  5  2  4 15 12  7 32 67 181.05 15 74.80
55 3311666226060635033434743400 80 80 94 48 18 32 39 32 531.67 10 75.90
55 4 11666233333273020101350217 18 18 12 15  7  4  5 48 160.94  9 77.10
55 4 21666243033272737303040253 15 18 12 12 22 15 15 27 170.94 14 77.90
55 4 31666252327273330272317207  9 12 12 18 15 12  9  6 120.73  8 77.20
55 4 41666262020173727333740230  7  7  6 22 12 18 22 27 150.94 21 77.10
55 4 51666274330373047173017250 32 15 22 15 39  6 15  6 191.05 36 81.10
55 4 61667 13737203730271037233 22 22  7 22 15 12  4 22 160.94 30 82.80
55 4 71667 24340334023202727253 32 27 18 27  9  7 12 12 181.05 32 79.00
55 4 81667 32027301013201323157  7 12 15  4  5  7  5  9  80.42 31  0.03
55 4 91667 417231313 3 3 730110  6  9  5  5  2  2  3 15  60.31 19 78.90
55 4101667 510 3 33740301323160  4  2  2 22 27 15  5  9 110.63 10 76.40
55 4111667 62033271720201317167  7 18 12  6  7  7  5  6  80.52  0 78.20
55 4121667 73033232330132327203 15 18  9  9 15  5  9 12 120.73  0 75.80
55 4131667 84040272020232340233 27 27 12  7  7  9  9 27 160.94  0 75.40
55 4141667 92730232317 7 3 7137 12 15  9  9  6  3  2  3  70.42  0 74.10
55 4151667101313131023201010113  5  5  5  4  9  7  4  4  50.21  7 79.60
55 416166711 71010 713 72017 90  3  4  4  3  5  3  7  6  40.21  9  0.03
55 417166712 7 72020231017 7110  3  3  7  7  9  4  6  3  50.21 13 75.20
55 418166713 3 0 0 71017 7 3 47  2  0  0  3  4  6  3  2  20.00  0 75.60
55 4191667141320 7 3 7 71010 77  5  7  3  2  3  3  4  4  40.10  0 74.30
55 420166715202737 717201713157  7 12 22  3  6  7  6  5  80.52  0 75.70
55 4211667161317231727201320150  5  6  9  6 12  7  5  7  70.42  8 75.40
55 4221667172333172010102313150  9 18  6  7  4  4  9  5  80.42  0 75.60
55 423166718 0 3 3131310 3 3 50  0  2  2  5  5  4  2  2  30.00  0 75.80
55 4241667191720171750403743240  6  7  6  6 48 27 22 32 191.05  8 75.60
55 4251667202733171327273327203 12 18  6  5 12 12 18 12 120.73  0 73.20
55 4261667213733333720173040247 22 18 18 22  7  6 15 27 170.94  0 75.30
55 427166722373327 713477773313 22 18 12  3  5 39179154 541.67 10 80.90
55 4281667237037474027334357353132 22 39 27 12 18 32 67 441.57 22 79.00
55 4291667245037333737374343317 48 22 18 22 22 22 32 32 271.26 23 80.10
55 4301667254340233320202733240 32 27  9 18  7  7 12 18 160.94 29 79.50
55 5 116672623271010 3 71320113  9 12  4  4  2  3  5  7  60.31 23 81.10
55 5 2166727 3 3131320171317100  2  2  5  5  7  6  5  6  50.21 21 79.80
55 5 31668 12013171010202013123  7  5  6  4  4  7  7  5  60.31 32 83.00
55 5 41668 213 3 31320172023113  5  2  2  5  7  6  7  9  50.21 45 82.60
55 5 51668 31723201727331723177  6  9  7  6 12 18  6  9  90.52 44 82.80
55 5 61668 43330304360333353317 18 15 15 32 80 18 18 56 321.36 28 83.20
55 5 71668 54743434323273040297 39 32 32 32  9 12 15 27 251.26 20  0.03
55 5 81668 64053374047374343340 27 56 22 27 39 22 32 32 321.36 17  0.03
55 5 91668 72323231717202323170  9  9  9  6  6  7  9  9  80.42  0 77.90
55 5101668 82730203310172027183 12 15  7 18  4  6  7 12 100.63  0 77.70
55 5111668 910132010 7131310 97  4  5  7  4  3  5  5  4  50.21  9 75.00
55 5121668101017171310132033133  4  6  6  5  4  5  7 18  70.31  7 75.00
55 51316681127 7202323232723173 12  3  7  9  9  9 12  9  90.52  0 73.50
55 5141668122333303720232020207  9 18 15 22  7  9  7  7 120.73  0 72.00
55 515166813202320 3 7101320117  7  9  7  2  3  4  5  7  60.21  7  0.03
55 5161668143753232713 7 710177 22 56  9 12  5  3  3  4 140.84 16 74.00
55 517166815131313 7 7 7 013 73  5  5  5  3  3  3  0  5  40.10 29 79.90
55 5181668161713 7 0102010 7 83  6  5  3  0  4  7  4  3  40.10 32 77.70
55 519166817 7 713 7 7 7 7 7 60  3  3  5  3  3  3  3  3  30.10 34 77.90
55 520166818 720102010131317110  3  7  4  7  4  5  5  6  50.21 45 86.00
55 521166819 3 7 7 71710 313 67  2  3  3  3  6  4  2  5  40.10 53 93.70
55 5221668201717 7 7 3102010 90  6  6  3  3  2  4  7  4  40.21 53 92.30
55 523166821 3 3 3 71313 0 3 47  2  2  2  3  5  5  0  2  30.00 50 91.40
55 524166822 3 710 7101313 7 70  2  3  4  3  4  5  5  3  40.10 48 90.40
55 52516682310 7 3 340406367233  4  3  2  2 27 27 94111 341.36 45 91.10
55 5261668246360475327332013317 94 80 39 56 12 18  7  5 391.46 45 91.30
55 5271668251713171040475043237  6  5  6  4 27 39 48 32 211.15 45 92.90
55 5281668264043474337232330287 27 32 39 32 22  9  9 15 231.15 45 87.20
55 529166827232027201323 717150  9  7 12  7  5  9  3  6  70.42 44 87.40
55 5301669 1 7 317 710201313 90  3  2  6  3  4  7  5  5  40.21 36 79.20
55 5311669 21717201010101017110  6  6  7  4  4  4  4  6  50.21 24 80.70
55 6 11669 31723171027271310143  6  9  6  4 12 12  5  4  70.42 26 79.70
55 6 21669 42013231723131317140  7  5  9  6  9  5  5  6  60.31 25 79.70
55 6 31669 51017131010202317120  4  6  5  4  4  7  9  6  60.31 13 79.50
55 6 41669 61317302023171713150  5  6 15  7  9  6  6  5  70.42 22 79.20
55 6 51669 710 31017131717 7 93  4  2  4  6  5  6  6  3  40.21 25 78.80
55 6 61669 8 3 7131017234040153  2  3  5  4  6  9 27 27 100.63 32 76.00
55 6 71669 93330202727201033200 18 15  7 12 12  7  4 18 120.73 26 75.10
55 6 81669103050302740472337283 15 48 15 12 27 39  9 22 231.15 23 79.40
55 6 9166911 317232327132027153  2  6  9  9 12  5  7 12  80.42 24 84.40
55 61016691217101717101310 7100  6  4  6  6  4  5  4  3  50.21 27 85.70
55 611166913 3 7132020171730127  2  3  5  7  7  6  6 15  60.31 48 92.30
55 6121669142330232733 71323180  9 15  9 12 18  3  5  9 100.63 47  0.03
55 61316691513 7231333272023160  5  3  9  5 18 12  7  9  80.52 40 97.10
55 6141669161720304337332310213  6  7 15 32 22 18  9  4 140.84 56102.40
55 6151669173737433730233033270 22 22 32 22 15  9 15 18 191.05 53102.00
55 6161669184030303737271320233 27 15 15 22 22 12  5  7 160.94 62108.20
55 6171669192323273727271730210  9  9 12 22 12 12  6 15 120.73 65107.20
55 6181669201327272710131317147  5 12 12 12  4  5  5  6  80.42 62103.90
55 61916692133332320201710 7163 18 18  9  7  7  6  4  3  90.52 61105.20
55 6201669221010131013301710113  4  4  5  4  5 15  6  4  60.31 65107.00
55 62116692320 7 7 710101010 80  7  3  3  3  4  4  4  4  40.10 55101.60
55 62216692413 7 33327302327163  5  3  2 18 12 15  9 12 100.52 37 90.80
55 6231669253333301720204740240 18 18 15  6  7  7 39 27 170.94 15 93.20
55 6241669264033403737232327260 27 18 27 22 22  9  9 12 181.05  0 82.90
55 6251669273017373327132710193 15  6 22 18 12  5 12  4 120.73  0 77.90
55 6261670 11017 3 7 710 717 77  4  6  2  3  3  4  3  6  40.10  0  0.03
55 6271670 213132017132020 7123  5  5  7  6  5  7  7  3  60.31  0 78.80
55 6281670 31727101717101027133  6 12  4  6  6  4  4 12  70.31  8 76.90
55 6291670 417 7132020132310123  6  3  5  7  7  5  9  4  60.31 11 80.30
55 6301670 52010 7 7 3 7 7 7 67  7  4  3  3  2  3  3  3  40.10 23 82.00
55 7 11670 61313231310 7 3 7 90  5  5  9  5  4  3  2  3  40.21 35 87.90
55 7 21670 71320131727435343230  5  7  5  6 12 32 56 32 191.05 38 88.60
55 7 31670 83037232713171313173 15 22  9 12  5  6  5  5 100.63 38 92.00
55 7 41670 9101017 3 7 3 7 3 60  4  4  6  2  3  2  3  2  30.10 43 90.90
55 7 516701010 7 7 3 7101013 67  4  3  3  2  3  4  4  5  40.10 48 94.80
55 7 6167011 710 7 3 7202033107  3  4  3  2  3  7  7 18  60.31 60101.50
55 7 71670123333231723201317180 18 18  9  6  9  7  5  6 100.52 47102.60
55 7 81670131017203323372717183  4  6  7 18  9 22 12  6 100.63 47102.10
55 7 91670141713102320 3 720113  6  5  4  9  7  2  3  7  50.21 39101.30
55 7101670151317203040302323197  5  6  7 15 27 15  9  9 120.73 41101.00
55 7111670163020334737332730257 15  7 18 39 22 18 12 15 181.05 35 96.70
55 7121670175317303730232740257 56  6 15 22 15  9 12 27 201.05 35 97.00
55 7131670183320 7 727271013143 18  7  3  3 12 12  4  5  80.42 35 93.50
55 71416701913132020201313 3117  5  5  7  7  7  5  5  2  50.21 37 90.30
55 71516702010 7 71743473027187  4  3  3  6 32 39 15 12 140.84 29 88.60
55 7161670213320132023132323170 18  7  5  7  9  5  9  9  90.52 22 85.40
55 71716702213302713 7 31320127  5 15 12  5  3  2  5  7  70.31 20 83.40
55 7181670231333301717 710 3130  5 18 15  6  6  3  4  2  70.42  7 81.30
55 71916702410 7 71310 7 0 7 60  4  3  3  5  4  3  0  3  30.10 26 82.10
55 72016702513 7 310131017 7 80  5  3  2  4  5  4  6  3  40.10 32 81.90
55 72116702613 7 0 7 3 71023 70  5  3  0  3  2  3  4  9  40.10 11 78.10
55 7221670271010 710 710 323 80  4  4  3  4  3  4  2  9  40.10  9 77.20
55 7231671 12713171010102027133 12  5  6  4  4  4  7 12  70.31  0 75.90
55 7241671 22730232313101313153 12 15  9  9  5  4  5  5  80.42  0 73.30
55 7251671 32017201313101013117  7  6  7  5  5  4  4  5  50.21  8 73.80
55 7261671 42020233337272737223  7  7  9 18 22 12 12 22 140.84  0 74.00
55 7271671 53013131310101310113 15  5  5  5  4  4  5  4  60.31 11  0.03
55 7281671 613 7 7 71310 310 70  5  3  3  3  5  4  2  4  40.10 12 75.90
55 7291671 7171320 7 7 73020120  6  5  7  3  3  3 15  7  60.31 16 79.10
55 7301671 8 310131717131727117  2  4  5  6  6  5  6 12  60.31 20 81.10
55 7311671 9271323 71717 310117 12  5  9  3  6  6  2  4  60.31 26  0.03
55 8 116711013 7 710201310 7 87  5  3  3  4  7  5  4  3  40.10 25 83.00
55 8 21671112313 3 0 3 31027 83  9  5  2  0  2  2  4 12  40.21 20 80.90
55 8 31671124023231717271727190 27  9  9  6  6 12  6 12 110.63 16 84.30
55 8 41671132740305350434040323 12 27 15 56 48 32 27 27 301.36  0 85.20
55 8 51671142020403330334340260  7  7 27 18 15 18 32 27 191.05 26 89.90
55 8 61671153333535337473050337 18 18 56 56 22 39 15 48 341.36 46  0.03
55 8 71671163030373733204027253 15 15 22 22 18  7 27 12 170.94 61103.20
55 8 81671172310173030202017167  9  4  6 15 15  7  7  6  90.52 77110.80
55 8 91671182313201720102013137  9  5  7  6  7  4  7  5  60.31 83124.30
55 8101671191023131717131017120  4  9  5  6  6  5  4  6  60.31 87117.00
55 8111671201313 7 7 3 31317 77  5  5  3  3  2  2  5  6  40.10 85112.90
55 8121671212010171710 310 7 93  7  4  6  6  4  2  4  3  40.21 77109.70
55 8131671221320132713101027133  5  7  5 12  5  4  4 12  70.31 77  0.03
55 8141671233017132713273330190 15  6  5 12  5 12 18 15 110.63 60101.10
55 815167124333323202710 3 7157 18 18  9  7 12  4  2  3  90.52 44 95.50
55 816167125 02330 310 31013 93  0  9 15  2  4  2  4  5  50.21 28 90.80
55 81716712613 3 71317232023120  5  2  3  5  6  9  7  9  60.31 16 86.90
55 8181671271323232317132020153  5  9  9  9  6  5  7  7  70.42 15 78.70
55 8191672 11323231313131720137  5  9  9  5  5  5  6  7  60.31 13 78.70
55 8201672 213 71020131710 7 97  5  3  4  7  5  6  4  3  50.21 17 78.30
55 8211672 3232020 3 7 31010 97  9  7  7  2  3  2  4  4  50.21 22 76.60
55 8221672 4 0 3 3 0 3 31010 33  0  2  2  0  2  2  4  4  20.00 23 78.70
55 8231672 5 3 313 3 7 7 310 50  2  2  5  2  3  3  2  4  30.10 23 76.60
55 8241672 6 31013272010 710100  2  4  5 12  7  4  3  4  50.21 14 75.70
55 8251672 710 3101317131310 90  4  2  4  5  6  5  5  4  40.21 11 75.70
55 8261672 81313102323131317127  5  5  4  9  9  5  5  6  60.31 26 79.60
55 8271672 9 3 710 7 7172027 97  2  3  4  3  3  6  7 12  50.21 44  0.03
55 828167210 737603727171713213  3 22 80 22 12  6  6  5 201.05 56 85.20
55 8291672113020232020133033190 15  7  9  7  7  5 15 18 100.63 57 85.60
55 83016721217131020 7171313110  6  5  4  7  3  6  5  5  50.21 52 91.20
55 8311672131717102013101323123  6  6  4  7  5  4  5  9  60.31 62100.70
55 9 11672141310332727273020187  5  4 18 12 12 12 15  7 110.63 89100.90
55 9 21672154040274333271317240 27 27 12 32 18 12  5  6 170.94 88103.90
55 9 31672163330335033132023237 18 15 18 48 18  5  7  9 170.94 80107.30
55 9 41672174337274327331737263 32 22 12 32 12 18  6 22 201.05 85  0.03
55 9 51672184347404033272720277 32 39 27 27 18 12 12  7 221.15 78110.30
55 9 61672192033333313232330210  7 18 18 18  5  9  9 15 120.73 70108.60
55 9 716722030133330101310 7147 15  5 18 15  4  5  4  3  90.52 74106.90
55 9 81672211017202320271023150  4  6  7  9  7 12  4  9  70.42 68110.30
55 9 9167222302710131313 717130 15 12  4  5  5  5  3  6  70.31 64110.30
55 91016722313132723131313 7123  5  5 12  9  5  5  5  3  60.31 52106.00
55 9111672242013131013101023113  7  5  5  4  5  4  4  9  50.21 40 98.30
55 9121672252737473030231733243 12 22 39 15 15  9  6 18 170.94 40 97.00
55 91316722643434343303717 7263 32 32 32 32 15 22  6  3 221.15 40 97.00
55 914167227 31727271713 713123  2  6 12 12  6  5  3  5  60.31 33 93.50
55 9151673 12320101010132013120  9  7  4  4  4  5  7  5  60.31 46 88.80
55 9161673 2333027272313 720180 18 15 12 12  9  5  3  7 100.63 25 84.50
55 9171673 32740433020171717210 12 27 32 15  7  6  6  6 140.84 38 85.40
55 9181673 420272730202313 7167  7 12 12 15  7  9  5  3  90.52 41 84.10
55 9191673 5302720232313 720163 15 12  7  9  9  5  3  7  80.52 29 84.50
55 9201673 630233330 3101313157 15  9 18 15  2  4  5  5  90.52 23 83.70
55 9211673 713131317 3 31017 90  5  5  5  6  2  2  4  6  40.21  7 81.10
55 9221673 83727101013 72017140 22 12  4  4  5  3  7  6  80.42  0 80.20
55 9231673 91020373720173033203  4  7 22 22  7  6 15 18 130.73  7 80.70
55 92416731037171013102023 3133 22  6  4  5  4  7  9  2  70.42 25  0.03
55 92516731117 710 3 3 7 313 63  6  3  4  2  2  3  2  5  30.10 30 86.70
55 92616731210 7 0 3 7 3 710 47  4  3  0  2  3  2  3  4  30.00 11 86.70
55 9271673132730303733404337277 12 15 15 22 18 27 32 22 201.05 21 91.40
55 9281673142343403323173720237  9 32 27 18  9  6 22  7 160.94 24 92.70
55 9291673153320232720504737257 18  7  9 12  7 48 39 22 201.05 21 96.60
55 9301673164363675750403343397 32 94111 67 48 27 18 32 541.67 32 97.80
5510 11673173323234323132720207 18  9  9 32  9  5 12  7 130.73 37 97.40
5510 21673183020302733433317233 15  7 15 12 18 32 18  6 150.94 54100.70
5510 316731930403733233317 7220 15 27 22 18  9 18  6  3 150.84 58112.90
5510 41673201733303710 71017160  6 18 15 22  4  3  4  6 100.52 64118.00
5510 51673212323173033335747263  9  9  6 15 18 18 67 39 231.15 62  0.03
5510 61673224340433730401710260 32 27 32 22 15 27  6  4 211.15 60  0.03
5510 7167323131317202013 737140  5  5  6  7  7  5  3 22  80.42 71124.50
5510 81673243030332013202323193 15 15 18  7  5  7  9  9 110.63 71112.40
5510 9167325101310 7 3201033107  4  5  4  3  2  7  4 18  60.31 79115.00
55101016732630273737333027 7227 15 12 22 22 18 15 12  3 150.84 56119.80
551011167327 3234027372317 0170  2  9 27 12 22  9  6  0 110.63 55113.70
5510121674 1 0 0 3 0 0 0 0 3  7  0  0  2  0  0  0  0  2  00.00 61  0.03
5510131674 2 3 01010 3 31013 53  2  0  4  4  2  2  4  5  30.10 41 99.10
5510141674 313131717131010 7100  5  5  6  6  5  4  4  3  50.21 22 95.70
5510151674 4 317 3 7 3 0 320 57  2  6  2  3  2  0  2  7  30.10  7 86.20
5510161674 5331317 71310 310107 18  5  6  3  5  4  2  4  60.31  0 85.80
5510171674 6131710 3 0 01713 73  5  6  4  2  0  0  6  5  40.10  0 78.90
5510181674 710 0 0 7 0 0 0 3 20  4  0  0  3  0  0  0  2  10.00  0 84.50
5510191674 8 0 7 7 71013 710 60  0  3  3  3  4  5  3  4  30.10 11 87.10
5510201674 920132323202013 7140  7  5  9  9  7  7  5  3  60.31 21 87.50
551021167410 0 31713 7 71320 80  0  2  6  5  3  3  5  7  40.10 23 94.00
551022167411 3 3132027202310120  2  2  5  7 12  7  9  4  60.31 42 96.10
55102316741220131017201313 3110  7  5  4  6  7  5  5  2  50.21 57104.30
551024167413 0 010 7 7 0 710 40  0  0  4  3  3  0  3  4  20.00 86112.90
5510251674144740576060575343417 39 27 67 80 80 67 56 32 561.67 95133.50
5510261674155350434337435733360 56 48 32 32 22 32 67 18 381.46107138.60
5510271674162330302320272327203  9 15 15  9  7 12  9 12 110.63 98138.20
551028167417 72320202727 313140  3  9  7  7 12 12  2  5  70.42108140.00
551029167418 723232010332327167  3  9  9  7  4 18  9 12  90.52119143.80
55103016741910 7101323333320150  4  3  4  5  9 18 18  7  80.52124140.00
5510311674202733332333375353293 12 18 18  9 18 22 56 56 261.26123149.40
5511 116742130473017 3203720203 15 39 15  6  2  7 22  7 140.84102152.50
5511 21674222020202733232717187  7  7  7 12 18  9 12  6 100.52 92134.90
5511 316742310 7131310101010 83  4  3  5  5  4  4  4  4  40.10 77121.10
5511 41674243750504017133037273 22 48 48 27  6  5 15 22 241.26 52116.40
5511 51674253333332720 7 710170 18 18 18 12  7  3  3  4 100.63 50109.10
5511 616742617 3 7 7 0 01710 60  6  2  3  3  0  0  6  4  30.10 36107.80
5511 716742713 31010 3 7 7 0 53  5  2  4  4  2  3  3  0  30.10 71116.00
5511 81675 11323202023373043210  5  9  7  7  9 22 15 32 130.84 84120.70
5511 91675 2403027231310 7 7157 27 15 12  9  5  4  3  3 100.52115124.80
5511101675 310 7101310132313100  4  3  4  5  4  5  9  5  50.21131130.50
5511111675 423101313 7231320123  9  4  5  5  3  9  5  7  60.31150134.00
5511121675 510 7474330403710223  4  3 39 32 15 27 22  4 181.05152139.60
5511131675 61030171710171310123  4 15  6  6  4  6  5  4  60.31140131.30
5511141675 7 7 3 71013202317100  3  2  3  4  5  7  9  6  50.21130126.90
5511151675 82023374737333733267  7  9 22 39 22 18 22 18 201.05122131.30
5511161675 94747403033333037297 39 39 27 15 18 18 15 22 241.26105133.90
5511171675102750131713131017160 12 48  5  6  5  5  4  6 110.73 90130.60
5511181675111743402727575730297  6 32 27 12 12 67 67 15 301.36 75128.00
5511191675123020305377705750387 15  7 15 56179132 67 48 651.77 55131.00
5511201675135743504050604743390 67 32 48 27 48 80 39 32 471.57 60131.60
55112116751440302317 7 0 7 0123 27 15  9  6  3  0  3  0  80.42 60123.70
551122167515 0 0172017 7 3 0 63  0  0  6  7  6  3  2  0  30.10 61122.10
551123167516 013102010 31020 87  0  5  4  7  4  2  4  7  40.10 63123.00
5511241675171310302323171320150  5  4 15  9  9  6  5  7  80.42 70123.60
551125167518372027202730 710177 22  7 12  7 12 15  3  4 100.63 77127.50
55112616751920171717 7 3 320103  7  6  6  6  3  2  2  7  50.21 81135.00
55112716752027 010202013 717113 12  0  4  7  7  5  3  6  60.21 90136.00
551128167521 7 3 73017171347140  3  2  3 15  6  6  5 39 100.63 97135.00
55112916752217231720 7132313133  6  9  6  7  3  5  9  5  60.31 95131.60
551130167523 3271010171017 7100  2 12  4  4  6  4  6  3  50.21 93143.90
5512 11675242310133340375347257  9  4  5 18 27 22 56 39 221.15 99136.00
5512 21675253743372717 7 7 7180 22 32 22 12  6  3  3  3 130.73 87137.70
5512 3167526 3 0102327303030153  2  0  4  9 12 15 15 15  90.52 75134.40
5512 416752727201713 3 0 310 93 12  7  6  5  2  0  2  4  50.21 86145.40
5512 51676 11710 3 317131740120  6  4  2  2  6  5  6 27  70.42100146.70
5512 61676 22737432317 73040223 12 22 32  9  6  3 15 27 160.94100147.70
5512 71676 333431713 3 0 0 7117 18 32  6  5  2  0  0  3  80.42 84143.10
5512 81676 4102023 717233730167  4  7  9  3  6  9 22 15  90.52 72140.10
5512 91676 53320272737271713200 18  7 12 12 22 12  6  5 120.73 65138.20
5512101676 61310 713272023 7120  5  4  3  5 12  7  9  3  60.31 74134.40
5512111676 71010 31313171013 90  4  4  2  5  5  6  4  5  40.21 80146.40
5512121676 81313 7 7 7131713 90  5  5  3  3  3  5  6  5  40.21 79140.90
5512131676 9 3 0 0 7 71710 3 47  2  0  0  3  3  6  4  2  20.00 71133.10
551214167610 3 01310 3 0 0 3 33  2  0  5  4  2  0  0  2  20.00 63136.00
55121516761110 7 7 7 3101723 83  4  3  3  3  2  4  6  9  40.10 75137.00
5512161676121723303023231713177  6  9 15 15  9  9  6  5  90.52 68139.40
551217167613 310 717 3131710 80  2  4  3  6  2  5  6  4  40.10 70135.70
55121816761410 310 7 3 7 3 0 43  4  2  4  3  2  3  2  0  20.00 85132.80
551219167615 0 0172020272320127  0  0  6  7  7 12  9  7  60.31 89131.80
5512201676162333301327231010170  9 18 15  5 12  9  4  4 100.52 92130.50
5512211676171323172030301717167  5  9  6  7 15 15  6  6  90.52105118.50
551222167618102323 71713 7 7107  4  9  9  3  6  5  3  3  50.21 85122.30
5512231676191010 7 3 7 0 3 7 47  4  4  3  2  3  0  2  3  30.00 64117.10
551224167620 3 3101013271030107  2  2  4  4  5 12  4 15  60.31 51114.90
5512251676213747332040333317260 22 39 18  7 27 18 18  6 191.05 53115.00
551226167622 313173333373750223  2  5  6 18 18 22 22 48 181.05 61113.60
5512271676234743303323231323237 39 32 15 18  9  9  5  9 170.94 62122.50
551228167624 3 71717132323 7110  2  3  6  6  5  9  9  3  50.21 65122.50
551229167625 0 0 3 7 0 310 3 27  0  0  2  3  0  2  4  2  20.00 72124.10
55123016762610 710 71017 310 73  4  3  4  3  4  6  2  4  40.10 81135.10
5512311676271327272013272720173  5 12 12  7  5 12 12  7  90.52 70128.80
