57 1 1169016 3 7 737302017 7127  2  3  3 22 15  7  6  3  80.42160  0.03
57 1 21690172317235027235350267  9  6  9 48 12  9 56 48 251.26189275.00
57 1 31690183727233023131317183 22 12  9 15  9  5  5  6 100.63211274.00
57 1 416901913172020 710 710103  5  6  7  7  3  4  3  4  50.21224283.00
57 1 516902010101017101017 7 90  4  4  4  6  4  4  6  3  40.21226286.00
57 1 6169021 027172320131720137  0 12  6  9  7  5  6  7  60.31252291.00
57 1 716902220202027272013 3150  7  7  7 12 12  7  5  2  70.42224264.00
57 1 81690232733203733272730233 12 18  7 22 18 12 12 15 140.84207248.00
57 1 91690242020171733373037210  7  7  6  6 18 22 15 22 130.73166233.00
57 1101690253343504040404347337 18 32 48 27 27 27 32 39 311.36153216.00
57 1111690264017403737101720217 27  6 27 22 22  4  6  7 150.94151215.00
57 11216902723402013 3 3 313120  9 27  7  5  2  2  2  5  70.42155217.00
57 1131691 120 713171010 713 97  7  3  5  6  4  4  3  5  50.21134206.00
57 1141691 2 3 317171710 7 3 77  2  2  6  6  6  4  3  2  40.10121197.00
57 1151691 31310131727232320147  5  4  5  6 12  9  9  7  70.42 86191.00
57 1161691 42320202030131313153  9  7  7  7 15  5  5  5  80.42100184.00
57 1171691 52013132020171713133  7  5  5  7  7  6  6  5  60.31112194.00
57 1181691 610 3131010 7 3 0 57  4  2  5  4  4  3  2  0  30.10143203.00
57 1191691 7 0 3172323332013133  0  2  6  9  9 18  7  5  70.42170215.00
57 1201691 81713 7101313 7 3 83  6  5  3  4  5  5  3  2  40.10170233.00
57 1211691 91733373747577787390  6 18 22 22 39 67179300 821.87177223.00
57 1221691108367634740403023393236111 94 39 27 27 15  9 701.77193226.00
57 1231691113037435040374033310 15 22 32 48 27 22 27 18 261.26191233.00
57 1241691124047172733275350293 27 39  6 12 18 12 56 48 271.26209252.00
57 1251691135037473020202340267 48 22 39 15  7  7  9 27 221.15184232.00
57 1261691142330273327271730213  9 15 12 18 12 12  6 15 120.73168241.00
57 1271691152027204033272017203  7 12  7 27 18 12  7  6 120.73150237.00
57 128169116 723171320172323143  3  9  6  5  7  6  9  9  70.31141207.00
57 1291691171323202750504340267  5  9  7 12 48 48 32 27 241.15132197.00
57 1301691185057534737333727340 48 67 56 39 22 18 22 12 361.46107188.00
57 1311691192030272727302727213  7 15 12 12 12 15 12 12 120.73108176.00
57 2 11691202020132713172010140  7  7  5 12  5  6  7  4  70.31108197.00
57 2 2169121 720172030273023173  3  7  6  7 15 12 15  9  90.52120182.00
57 2 31691221723 71020233743180  6  9  3  4  7  9 22 32 120.73102185.00
57 2 41691234033303750434353330 27 18 15 22 48 32 32 56 311.36110181.00
57 2 51691245060474750373033353 48 80 39 39 48 22 15 18 391.46110183.00
57 2 61691253023332723171310177 15  9 18 12  9  6  5  4 100.52123193.00
57 2 7169126 0 7172710131317103  0  3  6 12  4  5  5  6  50.21138186.00
57 2 81691271720271717171720150  6  7 12  6  6  6  6  7  70.42151200.00
57 2 91692 12030171310132020143  7 15  6  5  4  5  7  7  70.42157190.00
57 2101692 227101327 3 3 3 7 93 12  4  5 12  2  2  2  3  50.21142184.00
57 2111692 31723172323372017177  6  9  6  9  9 22  7  6  90.52136190.00
57 2121692 42343332720203727230  9 32 18 12  7  7 22 12 150.84132193.00
57 2131692 53347375053506333367 18 39 22 48 56 48 94 18 431.57122175.00
57 2141692 627273017131013 7143 12 12 15  6  5  4  5  3  80.42130180.00
57 2151692 7 010333730301730187  0  4 18 22 15 15  6 15 120.73142188.00
57 2161692 8 317232020272320153  2  6  9  7  7 12  9  7  70.42153176.00
57 2171692 92013102733272730187  7  5  4 12 18 12 12 15 110.63140181.00
57 2181692103330303030303737257 18 15 15 15 15 15 22 22 170.94132188.00
57 2191692113730403327334743290 22 15 27 18 12 18 39 32 231.15123173.00
57 2201692124340302733232033250 32 27 15 12 18  9  7 18 170.94117172.00
57 2211692134040534340473750350 27 27 56 32 27 39 22 48 351.46123184.00
57 2221692144343403737373033300 32 32 27 22 22 22 15 18 241.15130186.00
57 2231692153737302027306060300 22 22 15  7 12 15 80 80 321.36132204.00
57 2241692167070606047272720380132132 80 80 39 12 12  7 621.77134185.00
57 225169217302723331710 7 3150 15 12  9 18  6  4  3  2  90.52139184.00
57 22616921817 3 71010101013 80  6  2  3  4  4  4  4  5  40.10131180.00
57 22716921927301313 0 71310113 12 15  5  5  0  3  5  4  60.31141183.00
57 228169220 7 0 31013131010 67  3  0  2  4  5  5  4  4  30.10129180.00
57 3 1169221 710131733404047207  3  4  5  6 18 27 27 39 160.94155186.00
57 3 21692226083837067536367547 80236236132111 56 941111321.98164182.00
57 3 31692235053533330433327323 48 56 56 18 15 32 18 12 321.36137179.00
57 3 41692243740302727 71730213 22 27 15 12 12  3  6 15 140.84128177.00
57 3 51692253733302733273333253 22 18 15 12 18 12 18 18 170.94124180.00
57 3 61692264320233033332317223 32  7  9 15 18 18  9  6 140.84147180.00
57 3 71692271723132323332323180  6  9  5  9  9 18  9  9  90.52147195.00
57 3 81693 14017302030203040227 27  6 15  7 15  7 15 27 150.84144198.00
57 3 91693 23343332023333030247 18 32 18  7  9 18 15 15 160.94180197.00
57 3101693 34043476770606357447 27 32 39111132 80 94 67 731.87186199.00
57 3111693 44027231020131010153 27 12  9  4  7  5  4  4  90.52210216.00
57 3121693 5203330271710 3 0140  7 18 15 12  6  4  2  0  80.42224209.00
57 3131693 6 313203023372023170  2  5  7 15  9 22  7  9 100.52228214.00
57 3141693 710 71323 713 3 7 83  4  3  5  9  3  5  2  3  40.10175200.00
57 3151693 82323201713172743183  9  9  7  6  5  6 12 32 110.63156198.00
57 3161693 95043432330376053340 48 32 32  9 15 22 80 56 371.46146201.00
57 3171693102733332330402327237 12 18 18  9 15 27  9 12 150.84150200.00
57 3181693112030233340172327213  7 15  9 18 27  6  9 12 130.73147197.00
57 3191693122317272727203030200  9  6 12 12 12  7 15 15 110.63147193.00
57 3201693133337372713101733207 18 22 22 12  5  4  6 18 130.84122195.00
57 3211693141330131023474350230  5 15  5  4  9 39 32 48 201.05120198.00
57 3221693154030373737373347297 27 15 22 22 22 22 18 39 231.15137202.00
57 3231693164340304030302723263 32 27 15 27 15 15 12  9 191.05152203.00
57 3241693173020231710103737183 15  7  9  6  4  4 22 22 110.63145196.00
57 3251693184360474747231710293 32 80 39 39 39  9  6  4 311.36160198.00
57 3261693191313133037372337203  5  5  5 15 22 22  9 22 130.84170193.00
57 3271693204337304047435370363 32 22 15 27 39 32 56132 441.57155215.00
57 3281693217067635733402313367132111 94 67 18 27  9  5 581.77152198.00
57 3291693223353434070776360440 18 56 32 27132179 94 80 771.87154209.00
57 3301693235747301720272033250 67 39 15  6  7 12  7 18 211.15172195.00
57 3311693243033332730404340277 15 18 18 12 15 27 32 27 201.05145201.00
57 4 11693254043403330333737293 27 32 27 18 15 18 22 22 231.15140219.00
57 4 21693264317303023233333233 32  6 15 15  9  9 18 18 150.94152203.00
57 4 31693273020273330304050260 15  7 12 18 15 15 27 48 201.05135183.00
57 4 41694 14043302330333330263 27 32 15  9 15 18 18 15 191.05160193.00
57 4 51694 24033335357502750343 27 18 18 56 67 48 12 48 371.46138192.00
57 4 61694 357504747271710 7260 67 48 39 39 12  6  4  3 271.26108169.00
57 4 71694 410131710 3 7 310 73  4  5  6  4  2  3  2  4  40.10138171.00
57 4 81694 52023302730202730207  7  9 15 12 15  7 12 15 120.73160195.00
57 4 91694 62743403043373747303 12 32 27 15 32 22 22 39 251.26163209.00
57 4101694 75367675747533320397 56111111 67 39 56 18  7 581.77150193.00
57 4111694 83023174747232030237 15  9  6 39 39  9  7 15 170.94121186.00
57 4121694 92027371320303020197  7 12 22  5  7 15 15  7 110.63114180.00
57 413169410332737202717 713180 18 12 22  7 12  6  3  5 110.63143186.00
57 414169411 710 3 3 0201313 70  3  4  2  2  0  7  5  5  40.10122183.00
57 415169412 320203033203357217  2  7  7 15 18  7 18 67 181.05162202.00
57 4161694134340232327332733250 32 27  9  9 12 18 12 18 170.94181209.00
57 4171694143340334353406077380 18 27 18 32 56 27 80179 551.67202212.00
57 4181694156337303723575350350 94 22 15 22  9 67 56 48 421.57205204.00
57 4191694166363674347504740420 94 94111 32 39 48 39 27 601.77207207.00
57 4201694174040302020272723227 27 27 15  7  7 12 12  9 140.84208209.00
57 4211694183337302737402723253 18 22 15 12 22 27 12  9 170.94214204.00
57 42216941910 3 3 3 7172010 73  4  2  2  2  3  6  7  4  40.10218217.00
57 4231694202730201733132030190 12 15  7  6 18  5  7 15 110.63226214.00
57 4241694214030273747473747310 27 15 12 22 39 39 22 39 271.26248215.00
57 4251694223017172027302317180 15  6  6  7 12 15  9  6 100.52251224.00
57 4261694232030334047474030287  7 15 18 27 39 39 27 15 231.15223233.00
57 4271694245040373333232027263 48 27 22 18 18  9  7 12 201.05215214.00
57 4281694251717232737473740243  6  6  9 12 22 39 22 27 181.05221199.00
57 42916942633402030303020 7210 18 27  7 15 15 15  7  3 130.84177188.00
57 4301694272037202020303033210  7 22  7  7  7 15 15 18 120.73155177.00
57 5 11695 14043403323231310227 27 32 27 18  9  9  5  4 160.94124175.00
57 5 21695 22030333027101020180  7 15 18 15 12  4  4  7 100.63121176.00
57 5 31695 31723132720272740193  6  9  5 12  7 12 12 27 110.63118182.00
57 5 41695 41313232327272727180  5  5  9  9 12 12 12 12 100.52106190.00
57 5 51695 52720131720201327157 12  7  5  6  7  7  5 12  80.42 92202.00
57 5 61695 62727234330171723207 12 12  9 32 15  6  6  9 130.73138198.00
57 5 71695 72737272020272310190 12 22 12  7  7 12  9  4 110.63140204.00
57 5 81695 8 310272723272740183  2  4 12 12  9 12 12 27 110.63150207.00
57 5 91695 93747473733303017277 22 39 39 22 18 15 15  6 221.15162228.00
57 5101695101723172320133337183  6  9  6  9  7  5 18 22 100.63195227.00
57 5111695112320101317132033150  9  7  4  5  6  5  7 18  80.42211234.00
57 512169512231013171017 320113  9  4  5  6  4  6  2  7  50.21204228.00
57 5131695132727172727273023203 12 12  6 12 12 12 15  9 110.63197242.00
57 5141695141723101313102013120  6  9  4  5  5  4  7  5  60.31214248.00
57 51516951513 3 71317131323103  5  2  3  5  6  5  5  9  50.21210235.00
57 516169516 3 3 7 7 3132310 70  2  2  3  3  2  5  9  4  40.10196239.00
57 517169517 720171710302020140  3  7  6  6  4 15  7  7  70.31179212.00
57 5181695181713171317102020127  6  5  6  5  6  4  7  7  60.31185214.00
57 51916951917 7171733333333190  6  3  6  6 18 18 18 18 120.73173201.00
57 5201695203037333033373323257 15 22 18 15 18 22 18  9 170.94182  0.03
57 5211695212330273733232320217  9 15 12 22 18  9  9  7 130.73205230.00
57 522169522172317201320 7 7123  6  9  6  7  5  7  3  3  60.31159212.00
57 5231695232317271320232713163  9  6 12  5  7  9 12  5  80.42180207.00
57 52416952410 72030171010 3107  4  3  7 15  6  4  4  2  60.31186210.00
57 5251695251723303030202333207  6  9 15 15 15  7  9 18 120.73150196.00
57 5261695263737435037473337320 22 22 32 48 22 39 18 22 281.26132184.00
57 5271695272323302720131017163  9  9 15 12  7  5  4  6  80.52132198.00
57 5281696 11710232017231020140  6  4  9  7  6  9  4  7  60.31143181.00
57 5291696 21013231013201013113  4  5  9  4  5  7  4  5  50.21162183.00
57 5301696 32713305347474730293 12  5 15 56 39 39 39 15 281.26179199.00
57 5311696 42737172710102323173 12 22  6 12  4  4  9  9 100.52179211.00
57 6 11696 5 3 713102720 310 93  2  3  5  4 12  7  2  4  50.21158218.00
57 6 21696 61023101310101020107  4  9  4  5  4  4  4  7  50.21163229.00
57 6 31696 71737304743435750323  6 22 15 39 32 32 67 48 331.36180230.00
57 6 41696 84753374030474757357 39 56 22 27 15 39 39 67 381.46169218.00
57 6 51696 95737302723404053307 67 22 15 12  9 27 27 56 291.36159222.00
57 6 61696104350474333274350337 32 48 39 32 18 12 32 48 331.36194226.00
57 6 716961143201317 7 7 730143 32  7  5  6  3  3  3 15  90.52170221.00
57 6 81696122730201723101013150 12 15  7  6  9  4  4  5  80.42145223.00
57 6 9169613 71313 3 71017 7 77  3  5  5  2  3  4  6  3  40.10168233.00
57 61016961410 0 3 7 3 7 720 57  4  0  2  3  2  3  3  7  30.10158220.00
57 6111696151010 7 7 7 7 713 67  4  4  3  3  3  3  3  5  40.10140224.00
57 612169616201017 327271017130  7  4  6  2 12 12  4  6  70.31160226.00
57 6131696171010173013172733157  4  4  6 15  5  6 12 18  90.52178245.00
57 6141696181717131723132717143  6  6  5  6  9  5 12  6  70.31158247.00
57 6151696192730272337503723253 12 15 12  9 22 48 22  9 191.05225255.00
57 61616962017 7131317131023113  6  3  5  5  6  5  4  9  50.21239264.00
57 6171696212040402737232037243  7 27 27 12 22  9  7 22 170.94252268.00
57 6181696224747402733203040283 39 39 27 12 18  7 15 27 231.15272288.00
57 6191696234747303353332027290 39 39 15 18 56 18  7 12 261.26274292.00
57 6201696243033271320373723220 15 18 12  5  7 22 22  9 140.84272295.00
57 6211696252330332713234027217  9 15 18 12  5  9 27 12 130.84265295.00
57 6221696263317234743202023227 18  6  9 39 32  7  7  9 160.94242293.00
57 6231696272013 71723173320150  7  5  3  6  9  6 18  7  80.42232297.00
57 6241697 14033373020171723217 27 18 22 15  7  6  6  9 140.84235277.00
57 6251697 24737335047475753370 39 22 18 48 39 39 67 56 411.57208253.00
57 6261697 35060636770674753477 48 80 94111132111 39 56 841.87212260.00
57 6271697 43020303340272343247 15  7 15 18 27 12  9 32 170.94220259.00
57 6281697 53030403743332720260 15 15 27 22 32 18 12  7 181.05190261.00
57 6291697 61010101320101023107  4  4  4  5  7  4  4  9  50.21180260.00
57 6301697 73063537780808083547 15 94 561792072072072361502.09204265.00
57 7 11697 87373673317477050430154154111 18  6 39132 48 831.87185256.00
57 7 21697 91710274780635723323  6  4 12 39207 94 67  9 551.67194242.00
57 7 31697105743374353132330300 67 32 22 32 56  5  9 15 301.36204254.00
57 7 416971110 7 31310173750147  4  3  2  5  4  6 22 48 120.73235249.00
57 7 51697124773605733203057377 39154 80 67 18  7 15 67 561.67213238.00
57 7 61697132327332723233747240  9 12 18 12  9  9 22 39 160.94226224.00
57 7 71697142327201320133323173  9 12  7  5  7  5 18  9  90.52192211.00
57 7 81697152723301320231720173 12  9 15  5  7  9  6  7  90.52152201.00
57 7 91697162710171013171317123 12  4  6  4  5  6  5  6  60.31162198.00
57 710169717202310 7 7 7 7 7 87  7  9  4  3  3  3  3  3  40.21135188.00
57 71116971813 7 31327 31013 90  5  3  2  5 12  2  4  5  50.21107170.00
57 7121697193023271323132320173 15  9 12  5  9  5  9  7  90.52 93176.00
57 7131697201310 7 7 710 7 0 60  5  4  3  3  3  4  3  0  30.10 97188.00
57 714169721 310 71720131727113  2  4  3  6  7  5  6 12  60.31136187.00
57 7151697222710 71310 7 310 87 12  4  3  5  4  3  2  4  50.21156188.00
57 71616972313 3303733404030227  5  2 15 22 18 27 27 15 160.94184203.00
57 7171697242713 72323132327157 12  5  3  9  9  5  9 12  80.42203217.00
57 7181697251720233030373027213  6  7  9 15 15 22 15 12 130.73218227.00
57 7191697264030332740434743303 27 15 18 12 27 32 39 32 251.26223220.00
57 7201697273030201320202337193 15 15  7  5  7  7  9 22 110.63238230.00
57 7211698 12017 71313131723123  7  6  3  5  5  5  6  9  60.31250244.00
57 7221698 21733404333335737293  6 18 27 32 18 18 67 22 261.26255236.00
57 7231698 337471010 7 7 727150 22 39  4  4  3  3  3 12 110.63265250.00
57 7241698 42713272330302727203 12  5 12  9 15 15 12 12 120.73265255.00
57 7251698 52313201010231717133  9  5  7  4  4  9  6  6  60.31227246.00
57 7261698 61310101013 7 3 7 73  5  4  4  4  5  3  2  3  40.10206231.00
57 7271698 7 310 0 710174030117  2  4  0  3  4  6 27 15  80.42173232.00
57 7281698 83017171010101313120 15  6  6  4  4  4  5  5  60.31158212.00
57 7291698 92033273730201320200  7 18 12 22 15  7  5  7 120.73142201.00
57 7301698101020201310 71720117  4  7  7  5  4  3  6  7  50.21159193.00
57 7311698111713172017171330143  6  5  6  7  6  6  5 15  70.42150191.00
57 8 11698121723231020131713137  6  9  9  4  7  5  6  5  60.31144203.00
57 8 21698133020171723132030170 15  7  6  6  9  5  7 15  90.52148200.00
57 8 31698142710232020635340257 12  4  9  7  7 94 56 27 271.26162198.00
57 8 4169815532020 710171017153 56  7  7  3  4  6  4  6 120.73163194.00
57 8 5169816171010 7 7273343153  6  4  4  3  3 12 18 32 100.63158187.00
57 8 61698173043573740374343330 15 32 67 22 27 22 32 32 311.36163187.00
57 8 71698183020271720101013147 15  7 12  6  7  4  4  5  80.42157185.00
57 8 81698191020232020 72723150  4  7  9  7  7  3 12  9  70.42141181.00
57 8 91698204033231347202033230 27 18  9  5 39  7  7 18 160.94121175.00
57 81016982140301317 3 71023143 27 15  5  6  2  3  4  9  90.52 89169.00
57 81116982217 7 31013131017 90  6  3  2  4  5  5  4  6  40.21 96173.00
57 8121698232337333040404023267  9 22 18 15 27 27 27  9 191.05116177.00
57 8131698244353574337303730330 32 56 67 32 22 15 22 15 331.36104172.00
57 814169825 713101727232723147  3  5  4  6 12  9 12  9  80.42135182.00
57 8151698263720171310102730163 22  7  6  5  4  4 12 15  90.52157183.00
57 8161698272323 71310101310110  9  9  3  5  4  4  5  4  50.21195197.00
57 8171699 1 7 3 3 71720 3 7 67  3  2  2  3  6  7  2  3  40.10197216.00
57 8181699 22013 32727131723143  7  5  2 12 12  5  6  9  70.42196216.00
57 8191699 3403733331710 310183 27 22 18 18  6  4  2  4 130.73186214.00
57 8201699 4 713132033302733177  3  5  5  7 18 15 12 18 100.63170199.00
57 8211699 540533327233713 7233 27 56 18 12  9 22  5  3 191.05138194.00
57 8221699 6 0 71317 7101013 77  0  3  5  6  3  4  4  5  40.10114185.00
57 8231699 7 7 0 31013 3 3 3 43  3  0  2  4  5  2  2  2  20.00108197.00
57 8241699 8 0 3 3 710 7 710 47  0  2  2  3  4  3  3  4  30.00110199.00
57 8251699 9 310101317203027130  2  4  4  5  6  7 15 12  70.31132210.00
57 8261699101710 71323272723147  6  4  3  5  9 12 12  9  80.42164219.00
57 8271699113740373327273730267 22 27 22 18 12 12 22 15 191.05181222.00
57 8281699121723332327232027193  6  9 18  9 12  9  7 12 100.63204238.00
57 8291699132313 71320136760217  9  5  3  5  7  5111 80 281.26236238.00
57 8301699146757434320473010317111 67 32 32  7 39 15  4 381.46252263.00
57 8311699152027271740507050300  7 12 12  6 27 48132 48 361.46261294.00
57 9 11699165757433733132023283 67 67 32 22 18  5  7  9 281.26244275.00
57 9 21699172760635370607777487 12 80 94 56132 801791791021.98225268.00
57 9 31699186763637380876047540111 94 94154207300 80 391351.98190273.00
57 9 41699193747232783908083470 22 39  9 122364002072361452.09173247.00
57 9 51699208387675047405360487236300111 48 39 27 56 801121.98171237.00
57 9 61699214747234757534323340 39 39  9 39 67 56 32  9 361.46160223.00
57 9 71699223037203020231720197 15 22  7 15  7  9  6  7 110.63137222.00
57 9 816992313 7132023231027137  5  3  5  7  9  9  4 12  70.31172227.00
57 9 916992427373737272020 7210 12 22 22 22 12  7  7  3 130.84215233.00
57 9101699251013272013272317150  4  5 12  7  5 12  9  6  80.42240245.00
57 9111699261310232013131717127  5  4  9  7  5  5  6  6  60.31245268.00
57 9121699271717132020231327150  6  6  5  7  7  9  5 12  70.42253277.00
57 9131700 17783878770604040543179236300300132 80 27 271602.09252268.00
57 9141700 23033536353372343337 15 18 56 94 56 22  9 32 381.46251259.00
57 9151700 33743202020233030223 22 32  7  7  7  9 15 15 140.84247255.00
57 9161700 44737131713132717183 39 22  5  6  5  5 12  6 120.73252264.00
57 9171700 51720172737373017200  6  7  6 12 22 22 15  6 120.73258271.00
57 9181700 63730171020273027197 22 15  6  4  7 12 15 12 120.73273275.00
57 9191700 7131313171710 3 3 90  5  5  5  6  6  4  2  2  40.21290301.00
57 9201700 817 3131710232320127  6  2  5  6  4  9  9  7  60.31302302.00
57 9211700 92717137360676767390 12  6  5154 80111111111 741.87334327.00
57 9221700104757574780835070490 39 67 67 39207236 481321041.98302328.00
57 9231700118087777777676750580207300179179179111111 481642.09268294.00
57 9241700125050434753303320327 48 48 32 39 56 15 18  7 331.36238285.00
57 9251700133730474040171013233 22 15 39 27 27  6  4  5 181.05234261.00
57 92617001417272027272313 7160  6 12  7 12 12  9  5  3  80.42215270.00
57 927170015 3 3171013131017 87  2  2  6  4  5  5  4  6  40.10226259.00
57 9281700161337301310133013160  5 22 15  5  4  5 15  5 100.52242259.00
57 9291700174053504380878380517 27 56 48 322073002362071391.98242256.00
57 9301700186357535750504047417 94 67 56 67 48 48 27 39 561.67224262.00
5710 11700194340302037234337273 32 27 15  7 22  9 32 22 211.15236268.00
5710 21700203737171727231730203 22 22  6  6 12  9  6 15 120.73234252.00
5710 31700212720133337474330250 12  7  5 18 22 39 32 15 191.05242265.00
5710 41700223030232723273027217 15 15  9 12  9 12 15 12 120.73217237.00
5710 51700233030172320272720193 15 15  6  9  7 12 12  7 100.63219245.00
5710 617002417 310 7 0 0 3 3 43  6  2  4  3  0  0  2  2  20.00227250.00
5710 71700251020171717 72013120  4  7  6  6  6  3  7  5  60.21234253.00
5710 817002617 010 7 3 3 3 3 47  6  0  4  3  2  2  2  2  30.00244261.00
5710 9170027 317231723232023150  2  6  9  6  9  9  7  9  70.42267275.00
5710101701 13040403023303727257 15 27 27 15  9 15 22 12 181.05264275.00
5710111701 23343334337302323267 18 32 18 32 22 15  9  9 191.05232278.00
5710121701 32330273727271733220  9 15 12 22 12 12  6 18 130.84236284.00
5710131701 45053302327234340290 48 56 15  9 12  9 32 27 261.26244281.00
5710141701 54363575043534050400 32 94 67 48 32 56 27 48 501.67232289.00
5710151701 63320172330273320203 18  7  6  9 15 12 18  7 120.73264277.00
5710161701 713 3 3 7131317 3 73  5  2  2  3  5  5  6  2  40.10268289.00
5710171701 81313133027201013140  5  5  5 15 12  7  4  5  70.42251272.00
5710181701 917131713 7172713123  6  5  6  5  3  6 12  5  60.31222294.00
571019170110 713273317232717163  3  5 12 18  6  9 12  6  90.52217291.00
5710201701112023132020302740193  7  9  5  7  7 15 12 27 110.63230303.00
5710211701123327271727403767273 18 12 12  6 12 27 22111 281.26237282.00
5710221701134330373723332737267 32 15 22 22  9 18 12 22 191.05241274.00
5710231701145027373013204037253 48 12 22 15  5  7 27 22 201.05254295.00
5710241701152017202327173710170  7  6  7  9 12  6 22  4  90.52276280.00
5710251701162017203020132023163  7  6  7 15  7  5  7  9  80.42240259.00
5710261701173020132320131720157 15  7  5  9  7  5  6  7  80.42293266.00
5710271701182020202740332023203  7  7  7 12 27 18  7  9 120.73280296.00
5710281701194020333320302710213 27  7 18 18  7 15 12  4 140.84317323.00
5710291701203730373033273337263 22 15 22 15 18 12 18 22 181.05334342.00
5710301701213037473027202713230 15 22 39 15 12  7 12  5 160.94317344.00
5710311701221013172037101717140  4  5  6  7 22  4  6  6  80.42299318.00
5711 11701231333232317201717163  5 18  9  9  6  7  6  6  80.42266300.00
5711 21701241317202017101733147  5  6  7  7  6  4  6 18  70.42250289.00
5711 31701253313303333302310207 18  5 15 18 18 15  9  4 130.73232266.00
5711 417012613 010 7 3171313 77  5  0  4  3  2  6  5  5  40.10214236.00
5711 5170127 3 7 7 710171310 73  2  3  3  3  4  6  5  4  40.10201240.00
5711 61702 1 0 0131320275763193  0  0  5  5  7 12 67 94 241.15182239.00
5711 71702 27043333733272310277132 32 18 22 18 12  9  4 311.36177243.00
5711 81702 3 727373737303043247  3 12 22 22 22 15 15 32 181.05158235.00
5711 91702 44043473343403743327 27 32 39 18 32 27 22 32 291.36192230.00
5711101702 55043403737373330307 48 32 27 22 22 22 18 15 261.26226232.00
5711111702 64037403740272737283 27 22 27 22 27 12 12 22 211.15232246.00
5711121702 73727273740372027250 22 12 12 22 27 22  7 12 170.94231257.00
5711131702 82717232730232330200 12  6  9 12 15  9  9 15 110.63221250.00
5711141702 93727304040403737287 22 12 15 27 27 27 22 22 221.15210248.00
5711151702104040404030332727277 27 27 27 27 15 18 12 12 211.15177242.00
5711161702112723232727272313190 12  9  9 12 12 12  9  5 100.63179242.00
5711171702121717101317 7 730117  6  6  4  5  6  3  3 15  60.31181228.00
5711181702133740404347403023300 22 27 27 32 39 27 15  9 251.26185247.00
5711191702141730272730102020180  6 15 12 12 15  4  7  7 100.52194251.00
5711201702152020132730302723190  7  7  5 12 15 15 12  9 100.63207261.00
571121170216 3 013 313101320 77  2  0  5  2  5  4  5  7  40.10234274.00
57112217021720131010202320 3120  7  5  4  4  7  9  7  2  60.31263294.00
571123170218 3 7171727231330137  2  3  6  6 12  9  5 15  70.42251280.00
5711241702193033232027302723213 15 18  9  7 12 15 12  9 120.73238285.00
5711251702203340534333404043327 18 27 56 32 18 27 27 32 301.36211271.00
5711261702215050503743676763427 48 48 48 22 32111111 94 641.77199259.00
5711271702226363505033403340373 94 94 48 48 18 27 18 27 471.57201258.00
5711281702234043504340333333317 27 32 48 32 27 18 18 18 281.26215255.00
5711291702243740233333332023243 22 27  9 18 18 18  7  9 160.94215247.00
5711301702252730232330232010187 12 15  9  9 15  9  7  4 100.63184278.00
5712 11702264757473730272340307 39 67 39 22 15 12  9 27 291.36230295.00
5712 21702273037373737302020247 15 22 22 22 22 15  7  7 160.94217270.00
5712 31703 12023333337272023217  7  9 18 18 22 12  7  9 130.73230283.00
5712 41703 2301730302017 723173 15  6 15 15  7  6  3  9 100.52243278.00
5712 51703 34040403333374743313 27 27 27 18 18 22 39 32 261.26266273.00
5712 61703 44047374740433727317 27 39 22 39 27 32 22 12 281.26245271.00
5712 71703 52727474047272730270 12 12 39 27 39 12 12 15 211.15190234.00
5712 81703 63030272720172323197 15 15 12 12  7  6  9  9 110.63197242.00
5712 91703 73330273737372340263 18 15 12 22 22 22  9 27 181.05152229.00
5712101703 83737273333433743290 22 22 12 18 18 32 22 32 221.15148210.00
5712111703 93757534343374753370 22 67 56 32 32 22 39 56 411.57151211.00
5712121703104343404733404340330 32 32 27 39 18 27 32 27 291.36157209.00
5712131703113333275033473010263 18 18 12 48 18 39 15  4 221.15161222.00
5712141703123027231717101723163 15 12  9  6  6  4  6  9  80.52167228.00
5712151703132730304347473013267 12 15 15 32 39 39 15  5 221.15174236.00
5712161703143027232327233337223 15 12  9  9 12  9 18 22 130.84187252.00
5712171703153743472320303333267 22 32 39  9  7 15 18 18 201.05205278.00
5712181703163327233027271320200 18 12  9 15 12 12  5  7 110.63225291.00
5712191703172730274037304337270 12 15 12 27 22 15 32 22 201.05249293.00
5712201703183747303030273337270 22 39 15 15 15 12 18 22 201.05284333.00
5712211703192747402320202020217 12 39 27  9  7  7  7  7 140.84299348.00
571222170320232310 7 7 710 0 87  9  9  4  3  3  3  4  0  40.21316365.00
5712231703211313101310 7 7 7 80  5  5  4  5  4  3  3  3  40.10343377.00
571224170322 713 72723172317133  3  5  3 12  9  6  9  6  70.31355370.00
5712251703231333372730233737237  5 18 22 12 15  9 22 22 160.94355  0.03
5712261703242743333740303017257 12 32 18 22 27 15 15  6 181.05337356.00
5712271703252017101323132023140  7  6  4  5  9  5  7  9  60.31275342.00
5712281703261013 7 710101313 83  4  5  3  3  4  4  5  5  40.10260317.00
571229170327 3 7 71323131330110  2  3  3  5  9  5  5 15  60.31275282.00
5712301704 13330404740201013233 18 15 27 39 27  7  4  5 181.05274276.00
5712311704 24050575347535757413 27 48 67 56 39 56 67 67 531.67255280.00
