60 1 11731 413171313 7 3 3 3 73  5  6  5  5  3  2  2  2  40.10136  0.03
60 1 21731 5 7131013201317 7100  3  5  4  5  7  5  6  3  50.21141175.00
60 1 31731 62027131320201010133  7 12  5  5  7  7  4  4  60.31148182.00
60 1 41731 72020303030271013180  7  7 15 15 15 12  4  5 100.63160193.00
60 1 51731 83047403343332740293 15 39 27 18 32 18 12 27 241.15168213.00
60 1 61731 93733171317172013167 22 18  6  5  6  6  7  5  90.52174215.00
60 1 7173110 717232720171310133  3  6  9 12  7  6  5  4  60.31179224.00
60 1 81731112020 713 7131717113  7  7  3  5  3  5  6  6  50.21171219.00
60 1 917311213201310 7 3 710 83  5  7  5  4  3  2  3  4  40.10158201.00
60 1101731131323505347575753353  5  9 48 56 39 67 67 56 431.57139194.00
60 1111731144033474350403027310 27 18 39 32 48 27 15 12 271.26143200.00
60 1121731153323302333332737240 18  9 15  9 18 18 12 22 150.94123184.00
60 1131731162027201713133733180  7 12  7  6  5  5 22 18 100.63108178.00
60 1141731175343504740305357373 56 32 48 39 27 15 56 67 421.57118176.00
60 1151731186353373333332013287 94 56 22 18 18 18  7  5 301.36121183.00
60 1161731191023 3 3 7131037107  4  9  2  2  3  5  4 22  60.31119183.00
60 1171731203033231740331723217 15 18  9  6 27 18  6  9 140.84117179.00
60 1181731212023574743232727267  7  9 67 39 32  9 12 12 231.15103176.00
60 1191731223320102023201717160 18  7  4  7  9  7  6  6  80.42 87164.00
60 1201731231733304333402723247  6 18 15 32 18 27 12  9 170.94 94157.00
60 1211731246043405050505750400 80 32 27 48 48 48 67 48 501.67108162.00
60 1221731254033375030302027267 27 18 22 48 15 15  7 12 201.05134172.00
60 1231731262333372737333733260  9 18 22 12 22 18 22 18 181.05138188.00
60 1241731273337303737332727260 18 22 15 22 22 18 12 12 181.05136210.00
60 1251732 12327202023302713183  9 12  7  7  9 15 12  5 100.52152230.00
60 1261732 21723202317201020150  6  9  7  9  6  7  4  7  70.31209242.00
60 1271732 3303317272013 313157 15 18  6 12  7  5  2  5  90.52203248.00
60 1281732 42010101720102713127  7  4  4  6  7  4 12  5  60.31199252.00
60 1291732 53030333333171013200 15 15 18 18 18  6  4  5 120.73193237.00
60 1301732 6 3 0 313 3 3 3 0 30  2  0  2  5  2  2  2  0  20.00178230.00
60 1311732 7 310 7131010 3 3 60  2  4  3  5  4  4  2  2  30.10178223.00
60 2 11732 8 023233033201010150  0  9  9 15 18  7  4  4  80.42173225.00
60 2 21732 91020 72733374337213  4  7  3 12 18 22 32 22 150.84181213.00
60 2 31732102023273740373743263  7  9 12 22 27 22 22 32 191.05177215.00
60 2 41732113743333327233333263 22 32 18 18 12  9 18 18 181.05156209.00
60 2 517321213 7275043372733237  5  3 12 48 32 22 12 18 191.05149209.00
60 2 61732134747402323301320243 39 39 27  9  9 15  5  7 191.05145192.00
60 2 71732142027201710 3 0 3100  7 12  7  6  4  2  0  2  50.21123187.00
60 2 8173215 310273337271710163  2  4 12 18 22 12  6  4 100.63116183.00
60 2 91732163013 3 7 7172010107 15  5  2  3  3  6  7  4  60.31143183.00
60 2101732171027202317 7 7 0110  4 12  7  9  6  3  3  0  60.21143178.00
60 211173218 0 0102313273033137  0  0  4  9  5 12 15 18  80.42128175.00
60 2121732193317202017 7 3 0117 18  6  7  7  6  3  2  0  60.31116166.00
60 213173220 0 3202317 73050150  0  2  7  9  6  3 15 48 110.63106167.00
60 2141732215343373737374730320 56 32 22 22 22 22 39 15 291.36104167.00
60 21517322220 310 733372710147  7  2  4  3 18 22 12  4  90.52 94160.00
60 2161732233323233757533037293 18  9  9 22 67 56 15 22 271.26 84158.00
60 2171732243733433337303347293 22 18 32 18 22 15 18 39 231.15 73153.00
60 2181732255347473330334027310 56 39 39 18 15 18 27 12 281.26 60151.00
60 2191732262020333730404743270  7  7 18 22 15 27 39 32 211.15 44  0.03
60 2201732275040302730301727250 48 27 15 12 15 15  6 12 191.05 49142.00
60 2211733 13337434730403023283 18 22 32 39 15 27 15  9 221.15 56156.00
60 2221733 21013302723203027180  4  5 15 12  9  7 15 12 100.63 64149.00
60 2231733 31730232323331713180  6 15  9  9  9 18  6  5 100.52 68143.00
60 2241733 4102313 3 7 3 7 3 70  4  9  5  2  3  2  3  2  40.10 74140.00
60 2251733 510 01710 7 71017 77  4  0  6  4  3  3  4  6  40.10 89147.00
60 2261733 6 3 0102317301713113  2  0  4  9  6 15  6  5  60.31 96147.00
60 2271733 73747374033333027283 22 39 22 27 18 18 15 12 221.15 92147.00
60 2281733 8202023231317 7 7130  7  7  9  9  5  6  3  3  60.31 87140.00
60 2291733 93727333330233033247 22 12 18 18 15  9 15 18 160.94 83140.00
60 3 11733102733333333304730267 12 18 18 18 18 15 39 15 191.05 63137.00
60 3 21733114333473740273037293 32 18 39 22 27 12 15 22 231.15 57137.00
60 3 31733123040404037373030283 15 27 27 27 22 22 15 15 211.15 62138.00
60 3 41733132323202340433333240  9  9  7  9 27 32 18 18 160.94 66139.00
60 3 51733142327371733303030227  9 12 22  6 18 15 15 15 140.84 74140.00
60 3 61733153340233317202720213 18 27  9 18  6  7 12  7 130.73 79135.00
60 3 7173316 713101710 710 0 73  3  5  4  6  4  3  4  0  40.10108139.00
60 3 8173317 727373330272027207  3 12 22 18 15 12  7 12 130.73111141.00
60 3 91733182020273327302023200  7  7 12 18 12 15  7  9 110.63109143.00
60 3101733191723475027403723263  6  9 39 48 12 27 22  9 221.15109132.00
60 3111733203343405747474330340 18 32 27 67 39 39 32 15 341.36 82132.00
60 3121733212320232327231017167  9  7  9  9 12  9  4  6  80.42 68129.00
60 313173322201020 7 7201717117  7  4  7  3  3  7  6  6  50.21 85135.00
60 314173323132317271730 713147  5  9  6 12  6 15  3  5  80.42 76134.00
60 31517332423 0131330404757223  9  0  5  5 15 27 39 67 211.15 84137.00
60 3161733256367573730405043387 94111 67 22 15 27 48 32 521.67 98142.00
60 3171733263337434027334027280 18 22 32 27 12 18 27 12 211.15 86140.00
60 318173327273740272310 327193 12 22 27 12  9  4  2 12 120.73 85133.00
60 3191734 127172033332710 7173 12  6  7 18 18 12  4  3 100.63 95137.00
60 3201734 2102013101013 0 7 83  4  7  5  4  4  5  0  3  40.10 97143.00
60 3211734 3 31323203720 3 3123  2  5  9  7 22  7  2  2  70.42115145.00
60 3221734 4 71313132710 717107  3  5  5  5 12  4  3  6  50.21128150.00
60 3231734 52017 717 7 7 320 97  7  6  3  6  3  3  2  7  50.21145154.00
60 3241734 64030232317433327237 27 15  9  9  6 32 18 12 160.94123158.00
60 3251734 7 713171717 72030127  3  5  6  6  6  3  7 15  60.31128157.00
60 3261734 8301323231713 7 7133 15  5  9  9  6  5  3  3  70.31133  0.03
60 3271734 91330202713 3 3 3113  5 15  7 12  5  2  2  2  60.31138  0.03
60 328173410 013273727404340227  0  5 12 22 12 27 32 27 170.94139175.00
60 3291734114340433310171730233 32 27 32 18  4  6  6 15 181.05142181.00
60 3301734123723203027434043263 22  9  7 15 12 32 27 32 201.05151193.00
60 3311734134347507767807783523 32 39 481791112071792361291.98132182.00
60 4 117341487877080838787736533003001322072363003001542412.29154201.00
60 4 21734157060606353202743397132 80 80 94 56  7 12 32 621.77143184.00
60 4 31734166773705737334327407111154132 67 22 18 32 12 681.77152179.00
60 4 41734172743272737403757293 12 32 12 12 22 27 22 67 261.26162188.00
60 4 51734184357431747603013310 32 67 32  6 39 80 15  5 341.46156182.00
60 4 61734191023272027474040233  4  9 12  7 12 39 27 27 170.94143169.00
60 4 7173420333720 723475333253 18 22  7  3  9 39 56 18 221.15123165.00
60 4 81734214037333327332020243 27 22 18 18 12 18  7  7 160.94112147.00
60 4 91734223343373713131313203 18 32 22 22  5  5  5  5 140.84 98148.00
60 4101734232740373337304767317 12 27 22 18 22 15 39111 331.36103156.00
60 4111734244347303333332750297 32 39 15 18 18 18 12 48 251.26114159.00
60 4121734255757533730302740330 67 67 56 22 15 15 12 27 351.46139168.00
60 4131734264353572723273333297 32 56 67 12  9 12 18 18 281.26132179.00
60 4141734273733303323202033230 22 18 15 18  9  7  7 18 140.84149183.00
60 4151735 13760403327303017273 22 80 27 18 12 15 15  6 241.26156190.00
60 4161735 24033232750534343313 27 18  9 12 48 56 32 32 291.36152183.00
60 4171735 35747374023334040317 67 39 22 27  9 18 27 27 301.36124178.00
60 4181735 45333434323271320257 56 18 32 32  9 12  5  7 211.15116176.00
60 4191735 5202317 31310 0 0 87  7  9  6  2  5  4  0  0  40.10121170.00
60 4201735 6 0 310 710 3 0 3 37  0  2  4  3  4  2  0  2  20.00116175.00
60 4211735 7 0 3 01010131013 60  0  2  0  4  4  5  4  5  30.10123163.00
60 4221735 823101317 720 710107  9  4  5  6  3  7  3  4  50.21108160.00
60 4231735 91727202013172057190  6 12  7  7  5  6  7 67 150.84106166.00
60 4241735106767503750336063427111111 48 22 48 18 80 94 661.77102165.00
60 4251735116753535053475047420111 56 56 48 56 39 48 39 571.67 95147.00
60 4261735124333372727272340257 32 18 22 12 12 12  9 27 181.05 96143.00
60 4271735132717231723205770253 12  6  9  6  9  7 67132 311.36 82140.00
60 4281735147067706057536033470132111132 80 67 56 80 18 841.87 91142.00
60 4291735156360605047404743410 94 80 80 48 39 27 39 32 551.67 92153.00
60 4301735166767575787908070573111111 67 673004002071321742.09100161.00
60 5 11735176763574340333040373111 94 67 32 27 18 15 27 491.67 97152.00
60 5 21735182743303027303020237 12 32 15 15 12 15 15  7 150.94 97160.00
60 5 317351917202730232017 7160  6  7 12 15  9  7  6  3  80.42102158.00
60 5 417352010 3 71310102327103  4  2  3  5  4  4  9 12  50.21 96156.00
60 5 51735211720272017133337183  6  7 12  7  6  5 18 22 100.63 87152.00
60 5 61735223337375040537073393 18 22 22 48 27 56132154 601.77 93156.00
60 5 71735235760405060504353413 67 80 27 48 80 48 32 56 551.67125162.00
60 5 81735243363677380836367530 18 94111154207236 941111281.98135168.00
60 5 91735253037304033302017237 15 22 15 27 18 15  7  6 160.94142170.00
60 5101735262320232327233037207  9  7  9  9 12  9 15 22 120.73149170.00
60 5111735273767634033303740347 22111 94 27 18 15 22 27 421.57147180.00
60 5121736 12037434043371723260  7 22 32 27 32 22  6  9 201.05127179.00
60 5131736 22723172023273333203 12  9  6  7  9 12 18 18 110.73135170.00
60 5141736 33030403320271317210 15 15 27 18  7 12  5  6 130.84110162.00
60 5151736 4 0232737332017 7163  0  9 12 22 18  7  6  3 100.52 91162.00
60 5161736 51317202053636357307  5  6  7  7 56 94 94 67 421.57101155.00
60 5171736 63020373737271313213 15  7 22 22 22 12  5  5 140.84114151.00
60 5181736 71720201010171313120  6  7  7  4  4  6  5  5  60.21106153.00
60 5191736 820172317 7 71013113  7  6  9  6  3  3  4  5  50.21108153.00
60 5201736 9 723 3 7 710 310 70  3  9  2  3  3  4  2  4  40.10115160.00
60 52117361017 71317271313 7113  6  3  5  6 12  5  5  3  60.31109164.00
60 522173611 310 3 727171317 97  2  4  2  3 12  6  5  6  50.21118164.00
60 5231736121010132057475340250  4  4  5  7 67 39 56 27 261.26125163.00
60 5241736133747573737334340330 22 39 67 22 22 18 32 27 311.36147164.00
60 5251736144033272733373733267 27 18 12 12 18 22 22 18 191.05148163.00
60 5261736154340332723303040267 32 27 18 12  9 15 15 27 191.05124158.00
60 5271736165043201320172727217 48 32  7  5  7  6 12 12 160.94148166.00
60 5281736172317201310136043200  9  6  7  5  4  5 80 32 181.05142171.00
60 5291736187743403350475343387179 32 27 18 48 39 56 32 541.67138170.00
60 5301736192723374043401720247 12  9 22 27 32 27  6  7 181.05121170.00
60 5311736202023232330303037217  7  9  9  9 15 15 15 22 130.73111159.00
60 6 11736213760434740202313283 22 80 32 39 27  7  9  5 281.26100166.00
60 6 217362220 7101320131710110  7  3  4  5  7  5  6  4  50.21 90167.00
60 6 3173623 3 3101313272737133  2  2  4  5  5 12 12 22  80.42109167.00
60 6 41736244763634747404053400 39 94 94 39 39 27 27 56 521.67113172.00
60 6 51736255053475040333733343 48 56 39 48 27 18 22 18 341.46104170.00
60 6 61736264743375040302023290 39 32 22 48 27 15  7  9 251.26109175.00
60 6 71736273330303730173323233 18 15 15 22 15  6 18  9 150.84123185.00
60 6 81737 13043403730304047297 15 32 27 22 15 15 27 39 241.26113185.00
60 6 91737 24043372733274010257 27 32 22 12 18 12 27  4 191.05129181.00
60 6101737 31310101313202323127  5  4  4  5  5  7  9  9  60.31147178.00
60 6111737 427131710 7 710 7 97 12  5  6  4  3  3  4  3  50.21149171.00
60 6121737 510101717102020 7110  4  4  6  6  4  7  7  3  50.21151167.00
60 6131737 61717131313301313130  6  6  5  5  5 15  5  5  60.31131162.00
60 6141737 72017273747272013207  7  6 12 22 39 12  7  5 140.84138166.00
60 6151737 827 7333030232320193 12  3 18 15 15  9  9  7 110.63144166.00
60 6161737 9232323 7 713 710113  9  9  9  3  3  5  3  4  60.31138157.00
60 6171737102710 3 320332313133 12  4  2  2  7 18  9  5  70.42105153.00
60 6181737112723233733303023227 12  9  9 22 18 15 15  9 140.84 91139.00
60 6191737123033373730273027250 15 18 22 22 15 12 15 12 160.94 84140.00
60 620173713302723132323 717163 15 12  9  5  9  9  3  6  80.52 60133.00
60 6211737142743303027303030247 12 32 15 15 12 15 15 15 160.94 56131.00
60 6221737152740202720172733210 12 27  7 12  7  6 12 18 130.73 50130.00
60 6231737163730201723301723197 22 15  7  6  9 15  6  9 110.63 58136.00
60 6241737172023272727234030217  7  9 12 12 12  9 27 15 130.73 68132.00
60 6251737183720233033474753290 22  7  9 15 18 39 39 56 261.26 80140.00
60 6261737194747432323302733273 39 39 32  9  9 15 12 18 221.15 99155.00
60 6271737206767574320536053420111111 67 32  7 56 80 56 651.77116164.00
60 6281737214040476043404340353 27 27 39 80 32 27 32 27 361.46140184.00
60 6291737223743472320305367320 22 32 39  9  7 15 56111 361.46147190.00
60 6301737237063333327536040380132 94 18 18 12 56 80 27 551.67165194.00
60 7 11737244743473033304330303 39 32 39 15 18 15 32 15 261.26167208.00
60 7 21737253730403733202017233 22 15 27 22 18  7  7  6 160.94157207.00
60 7 31737262027233023333333223  7 12  9 15  9 18 18 18 130.84163210.00
60 7 41737274033433330373030277 27 18 32 18 15 22 15 15 201.05203212.00
60 7 51738 13327334033203327247 18 12 18 27 18  7 18 12 160.94168209.00
60 7 61738 23723234030201713203 22  9  9 27 15  7  6  5 120.73139200.00
60 7 71738 3 7101717 7171013 97  3  4  6  6  3  6  4  5  50.21133187.00
60 7 81738 41310 710 7 7 3 7 63  5  4  3  4  3  3  2  3  30.10134176.00
60 7 91738 5 7 71317 7 7 713 77  3  3  5  6  3  3  3  5  40.10123176.00
60 7101738 62720201713232723170 12  7  7  6  5  9 12  9  80.52108166.00
60 7111738 72723132720302727193 12  9  5 12  7 15 12 12 100.63 95153.00
60 7121738 82723302330201720190 12  9 15  9 15  7  6  7 100.63 83142.00
60 7131738 92730302023333023217 12 15 15  7  9 18 15  9 120.73 84135.00
60 7141738101337334037605063333  5 22 18 27 22 80 48 94 401.46 89139.00
60 7151738113037375063737780447 15 22 22 48 94154179207 931.98105146.00
60 7161738128367575043534740440236111 67 48 32 56 39 27 771.87132144.00
60 7171738135347432720332733283 56 39 32 12  7 18 12 18 241.26136153.00
60 7181738143027302733402017223 15 12 15 12 18 27  7  6 140.84140159.00
60 719173815 727506040405043317  3 12 48 80 27 27 48 32 351.46141156.00
60 7201738164020233750404347300 27  7  9 22 48 27 32 39 261.26137152.00
60 7211738172337231330201720183  9 22  9  5 15  7  6  7 100.63139153.00
60 7221738182330232027172033193  9 15  9  7 12  6  7 18 100.63135148.00
60 723173819472020 710101317143 39  7  7  3  4  4  5  6  90.52127151.00
60 7241738202320272327272023190  9  7 12  9 12 12  7  9 100.52105159.00
60 725173821 713 7 3 3 71317 70  3  5  3  2  2  3  5  6  40.10110148.00
60 7261738221313101323172040150  5  5  4  5  9  6  7 27  80.52 92149.00
60 72717382323132313171010 7117  9  5  9  5  6  4  4  3  60.31 90150.00
60 728173824 013132027101723123  0  5  5  7 12  4  6  9  60.31 80149.00
60 7291738254743402730504737320 39 32 27 12 15 48 39 22 291.36 94154.00
60 7301738264743275053303027307 39 32 12 48 56 15 15 12 291.36 82146.00
60 7311738275743535037433037350 67 32 56 48 22 32 15 22 371.46 83145.00
60 8 11739 12730303040171727217 12 15 15 15 27  6  6 12 140.84 75140.00
60 8 21739 22743302723303340253 12 32 15 12  9 15 18 27 181.05 58134.00
60 8 31739 32713172020201317147 12  5  6  7  7  7  5  6  70.31 36125.00
60 8 41739 42323203013 710 7133  9  9  7 15  5  3  4  3  70.31 30122.00
60 8 51739 5 71010 710 7 7 3 60  3  4  4  3  4  3  3  2  30.10 25126.00
60 8 61739 6 7 7232313202323140  3  3  9  9  5  7  9  9  70.31 24127.00
60 8 71739 730201717172713 0140 15  7  6  6  6 12  5  0  70.42 56134.00
60 8 81739 8 717372733373340230  3  6 22 12 18 22 18 27 160.94 58145.00
60 8 91739 93750474027232320267 22 48 39 27 12  9  9  7 221.15 76152.00
60 8101739102720373030332720223 12  7 22 15 15 18 12  7 140.84 94170.00
60 8111739112350334340373723287  9 48 18 32 27 22 22  9 231.15156187.00
60 8121739123343504737302023283 18 32 48 39 22 15  7  9 241.15201214.00
60 8131739131723172327172017160  6  9  6  9 12  6  7  6  80.42235234.00
60 8141739142023171720434033213  7  9  6  6  7 32 27 18 140.84236238.00
60 8151739153327232013171310157 18 12  9  7  5  6  5  4  80.42252240.00
60 81617391617 7 71763706360303  6  3  3  6 94132 94 80 521.67244241.00
60 8171739177777705343676357507179179132 56 32111 94 671061.98253247.00
60 8181739183730374727171713223 22 15 22 39 12  6  6  5 160.94257250.00
60 8191739192010203327434353250  7  4  7 18 12 32 32 56 211.15228234.00
60 8201739202347603030273333283  9 39 80 15 15 12 18 18 261.26204219.00
60 8211739214040475030374037320 27 27 39 48 15 22 27 22 281.26177201.00
60 8221739224727172317233323210 39 12  6  9  6  9 18  9 140.84168189.00
60 8231739232323201710232310150  9  9  7  6  4  9  9  4  70.42130171.00
60 82417392417102030 71313 7117  6  4  7 15  3  5  5  3  60.31113162.00
60 825173925 7 3 7 3101313 7 63  3  2  3  2  4  5  5  3  30.10131158.00
60 826173926 0 31010 7101320 73  0  2  4  4  3  4  5  7  40.10140162.00
60 8271739273327202320374733240 18 12  7  9  7 22 39 18 160.94109150.00
60 8281740 1274340102730 710193 12 32 27  4 12 15  3  4 140.84 98140.00
60 8291740 25067503343433750373 48111 48 18 32 32 22 48 451.57 97129.00
60 8301740 35770705040433020380 67132132 48 27 32 15  7 581.77 96129.00
60 8311740 43340433027171727233 18 27 32 15 12  6  6 12 160.94100132.00
60 9 11740 5 3 3 7 710 7 310 50  2  2  3  3  4  3  2  4  30.10103137.00
60 9 21740 6 720202033304357230  3  7  7  7 18 15 32 67 201.05105152.00
60 9 31740 75053673033272720307 48 56111 15 18 12 12  7 351.46 80149.00
60 9 41740 83747676067606780483 22 39111 80111 80111207 951.98 75142.00
60 9 51740 97377777750576053523154179179179 48 67 80 561181.98 83142.00
60 9 61740105350472317173050287 56 48 39  9  6  6 15 48 281.26100149.00
60 9 71740113330303757334340303 18 15 15 22 67 18 32 27 271.26110162.00
60 9 81740123733473330372710253 22 18 39 18 15 22 12  4 191.05121170.00
60 9 91740134040332727172730240 27 27 18 12 12  6 12 15 160.94138173.00
60 9101740142323233323373030223  9  9  9 18  9 22 15 15 130.84147175.00
60 9111740154333271020273033223 32 18 12  4  7 12 15 18 150.84145175.00
60 9121740163327332717271313190 18 12 18 12  6 12  5  5 110.63147177.00
60 9131740173750433723102737263 22 48 32 22  9  4 12 22 211.15160181.00
60 914174018504023231313 3 3170 48 27  9  9  5  5  2  2 130.84161181.00
60 915174019 3201313101010 7 87  2  7  5  5  4  4  4  3  40.10151178.00
60 91617402013 3 310131010 7 70  5  2  2  4  5  4  4  3  40.10128177.00
60 9171740211020 3 717203333143  4  7  2  3  6  7 18 18  80.42122185.00
60 9181740224743233723131313213 39 32  9 22  9  5  5  5 160.94153190.00
60 919174023131017101310 7 3 83  5  4  6  4  5  4  3  2  40.10166199.00
60 920174024 7 31313 7101327 93  3  2  5  5  3  4  5 12  50.21171195.00
60 92117402523 7102323202327157  9  3  4  9  9  7  9 12  80.42177189.00
60 922174026272317 723233327180 12  9  6  3  9  9 18 12 100.52189184.00
60 9231740273330403713131333213 18 15 27 22  5  5  5 18 140.84168175.00
60 9241741 15047474723373013293 48 39 39 39  9 22 15  5 271.26157162.00
60 9251741 21010 710 3132713 93  4  4  3  4  2  5 12  5  50.21141155.00
60 9261741 327132717 7132737167 12  5 12  6  3  5 12 22 100.52114148.00
60 9271741 44743402713102313217 39 32 27 12  5  4  9  5 170.94 97142.00
60 9281741 51017173313171010127  4  6  6 18  5  6  4  4  70.31 89132.00
60 9291741 610 3272047302340200  4  2 12  7 39 15  9 27 140.84 74124.00
60 9301741 74740373043374347323 39 27 22 15 32 22 32 39 281.26 44121.00
6010 11741 84360535350404353397 32 80 56 56 48 27 32 56 481.67 22115.00
6010 21741 94747575060574730393 39 39 67 48 80 67 39 15 491.67 34112.00
6010 31741102723275030271720220 12  9 12 48 15 12  6  7 150.94 22120.00
6010 417411117 7202733576757283  6  3  7 12 18 67111 67 361.46 53132.00
6010 51741124350403033373063327 32 48 27 15 18 22 15 94 341.36 70132.00
6010 61741136080738080838387627 802071542072072362363002032.19 92132.00
6010 71741149087777773705760590400300179179154132 67 801862.19113144.00
6010 81741155340505033304040337 56 27 48 48 18 15 27 27 331.36110143.00
6010 91741164057474047404050360 27 67 39 27 39 27 27 48 381.46128151.00
601010174117403717 7 3101330157 27 22  6  3  2  4  5 15 100.63140159.00
6010111741183737473327171723237 22 22 39 18 12  6  6  9 170.94133152.00
601012174119 7101020 7132027113  3  4  4  7  3  5  7 12  60.31116159.00
601013174120 71310 710 7 723 83  3  5  4  3  4  3  3  9  40.10123162.00
60101417412117 7 713 0 3 0 7 53  6  3  3  5  0  2  0  3  30.00106166.00
6010151741221023203037434333240  4  9  7 15 22 32 32 18 170.94 98165.00
6010161741232023171327 7 017123  7  9  6  5 12  3  0  6  60.31 98165.00
6010171741242710171723131717140 12  4  6  6  9  5  6  6  70.31103167.00
6010181741254337373033375340310 32 22 22 15 18 22 56 27 271.26 98154.00
6010191741262037232320201730190  7 22  9  9  7  7  6 15 100.63 96153.00
6010201741271030232720301727183  4 15  9 12  7 15  6 12 100.63 92149.00
6010211742 12710272013 31727143 12  4 12  7  5  2  6 12  80.42 82144.00
6010221742 2 3 713 3 3 3 3 0 37  2  3  5  2  2  2  2  0  20.00 60141.00
6010231742 3 3 0 7 3 3101713 57  2  0  3  2  2  4  6  5  30.10 54134.00
6010241742 4 3 7 71743604320200  2  3  3  6 32 80 32  7 211.15 49129.00
6010251742 52327575757777353423  9 12 67 67 67179154 56 761.87 62130.00
6010261742 66760605757474340430111 80 80 67 67 39 32 27 631.77 72132.00
6010271742 74747305343474353363 39 39 15 56 32 39 32 56 381.46 67132.00
6010281742 84757505350534330383 39 67 48 56 48 56 32 15 451.57 52122.00
6010291742 95037405750504043367 48 22 27 67 48 48 27 32 401.46 72131.00
6010301742104037475347403747347 27 22 39 56 39 27 22 39 341.36 82128.00
6010311742114733404037474733323 39 18 27 27 22 39 39 18 291.36 68127.00
6011 11742122730302323231733207 12 15 15  9  9  9  6 18 120.73 76124.00
6011 21742133027373033133037237 15 12 22 15 18  5 15 22 160.94 79129.00
6011 31742144327273330202747253 32 12 12 18 15  7 12 39 181.05 69130.00
6011 41742155757574753533747407 67 67 67 39 56 56 22 39 521.67 67131.00
6011 5174216374023202710 3 3163 22 27  9  7 12  4  2  2 110.63 77144.00
6011 6174217 010232317 32320120  0  4  9  9  6  2  9  7  60.31 90148.00
6011 717421830272717 7 3 0 0110 15 12 12  6  3  2  0  0  60.31116157.00
6011 8174219 0 02017 7 7 313 67  0  0  7  6  3  3  2  5  30.10132168.00
6011 91742201720202317 3 010110  6  7  7  9  6  2  0  4  50.21127175.00
601110174221 0 02323302310 7117  0  0  9  9 15  9  4  3  60.31137200.00
6011111742222333374733203027250  9 18 22 39 18  7 15 12 181.05134188.00
6011121742232010201750607780333  7  4  7  6 48 80179207 671.77116168.00
6011131742248787909087838063667300300400400300236207 942802.39122180.00
6011141742257347504027435340373154 39 48 27 12 32 56 27 491.67132192.00
6011151742265340433060606077423 56 27 32 15 80 80 80179 691.77133183.00
6011161742278383605357473333450236236 80 56 67 39 18 18 941.98121174.00
6011171743 13730333027374027260 22 15 18 15 12 22 27 12 181.05103164.00
6011181743 233201013 7 7 3 0 93 18  7  4  5  3  3  2  0  50.21 93153.00
6011191743 3 020132730 7 313113  0  7  5 12 15  3  2  5  60.31 83150.00
6011201743 42023232730271017177  7  9  9 12 15 12  4  6  90.52 82147.00
6011211743 51043574750506047363  4 32 67 39 48 48 80 39 451.57 72139.00
6011221743 65753473733272037310 67 56 39 22 18 12  7 22 301.36 66127.00
6011231743 72727372320101720180 12 12 22  9  7  4  6  7 100.63 59116.00
6011241743 83723331020203050223 22  9 18  4  7  7 15 48 160.94 52113.00
6011251743 94047535347434343370 27 39 56 56 39 32 32 32 391.46 42111.00
6011261743102743373337133027247 12 32 22 18 22  5 15 12 170.94 60117.00
6011271743112730333033404737277 12 15 18 15 18 27 39 22 211.15 58119.00
6011281743125047373337201310247 48 39 22 18 22  7  5  4 211.15 57117.00
6011291743133323172717131727173 18  9  6 12  6  5  6 12  90.52 64119.00
6011301743142030171017174057207  7 15  6  4  6  6 27 67 170.94 69131.00
6012 11743156380675053605760490 94207111 48 56 80 67 80 931.98 74136.00
6012 21743163740374050333337307 22 27 22 27 48 18 18 22 261.26 92145.00
6012 3174317234020271317 310153  9 27  7 12  5  6  2  4  90.52101152.00
6012 4174318 7 02017232320 7117  3  0  7  6  9  9  7  3  60.21111163.00
6012 51743191030133030233013180  4 15  5 15 15  9 15  5 100.63102159.00
6012 61743201027233743404340263  4 12  9 22 32 27 32 27 211.15104161.00
6012 71743212037232740175057270  7 22  9 12 27  6 48 67 251.26 94152.00
6012 81743224753374027171017247 39 56 22 27 12  6  4  6 221.15 99154.00
6012 91743232043333743333727273  7 32 18 22 32 18 22 12 201.05 97150.00
6012101743242727132020233320183 12 12  5  7  7  9 18  7 100.52103151.00
6012111743251013231727272730173  4  5  9  6 12 12 12 15  90.52102144.00
6012121743263030233027304043253 15 15  9 15 12 15 27 32 181.05101140.00
60121317432737373730331010 7200 22 22 22 15 18  4  4  3 140.84 92136.00
6012141744 1 0 720302320 710117  0  3  7 15  9  7  3  4  60.31101132.00
6012151744 22730334060535360357 12 15 18 27 80 56 56 80 431.57108138.00
6012161744 35757504737201323303 67 67 48 39 22  7  5  9 331.36103134.00
6012171744 4 717302017132020143  3  6 15  7  6  5  7  7  70.42 92125.00
6012181744 52740504733404027303 12 27 48 39 18 27 27 12 261.26 82118.00
6012191744 63333333727272740257 18 18 18 22 12 12 12 27 170.94 70115.00
6012201744 74040334027274740293 27 27 18 27 12 12 39 27 241.15 71118.00
6012211744 85030232333434047290 48 15  9  9 18 32 27 39 251.26 63116.00
6012221744 93740403727302737273 22 27 27 22 12 15 12 22 201.05 44106.00
6012231744103333303340202017227 18 18 15 18 27  7  7  6 140.84 35103.00
6012241744112327132337373040230  9 12  5  9 22 22 15 27 150.94 37106.00
6012251744123720172017 72717160 22  7  6  7  6  3 12  6  90.52 57111.00
6012261744134040402733201717233 27 27 27 12 18  7  6  6 160.94 48116.00
6012271744142040505050606350383  7 27 48 48 48 80 94 48 501.67 70125.00
6012281744154027335340373317280 27 12 18 56 27 22 18  6 231.15 86136.00
6012291744164033373323472720260 27 18 22 18  9 39 12  7 191.05 94145.00
6012301744172037332327404027247  7 22 18  9 12 27 27 12 170.94103159.00
6012311744181733373033373020237  6 18 22 15 18 22 15  7 150.94118163.00
