67 1 11825232323173033533323237  9  9  6 15 18 56 18  9 181.05 73124.40
67 1 21825242327131313102313137  9 12  5  5  5  4  9  5  70.31 96143.01
67 1 318252513231327333320 3167  5  9  5 12 18 18  7  2 100.52124154.00
67 1 4182526 0 3 3 0 7 31010 37  0  2  2  0  3  2  4  4  20.00148160.70
67 1 518252713 3 3 7 7 7 3 7 50  5  2  2  3  3  3  2  3  30.10150168.20
67 1 61826 1 3102720101320 7110  2  4 12  7  4  5  7  3  60.21148160.50
67 1 71826 2 7 3333743504753273  3  2 18 22 32 48 39 56 281.26134153.60
67 1 81826 36367636040503323400 94111 94 80 27 48 18  9 601.77116142.90
67 1 91826 42340232033301720207  9 27  9  7 18 15  6  7 120.73111144.70
67 1101826 520 3 3 3 3172020 90  7  2  2  2  2  6  7  7  40.21111145.60
67 1111826 63327302033403030243 18 12 15  7 18 27 15 15 160.94104139.80
67 1121826 710 0 3 3 3 0 7 3 30  4  0  2  2  2  0  3  2  20.00 97139.10
67 1131826 81020302057274357263  4  7 15  7 67 12 32 67 261.26 93138.10
67 1141826 97377605317131010313154179 80 56  6  5  4  4 611.77 85135.20
67 11518261030 7102327172327163 15  3  4  9 12  6  9 12  90.52 60126.60
67 1161826112727332020131713170 12 12 18  7  7  5  6  5  90.52 56120.20
67 11718261213131013 313 710 83  5  5  4  5  2  5  3  4  40.10 59116.90
67 1181826131313 3 713202013103  5  5  2  3  5  7  7  5  50.21 72117.40
67 11918261420 7 710 3102313 93  7  3  3  4  2  4  9  5  50.21 82116.40
67 1201826151323332327403323217  5  9 18  9 12 27 18  9 130.84 92127.00
67 1211826162030232320301010167  7 15  9  9  7 15  4  4  90.52125138.20
67 12218261723 01310 7 71310 83  9  0  5  4  3  3  5  4  40.10140139.90
67 12318261823172017 3 71013110  9  6  7  6  2  3  4  5  50.21152148.81
67 12418261910 3 0 0 3 3 313 37  4  2  0  0  2  2  2  5  20.00122146.80
67 125182620171310172010 7 7100  6  5  4  6  7  4  3  3  50.21133142.71
67 1261826211310132017 0 0 3 77  5  4  5  7  6  0  0  2  40.10136154.30
67 127182622 3 3 7171310 710 70  2  2  3  6  5  4  3  4  40.10130158.30
67 1281826232037373310132717193  7 22 22 18  4  5 12  6 120.73125156.20
67 12918262417172310 7 710 0 90  6  6  9  4  3  3  4  0  40.21122158.21
67 130182625 3 710 7 7 3 7 7 50  2  3  4  3  3  2  3  3  30.10132159.00
67 131182626 0 3 7 3 310 7 7 40  0  2  3  2  2  4  3  3  20.00110156.40
67 2 11826271317201710 7 0 3 87  5  6  7  6  4  3  0  2  40.10 93151.60
67 2 21827 1 0 0 7 7 3 313 7 40  0  0  3  3  2  2  5  3  20.00 88143.50
67 2 31827 2 0 0 017 3 01010 40  0  0  0  6  2  0  4  4  20.00 92138.70
67 2 41827 3 323202023332740190  2  9  7  7  9 18 12 27 110.73100137.31
67 2 51827 44730232033371710217 39 15  9  7 18 22  6  4 150.84 72146.81
67 2 61827 51023201317101033137  4  9  7  5  6  4  4 18  70.42 89148.80
67 2 71827 61710101317535763240  6  4  4  5  6 56 67 94 301.36138162.50
67 2 81827 76060474747374740383 80 80 39 39 39 22 39 27 461.57109148.30
67 2 91827 8332333 7 7 313 7127 18  9 18  3  3  2  5  3  80.42112145.90
67 2101827 9 013 3 7 7 0 0 0 30  0  5  2  3  3  0  0  0  20.00 97140.50
67 2111827101037373023102317187  4 22 22 15  9  4  9  6 110.73 96133.70
67 212182711 3 0 3 7 7 7 313 43  2  0  2  3  3  3  2  5  20.00 79132.90
67 213182712 7 0 3 7 3201717 73  3  0  2  3  2  7  6  6  40.10 77130.00
67 2141827131710101313 01313 90  6  4  4  5  5  0  5  5  40.10 58129.20
67 2151827141310 3 0 0 0 747 80  5  4  2  0  0  0  3 39  70.31 58126.40
67 2161827153733508070404737393 22 18 48207132 27 39 22 641.77 60124.90
67 2171827163340233030302027233 18 27  9 15 15 15  7 12 150.84 60122.21
67 2181827171723231317 0 3 0 97  6  9  9  5  6  0  2  0  50.21 70124.20
67 219182718 0 0131720232017110  0  0  5  6  7  9  7  6  50.21 67121.00
67 220182719 7171313 3131717100  3  6  5  5  2  5  6  6  50.21 74128.60
67 221182720 7 0102023232013117  3  0  4  7  9  9  7  5  60.21 82131.81
67 2221827212010132027172317147  7  4  5  7 12  6  9  6  70.42 86146.00
67 2231827223010173033334023217 15  4  6 15 18 18 27  9 140.84 84149.31
67 224182723 3 02013 7102313 90  2  0  7  5  3  4  9  5  40.21100162.20
67 2251827241043303020333327227  4 32 15 15  7 18 18 12 150.94106159.51
67 2261827254030202320232020197 27 15  7  9  7  9  7  7 110.63123173.31
67 227182726 3102020102320 3110  2  4  7  7  4  9  7  2  50.21186176.70
67 22818272710131317 7101013 93  4  5  5  6  3  4  4  5  40.21166180.20
67 3 11828 1202310 72317 7 3110  7  9  4  3  9  6  3  2  50.21172194.20
67 3 21828 2 010 7131713 717 83  0  4  3  5  6  5  3  6  40.10179197.81
67 3 31828 3 720103330201717153  3  7  4 18 15  7  6  6  80.42191196.41
67 3 41828 4171317 71717 723117  6  5  6  3  6  6  3  9  60.21172205.91
67 3 51828 52327231330272033197  9 12  9  5 15 12  7 18 110.63164179.21
67 3 61828 63023171020172320160 15  9  6  4  7  6  9  7  80.42157177.41
67 3 71828 7 0 3101730 71313 93  0  2  4  6 15  3  5  5  50.21137163.80
67 3 81828 8 0 0 3 7 3 313 7 37  0  0  2  3  2  2  5  3  20.00 98156.10
67 3 91828 910 7133027303040187  4  3  5 15 12 15 15 27 120.73 85157.90
67 310182810432717 7101013 3130 32 12  6  3  4  4  5  2  80.52 92148.40
67 311182811 0 010 3 7 3 0 3 27  0  0  4  2  3  2  0  2  20.00 89141.60
67 312182812 3 0 7 7 7 7 3 3 37  2  0  3  3  3  3  2  2  20.00 69134.30
67 31318281310 0172717171013110  4  0  6 12  6  6  4  5  50.21 53129.10
67 3141828142710 7 710101713100 12  4  3  3  4  4  6  5  50.21 50127.20
67 31518281510 7 3 3 0 3 3 7 37  4  3  2  2  0  2  2  3  20.00 52132.40
67 316182816 0 0 3 7 3131317 57  0  0  2  3  2  5  5  6  30.10 58132.10
67 317182817131710 310101713 93  5  6  4  2  4  4  6  5  40.21 74132.60
67 318182818 737273330633020247  3 22 12 18 15 94 15  7 231.15 75132.20
67 3191828193740271733534047293 22 27 12  6 18 56 27 39 261.26 73136.00
67 3201828203033202033202037213 15 18  7  7 18  7  7 22 130.73 86140.40
67 3211828214023 32023102030170 27  9  2  7  9  4  7 15 100.63 92147.20
67 322182822202313 3 3 7 7 3 80  7  9  5  2  2  3  3  2  40.10108149.51
67 323182823 0 0 0 3 7202727 83  0  0  0  2  3  7 12 12  40.21111155.70
67 324182824 7 3 0 32313 3 3 57  3  2  0  2  9  5  2  2  30.10121161.90
67 325182825 31013 713 710 7 70  2  4  5  3  5  3  4  3  40.10131169.20
67 32618282613 0 31017171017 87  5  0  2  4  6  6  4  6  40.10137163.91
67 3271828273733333037332730260 22 18 18 15 22 18 12 15 181.05122162.81
67 3281829 1132327273017 7 7150  5  9 12 12 15  6  3  3  80.42129180.70
67 3291829 210171017203010 7120  4  6  4  6  7 15  4  3  60.31133178.40
67 3301829 33027172020202337193 15 12  6  7  7  7  9 22 110.63132175.80
67 3311829 423 3 3 3 3 7 310 57  9  2  2  2  2  3  2  4  30.10125167.61
67 4 11829 513 0333737274737230  5  0 18 22 22 12 39 22 181.05105158.60
67 4 21829 6 710204037302320187  3  4  7 27 22 15  9  7 120.73 82141.00
67 4 31829 73013 7 7 3 7 713 87 15  5  3  3  2  3  3  5  50.21 63133.30
67 4 41829 81040272050232017207  4 27 12  7 48  9  7  6 150.84 60125.00
67 4 51829 92027303027272017197  7 12 15 15 12 12  7  6 110.63 68122.10
67 4 61829102730332730271313200 12 15 18 12 15 12  5  5 120.73 72119.00
67 4 71829112730201310172710153 12 15  7  5  4  6 12  4  80.42 86126.21
67 4 818291217171713 7131710110  6  6  6  5  3  5  6  4  50.21108135.70
67 4 918291330 0 71710 3 720 93 15  0  3  6  4  2  3  7  50.21 88133.30
67 4101829141720 7 713132313113  6  7  3  3  5  5  9  5  50.21 68130.30
67 411182915 3 3 31310101313 70  2  2  2  5  4  4  5  5  40.10 62131.11
67 4121829162330 7 3 3 3 0 7 77  9 15  3  2  2  2  0  3  40.21 51129.81
67 413182917 7 7 3 0 3 3 713 43  3  3  2  0  2  2  3  5  20.00 63126.80
67 414182918 7 313 7 710 7 7 60  3  2  5  3  3  4  3  3  30.10 48133.50
67 41518291910 3 7 310101713 73  4  2  3  2  4  4  6  5  40.10 51124.10
67 4161829201023202327303317183  4  9  7  9 12 15 18  6 100.63 32126.10
67 4171829213740132717 7 717163 22 27  5 12  6  3  3  6 100.63 42125.90
67 4181829222017131017171333140  7  6  5  4  6  6  5 18  70.42 58128.70
67 4191829234043403730273027273 27 32 27 22 15 12 15 12 201.05 56126.70
67 4201829242023131023102717143  7  9  5  4  9  4 12  6  70.42 52127.10
67 4211829252320201320231320153  9  7  7  5  7  9  5  7  70.42 64134.00
67 4221829263733473727302320253 22 18 39 22 12 15  9  7 181.05 76131.50
67 4231829273017101733535033243 15  6  4  6 18 56 48 18 211.15 98128.00
67 4241830 15050334037404030320 48 48 18 27 22 27 27 15 291.36 83130.50
67 4251830 233331717 710 713137 18 18  6  6  3  4  3  5  80.42 85132.90
67 4261830 3 310 71010 3 3 3 50  2  4  3  4  4  2  2  2  30.10 66125.40
67 4271830 410 7 7 3 3 7 710 53  4  3  3  2  2  3  3  4  30.10 66129.20
67 4281830 5 310 3 3 7 7 310 47  2  4  2  2  3  3  2  4  30.00 81135.10
67 4291830 610 3131017231717110  4  2  5  4  6  9  6  6  50.21 79137.50
67 4301830 717 71310 7 7 7 0 67  6  3  5  4  3  3  3  0  30.10 73135.30
67 5 11830 82027172313174743207  7 12  6  9  5  6 39 32 140.84 81136.60
67 5 21830 92720275333404047287 12  7 12 56 18 27 27 39 251.26 79131.80
67 5 31830106070537067675333473 80132 56132111111 56 18 871.87 62  0.02
67 5 41830113737172327171727200 22 22  6  9 12  6  6 12 120.73 62125.80
67 5 51830123020233010231727180 15  7  9 15  4  9  6 12 100.52 68128.10
67 5 6183013232710 710131320123  9 12  4  3  4  5  5  7  60.31 49122.80
67 5 71830143347473010 71010193 18 39 39 15  4  3  4  4 160.94 41119.70
67 5 81830151010101020202013113  4  4  4  4  7  7  7  5  50.21 18116.90
67 5 9183016101317131313 710 97  4  5  6  5  5  5  3  4  50.21 25113.60
67 5101830171317131327202020143  5  6  5  5 12  7  7  7  70.31 17109.40
67 5111830183730171310171733173 22 15  6  5  4  6  6 18 100.63 25106.10
67 5121830193340132313173033203 18 27  5  9  5  6 15 18 130.73 34109.70
67 5131830203347271720202027210 18 39 12  6  7  7  7 12 140.84 34107.30
67 5141830212717131023273030177 12  6  5  4  9 12 15 15 100.52 40108.61
67 5151830223313 01013102320123 18  5  0  4  5  4  9  7  60.31 43111.00
67 5161830232013131713101323123  7  5  5  6  5  4  5  9  60.31 44113.10
67 5171830243333201723202727200 18 18  7  6  9  7 12 12 110.63 44115.40
67 5181830252327231313131313140  9 12  9  5  5  5  5  5  70.31 55124.80
67 51918302627272713202010 7150 12 12 12  5  7  7  4  3  80.42 70135.61
67 52018302723131310 7101323113  9  5  5  4  3  4  5  9  60.21 80146.30
67 5211831 11010 310 7103323107  4  4  2  4  3  4 18  9  60.31 99160.31
67 5221831 2231013 7 3 3 3 0 63  9  4  5  3  2  2  2  0  30.10118182.70
67 5231831 3 717101310174033147  3  6  4  5  4  6 27 18  90.52145194.01
67 5241831 41713171723334323187  6  5  6  6  9 18 32  9 110.73159200.90
67 5251831 51720105383737790423  6  7  4 562361541794001301.98164210.70
67 5261831 69087736767374047507400300154111111 22 27 391462.09174218.91
67 5271831 74033332330174343263 27 18 18  9 15  6 32 32 201.05194213.80
67 5281831 82727435757676053390 12 12 32 67 67111 80 56 551.67197202.60
67 5291831 95767604050272023343 67111 80 27 48 12  7  9 451.57164188.30
67 5301831101720231757606357313  6  7  9  6 67 80 94 67 421.57150177.40
67 5311831117063502013374320317132 94 48  7  5 22 32  7 431.57147175.40
67 6 118311210 7 31013 713 7 70  4  3  2  4  5  3  5  3  40.10138174.60
67 6 21831131010132720333020163  4  4  5 12  7 18 15  7  90.52118158.01
67 6 31831142323171010232013140  9  9  6  4  4  9  7  5  70.31102150.40
67 6 418311520 7 72040273737193  7  3  3  7 27 12 22 22 130.73104148.40
67 6 51831162710133333206370270 12  4  5 18 18  7 94132 361.46 90138.70
67 6 61831178050201723204350303207 48  7  6  9  7 32 48 461.57 80130.50
67 6 71831186740371310 7 7 7187111 27 22  5  4  3  3  3 221.15 59119.10
67 6 8183119 710174037274037213  3  4  6 27 22 12 27 22 150.94 43110.10
67 6 91831203333302723101743217 18 18 15 12  9  4  6 32 140.84 26103.70
67 61018312130172710 7101013123 15  6 12  4  3  4  4  5  70.31 21 97.10
67 611183122 710 3 313233010100  3  4  2  2  5  9 15  4  60.21 20 96.90
67 6121831231010101020131020103  4  4  4  4  7  5  4  7  50.21 19 96.50
67 6131831242717171010171713127 12  6  6  4  4  6  6  5  60.31 19 99.80
67 6141831253327272040203033230 18 12 12  7 27  7 15 18 140.84 20103.80
67 615183126432723 710101313147 32 12  9  3  4  4  5  5  90.52 35107.20
67 6161831271310202017171313123  5  4  7  7  6  6  5  5  60.31 41111.80
67 6171832 117 7172320332033170  6  3  6  9  7 18  7 18  90.52 57112.00
67 6181832 2271010 3 3 7 3 7 70 12  4  4  2  2  3  2  3  40.10 64115.40
67 6191832 310 3 3 3232713 7 90  4  2  2  2  9 12  5  3  50.21 67119.00
67 6201832 4 71320 710 7 7 7 77  3  5  7  3  4  3  3  3  40.10 84121.30
67 6211832 5 310201010101013 87  2  4  7  4  4  4  4  5  40.10 79122.90
67 6221832 6 3132020231010 3103  2  5  7  7  9  4  4  2  50.21 83129.60
67 6231832 7 71310 3 3101020 77  3  5  4  2  2  4  4  7  40.10 80133.11
67 6241832 8 7 713 7 7 31017 70  3  3  5  3  3  2  4  6  40.10 99132.40
67 6251832 92720272020475350263 12  7 12  7  7 39 56 48 241.15 96133.10
67 6261832106037272320433330273 80 22 12  9  7 32 18 15 241.26 79127.80
67 6271832114350333710203023247 32 48 18 22  4  7 15  9 191.05 61131.50
67 6281832123013103323133310167 15  5  4 18  9  5 18  4 100.52 80136.70
67 629183213 320371017332020160  2  7 22  4  6 18  7  7  90.52 65133.40
67 6301832143323333027233030230 18  9 18 15 12  9 15 15 140.84 89126.10
67 7 11832152727404027333320247 12 12 27 27 12 18 18  7 170.94 85125.00
67 7 2183216333013 3 7 3 717113 18 15  5  2  3  2  3  6  70.31 89125.70
67 7 318321713 7 3 3 3 71713 67  5  3  2  2  2  3  6  5  40.10 92129.60
67 7 418321813171013 7201330123  5  6  4  5  3  7  5 15  60.31 95127.20
67 7 51832193327374033271727240 18 12 22 27 18 12  6 12 160.94 98123.70
67 7 61832201010 31030202337143  4  4  2  4 15  7  9 22  80.52 97116.60
67 7 71832214340201320131713180 32 27  7  5  7  5  6  5 120.73 82116.00
67 7 81832221713 3131010 7 3 77  6  5  2  5  4  4  3  2  40.10 82111.80
67 7 9183223 3 7 7 3 7101310 60  2  3  3  2  3  4  5  4  30.10 84109.70
67 710183224 3 310 710 31017 63  2  2  4  3  4  2  4  6  30.10 67105.80
67 7111832254030332740374330280 27 15 18 12 27 22 32 15 211.15 53107.10
67 7121832262727272013201717167 12 12 12  7  5  7  6  6  80.52 60106.10
67 713183227201310 7 7102730123  7  5  4  3  3  4 12 15  70.31 53113.80
67 7141833 11723272023101013143  6  9 12  7  9  4  4  5  70.42 70122.41
67 7151833 2 7 7 7 323303717130  3  3  3  2  9 15 22  6  80.42 87127.60
67 7161833 31327 7 7 3 7 710 80  5 12  3  3  2  3  3  4  40.21 80130.10
67 7171833 410 7 3 710102320 90  4  3  2  3  4  4  9  7  40.21 75129.60
67 7181833 51717202327131020147  6  6  7  9 12  5  4  7  70.42 78131.30
67 7191833 627 7 3 310101013 83 12  3  2  2  4  4  4  5  40.21 62128.60
67 7201833 71710101020131017107  6  4  4  4  7  5  4  6  50.21 42135.50
67 7211833 81013171310101710100  4  5  6  5  4  4  6  4  50.21 63140.20
67 7221833 9 710 7 7 7 71010 63  3  4  3  3  3  3  4  4  30.10 73152.40
67 723183310 7 7131320304747183  3  3  5  5  7 15 39 39 140.84 93161.80
67 7241833112723231710132717157 12  9  9  6  4  5 12  6  80.42 98176.40
67 7251833121313202713304023180  5  5  7 12  5 15 27  9 110.63108195.50
67 7261833132720 7131720 7 7117 12  7  3  5  6  7  3  3  60.31118199.90
67 727183314 3 31717 7 72013 87  2  2  6  6  3  3  7  5  40.10123213.20
67 7281833152313171730403320193  9  5  6  6 15 27 18  7 120.73157213.11
67 72918331633372713 3172040190 18 22 12  5  2  6  7 27 120.73155215.70
67 7301833174350471310 3 7 3177 32 48 39  5  4  2  3  2 170.94165211.60
67 731183318 3 3 3 0 3 3 3 3 23  2  2  2  0  2  2  2  2  20.00152188.90
67 8 1183319 7 7 317101713 3 77  3  3  2  6  4  6  5  2  40.10139176.60
67 8 2183320 3 3 013 3 3 313 43  2  2  0  5  2  2  2  5  20.00126166.70
67 8 3183321 0 3 3 310101020 60  0  2  2  2  4  4  4  7  30.10113163.50
67 8 418332210 7231030302317150  4  3  9  4 15 15  9  6  80.42 95149.31
67 8 51833233313132023231710153 18  5  5  7  9  9  6  4  80.42103155.41
67 8 6183324 720132010 72323123  3  7  5  7  4  3  9  9  60.31106155.40
67 8 718332527 7232013103033163 12  3  9  7  5  4 15 18  90.52 98150.20
67 8 81833263720302320172027193 22  7 15  9  7  6  7 12 110.63119143.40
67 8 918332713 7101327301017127  5  3  4  5 12 15  4  6  70.31107141.20
67 8101834 12330203033232037217  9 15  7 15 18  9  7 22 130.73 91136.70
67 8111834 23030373037504340297 15 15 22 15 22 48 32 27 241.26 94136.20
67 8121834 33713231313101320143 22  5  9  5  5  4  5  7  80.42 77138.91
67 8131834 410 7 31017232027117  4  3  2  4  6  9  7 12  60.31 75137.51
67 8141834 52327372313 72023173  9 12 22  9  5  3  7  9 100.52 66130.00
67 8151834 61317132323101720137  5  6  5  9  9  4  6  7  60.31 61127.40
67 8161834 72010132320232033163  7  4  5  9  7  9  7 18  80.42 77132.90
67 8171834 83033275037332023253 15 18 12 48 22 18  7  9 191.05 95148.30
67 8181834 93727372330233027233 22 12 22  9 15  9 15 12 140.84114157.10
67 8191834102323271720203020180  9  9 12  6  7  7 15  7  90.52110172.31
67 8201834112027272723301727197  7 12 12 12  9 15  6 12 110.63113172.90
67 8211834122013171720131710127  7  5  6  6  7  5  6  4  60.31120178.81
67 8221834131313101313171017107  5  5  4  5  5  6  4  6  50.21123178.50
67 82318341413171013 71027 7103  5  6  4  5  3  4 12  3  50.21122178.31
67 8241834152710172320201720153 12  4  6  9  7  7  6  7  70.42122169.90
67 8251834162027303023303040230  7 12 15 15  9 15 15 27 140.84130170.80
67 8261834173010201717233030177 15  4  7  6  6  9 15 15 100.52125172.00
67 8271834182023172317171323153  7  9  6  9  6  6  5  9  70.42121171.20
67 8281834191717131013231713123  6  6  5  4  5  9  6  5  60.31119169.90
67 8291834202713201320171727153 12  5  7  5  7  6  6 12  80.42111172.70
67 8301834211030301720173030183  4 15 15  6  7  6 15 15 100.63121164.00
67 8311834223320332327231323197 18  7 18  9 12  9  5  9 110.63129165.70
67 9 11834233333472343304047297 18 18 39  9 32 15 27 39 251.26123160.50
67 9 21834244030404330371710247 27 15 27 32 15 22  6  4 181.05115156.60
67 9 318342510 7172013171323120  4  3  6  7  5  6  5  9  60.31119147.00
67 9 418342617232713171013 7127  6  9 12  5  6  4  5  3  60.31121140.90
67 9 5183427171017 7 7 3 7 3 70  6  4  6  3  3  2  3  2  40.10125138.70
67 9 61835 11720 310 7101313 93  6  7  2  4  3  4  5  5  40.21120133.80
67 9 71835 2131017 723431710140  5  4  6  3  9 32  6  4  90.52109128.40
67 9 81835 317 3 72030233330163  6  2  3  7 15  9 18 15  90.52104133.90
67 9 91835 43337172717 72720183 18 22  6 12  6  3 12  7 110.63 99131.50
67 9101835 52313 3 3 7 3 3 3 60  9  5  2  2  3  2  2  2  30.10 95133.60
67 9111835 6 7 3 313 7 3 3 3 43  3  2  2  5  3  2  2  2  30.00 77131.80
67 9121835 7 3 7 3 720101710 77  2  3  2  3  7  4  6  4  40.10 79131.71
67 9131835 81740475033504330310  6 27 39 48 18 48 32 15 291.36 65127.60
67 9141835 92317303033303330227  9  6 15 15 18 15 18 15 140.84 51128.00
67 91518351033374317 7133323207 18 22 32  6  3  5 18  9 140.84 36130.40
67 9161835113737101723271317180 22 22  4  6  9 12  5  6 110.63 39126.40
67 917183512202013 713171313117  7  7  5  3  5  6  5  5  50.21 44126.70
67 91818351317 7 72737273727183  6  3  3 12 22 12 22 12 120.73 50128.70
67 9191835144730332033204030253 39 15 18  7 18  7 27 15 181.05 59127.70
67 9201835153740474753575053383 22 27 39 39 56 67 48 56 441.57 63130.60
67 9211835167073575750675350477132154 67 67 48111 56 48 851.87 67126.60
67 9221835174033 710202320 3157 27 18  3  4  7  9  7  2 100.52 62124.60
67 923183518 3 7101317 7 3 7 67  2  3  4  5  6  3  2  3  40.10 55123.80
67 924183519 710 72017232323130  3  4  3  7  6  9  9  9  60.31 51131.80
67 92518352023 310 7 7102330113  9  2  4  3  3  4  9 15  60.31 61134.10
67 926183521 7 313 3 3 72720 83  3  2  5  2  2  3 12  7  40.21 53134.40
67 9271835222013 7 717131010 97  7  5  3  3  6  5  4  4  50.21 50137.30
67 9281835232047505337435043343  7 39 48 56 22 32 48 32 361.46 71134.60
67 9291835245353534740475047390 56 56 56 39 27 39 48 39 451.57 66131.70
67 9301835255043474753502023333 48 32 39 39 56 48  7  9 351.46 74131.70
6710 118352640232330231313 0167 27  9  9 15  9  5  5  0 100.63 76139.70
6710 218352710101013 7 72710 93  4  4  4  5  3  3 12  4  50.21 77135.00
6710 31836 11017201320132727147  4  6  7  5  7  5 12 12  70.42 95131.50
6710 41836 21713 7 3 3 3 727 80  6  5  3  2  2  2  3 12  40.21 98129.90
6710 51836 31723201717232010147  6  9  7  6  6  9  7  4  70.31103125.70
6710 61836 4173010171710 317120  6 15  4  6  6  4  2  6  60.31 98129.90
6710 71836 52313172323231010143  9  5  6  9  9  9  4  4  70.31 92125.80
6710 81836 6 0 3102743273327170  0  2  4 12 32 12 18 12 120.73 76121.50
6710 91836 73020173013234353230 15  7  6 15  5  9 32 56 181.05 80122.10
6710101836 85047334047404343343 48 39 18 27 39 27 32 32 331.36 82127.30
6710111836 91720132040432717197  6  7  5  7 27 32 12  6 130.73 90136.50
67101218361043403730 7371040243 32 27 22 15  3 22  4 27 191.05 65135.40
6710131836114023 71720202023170 27  9  3  6  7  7  7  9  90.52 55130.80
6710141836121017302320304037207  4  6 15  9  7 15 27 22 130.84 63127.80
671015183613402013 710171013130 27  7  5  3  4  6  4  5  80.42 47122.60
67101618361420201010 3 71717103  7  7  4  4  2  3  6  6  50.21 41118.00
6710171836151023302027173023180  4  9 15  7 12  6 15  9 100.52 38117.30
6710181836161720232313 7 727137  6  7  9  9  5  3  3 12  70.31 50113.30
6710191836171323 313101010 7 90  5  9  2  5  4  4  4  3  40.21 62119.30
67102018361813 3 7 710 310 3 57  5  2  3  3  4  2  4  2  30.10 83131.20
671021183619 0 0 0 3 0 7 0 0 10  0  0  0  2  0  3  0  0  10.00 80130.10
671022183620 0 3 31020173027110  0  2  2  4  7  6 15 12  60.31 85137.30
6710231836213323231320 72013153 18  9  9  5  7  3  7  5  80.42101139.40
671024183622 0101313231010 7 87  0  4  5  5  9  4  4  3  40.10 93141.30
671025183623 7 3 710 3 710 7 53  3  2  3  4  2  3  4  3  30.10114142.10
671026183624 310 3 7 7 3 7 7 47  2  4  2  3  3  2  3  3  30.00125148.20
671027183625 717232730332717180  3  6  9 12 15 18 12  6 100.63125161.11
6710281836262730374733333753297 12 15 22 39 18 18 22 56 251.26156177.00
6710291836273030274053503323287 15 15 12 27 56 48 18  9 251.26137163.40
6710301837 13353371710131310187 18 56 22  6  4  5  5  4 150.84132159.51
6710311837 210 3 320371323 3113  4  2  2  7 22  5  9  2  70.31116148.60
6711 11837 3 0 310 3 3102013 63  0  2  4  2  2  4  7  5  30.10115140.30
6711 21837 42320202017203730187  9  7  7  7  6  7 22 15 100.63122140.90
6711 31837 52717202743534737270 12  6  7 12 32 56 39 22 231.15113137.50
6711 41837 6373017202710 320163 22 15  6  7 12  4  2  7  90.52110130.50
6711 51837 72723302020273710193 12  9 15  7  7 12 22  4 110.63 91121.80
6711 61837 813131713 3 71013 90  5  5  6  5  2  3  4  5  40.21 51119.60
6711 71837 9 010101010 7 3 3 53  0  4  4  4  4  3  2  2  30.10 48113.10
6711 81837103733173020304343253 22 18  6 15  7 15 32 32 181.05 27112.80
6711 918371127202020303030 7183 12  7  7  7 15 15 15  3 100.63 34111.10
6711101837121010 7 3201013 7 80  4  4  3  2  7  4  5  3  40.10 41117.30
6711111837131317101010104757173  5  6  4  4  4  4 39 67 170.94 38124.11
6711121837143040433320374733283 15 27 32 18  7 22 39 18 221.15 56132.70
6711131837153040273023303737253 15 27 12 15  9 15 22 22 170.94 77134.70
6711141837163327332013302010187 18 12 18  7  5 15  7  4 110.63 95136.90
671115183717 310171023373333167  2  4  6  4  9 22 18 18 100.63 98142.90
6711161837182333231723201317170  9 18  9  6  9  7  5  6  90.52119151.80
671117183719 7 7 3 0 3 0 3 3 27  3  3  2  0  2  0  2  2  20.00121154.90
67111818372010 7 7 7 3 7 3 3 47  4  3  3  3  2  3  2  2  30.00134156.90
671119183721 717 7 7 31310 0 63  3  6  3  3  2  5  4  0  30.10131166.70
6711201837221010 3 3 0 3 0 0 30  4  4  2  2  0  2  0  0  20.00116166.00
671121183723 0 0 3 010 71737 73  0  0  2  0  4  3  6 22  50.21 95161.40
6711221837241333403037132013200  5 18 27 15 22  5  7  5 130.73 92159.40
6711231837251723102030131727157  6  9  4  7 15  5  6 12  80.42103156.60
6711241837264340433027232733267 32 27 32 15 12  9 12 18 201.05108152.60
6711251837273313172330272327193 18  5  6  9 15 12  9 12 110.63128154.70
6711261838 13717101323231723163 22  6  4  5  9  9  6  9  90.52109157.90
6711271838 21330232317172717167  5 15  9  9  6  6 12  6  80.52105155.01
6711281838 33340402017332337243 18 27 27  7  6 18  9 22 170.94112157.20
6711291838 433333043332013 7213 18 18 15 32 18  7  5  3 140.84117150.31
6711301838 51723332017204333207  6  9 18  7  6  7 32 18 130.73123144.41
6712 11838 63337405333375053337 18 22 27 56 18 22 48 56 331.36131140.00
6712 21838 75743272023101023213 67 32 12  7  9  4  4  9 181.05126131.50
6712 31838 8 7 7172030232030153  3  3  6  7 15  9  7 15  80.42 89120.50
6712 41838 92723171710131023140 12  9  6  6  4  5  4  9  70.31 79126.30
6712 51838101020 71017273350173  4  7  3  4  6 12 18 48 130.73 79121.60
6712 61838112337233740403343277  9 22  9 22 27 27 18 32 211.15 89130.30
6712 71838124330373337403320273 32 15 22 18 22 27 18  7 201.05126127.60
6712 81838133737433030405337307 22 22 32 15 15 27 56 22 261.26131129.60
6712 9183814301717 730303020180 15  6  6  3 15 15 15  7 100.63117130.00
6712101838153020202310 7 7 7123 15  7  7  9  4  3  3  3  60.31114127.70
67121118381627 7 3 3 3 3 0 3 50 12  3  2  2  2  2  0  2  30.10132136.60
6712121838171723 713 7171720120  6  9  3  5  3  6  6  7  60.31135139.10
67121318381817131310 3101713 97  6  5  5  4  2  4  6  5  50.21137143.00
671214183819101010101020 3 7 80  4  4  4  4  4  7  2  3  40.10140153.41
6712151838203727201313202330183 22 12  7  5  5  7  9 15 100.63151164.30
6712161838212330102320201720163  9 15  4  9  7  7  6  7  80.42160181.31
6712171838222327373030201313193  9 12 22 15 15  7  5  5 110.63172202.00
6712181838232737402740403320263 12 22 27 12 27 27 18  7 191.05170212.41
6712191838242343233340375357310  9 32  9 18 27 22 56 67 301.36129205.40
6712201838254050374747434717327 27 48 22 39 39 32 39  6 321.36141201.50
6712211838263027233730402727240 15 12  9 22 15 27 12 12 160.94130198.00
6712221838272020272727203040210  7  7 12 12 12  7 15 27 120.73105182.30
6712231839 14733272330273323243 39 18 12  9 15 12 18  9 160.94101164.00
6712241839 217 3101317132310107  6  2  4  5  6  5  9  4  50.21 91152.90
6712251839 313 313 310 3 310 60  5  2  5  2  4  2  2  4  30.10111159.40
6712261839 417131010233020 7130  6  5  4  4  9 15  7  3  70.31142165.31
6712271839 5271023173330 710157 12  4  9  6 18 15  3  4  90.52140177.01
6712281839 61010 7 3 7 72723 93  4  4  3  2  3  3 12  9  50.21165184.10
6712291839 7331710 710 7 313100 18  6  4  3  4  3  2  5  60.31141176.50
6712301839 81323202027272323177  5  9  7  7 12 12  9  9  90.52124158.90
6712311839 93753535357606053427 22 56 56 56 67 80 80 56 591.77119152.61
