71 1 118792630171013 71717 3113 15  6  4  5  3  6  6  2  60.31 68130.50
71 1 21879272737403740303027267 12 22 27 22 27 15 15 12 191.05 67134.80
71 1 31880 13743404740435343347 22 32 27 39 27 32 56 32 331.36 65134.70
71 1 41880 24033372733302720247 27 18 22 12 18 15 12  7 160.94 69140.20
71 1 51880 32023272027202327187  7  9 12  7 12  7  9 12  90.52 63146.10
71 1 61880 4201017 710 71310 93  7  4  6  3  4  3  5  4  40.21 64146.90
71 1 71880 5 3 0 3 3 3 3 0 0 17  2  0  2  2  2  2  0  0  10.00 67150.20
71 1 81880 6 0 0 0 0 0 3 0 0  3  0  0  0  0  0  2  0  0  00.00 79149.10
71 1 91880 7 0 0 0 0 0 3 7 0 10  0  0  0  0  0  2  3  0  10.00 89152.81
71 1101880 8 7 3101013103320107  3  2  4  4  5  4 18  7  60.31 80152.10
71 1111880 9131323171730 727147  5  5  9  6  6 15  3 12  80.42 76149.00
71 11218801017 3 3 7 313 7 3 57  6  2  2  3  2  5  3  2  30.10 91150.50
71 1131880111317132023101020127  5  6  5  7  9  4  4  7  60.31 82148.10
71 114188012202727202727 313163  7 12 12  7 12 12  2  5  90.52 78153.90
71 1151880132020332020171320163  7  7 18  7  7  6  5  7  80.42 64153.70
71 116188014271027201713 720140 12  4 12  7  6  5  3  7  70.42 67156.41
71 117188015 310132327171717127  2  4  5  9 12  6  6  6  60.31 76155.30
71 1181880162013173347372727220  7  5  6 18 39 22 12 12 150.94102160.30
71 1191880172720131727303340207 12  7  5  6 12 15 18 27 130.73109165.80
71 1201880184353404737402730317 32 56 27 39 22 27 12 15 291.36120169.21
71 1211880192727372727302020213 12 12 22 12 12 15  7  7 120.73131178.70
71 12218802030303017 3 31730160 15 15 15  6  2  2  6 15 100.52125180.60
71 12318802127232010 7131713130 12  9  7  4  3  5  6  5  60.31120182.90
71 1241880221723102323 73337173  6  9  4  9  9  3 18 22 100.63120177.00
71 12518802340272017132017 7160 27 12  7  6  5  7  6  3  90.52112168.61
71 126188024 7 0 0 0 3 7 3 3 23  3  0  0  0  2  3  2  2  20.00109164.90
71 127188025 347604347504040330  2 39 80 32 39 48 27 27 371.46121166.70
71 1281880264747404037504060360 39 39 27 27 22 48 27 80 391.46109166.20
71 1291880275040173023201720217 48 27  6 15  9  7  6  7 160.94108160.70
71 1301881 13350335030203743297 18 48 18 48 15  7 22 32 261.26 95163.00
71 1311881 23027472730273727250 15 12 39 12 15 12 22 12 170.94103170.10
71 2 11881 33027403330401713230 15 12 27 18 15 27  6  5 160.94 90165.60
71 2 21881 43020 71717203027167 15  7  3  6  6  7 15 12  90.52 85160.50
71 2 31881 5231713 7 7 7 7 3 83  9  6  5  3  3  3  3  2  40.10 81154.70
71 2 41881 6 3 3 31010201317 80  2  2  2  4  4  7  5  6  40.10 80148.61
71 2 51881 71313 717 7 3 710 77  5  5  3  6  3  2  3  4  40.10 73144.70
71 2 61881 82310231717171313133  9  4  9  6  6  6  5  5  60.31 78143.70
71 2 71881 91323201310171323133  5  9  7  5  4  6  5  9  60.31 82133.40
71 2 81881102727132317233030190 12 12  5  9  6  9 15 15 100.63 64123.20
71 2 9188111203030233030 317183  7 15 15  9 15 15  2  6 100.63 45110.40
71 21018811220 3131323333327167  7  2  5  5  9 18 18 12 100.52 40109.50
71 21118811313 0 320 3231727107  5  0  2  7  2  9  6 12  50.21 62109.70
71 2121881141313201023232017140  5  5  7  4  9  9  7  6  60.31 57110.50
71 2131881152710 7 7 0 3 3 3 60 12  4  3  3  0  2  2  2  40.10 65113.20
71 214188116 310233343404027220  2  4  9 18 32 27 27 12 160.94 64114.80
71 2151881173330373333504753317 18 15 22 18 18 48 39 56 291.36 69117.11
71 2161881186043333327373737307 80 32 18 18 12 22 22 22 281.26 69129.80
71 2171881193727302727232033223 22 12 15 12 12  9  7 18 130.84 71132.60
71 2181881202330272027272337213  9 15 12  7 12 12  9 22 120.73 81130.40
71 219188121273727201013 717157 12 22 12  7  4  5  3  6  90.52 96138.51
71 2201881222730132013132720163 12 15  5  7  5  5 12  7  80.52 97136.21
71 221188123172027172320 710140  6  7 12  6  9  7  3  4  70.31101136.10
71 22218812417 72317 0 0 3 0 67  6  3  9  6  0  0  2  0  30.10104143.60
71 2231881251020201017334340193  4  7  7  4  6 18 32 27 130.84102143.20
71 22418812620 7131723232353180  7  3  5  6  9  9  9 56 130.73101147.50
71 2251881275030333757536047367 48 15 18 22 67 56 80 39 431.57 98146.40
71 2261882 15363374030332323303 56 94 22 27 15 18  9  9 311.36 87143.20
71 2271882 23323101027232333183 18  9  4  4 12  9  9 18 100.63 85140.00
71 2281882 32033171010 7 7 3107  7 18  6  4  4  3  3  2  60.31 84136.60
71 3 11882 417202010 710 3 7 93  6  7  7  4  3  4  2  3  40.21 83129.20
71 3 21882 5 323 7 0 7101317 80  2  9  3  0  3  4  5  6  40.10 93125.80
71 3 31882 62320231313203723173  9  7  9  5  5  7 22  9  90.52 84121.70
71 3 41882 74033273327232710220 27 18 12 18 12  9 12  4 140.84 72116.01
71 3 51882 8232017101713 3 3107  9  7  6  4  6  5  2  2  50.21 63113.70
71 3 61882 91017 31710 71313 90  4  6  2  6  4  3  5  5  40.21 52109.10
71 3 718821017 7 7 3 7171310 80  6  3  3  2  3  6  5  4  40.10 48105.20
71 3 81882114040173030302323233 27 27  6 15 15 15  9  9 150.94 44104.00
71 3 918821210232727 71013 7123  4  9 12 12  3  4  5  3  60.31 37104.50
71 3101882133020373337371717227 15  7 22 18 22 22  6  6 150.84 41107.00
71 311188214 73017272313 0 7123  3 15  6 12  9  5  0  3  70.31 49109.50
71 3121882151013102033334060220  4  5  4  7 18 18 27 80 201.05 68115.30
71 3131882163337435047575343363 18 22 32 48 39 67 56 32 391.46 76112.50
71 3141882173333435037334050320 18 18 32 48 22 18 27 48 291.36 71111.70
71 3151882185047432327372320270 48 39 32  9 12 22  9  7 221.15 72110.30
71 3161882194030202323332730227 27 15  7  9  9 18 12 15 140.84 79114.50
71 3171882203020272310272023180 15  7 12  9  4 12  7  9  90.52 79116.10
71 31818822127201013 7132020130 12  7  4  5  3  5  7  7  60.31 76114.20
71 3191882221727103037302747223  6 12  4 15 22 15 12 39 160.94 64109.10
71 320188223374040231013 720190 22 27 27  9  4  5  3  7 130.73 53106.31
71 32118822410 01010 3 31010 57  4  0  4  4  2  2  4  4  30.10 58112.60
71 322188225 710 3 0 7 313 3 47  3  4  2  0  3  2  5  2  30.00 55112.40
71 323188226 0 0 3 3 7172013 63  0  0  2  2  3  6  7  5  30.10 51108.20
71 3241882271320373017233737213  5  7 22 15  6  9 22 22 140.84 51107.80
71 3251883 12720403717232020203 12  7 27 22  6  9  7  7 120.73 48108.30
71 3261883 23323433027302713227 18  9 32 15 12 15 12  5 150.84 50107.80
71 3271883 32023272030172020177  7  9 12  7 15  6  7  7  90.52 55108.50
71 3281883 413 3 0 0 3 310 7 40  5  2  0  0  2  2  4  3  20.00 52106.20
71 3291883 5 3 013 3 3 0 7 7 37  2  0  5  2  2  0  3  3  20.00 49103.40
71 3301883 61313 31020173737150  5  5  2  4  7  6 22 22  90.52 54100.90
71 3311883 74743402343434317300 39 32 27  9 32 32 32  6 261.26 54102.90
71 4 11883 83330472310131710183 18 15 39  9  4  5  6  4 120.73 58100.50
71 4 21883 9 3 7132327271317130  2  3  5  9 12 12  5  6  70.31 57107.60
71 4 31883103723273713173343230 22  9 12 22  5  6 18 32 160.94 59109.00
71 4 41883115340332033474337307 56 27 18  7 18 39 32 22 271.26 56107.70
71 4 51883122013102017304330183  7  5  4  7  6 15 32 15 110.73 62108.30
71 4 61883133337333317202327223 18 22 18 18  6  7  9 12 140.84 58107.31
71 4 7188314203020 7 3 7 720113  7 15  7  3  2  3  3  7  60.31 59113.20
71 4 818831510 7131320132023120  4  3  5  5  7  5  7  9  60.31 61110.10
71 4 91883162040575760576040390  7 27 67 67 80 67 80 27 531.67 47108.90
71 4101883174353403340374340330 32 56 27 18 27 22 32 27 301.36 54109.80
71 4111883183050434733403727307 15 48 32 39 18 27 22 12 271.26 51124.10
71 4121883193723171727173020187 22  9  6  6 12  6 15  7 100.63 85129.70
71 4131883201720232727201313160  6  7  9 12 12  7  5  5  80.42103139.61
71 4141883213320101343404777283 18  7  4  5 32 27 39179 391.46125141.00
71 4151883226747274347273340330111 39 12 32 39 12 18 27 361.46123140.01
71 4161883234037302330202330233 27 22 15  9 15  7  9 15 150.84109139.60
71 41718832420302723 3 3 730143  7 15 12  9  2  2  3 15  80.42102139.90
71 4181883253023131717302037187 15  9  5  6  6 15  7 22 110.63102137.21
71 4191883263030231710131317153 15 15  9  6  4  5  5  6  80.42110138.41
71 420188327 7201313 7 720 3 90  3  7  5  5  3  3  7  2  40.21106136.80
71 4211884 1 0 7172027374363213  0  3  6  7 12 22 32 94 221.15 98128.90
71 4221884 24730172027233323220 39 15  6  7 12  9 18  9 140.84 82120.50
71 4231884 3 723203013173730177  3  9  7 15  5  6 22 15 100.63 55117.51
71 4241884 41310 3 3 7 3 3 3 47  5  4  2  2  3  2  2  2  30.00 50109.11
71 4251884 5 0 3 0 0 3 3 7 0 17  0  2  0  0  2  2  3  0  10.00 48106.00
71 4261884 6 7 3 3 323231020 93  3  2  2  2  9  9  4  7  50.21 53104.80
71 4271884 71323272313132023157  5  9 12  9  5  5  7  9  80.42 51101.70
71 4281884 82737302350501717250 12 22 15  9 48 48  6  6 211.15 49 97.50
71 4291884 93020171720171333167 15  7  6  6  7  6  5 18  90.52 45 95.80
71 430188410372723131720 7 3147 22 12  9  5  6  7  3  2  80.42 36 94.80
71 5 1188411132713 713132720133  5 12  5  3  5  5 12  7  70.31 47 95.30
71 5 21884124747432017131713217 39 39 32  7  6  5  6  5 170.94 49 99.60
71 5 3188413132310 320232337153  5  9  4  2  7  9  9 22  80.52 54106.20
71 5 41884143733 7 7131010 7123 22 18  3  3  5  4  4  3  80.42 61112.60
71 5 51884152010 01010303323137  7  4  0  4  4 15 18  9  80.42 66117.90
71 5 61884163733476353535750393 22 18 39 94 56 56 67 48 501.67 66125.60
71 5 71884175057434033474040350 48 67 32 27 18 39 27 27 361.46 72131.10
71 5 81884182023333323303327223  7  9 18 18  9 15 18 12 130.84 70132.70
71 5 91884193030232317302727207 15 15  9  9  6 15 12 12 120.73 69138.30
71 5101884203733301717172313187 22 18 15  6  6  6  9  5 110.63 73135.81
71 511188421172710 3 7 3 310 80  6 12  4  2  3  2  2  4  40.21 71135.31
71 51218842210 7 7 010 3 723 67  4  3  3  0  4  2  3  9  40.10 74130.20
71 5131884232010 7 010131310 83  7  4  3  0  4  5  5  4  40.10 78125.00
71 5141884242727103027373333223 12 12  4 15 12 22 18 18 140.84 78122.30
71 5151884254330271317271323193 32 15 12  5  6 12  5  9 120.73 76118.00
71 51618842610 7 3 3 3102330 90  4  3  2  2  2  4  9 15  50.21 74116.10
71 5171884275037606063676353453 48 22 80 80 94111 94 56 731.87 65112.80
71 5181885 16053474743473717350 80 56 39 39 32 39 22  6 391.46 56111.20
71 5191885 23020272323232023190 15  7 12  9  9  9  7  9 100.52 48109.81
71 5201885 320 3133013 7 310100  7  2  5 15  5  3  2  4  50.21 45106.00
71 5211885 417 3 020202710 3100  6  2  0  7  7 12  4  2  50.21 43102.00
71 5221885 520171313 7101013103  7  6  5  5  3  4  4  5  50.21 35 93.40
71 5231885 637232317 7233323187 22  9  9  6  3  9 18  9 110.63 20 89.70
71 5241885 71713101313233023143  6  5  4  5  5  9 15  9  70.42 20 88.90
71 5251885 81317171317172323140  5  6  6  5  6  6  9  9  60.31 27 92.30
71 5261885 93027271717201720173 15 12 12  6  6  7  6  7  90.52 36 93.70
71 527188510 7 0 3 7 3 3 3 7 33  3  0  2  3  2  2  2  3  20.00 49103.90
71 528188511 0 3 3 313102310 67  0  2  2  2  5  4  9  4  40.10 64107.00
71 5291885122010 7 310132027110  7  4  3  2  4  5  7 12  60.21 67108.50
71 5301885132720334350302723253 12  7 18 32 48 15 12  9 191.05 68110.30
71 5311885141710131010 710 3 80  6  4  5  4  4  3  4  2  40.10 63111.60
71 6 1188515 710434040434040263  3  4 32 27 27 32 27 27 221.15 49110.10
71 6 21885164043374340375340333 27 32 22 32 27 22 56 27 311.36 61108.30
71 6 31885175047472030333723287 48 39 39  7 15 18 22  9 251.26 60107.80
71 6 41885182323331713201727173  9  9 18  6  5  7  6 12  90.52 55107.30
71 6 51885192323131310132317137  9  9  5  5  4  5  9  6  60.31 43106.20
71 6 618852017202313131310 3113  6  7  9  5  5  5  4  2  50.21 28105.00
71 6 7188521 310 3 3 710 717 60  2  4  2  2  3  4  3  6  30.10 29101.50
71 6 81885222327231713131710143  9 12  9  6  5  5  6  4  70.42 38101.80
71 6 9188523 3 3 7 7 71710 7 60  2  2  3  3  3  6  4  3  30.10 28100.90
71 610188524 0 3 72017131310 83  0  2  3  7  6  5  5  4  40.10 24 97.50
71 611188525132017201713 713120  5  7  6  7  6  5  3  5  60.21 26 96.00
71 612188526 7131013 3 3 7 7 63  3  5  4  5  2  2  3  3  30.10 30 93.30
71 613188527 3 313 337332713133  2  2  5  2 22 18 12  5  80.52 23 93.70
71 6141886 1132317101713 710110  5  9  6  4  6  5  3  4  50.21 32 94.00
71 6151886 2 7132313 7 71320103  3  5  9  5  3  3  5  7  50.21 20 91.30
71 6161886 313 7101720131323117  5  3  4  6  7  5  5  9  60.21 36 90.80
71 6171886 4131730373023 710167  5  6 15 22 15  9  3  4 100.63 40 93.10
71 6181886 51717301713 71017127  6  6 15  6  5  3  4  6  60.31 40 95.40
71 6191886 61010 7 3 3 3 3 0 40  4  4  3  2  2  2  2  0  20.00 28 94.60
71 6201886 7 7101317 3 3 7 7 67  3  4  5  6  2  2  3  3  40.10 35 94.20
71 6211886 8 0 7131317131317 93  0  3  5  5  6  5  5  6  40.21 35 95.20
71 6221886 91020 01023201317113  4  7  0  4  9  7  5  6  50.21 38 98.40
71 623188610202023272320 7 3143  7  7  9 12  9  7  3  2  70.42 49 94.90
71 624188611 7 710 313 72720 93  3  3  4  2  5  3 12  7  50.21 58105.30
71 6251886122733374050534050330 12 18 22 27 48 56 27 48 321.36 69110.10
71 6261886133330333723131013193 18 15 18 22  9  5  4  5 120.73 88115.90
71 627188614171010101310 710 87  6  4  4  4  5  4  3  4  40.10103122.50
71 628188615 3 7101730273030153  2  3  4  6 15 12 15 15  90.52106131.11
71 6291886162033233340405043283  7 18  9 18 27 27 48 32 231.15110141.10
71 6301886173317201727232030187 18  6  7  6 12  9  7 15 100.63112148.80
71 7 11886183033232323132323193 15 18  9  9  9  5  9  9 100.63 95145.10
71 7 21886193730273037231730230 22 15 12 15 22  9  6 15 140.84 97139.40
71 7 31886202313171320171327143  9  5  6  5  7  6  5 12  70.31 98130.50
71 7 4188621302013 713131727140 15  7  5  3  5  5  6 12  70.42 95134.70
71 7 51886221717171713132723143  6  6  6  6  5  5 12  9  70.31 84134.60
71 7 6188623371710 710232723153 22  6  4  3  4  9 12  9  90.52 79127.00
71 7 7188624 7 7 3 7 7 71010 57  3  3  2  3  3  3  4  4  30.10 74122.50
71 7 818862510302013 7232330157  4 15  7  5  3  9  9 15  80.52 68116.71
71 7 9188626332320 3 3 31313113 18  9  7  2  2  2  5  5  60.31 58107.70
71 71018862713 7 0 0 3 710 3 43  5  3  0  0  2  3  4  2  20.00 45108.50
71 7111887 11017 71013271713113  4  6  3  4  5 12  6  5  60.31 48108.71
71 7121887 22310101313203023143  9  4  4  5  5  7 15  9  70.42 58109.60
71 7131887 32717301717232713170 12  6 15  6  6  9 12  5  90.52 54111.20
71 7141887 41720232727201313160  6  7  9 12 12  7  5  5  80.42 61113.90
71 7151887 52033202020131313153  7 18  7  7  7  5  5  5  80.42 82125.60
71 7161887 61713171720171317130  6  5  6  6  7  6  5  6  60.31 93125.30
71 7171887 7231310 317 7 3 3 80  9  5  4  2  6  3  2  2  40.10 87121.50
71 7181887 8 323131730201313133  2  9  5  6 15  7  5  5  70.31 78121.00
71 7191887 9302713 713131317133 15 12  5  3  5  5  5  6  70.42104126.91
71 720188710 7 3 0 72020 7 7 70  3  2  0  3  7  7  3  3  40.10 91118.80
71 7211887111717132737534737247  6  6  5 12 22 56 39 22 211.15 97113.60
71 722188712433013 3 7 713 7123 32 15  5  2  3  3  5  3  80.52116115.70
71 7231887131010132023202333153  4  4  5  7  9  7  9 18  80.42 83121.30
71 7241887143010 7 71313 7 7 93 15  4  3  3  5  5  3  3  50.21112134.50
71 725188715 7 7 3 31710 7 7 60  3  3  2  2  6  4  3  3  30.10112121.40
71 726188716 0 0 31013375747167  0  0  2  4  5 22 67 39 170.94 84122.30
71 7271887173313202720231317167 18  5  7 12  7  9  5  6  90.52 75119.00
71 72818871823302313 3 7 3 3107  9 15  9  5  2  3  2  2  60.31 72116.70
71 729188719 0 0 71313202337113  0  0  3  5  5  7  9 22  60.31 70114.30
71 7301887202720203023101713160 12  7  7 15  9  4  6  5  80.42 72116.30
71 7311887211717232323103720170  6  6  9  9  9  4 22  7  90.52 69113.20
71 8 11887221710131010132323120  6  4  5  4  4  5  9  9  60.31 72109.70
71 8 21887234047432723101717223 27 39 32 12  9  4  6  6 170.94 61109.20
71 8 318872420 7 3 313101010 77  7  3  2  2  5  4  4  4  40.10 58106.40
71 8 41887251720172320132313147  6  7  6  9  7  5  9  5  70.31 48106.40
71 8 518872640434313 7 3 720177 27 32 32  5  3  2  3  7 140.84 45106.90
71 8 6188727 0 0 0 0 3 71013 33  0  0  0  0  2  3  4  5  20.00 38105.00
71 8 71888 1 3 0 71310171727 93  2  0  3  5  4  6  6 12  50.21 44102.60
71 8 81888 22737232323231327197 12 22  9  9  9  9  5 12 110.63 58108.61
71 8 91888 32317171323302330177  9  6  6  5  9 15  9 15  90.52 62112.10
71 8101888 43330271020272030197 18 15 12  4  7 12  7 15 110.63 64109.70
71 8111888 53040234033231717223 15 27  9 27 18  9  6  6 150.84 62104.70
71 8121888 6232037233320 710173  9  7 22  9 18  7  3  4 100.63 60102.10
71 8131888 7232027101013 717127  9  7 12  4  4  5  3  6  60.31 59101.90
71 8141888 81710 3 71013 713 80  6  4  2  3  4  5  3  5  40.10 58100.70
71 8151888 9 3 7101323131323107  2  3  4  5  9  5  5  9  50.21 52 97.30
71 8161888101737132317201313153  6 22  5  9  6  7  5  5  80.42 49 98.80
71 817188811 7 7 71717171753140  3  3  3  6  6  6  6 56 110.63 52103.60
71 8181888124337132723331320210 32 22  5 12  9 18  5  7 140.84 63110.50
71 819188813231310 7 310 3 3 73  9  5  4  3  2  4  2  2  40.10 65126.20
71 820188814 310 3 0 3171320 70  2  4  2  0  2  6  5  7  40.10 84141.10
71 8211888151323201717232727167  5  9  7  6  6  9 12 12  80.42102150.30
71 8221888162717232017231333173 12  6  9  7  6  9  5 18  90.52100151.20
71 8231888174330272323172013197 32 15 12  9  9  6  7  5 120.73108148.60
71 8241888182017131317202327150  7  6  5  5  6  7  9 12  70.42 97157.60
71 8251888191717101717201330140  6  6  4  6  6  7  5 15  70.31 91143.50
71 8261888203317332713132717180 18  6 18 12  5  5 12  6 100.63 82138.80
71 82718882117 7 7 0 310 713 63  6  3  3  0  2  4  3  5  30.10 57135.31
71 82818882210 3 31020302013110  4  2  2  4  7 15  7  5  60.31 40123.60
71 829188823271013 72320 713120 12  4  5  3  9  7  3  5  60.31 29112.00
71 83018882427 71010 7171030117 12  3  4  4  3  6  4 15  60.31 21103.30
71 8311888255047434027274750330 48 39 32 27 12 12 39 48 321.36 21 96.30
71 9 11888263730272017172320190 22 15 12  7  6  6  9  7 100.63 22 90.30
71 9 2188827 3 3 3 0 0 3 3 7 23  2  2  2  0  0  2  2  3  20.00 19 90.10
71 9 31889 12313171320 710 3107  9  5  6  5  7  3  4  2  50.21 26 92.50
71 9 41889 2 3 0 7 7 3233343120  2  0  3  3  2  9 18 32  90.52 29 92.61
71 9 51889 33033302730303023233 15 18 15 12 15 15 15  9 140.84 42 95.20
71 9 61889 41013302737301330190  4  5 15 12 22 15  5 15 120.73 71101.81
71 9 71889 54337302720303743267 32 22 15 12  7 15 22 32 201.05 74107.30
71 9 81889 63037273317132317197 15 22 12 18  6  5  9  6 120.73 59103.50
71 9 91889 717 7102330231023143  6  3  4  9 15  9  4  9  70.42 47 98.30
71 9101889 82723171013 3 313110 12  9  6  4  5  2  2  5  60.31 22 91.80
71 9111889 91320132017131313123  5  7  5  7  6  5  5  5  60.31 16 89.30
71 91218891020272330 3101720150  7 12  9 15  2  4  6  7  80.42 27 91.60
71 9131889114737432027202717237 39 22 32  7 12  7 12  6 170.94 45 98.90
71 91418891220232720 7202330170  7  9 12  7  3  7  9 15  90.52 60108.10
71 9151889132313203327172313170  9  5  7 18 12  6  9  5  90.52 72113.51
71 9161889142720273017131340187 12  7 12 15  6  5  5 27 110.63 64112.50
71 9171889152717132020102750183 12  6  5  7  7  4 12 48 130.73 80116.50
71 9181889166067535730373020353 80111 56 67 15 22 15  7 471.57 85116.60
71 9191889171327301713272020167  5 12 15  6  5 12  7  7  90.52 73113.10
71 9201889183033273733234023247 15 18 12 22 18  9 27  9 160.94 60110.30
71 9211889192010 3 310132313 97  7  4  2  2  4  5  9  5  50.21 62109.21
71 9221889201720 3 7 7 71013 83  6  7  2  3  3  3  4  5  40.10 69110.30
71 923188921 0 310 3 313 0 3 37  0  2  4  2  2  5  0  2  20.00 61108.10
71 924188922 0 0 0 0 7173733 93  0  0  0  0  3  6 22 18  60.31 36106.30
71 9251889233357474740302020293 18 67 39 39 27 15  7  7 271.26 30109.20
71 9261889242317131313274363213  9  6  5  5  5 12 32 94 211.15 26111.90
71 9271889256353474740373723347 94 56 39 39 27 22 22  9 381.46 40116.60
71 9281889263023303020132013180 15  9 15 15  7  5  7  5 100.52 56116.60
71 929188927271013 710102020117 12  4  5  3  4  4  7  7  60.31 62114.81
71 9301890 11723303340474743280  6  9 15 18 27 39 39 32 231.15 70116.90
7110 11890 24743402727302337273 39 32 27 12 12 15  9 22 211.15 63114.60
7110 21890 34037373730332740280 27 22 22 22 15 18 12 27 211.15 58114.20
7110 31890 45043272333371723253 48 32 12  9 18 22  6  9 201.05 48113.41
7110 41890 53327232723133037213 18 12  9 12  9  5 15 22 130.73 37109.10
7110 51890 64037331730232037237 27 22 18  6 15  9  7 22 160.94 52106.10
7110 61890 74733133330501023240 39 18  5 18 15 48  4  9 201.05 42102.40
7110 71890 81717 31310205050180  6  6  2  5  4  7 48 48 160.94 43 98.30
7110 81890 94353273743302320277 32 56 12 22 32 15  9  7 231.15 44 98.10
7110 91890104360534043403737353 32 80 56 27 32 27 22 22 371.46 40 99.50
71101018901123302320 7172017157  9 15  9  7  3  6  7  6  80.42 37 95.40
7110111890121713231737332323187  6  5  9  6 22 18  9  9 100.63 26 94.50
7110121890131317 0 320372730147  5  6  0  2  7 22 12 15  90.52 35 94.90
7110131890143330303017373023230 18 15 15 15  6 22 15  9 140.84 33 91.00
7110141890152713131030172333167 12  5  5  4 15  6  9 18  90.52 30 89.90
7110151890163323 72020171020150 18  9  3  7  7  6  4  7  80.42 21 89.80
7110161890171313 310201017 0 87  5  5  2  4  7  4  6  0  40.10 24 89.30
711017189018 3 31310 7 31013 63  2  2  5  4  3  2  4  5  30.10 28 94.70
711018189019 710 3 3 0 710 0 40  3  4  2  2  0  3  4  0  20.00 39 99.10
71101918902010 3 7 0 3 3 010 37  4  2  3  0  2  2  0  4  20.00 42109.80
711020189021 7 3101017101713 87  3  2  4  4  6  4  6  5  40.10 66115.61
7110211890221710 710 7101720 97  6  4  3  4  3  4  6  7  50.21 73119.31
711022189023 710371310273017150  3  4 22  5  4 12 15  6  90.52 74122.21
711023189024 3 0 7 727232320110  2  0  3  3 12  9  9  7  60.31 78123.90
7110241890252327272743202717210  9 12 12 12 32  7 12  6 130.73 81125.71
711025189026271713 720172017137 12  6  5  3  7  6  7  6  60.31 87124.30
711026189027 0 0 0 0 0 7 720 33  0  0  0  0  0  3  3  7  20.00 82119.30
7110271891 11710 7 7 3 7 710 67  6  4  3  3  2  3  3  4  40.10 79116.10
7110281891 2 317273027304347223  2  6 12 15 12 15 32 39 170.94 69110.50
7110291891 35047333323374340307 48 39 18 18  9 22 32 27 271.26 62105.10
7110301891 4434337201723 7 3193 32 32 22  7  6  9  3  2 140.84 52107.50
7110311891 5201313 7 72013 7100  7  5  5  3  3  7  5  3  50.21 59106.20
7111 11891 6272713101010 710113 12 12  5  4  4  4  3  4  60.31 73109.50
7111 21891 7 3 0 3 7 71017 7 53  2  0  2  3  3  4  6  3  30.10 69111.70
7111 31891 8 710 7 710 3 7 3 53  3  4  3  3  4  2  3  2  30.10 62115.20
7111 41891 923171310131717 7117  9  6  5  4  5  6  6  3  60.21 66112.81
7111 51891101010101317131013 97  4  4  4  5  6  5  4  5  50.21 69116.00
7111 618911113 0 7 3 7 3 710 50  5  0  3  2  3  2  3  4  30.00 64109.50
7111 7189112173320172713 0 3130  6 18  7  6 12  5  0  2  70.42 53104.60
7111 81891131717171720233323167  6  6  6  6  7  9 18  9  80.52 58100.70
7111 91891141710 7 7 71310 3 73  6  4  3  3  3  5  4  2  40.10 56101.60
7111101891151313 7 3 7172020100  5  5  3  2  3  6  7  7  50.21 49102.71
7111111891164040202027204327237 27 27  7  7 12  7 32 12 160.94 45104.60
7111121891173320331010172323170 18  7 18  4  4  6  9  9  90.52 46102.60
711113189118 7 713 7 710 3 3 57  3  3  5  3  3  4  2  2  30.10 42103.30
711114189119 3 0 0 0 0 0 313 20  2  0  0  0  0  0  2  5  10.00 30103.10
71111518912013 3 0 3 0 0 7 7 33  5  2  0  2  0  0  3  3  20.00 28101.10
71111618912110 3 3 7 0 3 3 3 33  4  2  2  3  0  2  2  2  20.00 26104.70
711117189122 0 0 0 0 0 010 7 17  0  0  0  0  0  0  4  3  10.00 42105.40
711118189123273317131713 310133 12 18  6  5  6  5  2  4  70.42 45104.10
711119189124101710 727301317130  4  6  4  3 12 15  5  6  70.31 48107.60
711120189125 7171323 7202320130  3  6  5  9  3  7  9  7  60.31 50113.00
7111211891261717272730173033197  6  6 12 12 15  6 15 18 110.63 62114.91
7111221891274340474030334353330 32 27 39 27 15 18 32 56 311.36 74118.81
7111231892 15750603340434353380 67 48 80 18 27 32 32 56 451.57 78120.40
7111241892 25350433350403347350 56 48 32 18 48 27 18 39 361.46 86121.61
7111251892 34760575040434040377 39 80 67 48 27 32 27 27 431.57 87121.71
7111261892 437404340302730 3250 22 27 32 27 15 12 15  2 191.05 97128.81
7111271892 52023131717272023160  7  9  5  6  6 12  7  9  80.42102128.10
7111281892 62720233323133013183 12  7  9 18  9  5 15  5 100.63106125.61
7111291892 72013 7 713172013110  7  5  3  3  5  6  7  5  50.21 99117.20
7111301892 81713101317 3 720100  6  5  4  5  6  2  3  7  50.21 84114.11
7112 11892 917171717 7172023133  6  6  6  6  3  6  7  9  60.31 63116.91
7112 2189210 710 0 720271017 97  3  4  0  3  7 12  4  6  50.21 65109.41
7112 31892111720372723333310200  6  7 22 12  9 18 18  4 120.73 55109.70
7112 418921220271720 7201727153  7 12  6  7  3  7  6 12  80.42 41106.20
7112 51892131710171320 7 310 97  6  4  6  5  7  3  2  4  50.21 59111.71
7112 61892141317 3 3 0 0 7 7 50  5  6  2  2  0  0  3  3  30.00 82111.80
7112 7189215 0 7 0 0 0 7 7 0 20  0  3  0  0  0  3  3  0  10.00 84113.01
7112 818921617 3 3 71010 3 7 60  6  2  2  3  4  4  2  3  30.10 86114.70
7112 918921717271023 7202323150  6 12  4  9  3  7  9  9  70.42100121.20
71121018921817 0 0 01313 7 3 53  6  0  0  0  5  5  3  2  30.00101122.41
711211189219 7 0 01010272327103  3  0  0  4  4 12  9 12  60.21102122.21
7112121892201710 7 7 0273040137  6  4  3  3  0 12 15 27  90.52 98124.00
7112131892213323302723272733223 18  9 15 12  9 12 12 18 130.84 86118.71
711214189222 710 71310 3 0 3 53  3  4  3  5  4  2  0  2  30.10 84118.51
71121518922320 7 7 7 71010 0 67  7  3  3  3  3  4  4  0  30.10 89117.31
711216189224 3 3 010 3 73343103  2  2  0  4  2  3 18 32  80.42 89117.60
7112171892255353433343707353423 56 56 32 18 32132154 56 671.77111131.20
7112181892263740305043272720273 22 27 15 48 32 12 12  7 221.15117134.60
711219189227 713333723302310177  3  5 18 22  9 15  9  4 110.63108134.40
7112201893 1 3 0 0 0 3 72027 60  2  0  0  0  2  3  7 12  30.10102135.20
7112211893 21310101023204037163  5  4  4  4  9  7 27 22 100.63 89135.70
7112221893 33033333040333733270 15 18 18 15 27 18 22 18 191.05 88139.21
7112231893 433332320302733 7207 18 18  9  7 15 12 18  3 120.73 88132.90
7112241893 52323232017 71710140  9  9  9  7  6  3  6  4  70.31 91129.40
7112251893 61723171013171023130  6  9  6  4  5  6  4  9  60.31 88126.80
7112261893 73737271310202030193 22 22 12  5  4  7  7 15 120.73 76120.20
7112271893 820232310 0 0 0 0 77  7  9  9  4  0  0  0  0  40.10 75120.21
7112281893 9 010 7 3 3101720 70  0  4  3  2  2  4  6  7  40.10 65113.20
7112291893101730303733272037230  6 15 15 22 18 12  7 22 150.84 60112.70
7112301893114337373327232013233 32 22 22 18 12  9  7  5 160.94 54112.40
711231189312272713 7 7171727140 12 12  5  3  3  6  6 12  70.42 52106.80
