77 1 11961 42730373733202740250 12 15 22 22 18  7 12 27 170.94 20 73.80
77 1 21961 5301010 3 3 710 7 80 15  4  4  2  2  3  4  3  50.21 32 76.50
77 1 31961 620201310 3232323137  7  7  5  4  2  9  9  9  60.31 25 76.00
77 1 41961 71313202727302727183  5  5  7 12 12 15 12 12 100.63 25 75.50
77 1 51961 83740201313302740220 22 27  7  5  5 15 12 27 150.84 24 74.00
77 1 61961 94027171320232320183 27 12  6  5  7  9  9  7 100.63 13 72.40
77 1 719611030202710131017 7133 15  7 12  4  5  4  6  3  70.42  0 71.40
77 1 81961111317132020271310133  5  6  5  7  7 12  5  4  60.31  0 69.60
77 1 9196112 327101313202313123  2 12  4  5  5  7  9  5  60.31  0 68.40
77 110196113 3 3 310131310 3 60  2  2  2  4  5  5  4  2  30.10  0 68.80
77 111196114 3 3131727503333180  2  2  5  6 12 48 18 18 140.84 14 71.20
77 1121961153333302327272320217 18 18 15  9 12 12  9  7 120.73 22 74.90
77 113196116273010 7 7171320130 12 15  4  3  3  6  5  7  70.31 23 77.50
77 1141961173033302723403343260 15 18 15 12  9 27 18 32 181.05 22 74.50
77 1151961183737372323202017213 22 22 22  9  9  7  7  6 130.73 24 75.60
77 116196119102323 717271713137  4  9  9  3  6 12  6  5  70.31 18 77.50
77 117196120201717132027 710130  7  6  6  5  7 12  3  4  60.31 30 76.10
77 118196121303337272010 7 7170 15 18 22 12  7  4  3  3 100.63 26 75.40
77 11919612230171013 3172733150 15  6  4  5  2  6 12 18  80.52  7 76.90
77 1201961233340232317132330203 18 27  9  9  6  5  9 15 120.73  0 75.20
77 12119612427 71723 317 3 3100 12  3  6  9  2  6  2  2  50.21 15 74.00
77 122196125 317101330132027133  2  6  4  5 15  5  7 12  70.42 24 76.80
77 12319612617 7 31010172327113  6  3  2  4  4  6  9 12  60.31 34 78.70
77 1241961273023231320202013163 15  9  9  5  7  7  7  5  80.42 35 77.40
77 1251962 1 0 7271733233027163  0  3 12  6 18  9 15 12  90.52 20 74.90
77 1261962 21710 710 3 31310 73  6  4  3  4  2  2  5  4  40.10 14 76.00
77 1271962 3 7 3 717 7131310 77  3  2  3  6  3  5  5  4  40.10  0 75.30
77 1281962 410 3 71010174053150  4  2  3  4  4  6 27 56 130.84 13 77.10
77 1291962 54733332720231727227 39 18 18 12  7  9  6 12 150.94 11 76.10
77 1301962 64740373343434347333 39 27 22 18 32 32 32 39 301.36  8 76.30
77 1311962 75333372743 31010217 56 18 22 12 32  2  4  4 191.05 10 79.60
77 2 11962 8173313 3 7 71330123  6 18  5  2  3  3  5 15  70.42 15 81.71
77 2 21962 93743374037102740270 22 32 22 27 22  4 12 27 211.15 19 82.10
77 2 319621033331310 7231737173 18 18  5  4  3  9  6 22 110.63 19 80.90
77 2 41962112313131013 7 3 0 83  9  5  5  4  5  3  2  0  40.10 16 78.70
77 2 5196212 010403020271017153  0  4 27 15  7 12  4  6  90.52 18 77.80
77 2 61962132313132730303743217  9  5  5 12 15 15 22 32 140.84  7 75.20
77 2 71962144333232730303737260 32 18  9 12 15 15 22 22 181.05  7 74.60
77 2 81962153330272327404040260 18 15 12  9 12 27 27 27 181.05 26 78.60
77 2 91962164033274043434040307 27 18 12 27 32 32 27 27 251.26 21 83.10
77 210196217332023273027 733200 18  7  9 12 15 12  3 18 120.73 25 83.50
77 2111962182733303033271327220 12 18 15 15 18 12  5 12 130.84 28 84.60
77 2121962192720132313132317150 12  7  5  9  5  5  9  6  70.42 48 86.91
77 2131962203030231710273723197 15 15  9  6  4 12 22  9 120.73 68 88.50
77 2141962212327171327233727193  9 12  6  5 12  9 22 12 110.63 61 85.20
77 2151962222327171010202330160  9 12  6  4  4  7  9 15  80.42 45 84.40
77 216196223302723 7 3 710 7113 15 12  9  3  2  3  4  3  60.31 49 85.70
77 2171962242313131320273030170  9  5  5  5  7 12 15 15  90.52 47 89.61
77 2181962254053271323202723227 27 56 12  5  9  7 12  9 170.94 37 86.50
77 2191962262717131020202010137 12  6  5  4  7  7  7  4  60.31 25 82.80
77 220196227131023 710 71323107  5  4  9  3  4  3  5  9  50.21 14 81.10
77 2211963 117101717272717 7137  6  4  6  6 12 12  6  3  70.31  9 78.60
77 2221963 21017 3 713203330133  4  6  2  3  5  7 18 15  80.42  9 75.90
77 2231963 33030273033433037260 15 15 12 15 18 32 15 22 181.05  9 75.90
77 2241963 42710132730235020200 12  4  5 12 15  9 48  7 140.84  8 74.20
77 2251963 53327201713203033193 18 12  7  6  5  7 15 18 110.63  8 74.30
77 2261963 63030 71313172010140 15 15  3  5  5  6  7  4  80.42  8 72.30
77 2271963 7 3 0 3 710 7 717 53  2  0  2  3  4  3  3  6  30.10  0 72.00
77 2281963 833201720 7 32023143 18  7  6  7  3  2  7  9  70.42  0 72.60
77 3 11963 930 7101717233340177 15  3  4  6  6  9 18 27 110.63  0 72.60
77 3 2196310 0 7 71713102320 97  0  3  3  6  5  4  9  7  50.21  8 75.40
77 3 31963112010101010 7 3 7 77  7  4  4  4  4  3  2  3  40.10  8 74.80
77 3 4196312 0 310 313 7 710 53  0  2  4  2  5  3  3  4  30.10  8 76.90
77 3 5196313 71710 713 310 3 70  3  6  4  3  5  2  4  2  40.10  8 77.60
77 3 6196314 3 7101027232320123  2  3  4  4 12  9  9  7  60.31  9 77.60
77 3 7196315231720101013 710110  9  6  7  4  4  5  3  4  50.21  8 77.20
77 3 81963161713101017303047173  6  5  4  4  6 15 15 39 120.73 20 81.60
77 3 91963173740474353504053363 22 27 39 32 56 48 27 56 381.46 20 80.30
77 3101963184037372330303337267 27 22 22  9 15 15 18 22 191.05 19 80.50
77 3111963193027232327374737250 15 12  9  9 12 22 39 22 181.05 19 78.90
77 3121963204333373717374333280 32 18 22 22  6 22 32 18 221.15 14 78.60
77 3131963214327201717232337207 32 12  7  6  6  9  9 22 130.73  8 77.90
77 3141963224343271010131013170 32 32 12  4  4  5  4  5 120.73  7 77.20
77 31519632317 723201713 3 0100  6  3  9  7  6  5  2  0  50.21  0 74.80
77 31619632417231710 7102323130  6  9  6  4  3  4  9  9  60.31  0 74.10
77 3171963252723102020303017177 12  9  4  7  7 15 15  6  90.52  8 74.10
77 3181963263737202027171713187 22 22  7  7 12  6  6  5 110.63  0 73.90
77 319196327 31713 3 3132323100  2  6  5  2  2  5  9  9  50.21  0 74.00
77 3201964 14023132013173040197 27  9  5  7  5  6 15 27 130.73  0 72.30
77 3211964 21020131013274033167  4  7  5  4  5 12 27 18 100.63  0 72.80
77 3221964 3272327201020 7 0133 12  9 12  7  4  7  3  0  70.31 10 74.60
77 3231964 41713302030303340213  6  5 15  7 15 15 18 27 140.84  9 74.70
77 3241964 54330171723232027200 32 15  6  6  9  9  7 12 120.73  7 74.80
77 3251964 63017 72317174040190 15  6  3  9  6  6 27 27 120.73 14 74.00
77 3261964 740502720203317 3210 27 48 12  7  7 18  6  2 160.94  8 75.10
77 3271964 81310231717132733153  5  4  9  6  6  5 12 18  80.42  9 74.50
77 3281964 93037231720333040230 15 22  9  6  7 18 15 27 150.84 16 74.40
77 3291964104740131727232310200 39 27  5  6 12  9  9  4 140.84 16 75.40
77 330196411 3 7202010231317113  2  3  7  7  4  9  5  6  50.21  8 74.60
77 33119641220 3 710 3 31013 70  7  2  3  4  2  2  4  5  40.10  8 74.10
77 4 1196413 31323 7 71010 3 77  2  5  9  3  3  4  4  2  40.10  7 74.80
77 4 2196414 7131320 310 327 97  3  5  5  7  2  4  2 12  50.21 11 76.30
77 4 31964154027272313132030193 27 12 12  9  5  5  7 15 120.73 10 76.60
77 4 41964165343432333273333290 56 32 32  9 18 12 18 18 241.26  7 76.80
77 4 51964173723271717203033203 22  9 12  6  6  7 15 18 120.73  7 75.50
77 4 61964184040301737576370353 27 27 15  6 22 67 94132 491.67  8 76.10
77 4 71964196760534043275327370111 80 56 27 32 12 56 12 481.67  7 75.51
77 4 81964204333433733473743317 32 18 32 22 18 39 22 32 271.26  0 74.30
77 4 91964214340403037372730283 32 27 27 15 22 22 12 15 221.15  0 74.80
77 4101964223037271323373020217 15 22 12  5  9 22 15  7 130.84  0 76.50
77 4111964233333201330233337223 18 18  7  5 15  9 18 22 140.84  8 79.20
77 4121964243013 01320172037150 15  5  0  5  7  6  7 22  80.52 12 80.20
77 41319642523 3171013131020110  9  2  6  4  5  5  4  7  50.21 16 82.70
77 41419642633133720 7172337187 18  5 22  7  3  6  9 22 120.73 22 83.40
77 415196427333730172010 717170 18 22 15  6  7  4  3  6 100.63 29 86.80
77 4161965 11333201333404337233  5 18  7  5 18 27 32 22 170.94 31 83.70
77 4171965 23327232313132020173 18 12  9  9  5  5  7  7  90.52 32 83.60
77 4181965 32017 72327302017160  7  6  3  9 12 15  7  6  80.42 29 80.80
77 4191965 43357635750433747387 18 67 94 67 48 32 22 39 481.67 22 79.81
77 4201965 54337434730503330313 32 22 32 39 15 48 18 15 281.26 12 80.41
77 4211965 63330372013172723200 18 15 22  7  5  6 12  9 120.73 20 80.80
77 4221965 717172710 71717 3113  6  6 12  4  3  6  6  2  60.31 19 80.10
77 4231965 8 720171313101717113  3  7  6  5  5  4  6  6  50.21 18 77.50
77 4241965 92013132723402727190  7  5  5 12  9 27 12 12 110.63  8 76.50
77 4251965105750373013201013230 67 48 22 15  5  7  4  5 221.15  0 76.40
77 42619651113131310 713 7 7 83  5  5  5  4  3  5  3  3  40.10 14 75.40
77 4271965121313 71310 7 310 77  5  5  3  5  4  3  2  4  40.10  8 74.90
77 4281965131010 3 7 3132023 90  4  4  2  3  2  5  7  9  40.21 11 74.20
77 4291965143337403337172737260 18 22 27 18 22  6 12 22 181.05 10 74.80
77 4301965152030131717172023157  7 15  5  6  6  6  7  9  80.42  9 76.60
77 5 11965162323171717204343203  9  9  6  6  6  7 32 32 130.84 15 77.20
77 5 21965175750405063636057440 67 48 27 48 94 94 80 67 661.77 14 78.50
77 5 31965184737373317131020213 39 22 22 18  6  5  4  7 150.94 22 81.90
77 5 41965191017201323535033220  4  6  7  5  9 56 48 18 191.05 23 81.41
77 5 51965203020301720272730200 15  7 15  6  7 12 12 15 110.63 18 79.60
77 5 61965213027202020272720190 15 12  7  7  7 12 12  7 100.63 16 78.50
77 5 719652223171710 3 72023120  9  6  6  4  2  3  7  9  60.31 12 77.11
77 5 8196523 310 3 710 7 713 60  2  4  2  3  4  3  3  5  30.10 19 77.90
77 5 91965241720132020271713147  6  7  5  7  7 12  6  5  70.31 25 83.60
77 5101965251017372020231723167  4  6 22  7  7  9  6  9  90.52 29 80.80
77 5111965262017403030505330270  7  6 27 15 15 48 56 15 241.15 34 80.80
77 51219652730574030271713 7220 15 67 27 15 12  6  5  3 191.05 35 79.70
77 5131966 1 7171013 7 33023110  3  6  4  5  3  2 15  9  60.31 26 81.50
77 5141966 22027201313131730153  7 12  7  5  5  5  6 15  80.42 33 84.80
77 5151966 33723233030272333227 22  9  9 15 15 12  9 18 140.84 26 85.00
77 5161966 43743304030334037290 22 32 15 27 15 18 27 22 221.15 25 85.10
77 5171966 53340472730302720253 18 27 39 12 15 15 12  7 181.05 20 84.10
77 5181966 63030273027202010193 15 15 12 15 12  7  7  4 110.63 12 82.90
77 5191966 717101313101313 7 97  6  4  5  5  4  5  5  3  50.21  0 82.10
77 5201966 82020201723273720183  7  7  7  6  9 12 22  7 100.52 11 81.30
77 5211966 9 7 313 7 3131017 73  3  2  5  3  2  5  4  6  40.10 14 81.40
77 5221966102030301010 71010127  7 15 15  4  4  3  4  4  70.42  7 82.90
77 523196611231710 717301317133  9  6  4  3  6 15  5  6  70.31  7 82.40
77 5241966122023202020302020173  7  9  7  7  7 15  7  7  80.42  7 79.20
77 5251966132310131013171310110  9  4  5  4  5  6  5  4  50.21  0 77.40
77 526196614 3 7 0 0 3101310 47  2  3  0  0  2  4  5  4  20.00  7 76.80
77 527196615 71017 31010 7 3 67  3  4  6  2  4  4  3  2  40.10 13 77.90
77 5281966161020 73023102710137  4  7  3 15  9  4 12  4  70.42 16 79.10
77 52919661710 3 0 010 7 3 3 37  4  2  0  0  4  3  2  2  20.00 20 81.70
77 530196618 7131317171013 7 97  3  5  5  6  6  4  5  3  50.21 30 89.90
77 5311966192020231323231020153  7  7  9  5  9  9  4  7  70.42 40 92.00
77 6 11966202320131017233330170  9  7  5  4  6  9 18 15  90.52 44 88.90
77 6 21966213727232027301743223 22 12  9  7 12 15  6 32 140.84 43 90.91
77 6 31966221720201320 31020123  6  7  7  5  7  2  4  7  60.31 43 93.01
77 6 4196623202013202010 7 7117  7  7  5  7  7  4  3  3  50.21 49 94.20
77 6 5196624132010233317 710133  5  7  4  9 18  6  3  4  70.42 40 90.21
77 6 61966251713201013 7 717103  6  5  7  4  5  3  3  6  50.21 39 90.60
77 6 7196626 710171720102717123  3  4  6  6  7  4 12  6  60.31 41 92.00
77 6 8196627 310171320201720120  2  4  6  5  7  7  6  7  60.21 38 91.91
77 6 91967 11310201010101727117  5  4  7  4  4  4  6 12  60.31 33 90.90
77 6101967 23027232013 71717153 15 12  9  7  5  3  6  6  80.42 29 89.21
77 6111967 3 717 7 3 7 31020 73  3  6  3  2  3  2  4  7  40.10 27 87.20
77 6121967 42013 3 0 3 32013 77  7  5  2  0  2  2  7  5  40.10 22 83.30
77 6131967 5131713 710102030120  5  6  5  3  4  4  7 15  60.31 20 84.20
77 6141967 64027201313 71720157 27 12  7  5  5  3  6  7  90.52 25 82.30
77 6151967 7 713 7 3 3 31313 63  3  5  3  2  2  2  5  5  30.10  8 82.30
77 6161967 81713101330372720167  6  5  4  5 15 22 12  7 100.52  8 81.40
77 6171967 92027231323271320167  7 12  9  5  9 12  5  7  80.42  8 82.40
77 6181967101020332013273027180  4  7 18  7  5 12 15 12 100.63 21 84.30
77 6191967112327272023301320183  9 12 12  7  9 15  5  7 100.52 33 85.20
77 6201967123727302027132013187 22 12 15  7 12  5  7  5 110.63 21 88.90
77 621196713 723231723171310133  3  9  9  6  9  6  5  4  60.31 28 92.40
77 6221967141713 71030334017167  6  5  3  4 15 18 27  6 100.63 40 98.81
77 6231967154030171323231713177 27 15  6  5  9  9  6  5 100.63 57 99.40
77 6241967162027271010171720147  7 12 12  4  4  6  6  7  70.42 60107.40
77 6251967171310101017201013103  5  4  4  4  6  7  4  5  50.21 74113.80
77 626196718171717201717 717127  6  6  6  7  6  6  3  6  60.31 71120.70
77 62719671930201713171720 7140 15  7  6  5  6  6  7  3  70.31 74115.91
77 6281967201727303330272723213  6 12 15 18 15 12 12  9 120.73 65113.40
77 6291967213023171310171017137 15  9  6  5  4  6  4  6  70.31 50111.90
77 6301967221713131720273327167  6  5  5  6  7 12 18 12  90.52 45106.90
77 7 11967232723404017333023233 12  9 27 27  6 18 15  9 150.94 42102.00
77 7 21967243020202023303027200 15  7  7  7  9 15 15 12 110.63 45100.70
77 7 31967251313202033272317167  5  5  7  7 18 12  9  6  90.52 42 97.40
77 7 41967262323302010101030157  9  9 15  7  4  4  4 15  80.52 39 94.00
77 7 519672717 3 31717231713110  6  2  2  6  6  9  6  5  50.21 40 88.01
77 7 61968 113 7173057534347267  5  3  6 15 67 56 32 39 281.26 40 90.20
77 7 71968 24737372023131723217 39 22 22  7  9  5  6  9 150.84 25 85.20
77 7 81968 32737233330302330233 12 22  9 18 15 15  9 15 140.84 20 82.10
77 7 91968 43327273023274037243 18 12 12 15  9 12 27 22 160.94 17 79.00
77 7101968 54033202027273330230 27 18  7  7 12 12 18 15 140.84 23 76.90
77 7111968 62733301717132317177 12 18 15  6  6  5  9  6 100.52  9 76.20
77 7121968 71310 713 3 31313 77  5  4  3  5  2  2  5  5  40.10  8 75.80
77 7131968 82727201323202720177 12 12  7  5  9  7 12  7  90.52 10 77.80
77 7141968 93347473720172013233 18 39 39 22  7  6  7  5 181.05  7 76.80
77 7151968102730272023272733213 12 15 12  7  9 12 12 18 120.73  0 76.00
77 7161968112727435040403347307 12 12 32 48 27 27 18 39 271.26  0 76.90
77 7171968123027302717303337230 15 12 15 12  6 15 18 22 140.84  0 76.50
77 7181968132017171727231720157  7  6  6  6 12  9  6  7  70.42  0 76.90
77 7191968143320433743434030290 18  7 32 22 32 32 27 15 231.15  7 76.90
77 7201968154040504743333733323 27 27 48 39 32 18 22 18 291.36  8 80.10
77 7211968163727271320202320187 22 12 12  5  7  7  9  7 100.63  8 81.70
77 7221968173027303313202023197 15 12 15 18  5  7  7  9 110.63 23 83.10
77 723196818272020 717 7 713117 12  7  7  3  6  3  3  5  60.31 30 85.00
77 7241968191713132020172720147  6  5  5  7  7  6 12  7  70.31 38 84.00
77 7251968201713131013 7 720100  6  5  5  4  5  3  3  7  50.21 42 86.00
77 726196821 710 3 71013 7 0 57  3  4  2  3  4  5  3  0  30.10 42 86.00
77 727196822 0 710 310 3 317 53  0  3  4  2  4  2  2  6  30.10 37 85.40
77 7281968231010 3 710131013 77  4  4  2  3  4  5  4  5  40.10 26 87.50
77 7291968246067605367432720397 80111 80 56111 32 12  7 611.77 16 86.70
77 7301968254343403317171717227 32 32 27 18  6  6  6  6 170.94 10 84.10
77 7311968262727202017 71323153 12 12  7  7  6  3  5  9  80.42  8 80.40
77 8 1196827131717172717 710123  5  6  6  6 12  6  3  4  60.31 17 83.01
77 8 21969 12013 713 71013 3 87  7  5  3  5  3  4  5  2  40.10 15 82.80
77 8 31969 2101010 713203027127  4  4  4  3  5  7 15 12  70.31 24 82.30
77 8 41969 32730132017202720173 12 15  5  7  6  7 12  7  90.52 19 82.91
77 8 51969 44040605050405030360 27 27 80 48 48 27 48 15 401.46 23 86.40
77 8 61969 53743333327304040283 22 32 18 18 12 15 27 27 211.15 26 88.20
77 8 71969 62327374023332340247  9 12 22 27  9 18  9 27 170.94 28 86.90
77 8 81969 73733272313202730210 22 18 12  9  5  7 12 15 120.73 25 85.10
77 8 91969 84030272047373730267 27 15 12  7 39 22 22 15 201.05 30 85.90
77 8101969 93033332020232720207 15 18 18  7  7  9 12  7 120.73 25 87.20
77 8111969103343433340335043320 18 32 32 18 27 18 48 32 281.26 23 87.60
77 8121969111333233723232023197  5 18  9 22  9  9  7  9 110.63 29 86.50
77 8131969123027232027201733197 15 12  9  7 12  7  6 18 110.63 40 89.00
77 81419691313 7232343273023190  5  3  9  9 32 12 15  9 120.73 40 87.50
77 8151969142337333020101713183  9 22 18 15  7  4  6  5 110.63 42 86.90
77 8161969151017101740172320153  4  6  4  6 27  6  9  7  90.52 38 87.30
77 8171969162030405750433033303  7 15 27 67 48 32 15 18 291.36 36 87.10
77 8181969173727302327272723220 22 12 15  9 12 12 12  9 130.73 40 88.60
77 8191969185047233320303347283 48 39  9 18  7 15 18 39 241.26 35 87.00
77 8201969193320272020171313163 18  7 12  7  7  6  5  5  80.52 33 88.70
77 821196920131023101310 710 97  5  4  9  4  5  4  3  4  50.21 33 90.80
77 822196921 7101010 3 71727 90  3  4  4  4  2  3  6 12  50.21 38 89.60
77 82319692213 7101717272320133  5  3  4  6  6 12  9  7  60.31 15 86.00
77 82419692320272330303013 3177  7 12  9 15 15 15  5  2 100.63 19 86.00
77 8251969241013334753533733280  4  5 18 39 56 56 22 18 271.26 25 87.70
77 82619692530273030402317 3200 15 12 15 15 27  9  6  2 130.73 34 86.40
77 8271969261737373323233023223  6 22 22 18  9  9 15  9 140.84 38 85.40
77 82819692717272017232020 7150  6 12  7  6  9  7  7  3  70.42 36 82.40
77 8291970 12323131720 7 7 7117  9  9  5  6  7  3  3  3  60.31 40 86.10
77 8301970 21013171010131717107  4  5  6  4  4  5  6  6  50.21 36 85.50
77 8311970 3102010 7 3 7 710 73  4  7  4  3  2  3  3  4  40.10 31 84.70
77 9 11970 4171010 713 7 3 7 73  6  4  4  3  5  3  2  3  40.10 22 83.10
77 9 21970 51010 3 720231727117  4  4  2  3  7  9  6 12  60.31 29 84.20
77 9 31970 6333317131310 710137 18 18  6  5  5  4  3  4  80.42 29 87.20
77 9 41970 7101327271713 710123  4  5 12 12  6  5  3  4  60.31 25 84.20
77 9 51970 810 3 01313 3 7 7 57  4  2  0  5  5  2  3  3  30.10 20 85.60
77 9 61970 9 010 7131310 313 70  0  4  3  5  5  4  2  5  40.10 26 84.90
77 9 7197010 72010 3 7 72033107  3  7  4  2  3  3  7 18  60.31 25 89.30
77 9 81970113020301313131720157 15  7 15  5  5  5  6  7  80.42 18 91.60
77 9 91970122027272730302713200  7 12 12 12 15 15 12  5 110.63 30 95.90
77 9101970133733233027132327213 22 18  9 15 12  5  9 12 130.73 40 99.80
77 9111970143337373730333727270 18 22 22 22 15 18 22 12 191.05 45104.60
77 912197015 73010 3 7 71330107  3 15  4  2  3  3  5 15  60.31 51107.80
77 9131970163727403737505333313 22 12 27 22 22 48 56 18 281.26 48112.90
77 9141970174037101310131717157 27 22  4  5  4  5  6  6 100.63 47118.20
77 9151970182030333317 7 7 7153  7 15 18 18  6  3  3  3  90.52 53120.70
77 9161970191013132027202720150  4  5  5  7 12  7 12  7  70.42 56120.40
77 917197020232743201713 7 7157  9 12 32  7  6  5  3  3 100.52 53120.60
77 9181970211330171720 71013127  5 15  6  6  7  3  4  5  60.31 60120.50
77 91919702210 7104060576057300  4  3  4 27 80 67 80 67 421.57 59104.50
77 9201970235747504750534040383 67 39 48 39 48 56 27 27 441.57 60108.80
77 9211970244353606747274373413 32 56 80111 39 12 32154 641.77 58104.91
77 9221970256360434047636740423 94 80 32 27 39 94111 27 631.77 42102.40
77 9231970262713103740504333253 12  5  4 22 27 48 32 18 211.15 41 99.30
77 9241970273037233020272027213 15 22  9 15  7 12  7 12 120.73 48100.60
77 9251971 12327272313233023190  9 12 12  9  5  9 15  9 100.63 46 98.80
77 9261971 21017234030403047237  4  6  9 27 15 27 15 39 181.05 49 99.40
77 9271971 35757432313 710 7217 67 67 32  9  5  3  4  3 241.15 54100.00
77 9281971 41313272323371710163  5  5 12  9  9 22  6  4  90.52 61100.00
77 9291971 5 01717 3 31010 7 67  0  6  6  2  2  4  4  3  30.10 64 99.40
77 9301971 6 7 7 71720 710 7 80  3  3  3  6  7  3  4  3  40.10 60 97.70
7710 11971 7 313 71013 7 713 73  2  5  3  4  5  3  3  5  40.10 43 93.81
7710 21971 82013172317 3 3 7103  7  5  6  9  6  2  2  3  50.21 37 93.20
7710 31971 9 3203023372720 7167  2  7 15  9 22 12  7  3 100.52 47 97.40
7710 41971102723231720 71320150 12  9  9  6  7  3  5  7  70.42 47 98.80
7710 51971112313232327232010163  9  5  9  9 12  9  7  4  80.42 48104.01
7710 61971123023271317202017167 15  9 12  5  6  7  7  6  80.52 55103.50
7710 7197113 3 3 71710 3 7 7 57  2  2  3  6  4  2  3  3  30.10 57105.50
7710 8197114 717101320172710120  3  6  4  5  7  6 12  4  60.31 52103.80
7710 9197115 3 3 0 310 7 3 7 37  2  2  0  2  4  3  2  3  20.00 47100.70
771010197116 0 0 02713 71320 80  0  0  0 12  5  3  5  7  40.10 38 96.40
7710111971172717201017233047190 12  6  7  4  6  9 15 39 120.73 28 95.30
7710121971184050475040332717303 27 48 39 48 27 18 12  6 281.26 33100.80
7710131971191740332740132327220  6 27 18 12 27  5  9 12 140.84 53 98.50
77101419712017 0 34027232747183  6  0  2 27 12  9 12 39 130.84 48 98.90
7710151971214323474317173027247 32  9 39 32  6  6 15 12 191.05 54 98.20
7710161971222330101020171723150  9 15  4  4  7  6  6  9  80.42 53 96.80
7710171971232330232023332733213  9 15  9  7  9 18 12 18 120.73 51 94.90
7710181971243333372723304350277 18 18 22 12  9 15 32 48 221.15 50 95.40
77101919712560504333333323 3280 80 48 32 18 18 18  9  2 281.26 54105.00
771020197126 013132023301323137  0  5  5  7  9 15  5  9  70.31 54 99.61
77102119712727 31010 7131320103 12  2  4  4  3  5  5  7  50.21 42 98.61
7710221972 13740503030332737283 22 27 48 15 15 18 12 22 221.15 35 93.90
7710231972 2272717 7 0 32017117 12 12  6  3  0  2  7  6  60.31 30 87.30
7710241972 32320131313101317123  9  7  5  5  5  4  5  6  60.31 29 88.30
7710251972 417 3 7 3 0132020 83  6  2  3  2  0  5  7  7  40.10 28 88.10
7710261972 5 7231710 3 71030107  3  9  6  4  2  3  4 15  60.31 30 88.60
7710271972 64033336357506767410 27 18 18 94 67 48111111 621.77 38 88.50
7710281972 76073532733334320343 80154 56 12 18 18 32  7 471.57 37 90.31
7710291972 82320102737231017167  9  7  4 12 22  9  4  6  90.52 42 90.30
7710301972 91310172023402017160  5  4  6  7  9 27  7  6  90.52 45 94.90
7710311972102017171710102013123  7  6  6  6  4  4  7  5  60.31 52 95.90
7711 119721113 3131010 71323 93  5  2  5  4  4  3  5  9  50.21 44 94.40
7711 21972122313101010102313113  9  5  4  4  4  4  9  5  60.21 40 93.60
7711 3197213 3171010 31310 3 70  2  6  4  4  2  5  4  2  40.10 25 90.40
7711 419721413 3 31020372723137  5  2  2  4  7 22 12  9  80.42 22 89.40
7711 51972154327201710201017163 32 12  7  6  4  7  4  6 100.52 25 90.60
7711 619721623132020232313 7143  9  5  7  7  9  9  5  3  70.31 27 91.10
7711 7197217172013172010 313113  6  7  5  6  7  4  2  5  50.21 34 90.20
7711 8197218 7 713 710 717 0 67  3  3  5  3  4  3  6  0  30.10 27 90.30
7711 91972191017 7 7 3 710 0 60  4  6  3  3  2  3  4  0  30.10 31 91.10
771110197220 3 3171330332030150  2  2  6  5 15 18  7 15  90.52 25 93.10
7711111972212313131720131317130  9  5  5  6  7  5  5  6  60.31 26 94.90
7711121972223343333327302737263 18 32 18 18 12 15 12 22 181.05 27 91.40
7711131972234043334040503033310 27 32 18 27 27 48 15 18 261.26 28 94.00
7711141972244043504350504357377 27 32 48 32 48 48 32 67 421.57 31 97.90
7711151972255733304733372330290 67 18 15 39 18 22  9 15 251.26 39 97.90
7711161972263727303033302720233 22 12 15 15 18 15 12  7 140.84 49 95.90
77111719722727271723 3 3 733140 12 12  6  9  2  2  3 18  80.42 51100.40
7711181973 11327172020131313137  5 12  6  7  7  5  5  5  60.31 54102.01
7711191973 22023171310132023140  7  9  6  5  4  5  7  9  60.31 52 99.20
7711201973 31713 710 7101010 83  6  5  3  4  3  4  4  4  40.10 38 95.71
7711211973 43013 7 710 7 710 90 15  5  3  3  4  3  3  4  50.21 32 92.80
7711221973 5 7131020 3 3 3 3 63  3  5  4  7  2  2  2  2  30.10 28 89.30
7711231973 6 7 7 0 3 7 7 310 43  3  3  0  2  3  3  2  4  20.00 24 88.00
7711241973 7 3 3 710 3 7 0 3 37  2  2  3  4  2  3  0  2  20.00 18 86.70
7711251973 8 7 3 31030274350173  3  2  2  4 15 12 32 48 150.84 10 84.70
7711261973 95333203330302030250 56 18  7 18 15 15  7 15 191.05  9 84.10
7711271973105023272017131713180 48  9 12  7  6  5  6  5 120.73 14 83.80
77112819731117231717 710 713110  6  9  6  6  3  4  3  5  50.21  9 85.60
7711291973122320101013102023130  9  7  4  4  5  4  7  9  60.31 10 85.60
7711301973132330373323131723200  9 15 22 18  9  5  6  9 120.73 23 85.30
7712 119731410 3 3 3 7173330107  4  2  2  2  3  6 18 15  60.31 20 88.40
7712 21973155067574343637047440 48111 67 32 32 94132 39 691.77 20 91.20
7712 31973163323172323172320180 18  9  6  9  9  6  9  7  90.52 31 93.70
7712 4197317 720131020334047190  3  7  5  4  7 18 27 39 140.84 47 95.90
7712 51973184047472727132020240 27 39 39 12 12  5  7  7 181.05 58 96.90
7712 6197319271717 3 3 31010 90 12  6  6  2  2  2  4  4  50.21 58102.01
7712 719732010 7 7 0 0 71313 57  4  3  3  0  0  3  5  5  30.10 55105.50
7712 819732110 3 3 3 0 3 3 3 30  4  2  2  2  0  2  2  2  20.00 45106.70
7712 9197322 01720 3 3 3 7 3 57  0  6  7  2  2  2  3  2  30.10 58112.61
771210197323 0 310 7 3 31723 67  0  2  4  3  2  2  6  9  40.10 75114.70
7712111973244047535353373043357 27 39 56 56 56 22 15 32 381.46 71107.40
7712121973254357302730172327253 32 67 15 12 15  6  9 12 211.15 62111.00
7712131973264030302730373320247 27 15 15 12 15 22 18  7 160.94 44100.60
7712141973272727231320171310150 12 12  9  5  7  6  5  4  80.42 37 93.71
7712151974 11717171720 7 7 3103  6  6  6  6  7  3  3  2  50.21 41 92.50
7712161974 2 31013 720273037147  2  4  5  3  7 12 15 22  90.52 39 92.50
7712171974 3375020 710 71717163 22 48  7  3  4  3  6  6 120.73 29 91.10
7712181974 41010 3 7 3 3 3 3 43  4  4  2  3  2  2  2  2  30.00 33 93.60
7712191974 5 7 3 7 3 317 3 7 50  3  2  3  2  2  6  2  3  30.10 40 91.00
7712201974 610 3 313 7 717 7 67  4  2  2  5  3  3  6  3  40.10 23 88.70
7712211974 713 313 713171730113  5  2  5  3  5  6  6 15  60.31 23 87.80
7712221974 83327 7 310 7 717110 18 12  3  2  4  3  3  6  60.31 17 89.90
7712231974 917 3 01317101017 87  6  2  0  5  6  4  4  6  40.10 23 91.20
7712241974102010102013171010110  7  4  4  7  5  6  4  4  50.21 31 93.90
771225197411 310131313 72320103  2  4  5  5  5  3  9  7  50.21 35 96.30
7712261974123030202317232727197 15 15  7  9  6  9 12 12 110.63 41 99.30
77122719741323231717171310 3123  9  9  6  6  6  5  4  2  60.31 50 98.30
771228197414 717131310174333153  3  6  5  5  4  6 32 18 100.63 45 98.90
7712291974153030131013131323147 15 15  5  4  5  5  5  9  80.42 58105.61
7712301974162013131013101720117  7  5  5  4  5  4  6  7  50.21 64114.70
7712311974171013102020102027130  4  5  4  7  7  4  7 12  60.31 67120.20
