84 1 12055224743473340403737323 39 32 39 18 27 27 22 22 281.26 10 84.30
84 1 22055234040403347271720263 27 27 27 18 39 12  6  7 201.05 16 87.40
84 1 32055243333402740403027270 18 18 27 12 27 27 15 12 201.05 17 89.50
84 1 42055254037604030274340317 27 22 80 27 15 12 32 27 301.36 18 91.00
84 1 52055265353372740232727287 56 56 22 12 27  9 12 12 261.26 21 88.20
84 1 62055272730273333332323230 12 15 12 18 18 18  9  9 140.84 29 85.60
84 1 72056 11023131710101017110  4  9  5  6  4  4  4  6  50.21 37 86.50
84 1 82056 210 31313 3 7 3 3 57  4  2  5  5  2  3  2  2  30.10 38 92.30
84 1 92056 3 317 710 3101020 80  2  6  3  4  2  4  4  7  40.10 50 94.40
84 1102056 42327131313334040203  9 12  5  5  5 18 27 27 140.84 44 95.20
84 1112056 53023172017173330187 15  9  6  7  6  6 18 15 100.63 48 96.80
84 1122056 623201310 717 717113  9  7  5  4  3  6  3  6  50.21 51101.10
84 1132056 7 71313 730332330157  3  5  5  3 15 18  9 15  90.52 48102.10
84 1142056 81320 71027102020127  5  7  3  4 12  4  7  7  60.31 46 99.20
84 1152056 9171027 713131013110  6  4 12  3  5  5  4  5  60.21 44 97.80
84 116205610101713 720232020130  4  6  5  3  7  9  7  7  60.31 46 96.61
84 11720561137271310 7 710 7117 22 12  5  4  3  3  4  3  70.42 51 95.20
84 118205612 0 7 31317172333113  0  3  2  5  6  6  9 18  60.31 49 95.00
84 1192056134337373333302030263 32 22 22 18 18 15  7 15 191.05 51 93.40
84 120205614273317331010 713150 12 18  6 18  4  4  3  5  90.52 69102.20
84 1212056152337303710102727200  9 22 15 22  4  4 12 12 120.73 76103.30
84 1222056163727302723202317203 22 12 15 12  9  7  9  6 120.73 64110.50
84 1232056172320101020172010130  9  7  4  4  7  6  7  4  60.31 70113.30
84 124205618302023 7 3 0 3 3 90 15  7  9  3  2  0  2  2  50.21 70126.41
84 125205619 320272017272733173  2  7 12  7  6 12 12 18 100.52 99146.80
84 1262056203340432023302723240 18 27 32  7  9 15 12  9 160.94105164.81
84 1272056211730171013231727153  6 15  6  4  5  9  6 12  80.42 99172.30
84 1282056223030374333433337287 15 15 22 32 18 32 18 22 221.15106168.90
84 1292056235037334030172733267 48 22 18 27 15  6 12 18 211.15110174.60
84 1302056244347334343474737340 32 39 18 32 32 39 39 22 321.36102161.50
84 1312056253030303337503740287 15 15 15 18 22 48 22 27 231.15 82169.30
84 2 12056264337373313273013233 32 22 22 18  5 12 15  5 160.94110154.60
84 2 220562720 7201020335057217  7  3  7  4  7 18 48 67 201.05 82142.01
84 2 32057 15330171313233743230 56 15  6  5  5  9 22 32 191.05 67131.40
84 2 42057 26053434357505057413 80 56 32 32 67 48 48 67 541.67 61126.00
84 2 52057 33737333327201710213 22 22 18 18 12  7  6  4 140.84 66114.20
84 2 62057 42010101313203333153  7  4  4  5  5  7 18 18  80.52 76111.80
84 2 72057 53027202020171027170 15 12  7  7  7  6  4 12  90.52 79113.60
84 2 82057 62310232320201720157  9  4  9  9  7  7  6  7  70.42 94127.20
84 2 92057 72723232317201327173 12  9  9  9  6  7  5 12  90.52115139.90
84 2102057 82713203023375050250 12  5  7 15  9 22 48 48 211.15123136.71
84 2112057 96040332027202320243 80 27 18  7 12  7  9  7 211.15118141.11
84 2122057101723201710302047183  6  9  7  6  4 15  7 39 120.73108135.81
84 2132057115347404737435037353 56 39 27 39 22 32 48 22 361.46 82128.40
84 2142057125360404347433753377 56 80 27 32 39 32 22 56 431.57 77120.31
84 2152057135747333010 7 320207 67 39 18 15  4  3  2  7 191.05 80113.40
84 2162057142720171013102320140 12  7  6  4  5  4  9  7  70.31 53114.51
84 2172057152333232313171327173  9 18  9  9  5  6  5 12  90.52 51116.50
84 2182057164037303730273310243 27 22 15 22 15 12 18  4 170.94 50122.21
84 219205717 720171320272317143  3  7  6  5  7 12  9  6  70.31 54128.41
84 2202057182710171717334040200 12  4  6  6  6 18 27 27 130.84 54134.60
84 2212057194033202330302027223 27 18  7  9 15 15  7 12 140.84 76143.80
84 2222057202717171720232320163 12  6  6  6  7  9  9  7  80.42100158.00
84 2232057212720403337272720230 12  7 27 18 22 12 12  7 150.84121166.10
84 2242057222717203017232030183 12  6  7 15  6  9  7 15 100.52117172.91
84 22520572323 3172717 31030130  9  2  6 12  6  2  4 15  70.42117169.41
84 226205724 310203330433740217  2  4  7 18 15 32 22 27 160.94101164.20
84 2272057256053403023304347327 80 56 27 15  9 15 32 39 341.36 78154.30
84 22820572620172720302313 7157  7  6 12  7 15  9  5  3  80.42 78148.80
84 229205727 010273033372310170  0  4 12 15 18 22  9  4 100.63 88148.10
84 3 12058 1 3 0203343435763263  2  0  7 18 32 32 67 94 321.36 74143.60
84 3 22058 25750474737334743360 67 48 39 39 22 18 39 32 381.46 78138.20
84 3 32058 35357404733374333343 56 67 27 39 18 22 32 18 351.46 66122.50
84 3 42058 4333023231023 7 3153 18 15  9  9  4  9  3  2  90.52 54114.41
84 3 52058 5 3 7101310 317 7 70  2  3  4  5  4  2  6  3  40.10 65109.30
84 3 62058 62037502337375750310  7 22 48  9 22 22 67 48 311.36 49109.50
84 3 72058 75047403333373337310 48 39 27 18 18 22 18 22 261.26 51105.00
84 3 82058 83733403733434753323 22 18 27 22 18 32 39 56 291.36 64103.80
84 3 92058 94330231323172730207 32 15  9  5  9  6 12 15 130.73 60102.40
84 3102058103323302023333747247 18  9 15  7  9 18 22 39 170.94 46 98.80
84 3112058113313 72320172730170 18  5  3  9  7  6 12 15  90.52 65 98.60
84 3122058123333131313272730190 18 18  5  5  5 12 12 15 110.63 72102.31
84 3132058133733272353371710237 22 18 12  9 56 22  6  4 191.05 79114.70
84 31420581410232323171313 3127  4  9  9  9  6  5  5  2  60.31 88121.10
84 315205815 7 7132023102343147  3  3  5  7  9  4  9 32  90.52112134.40
84 3162058161023401343432720220  4  9 27  5 32 32 12  7 160.94117124.00
84 3172058171343434037432030270  5 32 32 27 22 32  7 15 221.15105129.10
84 3182058181727275030432327243  6 12 12 48 15 32  9 12 181.05 95125.81
84 319205819303733401310 7 7177 15 22 18 27  5  4  3  3 120.73 90126.50
84 32020582020 3102310 0 0 3 70  7  2  4  9  4  0  0  2  40.10103126.30
84 321205821 013171013302727137  0  5  6  4  5 15 12 12  70.42 98122.40
84 32220582243404333 7233737263 32 27 32 18  3  9 22 22 211.15 87122.70
84 3232058233740374037232010243 22 27 22 27 22  9  7  4 181.05 89115.10
84 3242058242027172030301727187  7 12  6  7 15 15  6 12 100.63 80113.00
84 3252058254347474347474333350 32 39 39 32 39 39 32 18 341.36 97111.60
84 3262058263317202323274343230 18  6  7  9  9 12 32 32 160.94 97120.20
84 3272058274033334030334343297 27 18 18 27 15 18 32 32 231.15 96129.11
84 3282059 13747434350477367407 22 39 32 32 48 39154111 601.77 98135.90
84 3292059 25763604747404743403 67 94 80 39 39 27 39 32 521.67 94138.11
84 3302059 34343474343374033330 32 32 39 32 32 22 27 18 291.36107143.80
84 3312059 43740303343303053297 22 27 15 18 32 15 15 56 251.26113143.70
84 4 12059 55050505037403327337 48 48 48 48 22 27 18 12 341.36103135.70
84 4 22059 64733535043535057387 39 18 56 48 32 56 48 67 461.57 94134.61
84 4 32059 75350404340475053377 56 48 27 32 27 39 48 56 421.57 88128.81
84 4 42059 85353504047707770460 56 56 48 27 39132179132 841.87 81129.50
84 4 52059 95750473740636060413 67 48 39 22 27 94 80 80 571.77 61118.70
84 4 62059104037202323202323210 27 22  7  9  9  7  9  9 120.73 70112.11
84 4 72059113723276037274033283 22  9 12 80 22 12 27 18 251.26 50107.80
84 4 82059125363575743434360420 56 94 67 67 32 32 32 80 581.77 33100.70
84 4 92059137347302730304327307154 39 15 12 15 15 32 12 371.46 36 94.90
84 4102059141723171713172330157  6  9  6  6  5  6  9 15  80.42 12 93.90
84 4112059154317233020333013210 32  6  9 15  7 18 15  5 130.84 21 97.30
84 4122059161337201727402343220  5 22  7  6 12 27  9 32 150.84 28107.20
84 4132059173330272333303030237 18 15 12  9 18 15 15 15 150.84 24113.70
84 4142059182020 7 323434353213  7  7  3  2  9 32 32 56 181.05 32118.80
84 41520591940272723171313 3163 27 12 12  9  6  5  5  2 100.52 59119.70
84 416205920 7 7201313 31017 90  3  3  7  5  5  2  4  6  40.21 60117.20
84 417205921 7 7 3 333302717127  3  3  2  2 18 15 12  6  80.42 56122.91
84 4182059221727171720132020150  6 12  6  6  7  5  7  7  70.42 73119.90
84 4192059231713302727273030200  6  5 15 12 12 12 15 15 120.73 82112.51
84 4202059242750473323301723250 12 48 39 18  9 15  6  9 201.05 69124.11
84 4212059253317301727231730193 18  6 15  6 12  9  6 15 110.63 68127.70
84 42220592627131313 7 7 3 3 87 12  5  5  5  3  3  2  2  50.21 55130.80
84 4232059271313 01317172330127  5  5  0  5  6  6  9 15  60.31 59136.61
84 4242060 11723231313131017130  6  9  9  5  5  5  4  6  60.31 80142.90
84 4252060 22020332053534360303  7  7 18  7 56 56 32 80 331.36 99152.40
84 4262060 36367605760707760513 94111 80 67 80132179 801031.98124174.00
84 4272060 45347433023303040297 56 39 32 15  9 15 15 27 261.26121183.71
84 4282060 52733374030402323253 12 18 22 27 15 27  9  9 170.94125182.61
84 4292060 62327332733473033253  9 12 18 12 18 39 15 18 181.05120178.21
84 4302060 713271310 3 31747133  5 12  5  4  2  2  6 39  90.52107170.80
84 5 12060 84033303743402737287 27 18 15 22 32 27 12 22 221.15109153.70
84 5 22060 93733303727231010207 22 18 15 22 12  9  4  4 130.84 89139.31
84 5 320601010 7303017233040187  4  3 15 15  6  9 15 27 120.73 69123.10
84 5 42060113030303323172330217 15 15 15 18  9  6  9 15 130.73 52113.51
84 5 52060123023303037435747297 15  9 15 15 22 32 67 39 271.26 38114.90
84 5 620601337303310232017 3173 22 15 18  4  9  7  6  2 100.63 27108.10
84 5 7206014 7 3 02720 7 7 7 77  3  2  0 12  7  3  3  3  40.10 35118.30
84 5 820601513131720 71010 7 97  5  5  6  7  3  4  4  3  50.21 54121.90
84 5 92060161327272730433050247  5 12 12 12 15 32 15 48 191.05 72138.30
84 5102060173350373047532717293 18 48 22 15 39 56 12  6 271.26 85150.90
84 5112060182720301330232020183 12  7 15  5 15  9  7  7 100.52 94147.90
84 5122060192017232723233733203  7  6  9 12  9  9 22 18 120.73100148.21
84 51320602040302313 71310 7143 27 15  9  5  3  5  4  3  90.52118151.40
84 514206021 0 3 73037333037177  0  2  3 15 22 18 15 22 120.73111146.90
84 51520602230203323132017 7163 15  7 18  9  5  7  6  3  90.52 85139.60
84 516206023 720132720101027133  3  7  5 12  7  4  4 12  70.31 97137.30
84 5172060242737436043503727323 12 22 32 80 32 48 22 12 321.36 83130.10
84 5182060252323231720272347203  9  9  9  6  7 12  9 39 120.73 70131.90
84 5192060264350473023233023270 32 48 39 15  9  9 15  9 221.15 74137.60
84 5202060273330403343504747323 18 15 27 18 32 48 39 39 301.36 70138.00
84 5212061 16047534043335053380 80 39 56 27 32 18 48 56 441.57 65145.31
84 5222061 23337503747533343333 18 22 48 22 39 56 18 32 321.36 77130.10
84 5232061 35740433337304737323 67 27 32 18 22 15 39 22 301.36 83130.00
84 5242061 42723374053534337313 12  9 22 27 56 56 32 22 301.36 86126.90
84 5252061 53313171330303747220 18  5  6  5 15 15 22 39 160.94 75125.71
84 5262061 637404023202723 7217 22 27 27  9  7 12  9  3 140.84 87121.00
84 5272061 7 3 3272727202013140  2  2 12 12 12  7  7  5  70.42 86120.30
84 5282061 810 7 71713132737130  4  3  3  6  5  5 12 22  80.42 69118.50
84 5292061 92330171723232323180  9 15  6  6  9  9  9  9  90.52 74121.00
84 5302061103030374023333027250 15 15 22 27  9 18 15 12 170.94 70119.70
84 5312061111717 71710 7 740120  6  6  3  6  4  3  3 27  70.42 63115.90
84 6 12061121710102323232017143  6  4  4  9  9  9  7  6  70.31 48116.10
84 6 22061132733232327332027213 12 18  9  9 12 18  7 12 120.73 44111.30
84 6 32061142313303763574033297  9  5 15 22 94 67 27 18 321.36 45109.60
84 6 42061153747334340334037310 22 39 18 32 27 18 27 22 261.26 34106.80
84 6 52061164040333740201730257 27 27 18 22 27  7  6 15 191.05 30104.60
84 6 62061173033272727203023217 15 18 12 12 12  7 15  9 120.73 23 98.90
84 6 72061183023273327102010180 15  9 12 18 12  4  7  4 100.63 34 97.30
84 6 820611910 3 31027304030153  4  2  2  4 12 15 27 15 100.63 31 94.60
84 6 92061202727473333374030273 12 12 39 18 18 22 27 15 201.05 26 93.60
84 6102061213027272037373033240 15 12 12  7 22 22 15 18 150.94 31 92.30
84 6112061222727302330271720200 12 12 15  9 15 12  6  7 110.63 37 93.20
84 6122061232727202317 7 3 7130 12 12  7  9  6  3  2  3  70.31 39 93.00
84 613206124 02020 7171727 7113  0  7  7  3  6  6 12  3  60.21 41 98.60
84 6142061251013 713 7101013 83  4  5  3  5  3  4  4  5  40.10 50110.20
84 6152061262027233333475047280  7 12  9 18 18 39 48 39 241.15 80116.51
84 6162061276757504740272337347111 67 48 39 27 12  9 22 421.57 83110.30
84 6172062 12317373323232710193  9  6 22 18  9  9 12  4 110.63 73109.51
84 6182062 22723333757474037300 12  9 18 22 67 39 27 22 271.26 62108.90
84 6192062 34033374047434343327 27 18 22 27 39 32 32 32 291.36 51107.80
84 6202062 44743303020202010220 39 32 15 15  7  7  7  4 160.94 53106.60
84 6212062 5 7 3 0 3 3102020 67  3  2  0  2  2  4  7  7  30.10 43103.41
84 6222062 6231710 723171017123  9  6  4  3  9  6  4  6  60.31 48104.60
84 6232062 7101023 710133747157  4  4  9  3  4  5 22 39 110.63 54105.30
84 6242062 85753132323232027240 67 56  5  9  9  9  7 12 221.15 58103.60
84 6252062 93030232023202723197 15 15  9  7  9  7 12  9 100.63 44104.60
84 6262062102320232013202727173  9  7  9  7  5  7 12 12  80.52 49100.10
84 6272062114037272017 31010163 27 22 12  7  6  2  4  4 100.63 40101.50
84 6282062123033332337404043280 15 18 18  9 22 27 27 32 211.15 41 99.50
84 6292062133720173013302733207 22  7  6 15  5 15 12 18 120.73 50100.30
84 6302062143027202027333320210 15 12  7  7 12 18 18  7 120.73 42101.10
84 7 12062151327202313374730210  5 12  7  9  5 22 39 15 140.84 33101.70
84 7 22062163717202020332733207 22  6  7  7  7 18 12 18 120.73 36103.60
84 7 32062174020202727302320207 27  7  7 12 12 15  9  7 120.73 61104.80
84 7 42062181723301320203737197  6  9 15  5  7  7 22 22 120.73 80105.70
84 7 52062193730332017232320203 22 15 18  7  6  9  9  7 120.73 72104.41
84 7 62062202330171323172733183  9 15  6  5  9  6 12 18 100.63 61100.30
84 7 72062211717171313173023147  6  6  6  5  5  6 15  9  70.42 64100.10
84 7 82062221727302023301723187  6 12 15  7  9 15  6  9 100.63 74101.10
84 7 92062232730201723272013177 12 15  7  6  9 12  7  5  90.52 63104.50
84 7102062241727202743333323223  6 12  7 12 32 18 18  9 140.84 74101.30
84 71120622517 3 3 720332347153  6  2  2  3  7 18  9 39 110.63 57 96.80
84 7122062264337332020101720200 32 22 18  7  7  4  6  7 130.73 54 94.70
84 7132062272747705370534743410 12 39132 56132 56 39 32 621.77 44 92.60
84 7142063 16053434740474033363 80 56 32 39 27 39 27 18 401.46 34 92.21
84 7152063 23740403327374347303 22 27 27 18 12 22 32 39 251.26 30 92.20
84 7162063 33737374323304747300 22 22 22 32  9 15 39 39 251.26 25 90.10
84 7172063 44360505040504340377 32 80 48 48 27 48 32 27 431.57 21 87.30
84 7182063 53040202737404030263 15 27  7 12 22 27 27 15 191.05 26 85.50
84 7192063 63737332723232727233 22 22 18 12  9  9 12 12 140.84 22 84.70
84 7202063 72723301720231343197 12  9 15  6  7  9  5 32 120.73 18 84.80
84 7212063 82317272013101330153  9  6 12  7  5  4  5 15  80.42 12 86.70
84 7222063 92037171717232317170  7 22  6  6  6  9  9  6  90.52 22 86.30
84 7232063102713131320232327160 12  5  5  5  7  9  9 12  80.42 25 87.30
84 7242063113333273713231720203 18 18 12 22  5  9  6  7 120.73 38 86.80
84 7252063122323201723132723170  9  9  7  6  9  5 12  9  80.42 30 85.90
84 72620631330201013 7 31010103 15  7  4  5  3  2  4  4  60.21 25 83.40
84 7272063143723201337303327220 22  9  7  5 22 15 18 12 140.84  9 83.00
84 7282063154343372330273310247 32 32 22  9 15 12 18  4 181.05  9 82.50
84 7292063161020171723473320187  4  7  6  6  9 39 18  7 120.73 12 82.30
84 7302063172717131730231317157 12  6  5  6 15  9  5  6  80.42 16 82.20
84 7312063181713131737333053213  6  5  5  6 22 18 15 56 170.94 12 83.00
84 8 12063195770676053475353460 67132111 80 56 39 56 56 751.87 14 84.00
84 8 22063205050403037332323287 48 48 27 15 22 18  9  9 241.26 17 86.30
84 8 32063212730303323272333227 12 15 15 18  9 12  9 18 140.84 19 88.40
84 8 42063224023302333272723227 27  9 15  9 18 12 12  9 140.84 25 85.70
84 8 520632327232010132323 7147 12  9  7  4  5  9  9  3  70.42 18 85.70
84 8 62063241010 71017171013 93  4  4  3  4  6  6  4  5  40.21 24 89.90
84 8 7206325 7 7 71010 7 713 67  3  3  3  4  4  3  3  5  40.10 27 92.40
84 8 82063263330273333231733230 18 15 12 18 18  9  6 18 140.84 32 94.00
84 8 92063271723303037232350233  6  9 15 15 22  9  9 48 170.94 35 94.40
84 8102064 11720203013172317157  6  7  7 15  5  6  9  6  80.42 31 95.40
84 8112064 21017333017172737187  4  6 18 15  6  6 12 22 110.63 29 90.80
84 8122064 34327273327173030233 32 12 12 18 12  6 15 15 150.94 31 88.00
84 8132064 43030131017171713147 15 15  5  4  6  6  6  5  80.42 28 86.50
84 8142064 510 3132347474047230  4  2  5  9 39 39 27 39 201.05 27 84.00
84 8152064 64747303033403027283 39 39 15 15 18 27 15 12 221.15 23 82.60
84 8162064 73340302737232023233 18 27 15 12 22  9  7  9 150.84 23 83.10
84 8172064 83033301717202030197 15 18 15  6  6  7  7 15 110.63 18 81.00
84 8182064 91020172017132313133  4  7  6  7  6  5  9  5  60.31 17 79.10
84 819206410 7 7132327404730193  3  3  5  9 12 27 39 15 140.84 11 76.20
84 82020641127273713132323 7170 12 12 22  5  5  9  9  3 100.52 16 75.60
84 82120641213 7 71013 3 7 3 63  5  3  3  4  5  2  3  2  30.10 12 77.20
84 822206413 0 0 3 3 3 3 0 3 17  0  0  2  2  2  2  0  2  10.00 10 75.70
84 823206414 7 3 7 733232033133  3  2  3  3 18  9  7 18  80.42 19 76.00
84 8242064152337474343373323287  9 22 39 32 32 22 18  9 231.15 24 81.60
84 8252064163037305017203330247 15 22 15 48  6  7 18 15 181.05 36 83.00
84 8262064172337331720201310173  9 22 18  6  7  7  5  4 100.52 49 87.70
84 8272064183023233747535360327 15  9  9 22 39 56 56 80 361.46 41 90.40
84 8282064195023574737473747343 48  9 67 39 22 39 22 39 361.46 37 88.60
84 8292064203340473333273037280 18 27 39 18 18 12 15 22 211.15 34 90.30
84 8302064213733273337302327247 22 18 12 18 22 15  9 12 160.94 27 91.80
84 8312064223723271730272023203 22  9 12  6 15 12  7  9 120.73 36 93.11
84 9 120642330273313 7202730187 15 12 18  5  3  7 12 15 110.63 45 94.10
84 9 22064243037272020302313200 15 22 12  7  7 15  9  5 120.73 50 93.20
84 9 32064253043332017171720197 15 32 18  7  6  6  6  7 120.73 61 94.50
84 9 42064262727535070773327363 12 12 56 48132179 18 12 591.77 58 91.90
84 9 52064275370635047575033423 56132 94 48 39 67 48 18 631.77 53 89.80
84 9 62065 12723333023272323210 12  9 18 15  9 12  9  9 120.73 32 85.90
84 9 72065 223201717171717 7133  9  7  6  6  6  6  6  3  60.31 21 85.20
84 9 82065 31313232030272340190  5  5  9  7 15 12  9 27 110.63 20 83.40
84 9 92065 42720232017172747197 12  7  9  7  6  6 12 39 120.73 13 80.60
84 9102065 53330375020404343297 18 15 22 48  7 27 32 32 251.26 10 79.10
84 9112065 64040372727233023247 27 27 22 12 12  9 15  9 170.94  9 77.80
84 9122065 72320233327372733223  9  7  9 18 12 22 12 18 130.84  9 76.50
84 9132065 83730302317201320190 22 15 15  9  6  7  5  7 110.63  9 75.00
84 9142065 93027372723303327233 15 12 22 12  9 15 18 12 140.84  0 74.50
84 9152065102720302317201330180 12  7 15  9  6  7  5 15 100.52  8 73.30
84 9162065112723231320272313170 12  9  9  5  7 12  9  5  80.52 12 73.40
84 917206512202727 7 710 7 7110  7 12 12  3  3  4  3  3  60.31  0 74.60
84 918206513 31710 7 3 3 3 7 53  2  6  4  3  2  2  2  3  30.10  0 73.80
84 9192065141323236053405743313  5  9  9 80 56 27 67 32 361.46 10 74.60
84 9202065154043403027334320277 27 32 27 15 12 18 32  7 211.15  0 74.10
84 9212065161017133333231330173  4  6  5 18 18  9  5 15 100.63  9 75.10
84 9222065172320373733175347267  9  7 22 22 18  6 56 39 221.15 10 75.90
84 9232065185367676770706770530 561111111111321321111321121.98  8 76.10
84 9242065196057604343534347407 80 67 80 32 32 56 32 39 521.67  8 76.20
84 9252065203747574347535047380 22 39 67 32 39 56 48 39 431.57  7 74.60
84 9262065213750575053504333373 22 48 67 48 56 48 32 18 421.57  0 74.30
84 9272065224337433743303340307 32 22 32 22 32 15 18 27 251.26  0 73.50
84 9282065233040202030304033243 15 27  7  7 15 15 27 18 160.94  0 73.10
84 9292065243037271317202337203 15 22 12  5  6  7  9 22 120.73  0 71.70
84 93020652540333313 3 7 723160 27 18 18  5  2  3  3  9 110.63  8 72.40
8410 1206526131723202720 710137  5  6  9  7 12  7  3  4  70.31  7 72.00
8410 22065273020171717272333183 15  7  6  6  6 12  9 18 100.63  9 74.80
8410 32066 14053403023172323250 27 56 27 15  9  6  9  9 201.05 10 75.20
8410 42066 2 7 3101013302020113  3  2  4  4  5 15  7  7  60.31 11 75.20
8410 52066 32713171727131713143 12  5  6  6 12  5  6  5  70.42  0 74.00
8410 62066 42737332030303057263 12 22 18  7 15 15 15 67 211.15  0 73.20
8410 72066 56050404060433740370 80 48 27 27 80 32 22 27 431.57  0 73.50
8410 82066 65043304323233340287 48 32 15 32  9  9 18 27 241.15 12 74.50
8410 92066 74030303023334340270 27 15 15 15  9 18 32 27 201.05 14 73.50
8410102066 83740434353404023320 22 27 32 32 56 27 27  9 291.36 17 74.10
8410112066 93733373330474750313 22 18 22 18 15 39 39 48 281.26 25 74.30
8410122066105337433330475337333 56 22 32 18 15 39 56 22 321.36 18 73.90
8410132066113027334347231317233 15 12 18 32 39  9  5  6 170.94 11 74.70
84101420661240333317 7302337220 27 18 18  6  3 15  9 22 150.84 12 73.20
8410152066133323171010204737197 18  9  6  4  4  7 39 22 140.84 14 76.40
8410162066144040303737331733267 27 27 15 22 22 18  6 18 191.05 19 76.60
84101720661517 710 7 3 7 3 7 60  6  3  4  3  2  3  2  3  30.10 24 76.20
8410182066161740304747476757350  6 27 15 39 39 39111 67 431.57 25 76.50
8410192066176353575360606753467 94 56 67 56 80 80111 56 751.87 25 74.20
8410202066185757535353536743437 67 67 56 56 56 56111 32 631.77 16 73.50
8410212066193743474047576057387 22 32 39 27 39 67 80 67 471.57 22 73.20
8410222066205053504343505747393 48 56 48 32 32 48 67 39 461.57 12 74.50
8410232066214037473733434340320 27 22 39 22 18 32 32 27 271.26 11 72.70
8410242066224747504353474737370 39 39 48 32 56 39 39 22 391.46 10 70.80
8410252066232740332330233757270 12 27 18  9 15  9 22 67 221.15 10 70.20
8410262066245323231713231323190 56  9  9  6  5  9  5  9 140.84  9 69.40
8410272066252023231727301310163  7  9  9  6 12 15  5  4  80.52  8 68.60
8410282066261023272020202327170  4  9 12  7  7  7  9 12  80.52  0 69.30
8410292066272020201723201720157  7  7  7  6  9  7  6  7  70.42  8 68.20
8410302067 127302013 7 71010123 12 15  7  5  3  3  4  4  70.31 14 68.80
8410312067 213 0 3 3 7102037 93  5  0  2  2  3  4  7 22  60.31 18 69.80
8411 12067 33333575737172327283 18 18 67 67 22  6  9 12 271.26 16 69.50
8411 22067 41717172313334330193  6  6  6  9  5 18 32 15 120.73 14 70.10
8411 32067 52313232343404333243  9  5  9  9 32 27 32 18 181.05 11 72.00
8411 42067 63730303730273733260 22 15 15 22 15 12 22 18 181.05 14 72.20
8411 52067 72337332733272013213  9 22 18 12 18 12  7  5 130.73 12 71.70
8411 62067 81723333727372720220  6  9 18 22 12 22 12  7 140.84  0 71.00
8411 72067 92037232023503347253  7 22  9  7  9 48 18 39 201.05  0 70.10
8411 82067104043403333332720270 27 32 27 18 18 18 12  7 201.05 11 70.50
8411 92067111723232027304030210  6  9  9  7 12 15 27 15 120.73 13 72.70
8411102067123330201043203050237 18 15  7  4 32  7 15 48 181.05 21 75.80
8411112067133033273737302050263 15 18 12 22 22 15  7 48 201.05 30 73.10
8411122067142037272013 7 3 7133  7 22 12  7  5  3  2  3  80.42 21 72.80
8411132067151013172310303033167  4  5  6  9  4 15 15 18 100.52 16 71.60
8411142067162330233043232727227  9 15  9 15 32  9 12 12 140.84 13 72.00
8411152067174347335343475073390 32 39 18 56 32 39 48154 521.67 13 72.90
8411162067187780706763535750517179207132111 94 56 67 481121.98 11 70.70
8411172067195343434743503737353 56 32 32 39 32 48 22 22 351.46 11 71.00
8411182067204340473330173730277 32 27 39 18 15  6 22 15 221.15 13 71.70
8411192067214337372027403737277 32 22 22  7 12 27 22 22 211.15 15 72.30
8411202067223340403337303723273 18 27 27 18 22 15 22  9 201.05 27 74.80
8411212067233340334037373733290 18 27 18 27 22 22 22 18 221.15 36 78.30
8411222067242033233723333327230  7 18  9 22  9 18 18 12 140.84 36 78.20
84112320672537302717271313 3167 22 15 12  6 12  5  5  2 100.63 41 79.30
84112420672620272327 7232727180  7 12  9 12  3  9 12 12 100.52 47 81.10
84112520672730172010 7233333173 15  6  7  4  3  9 18 18 100.63 59 83.10
8411262068 13327201013202010153 18 12  7  4  5  7  7  4  80.42 44 82.50
8411272068 2 3 7171723302017133  2  3  6  6  9 15  7  6  70.31 39 82.51
8411282068 32713172313 7 7 7113 12  5  6  9  5  3  3  3  60.31 34 81.10
8411292068 4 020503720132017177  0  7 48 22  7  5  7  6 130.73 30 77.10
8411302068 53760603733303343333 22 80 80 22 18 15 18 32 361.46 25 76.40
8412 12068 63040373030101733227 15 27 22 15 15  4  6 18 150.94 19 77.00
8412 22068 74750433023374037307 39 48 32 15  9 22 27 22 271.26 24 76.80
8412 32068 83333403337404030287 18 18 27 18 22 27 27 15 221.15 19 77.90
8412 42068 93027503730474347310 15 12 48 22 15 39 32 39 281.26 22 75.90
8412 52068104333373730372730273 32 18 22 22 15 22 12 15 201.05 14 73.40
8412 62068113733374337333340293 22 18 22 32 22 18 18 27 221.15 21 73.00
8412 72068123737303733373320263 22 22 15 22 18 22 18  7 181.05 16 72.70
8412 82068132730202313101323160 12 15  7  9  5  4  5  9  80.42 23 74.10
8412 92068142710 3 710172020113 12  4  2  3  4  6  7  7  60.31 21 74.50
8412102068151730232027271717177  6 15  9  7 12 12  6  6  90.52 15 75.70
841211206816 723132337334053230  3  9  5  9 22 18 27 56 191.05 25 78.90
8412122068175047233023201717227 48 39  9 15  9  7  6  6 170.94 26 77.80
8412132068184760333337333020293 39 80 18 18 22 18 15  7 271.26 27 76.20
8412142068191713102320272030160  6  5  4  9  7 12  7 15  80.42 25 75.80
8412152068203027272723235357267 15 12 12 12  9  9 56 67 241.26 25 74.90
8412162068214040434037405053343 27 27 32 27 22 27 48 56 331.36 30 74.20
8412172068224040373343434740323 27 27 22 18 32 32 39 27 281.26 24 72.60
8412182068233033273030372330240 15 18 12 15 15 22  9 15 150.94 11 70.20
8412192068242317271727102013153  9  6 12  6 12  4  7  5  80.42 10 71.00
8412202068252313131017232310133  9  5  5  4  6  9  9  4  60.31  9 69.90
841221206826 323172023304043200  2  9  6  7  9 15 27 32 130.84 13 69.70
8412222068272717101713272330163 12  6  4  6  5 12  9 15  90.52 12 70.70
8412232069 12733273023333337243 12 18 12 15  9 18 18 22 160.94 11 71.30
8412242069 21720 710 713 710 90  6  7  3  4  3  5  3  4  40.21 13 71.80
8412252069 320272310 3 01013107  7 12  9  4  2  0  4  5  50.21 21 72.20
8412262069 42343373740374743307  9 32 22 22 27 22 39 32 261.26 18 72.30
8412272069 52713 72343333047223 12  5  3  9 32 18 15 39 170.94 14 72.00
8412282069 64037533333474047330 27 22 56 18 18 39 27 39 311.36 15 72.20
8412292069 73747334730334040307 22 39 18 39 15 18 27 27 261.26 16 72.10
8412302069 83337403330303743283 18 22 27 18 15 15 22 32 211.15 10 71.40
8412312069 93733303747404037300 22 18 15 22 39 27 27 22 241.26 14 70.00
