88 1 1210925 7 7 71020132017100  3  3  3  4  7  5  7  6  50.21 47100.10
88 1 22109262327205343475043307  9 12  7 56 32 39 48 32 291.36 31 93.70
88 1 32109272327232013131010140  9 12  9  7  5  5  4  4  70.31 25101.20
88 1 42110 1232010 717203353183  9  7  4  3  6  7 18 56 140.84 23 98.20
88 1 52110 23037332333101737220 15 22 18  9 18  4  6 22 140.84 32 99.50
88 1 62110 33323374327506040313 18  9 22 32 12 48 80 27 311.36 40101.70
88 1 72110 46043302720203040270 80 32 15 12  7  7 15 27 241.26 58102.10
88 1 82110 53743203737373023263 22 32  7 22 22 22 15  9 191.05 57105.60
88 1 92110 623332323 3 31010130  9 18  9  9  2  2  4  4  70.42 62100.61
88 1102110 7 7 0 3 310 72327 80  3  0  2  2  4  3  9 12  40.21 68100.90
88 1112110 8334037101010 313157 18 27 22  4  4  4  2  5 110.63 75101.71
88 1122110 92017304750334013250  7  6 15 39 48 18 27  5 211.15 67107.51
88 113211010 310131320172037133  2  4  5  5  7  6  7 22  70.42 76108.11
88 1142110114050232030506370347 27 48  9  7 15 48 94132 481.67 91113.70
88 1152110127373605037332733387154154 80 48 22 18 12 18 631.77 90112.41
88 11621101320 3171323 7 717107  7  2  6  5  9  3  3  6  50.21 83121.81
88 117211014 317171313272327140  2  6  6  5  5 12  9 12  70.42 72116.40
88 1182110151313272010274723180  5  5 12  7  4 12 39  9 120.73 68110.90
88 1192110162023372720232017187  7  9 22 12  7  9  7  6 100.63 73114.20
88 1202110173023332727232330217 15  9 18 12 12  9  9 15 120.73 85112.70
88 1212110183333171317102017160 18 18  6  5  6  4  7  6  90.52 78111.60
88 12221101917201013232720 7137  6  7  4  5  9 12  7  3  70.31 66104.50
88 12321102010 3 3 710 7 3 0 43  4  2  2  3  4  3  2  0  20.00 47104.70
88 124211021 3 3131017131720 97  2  2  5  4  6  5  6  7  50.21 44102.20
88 1252110221017201313171717123  4  6  7  5  5  6  6  6  60.31 33 94.90
88 12621102310 3131720173333147  4  2  5  6  7  6 18 18  80.42 44 93.50
88 1272110243030303320202720210 15 15 15 18  7  7 12  7 120.73 54101.60
88 12821102517302017 7 7 3 7107  6 15  7  6  3  3  2  3  60.31 67103.00
88 1292110261313 310 720 710 83  5  5  2  4  3  7  3  4  40.10 59 99.10
88 130211027 7 3 7 3 0 31013 47  3  2  3  2  0  2  4  5  30.00 56100.10
88 1312111 1 010 7 31010 3 3 47  0  4  3  2  4  4  2  2  30.00 57103.10
88 2 12111 213 0 3 3 0 3 710 40  5  0  2  2  0  2  3  4  20.00 63105.50
88 2 22111 310 7 310 7102717 90  4  3  2  4  3  4 12  6  50.21 68104.30
88 2 32111 417 31010 3 3 3 7 57  6  2  4  4  2  2  2  3  30.10 68103.60
88 2 42111 51010131317202330137  4  4  5  5  6  7  9 15  70.31 74103.10
88 2 52111 63747504737403730323 22 39 48 39 22 27 22 15 291.36 58102.60
88 2 62111 73023232320231737197 15  9  9  9  7  9  6 22 110.63 43103.60
88 2 72111 82723171710 7 310113 12  9  6  6  4  3  2  4  60.31 44105.30
88 2 82111 913 7 3 3 7103017 90  5  3  2  2  3  4 15  6  50.21 46102.50
88 2 92111101313272320303330190  5  5 12  9  7 15 18 15 110.63 50101.00
88 2102111112727373337231710210 12 12 22 18 22  9  6  4 130.84 38100.20
88 211211112 3 7232723203740180  2  3  9 12  9  7 22 27 110.73 26 99.60
88 2122111133337402717173337240 18 22 27 12  6  6 18 22 160.94 14101.30
88 2132111141737303330372323230  6 22 15 18 15 22  9  9 140.84 23102.90
88 2142111152310273013 7 713130  9  4 12 15  5  3  3  5  70.42 28102.60
88 2152111162327404733402717253  9 12 27 39 18 27 12  6 191.05 33100.40
88 2162111171310202037474017203  5  4  7  7 22 39 27  6 150.84 42101.00
88 2172111182323104017372043213  9  9  4 27  6 22  7 32 140.84 35106.20
88 2182111194323274310234040250 32  9 12 32  4  9 27 27 191.05 55112.50
88 2192111201023201317232710143  4  9  7  5  6  9 12  4  70.42 66109.00
88 220211121 7 3 31017172320100  3  2  2  4  6  6  9  7  50.21 51106.50
88 2212111224040474023273050297 27 27 39 27  9 12 15 48 261.26 27104.70
88 2222111236763736067675750503111 94154 80111111 67 48 971.98 15102.50
88 2232111246063433730333713317 80 94 32 22 15 18 22  5 361.46 13100.20
88 2242111253733232327173017207 22 18  9  9 12  6 15  6 120.73 23 99.60
88 2252111263340272023203030223 18 27 12  7  9  7 15 15 140.84 19 96.40
88 22621112730202017 7272723170 15  7  7  6  3 12 12  9  90.52 15 96.70
88 2272112 123332313 7 3 720130  9 18  9  5  3  2  3  7  70.42 31 96.30
88 2282112 217131710131317 7107  6  5  6  4  5  5  6  3  50.21 40 97.10
88 2292112 3 7 3 710 71010 3 57  3  2  3  4  3  4  4  2  30.10 52103.30
88 3 12112 413101313 7 31717 93  5  4  5  5  3  2  6  6  40.21 68 99.81
88 3 22112 5 7 317131320 733113  3  2  6  5  5  7  3 18  60.31 66 99.10
88 3 32112 62713231320303027183 12  5  9  5  7 15 15 12 100.63 72101.91
88 3 42112 74340403030303017260 32 27 27 15 15 15 15  6 191.05 77102.61
88 3 52112 82327131713132027153  9 12  5  6  5  5  7 12  80.42 64106.71
88 3 62112 94737332337333313257 39 22 18  9 22 18 18  5 191.05 61107.60
88 3 721121023172313 7333733187  9  6  9  5  3 18 22 18 110.63 65107.30
88 3 82112113350504347232320290 18 48 48 32 39  9  9  7 261.26 67104.11
88 3 92112122737273720272313210 12 22 12 22  7 12  9  5 130.73 49101.50
88 3102112131310202333303337200  5  4  7  9 18 15 18 22 120.73 36 99.20
88 3112112143037232340233017223 15 22  9  9 27  9 15  6 140.84 20102.90
88 3122112151717202317232333173  6  6  7  9  6  9  9 18  90.52 39103.50
88 31321121620 31710 3131713 97  7  2  6  4  2  5  6  5  50.21 53107.80
88 3142112172720271330233037207 12  7 12  5 15  9 15 22 120.73 62108.91
88 3152112182330403723304340267  9 15 27 22  9 15 32 27 201.05 63112.61
88 3162112193737373713132320217 22 22 22 22  5  5  9  7 140.84 74114.11
88 3172112202730232713132317173 12 15  9 12  5  5  9  6  90.52 99117.40
88 3182112212317232013132017147  9  6  9  7  5  5  7  6  70.31 95116.10
88 3192112221017171010 31313 93  4  6  6  4  4  2  5  5  40.21105116.11
88 320211223 7 7203323 7 7 3107  3  3  7 18  9  3  3  2  60.31 85116.31
88 321211224 0 0 3 3 0 0 717 30  0  0  2  2  0  0  3  6  20.00 81117.51
88 3222112251710 7 3 7 3 7 7 60  6  4  3  2  3  2  3  3  30.10 76117.60
88 323211226 7 313 727231310103  3  2  5  3 12  9  5  4  50.21 74120.91
88 3242112272723 71010 3 310 93 12  9  3  4  4  2  2  4  50.21 83123.01
88 3252113 1 320231733302723177  2  7  9  6 18 15 12  9 100.52 92128.51
88 3262113 23037433737476770367 15 22 32 22 22 39111132 491.67 93127.51
88 3272113 36047302730405340327 80 39 15 12 15 27 56 27 341.36103128.01
88 3282113 43033304330335050300 15 18 15 32 15 18 48 48 261.26109129.80
88 3292113 53340475037504733337 18 27 39 48 22 48 39 18 321.36104131.70
88 3302113 65760374343232337323 67 80 22 32 32  9  9 22 341.36108128.30
88 3312113 73333202020233320203 18 18  7  7  7  9 18  7 110.73120130.61
88 4 12113 82727302023303333223 12 12 15  7  9 15 18 18 130.84110127.20
88 4 22113 93037404337272727267 15 22 27 32 22 12 12 12 191.05 96126.50
88 4 32113102727504717438043333 12 12 48 39  6 32207 32 481.67 94127.60
88 4 42113114753576363637337457 39 56 67 94 94 94154 22 781.87 74122.60
88 4 52113125037332023173357270 48 22 18  7  9  6 18 67 241.26 66114.60
88 4 62113136063476047433023373 80 94 39 80 39 32 15  9 481.67 62116.80
88 4 72113142037373030332720233  7 22 22 15 15 18 12  7 150.84 84120.00
88 4 821131517 7171023302017140  6  3  6  4  9 15  7  6  70.42 92121.81
88 4 92113164320172317231323180 32  7  6  9  6  9  5  9 100.63115121.81
88 4102113171723334043272327233  6  9 18 27 32 12  9 12 160.94107127.20
88 4112113183020171330301717173 15  7  6  5 15 15  6  6  90.52115128.01
88 4122113193027203037372723230 15 12  7 15 22 22 12  9 140.84118130.61
88 4132113202023172727172033183  7  9  6 12 12  6  7 18 100.52120134.60
88 4142113212327232327132023180  9 12  9  9 12  5  7  9  90.52138146.30
88 415211322 710 31027201720113  3  4  2  4 12  7  6  7  60.31145143.50
88 41621132317 713 72320 7 7100  6  3  5  3  9  7  3  3  50.21157147.60
88 417211324171013 7 717 720 97  6  4  5  3  3  6  3  7  50.21144145.50
88 4182113252027231313131017137  7 12  9  5  5  5  4  6  70.31137145.30
88 4192113262030233027201313177  7 15  9 15 12  7  5  5  90.52108138.50
88 420211327 7 3101013302327123  3  2  4  4  5 15  9 12  70.31 88134.90
88 4212114 12020171317201033150  7  7  6  5  6  7  4 18  80.42 79127.60
88 4222114 24053504743535050387 27 56 48 39 32 56 48 48 441.57 72120.10
88 4232114 35047372337172720257 48 39 22  9 22  6 12  7 211.15 43111.50
88 4242114 42013171313132327140  7  5  6  5  5  5  9 12  70.31 30105.60
88 4252114 5 7 3101317272013110  3  2  4  5  6 12  7  5  60.21 40106.70
88 4262114 6172313 713 7 710 97  6  9  5  3  5  3  3  4  50.21 44103.80
88 4272114 71320 0 313172727120  5  7  0  2  5  6 12 12  60.31 36101.90
88 4282114 82727232727202723200 12 12  9 12 12  7 12  9 110.63 41101.60
88 4292114 927203017 3 3 3 7110 12  7 15  6  2  2  2  3  60.31 39102.10
88 4302114101720272313101723150  6  7 12  9  5  4  6  9  70.42 47104.80
88 5 12114112013131713131017117  7  5  5  6  5  5  4  6  50.21 69108.80
88 5 2211412 717131720202030143  3  6  5  6  7  7  7 15  70.42 84113.11
88 5 32114131317171010202727140  5  6  6  4  4  7 12 12  70.42 76116.41
88 5 42114143737201727203720213 22 22  7  6 12  7 22  7 130.84101127.40
88 5 52114151013274330172060220  4  5 12 32 15  6  7 80 201.05103121.10
88 5 62114166760737070735343510111 80154132132154 56 321061.98 77116.50
88 5 72114171317173030273340207  5  6  6 15 15 12 18 27 130.73 50112.90
88 5 82114182323232333373030223  9  9  9  9 18 22 15 15 130.84 63116.70
88 5 92114192017332723232320187  7  6 18 12  9  9  9  7 100.52 74121.90
88 5102114203330302320231720197 18 15 15  9  7  9  6  7 110.63 87116.40
88 5112114211723232017201010140  6  9  9  7  6  7  4  4  60.31 65114.60
88 512211422271013101013 713103 12  4  5  4  4  5  3  5  50.21 56111.60
88 5132114231717 713171710 3100  6  6  3  5  6  6  4  2  50.21 44105.90
88 514211424 7 7 710101310 3 67  3  3  3  4  4  5  4  2  40.10 37105.20
88 5152114251330171310 7 717113  5 15  6  5  4  3  3  6  60.31 44103.40
88 516211426172723303037 720190  6 12  9 15 15 22  3  7 110.63 53103.30
88 5172114272040374050373733293  7 27 22 27 48 22 22 18 241.26 57103.70
88 5182115 15030333033171333240 48 15 18 15 18  6  5 18 181.05 44106.70
88 5192115 227172020171310 7130 12  6  7  7  6  5  4  3  60.31 20104.80
88 5202115 3201310 717102723127  7  5  4  3  6  4 12  9  60.31 20106.10
88 5212115 42027271317232337187  7 12 12  5  6  9  9 22 100.63 25112.60
88 5222115 533272313201710 3147 18 12  9  5  7  6  4  2  80.42 30114.00
88 5232115 6171710 710101330113  6  6  4  3  4  4  5 15  60.31 40122.20
88 5242115 71717201730232013157  6  6  7  6 15  9  7  5  80.42 48119.80
88 5252115 81310101010102333120  5  4  4  4  4  4  9 18  60.31 54123.81
88 5262115 9234017 71020 7 7130  9 27  6  3  4  7  3  3  80.42 63127.80
88 527211510 310 3 3 7 7 710 50  2  4  2  2  3  3  3  4  30.10 66130.00
88 528211511 710 3 3101010 7 60  3  4  2  2  4  4  4  3  30.10 70130.10
88 529211512 720201727231317143  3  7  7  6 12  9  5  6  70.31 74140.20
88 5302115131733332010173333197  6 18 18  7  4  6 18 18 120.73 83142.80
88 5312115143020172723232317180 15  7  6 12  9  9  9  6  90.52 86153.61
88 6 1211515 713132020202317133  3  5  5  7  7  7  9  6  60.31 95149.31
88 6 22115161717 71010 71717100  6  6  3  4  4  3  6  6  50.21 96147.60
88 6 3211517 3 3 71010 7 3 0 43  2  2  3  4  4  3  2  0  20.00100149.50
88 6 4211518 3 3 0 31310 710 50  2  2  0  2  5  4  3  4  30.00105150.90
88 6 52115191013101727234027167  4  5  4  6 12  9 27 12 100.63125151.20
88 6 621152037301010 3101013123 22 15  4  4  2  4  4  5  80.42145159.00
88 6 7211521 713231710171727130  3  5  9  6  4  6  6 12  60.31141164.60
88 6 82115221320202017131310127  5  7  7  7  6  5  5  4  60.31151168.30
88 6 9211523 010 71027273323137  0  4  3  4 12 12 18  9  80.42173165.91
88 6102115243030301310231013160 15 15 15  5  4  9  4  5  90.52144149.80
88 61121152517232313232020 7147  6  9  9  5  9  7  7  3  70.31108137.80
88 612211526 713101010 3 313 70  3  5  4  4  4  2  2  5  40.10 77125.90
88 613211527301710 713 7 317103 15  6  4  3  5  3  2  6  60.21 47115.00
88 6142116 13340403330272740270 18 27 27 18 15 12 12 27 201.05 53111.70
88 6152116 23017201313102037160 15  6  7  5  5  4  7 22  90.52 65113.50
88 6162116 32317171020101317127  9  6  6  4  7  4  5  6  60.31 81121.70
88 6172116 42727232027201730190 12 12  9  7 12  7  6 15 100.63 76124.80
88 6182116 52017201727434320207  7  6  7  6 12 32 32  7 140.84 67125.70
88 6192116 62723304343434023273 12  9 15 32 32 32 27  9 211.15 70119.40
88 6202116 7334040271713 7 7183 18 27 27 12  6  5  3  3 130.73 77118.50
88 6212116 8 710132020131017110  3  4  5  7  7  5  4  6  50.21 95122.81
88 6222116 91727273033233020207  6 12 12 15 18  9 15  7 120.73 92124.41
88 6232116102323101720202330167  9  9  4  6  7  7  9 15  80.42 91129.30
88 6242116113040172733403033250 15 27  6 12 18 27 15 18 170.94 93135.71
88 6252116123037434023504740310 15 22 32 27  9 48 39 27 271.26111153.70
88 6262116133317331720334740240 18  6 18  6  7 18 39 27 170.94107157.61
88 6272116143723131710203020170 22  9  5  6  4  7 15  7  90.52111160.50
88 6282116152020333320231717183  7  7 18 18  7  9  6  6 100.52116183.20
88 6292116161743433337375040300  6 32 32 18 22 22 48 27 261.26121189.50
88 6302116174037303340473323283 27 22 15 18 27 39 18  9 221.15121187.41
88 7 12116183727302727233033233 22 12 15 12 12  9 15 18 140.84139194.41
88 7 22116193327272720172317190 18 12 12 12  7  6  9  6 100.63145198.90
88 7 3211620 720131717232720143  3  7  5  6  6  9 12  7  70.31142190.20
88 7 4211621172010 7 310 3 3 73  6  7  4  3  2  4  2  2  40.10129181.00
88 7 5211622 3 7 3 3 7172723 90  2  3  2  2  3  6 12  9  50.21119171.20
88 7 62116233030232027272323203 15 15  9  7 12 12  9  9 110.63108156.70
88 7 72116241720302320132017160  6  7 15  9  7  5  7  6  80.42103152.40
88 7 82116252320232330203020190  9  7  9  9 15  7 15  7 100.52106142.40
88 7 921162613 7 3 3 3 7 313 53  5  3  2  2  2  3  2  5  30.10 82137.70
88 7102116271713101320232717140  6  5  4  5  7  9 12  6  70.31 78138.30
88 7112117 13737334043333027280 22 22 18 27 32 18 15 12 211.15102137.71
88 7122117 22730333033233330240 12 15 18 15 18  9 18 15 150.84109137.90
88 7132117 3171010 7 7131323100  6  4  4  3  3  5  5  9  50.21103141.31
88 7142117 42723201013201720150 12  9  7  4  5  7  6  7  70.42121150.10
88 7152117 52727131323333030197 12 12  5  5  9 18 15 15 110.73121150.70
88 7162117 63033374350273027277 15 18 22 32 48 12 15 12 221.15111153.31
88 7172117 71717101327171720137  6  6  4  5 12  6  6  7  60.31124152.81
88 7182117 81330302717231720177  5 15 15 12  6  9  6  7  90.52136152.30
88 7192117 91713273027102317163  6  5 12 15 12  4  9  6  90.52105142.10
88 720211710 7 710 7 310 710 60  3  3  4  3  2  4  3  4  30.10106141.30
88 7212117111333575043332320273  5 18 67 48 32 18  9  7 261.26103145.80
88 7222117124747273733404340313 39 39 12 22 18 27 32 27 271.26106141.20
88 7232117133033373320 7 717183 15 18 22 18  7  3  3  6 120.73116144.60
88 7242117142023172017131720147  7  9  6  7  6  5  6  7  70.31 81138.60
88 7252117152023101313102017127  7  9  4  5  5  4  7  6  60.31 76140.90
88 7262117162720273033373340247 12  7 12 15 18 22 18 27 160.94 76149.70
88 7272117174030332020171323197 27 15 18  7  7  6  5  9 120.73101161.50
88 7282117182017171720273737190  7  6  6  6  7 12 22 22 110.63117175.40
88 7292117191710101010102337127  6  4  4  4  4  4  9 22  70.42157185.90
88 730211720232020 7 7131323127  9  7  7  3  3  5  5  9  60.31161188.30
88 7312117211027302017201723163  4 12 15  7  6  7  6  9  80.42146192.50
88 8 12117222327231013132713150  9 12  9  4  5  5 12  5  80.42142180.90
88 8 2211723202010 713101717113  7  7  4  3  5  4  6  6  50.21143187.60
88 8 3211724202723171713 3 7127  7 12  9  6  6  5  2  3  60.31146172.21
88 8 4211725 710 3 3 3 3 3 7 40  3  4  2  2  2  2  2  3  20.00135163.60
88 8 5211726 3 713 723271727123  2  3  5  3  9 12  6 12  60.31120159.20
88 8 6211727171727 7 7 7 720107  6  6 12  3  3  3  3  7  50.21123163.40
88 8 72118 120131013131013 7100  7  5  4  5  5  4  5  3  50.21144170.40
88 8 82118 2 0 3 710 3 31317 57  0  2  3  4  2  2  5  6  30.10160186.90
88 8 92118 32023202033274033217  7  9  7  7 18 12 27 18 130.84171182.40
88 8102118 427131317 7133333157 12  5  5  6  3  5 18 18  90.52152181.80
88 8112118 52017203023172023170  7  6  7 15  9  6  7  9  80.42135178.20
88 8122118 63023232340402737243 15  9  9  9 27 27 12 22 160.94133161.20
88 8132118 73337273337332730257 18 22 12 18 22 18 12 15 170.94122159.70
88 8142118 84330434033401323267 32 15 32 27 18 27  5  9 211.15128151.60
88 8152118 92033433730302720240  7 18 32 22 15 15 12  7 160.94121144.00
88 8162118102323271717172313160  9  9 12  6  6  6  9  5  80.42 91137.80
88 81721181110201713 7 7 717 97  4  7  6  5  3  3  3  6  50.21 67145.60
88 8182118121733202020271713167  6 18  7  7  7 12  6  5  80.52 47128.50
88 8192118131720172020301723163  6  7  6  7  7 15  6  9  80.42 57123.90
88 8202118142327272350402720237  9 12 12  9 48 27 12  7 170.94 57118.10
88 82121181517201710 7 7 740123  6  7  6  4  3  3  3 27  70.42 40116.10
88 8222118165360371720132013233 56 80 22  6  7  5  7  5 241.15 21114.90
88 8232118172720231723233030193 12  7  9  6  9  9 15 15 100.63 26121.70
88 8242118181317202723273333193  5  6  7 12  9 12 18 18 110.63 43133.70
88 8252118191720304040333020230  6  7 15 27 27 18 15  7 150.94 76144.30
88 8262118202327171023231730170  9 12  6  4  9  9  6 15  90.52 93157.10
88 8272118214037302720273020230 27 22 15 12  7 12 15  7 150.84142166.80
88 8282118221320232720172033173  5  7  9 12  7  6  7 18  90.52146174.00
88 8292118233723373317271327213 22  9 22 18  6 12  5 12 130.84164189.00
88 8302118243333402013232023207 18 18 27  7  5  9  7  9 120.73163190.00
88 831211825302010 723403037197 15  7  4  3  9 27 15 22 130.73151194.50
88 9 12118264047333337302730277 27 39 18 18 22 15 12 15 211.15137191.30
88 9 22118273037231727232333213 15 22  9  6 12  9  9 18 120.73144178.90
88 9 32119 13027171717132717163 15 12  6  6  6  5 12  6  80.52129177.30
88 9 42119 22320232020131317150  9  7  9  7  7  5  5  6  70.31148165.90
88 9 52119 32013 71310 7 7 3 80  7  5  3  5  4  3  3  2  40.10128166.30
88 9 62119 4 3 0 0 7131323 7 67  2  0  0  3  5  5  9  3  30.10 93152.40
88 9 72119 51020231310 3 7 7 93  4  7  9  5  4  2  3  3  50.21 97145.40
88 9 82119 6 017101017173020120  0  6  4  4  6  6 15  7  60.31 88138.90
88 9 92119 7 710 3 710 72317 83  3  4  2  3  4  3  9  6  40.10 74128.00
88 9102119 817 3101710172733133  6  2  4  6  4  6 12 18  70.42 76117.60
88 9112119 93333504760575360393 18 18 48 39 80 67 56 80 511.67 81121.90
88 9122119105737371323272727247 67 22 22  5  9 12 12 12 201.05 88127.00
88 9132119112033272323203017193  7 18 12  9  9  7 15  6 100.63 91124.80
88 9142119123020333027231717197 15  7 18 15 12  9  6  6 110.63 94130.20
88 9152119133030272727331313200 15 15 12 12 12 18  5  5 120.73 89126.10
88 916211914172317132713 7 3120  6  9  6  5 12  5  3  2  60.31 89128.50
88 9172119152337373340273743277  9 22 22 18 27 12 22 32 201.05 79135.30
88 9182119166050373340173353323 80 48 22 18 27  6 18 56 341.46 97139.50
88 9192119174740433330233340290 39 27 32 18 15  9 18 27 231.15113138.60
88 9202119182730232320173323197 12 15  9  9  7  6 18  9 110.63153151.40
88 9212119193023132727133327193 15  9  5 12 12  5 18 12 110.63168157.80
88 9222119203037403733472020263 15 22 27 22 18 39  7  7 201.05168178.60
88 9232119213333301727131723193 18 18 15  6 12  5  6  9 110.63190177.81
88 9242119221313202723132030160  5  5  7 12  9  5  7 15  80.42172178.60
88 9252119234023131320232337193 27  9  5  5  7  9  9 22 120.73149177.40
88 9262119241017172337171320153  4  6  6  9 22  6  5  7  80.42151172.00
88 927211925231313101317 710107  9  5  5  4  5  6  3  4  50.21157179.61
88 928211926201310 713171717113  7  5  4  3  5  6  6  6  50.21143171.00
88 929211927131013101013 3 3 77  5  4  5  4  4  5  2  2  40.10111172.00
88 9302120 1 3 7232027233023157  2  3  9  7 12  9 15  9  80.42106173.10
8810 12120 23323202323202730200 18  9  7  9  9  7 12 15 110.63109179.40
8810 22120 3231717 717 3 7 7 97  9  6  6  3  6  2  3  3  50.21117197.00
8810 32120 4 3 3 7 3 31313 7 53  2  2  3  2  2  5  5  3  30.10129200.40
8810 42120 5 0 713 710103343123  0  3  5  3  4  4 18 32  90.52128189.20
8810 52120 64043303327332727260 27 32 15 18 12 18 12 12 181.05130191.00
8810 62120 75037434347535727357 48 22 32 32 39 56 67 12 381.46123193.40
8810 72120 82323171320131317140  9  9  6  5  7  5  5  6  60.31128182.40
8810 82120 91313 71323272713137  5  5  3  5  9 12 12  5  70.42131172.60
8810 92120102330273340373333257  9 15 12 18 27 22 18 18 170.94125176.50
8810102120114043637773576050463 27 32 94179154 67 80 48 851.87146177.80
8810112120124330273320171020200 32 15 12 18  7  6  4  7 130.73148168.20
88101221201323232313101013 3120  9  9  9  5  4  4  5  2  60.31169148.40
8810132120141727172310 71010120  6 12  6  9  4  3  4  4  60.31150157.50
881014212015202317131717 3 7117  7  9  6  5  6  6  2  3  60.21131150.40
881015212016 3 7101327271313113  2  3  4  5 12 12  5  5  60.31109149.10
8810162120172327201710303720183  9 12  7  6  4 15 22  7 100.63108152.30
8810172120182727232730273740237 12 12  9 12 15 12 22 27 150.94125175.00
8810182120194030334743504043327 27 15 18 39 32 48 27 32 301.36134162.30
8810192120203330233323232717210 18 15  9 18  9  9 12  6 120.73133164.00
8810202120213340372727403030263 18 27 22 12 12 27 15 15 181.05119166.00
8810212120223027171313 71320140 15 12  6  5  5  3  5  7  70.42117165.90
8810222120231310 3 3 310 3 3 50  5  4  2  2  2  4  2  2  30.10109166.20
8810232120241313232020131310127  5  5  9  7  7  5  5  4  60.31104171.10
8810242120252717171710101020127 12  6  6  6  4  4  4  7  60.31121168.40
881025212026172010 7 3 7 7 7 77  6  7  4  3  2  3  3  3  40.10124162.10
881026212027 713201317172723137  3  5  7  5  6  6 12  9  70.31119155.40
8810272121 11020202317203320163  4  7  7  9  6  7 18  7  80.42120161.80
8810282121 2303027271710 713160 15 15 12 12  6  4  3  5  90.52119156.00
8810292121 31320 7 7 3 3 0 3 57  5  7  3  3  2  2  0  2  30.10128155.90
8810302121 4 7 7 0 0 3 33030 80  3  3  0  0  2  2 15 15  50.21115154.21
8810312121 52020333327201723193  7  7 18 18 12  7  6  9 100.63111160.40
8811 12121 617131713 7272323140  6  5  6  5  3 12  9  9  70.31126157.21
8811 22121 74327403737505337323 32 12 27 22 22 48 56 22 301.36114156.51
8811 32121 84343403747274030307 32 32 27 22 39 12 27 15 261.26121164.00
8811 42121 92713202327232313170 12  5  7  9 12  9  9  5  80.52104159.70
8811 521211030232720303020 7187 15  9 12  7 15 15  7  3 100.63129163.80
8811 62121111040302723203330213  4 27 15 12  9  7 18 15 130.84124161.20
8811 72121123340232730373333257 18 27  9 12 15 22 18 18 170.94114151.60
8811 82121133327273023404727253 18 12 12 15  9 27 39 12 181.05 95143.50
8811 92121142713203333331727203 12  5  7 18 18 18  6 12 120.73110152.40
88111021211537333030372310 7207 22 18 15 15 22  9  4  3 140.84131147.70
8811112121161010201717273737173  4  4  7  6  6 12 22 22 100.63155153.80
8811122121173323233033403043257 18  9  9 15 18 27 15 32 181.05159150.61
8811132121183313172320202320170 18  5  6  9  7  7  9  7  80.52147157.81
8811142121192323203330172727200  9  9  7 18 15  6 12 12 110.63139173.21
8811152121203340232727202723220 18 27  9 12 12  7 12  9 130.84156161.11
8811162121211033433727303737253  4 18 32 22 12 15 22 22 181.05181186.11
8811172121223330333020102013190 18 15 18 15  7  4  7  5 110.63196175.60
881118212123 717172027203320160  3  6  6  7 12  7 18  7  80.42175161.80
88111921212417 7101010 71013 83  6  3  4  4  4  3  4  5  40.10147151.20
881120212125 3 3 3 0 710 010 37  2  2  2  0  3  4  0  4  20.00112146.60
88112121212623172010 3 71720117  9  6  7  4  2  3  6  7  60.21145152.90
8811222121271310201010 7 7 3 80  5  4  7  4  4  3  3  2  40.10131153.10
8811232122 1 31710 7 0 0 010 47  2  6  4  3  0  0  0  4  20.00117135.70
8811242122 2231710 3 0 7 7 7 73  9  6  4  2  0  3  3  3  40.10116138.00
8811252122 3201010 713103030130  7  4  4  3  5  4 15 15  70.42 89137.50
8811262122 43737373743333013267 22 22 22 22 32 18 15  5 201.05 73137.40
8811272122 53320272727332717210 18  7 12 12 12 18 12  6 120.73 69140.90
8811282122 61020201333133023163  4  7  7  5 18  5 15  9  90.52 86138.80
8811292122 72720171717172027160 12  7  6  6  6  6  7 12  80.42 86137.60
8811302122 82327476350534313320  9 12 39 94 48 56 32  5 371.46107135.80
8812 12122 91310102030 3 7 3 97  5  4  4  7 15  2  3  2  50.21128150.50
8812 22122101010372740402727217  4  4 22 12 27 27 12 12 150.84114149.40
8812 32122112727272727434730253 12 12 12 12 12 32 39 15 181.05139147.30
8812 42122123037272020271013183 15 22 12  7  7 12  4  5 100.63122142.70
8812 5212213 713 710 710 713 73  3  5  3  4  3  4  3  5  40.10149154.61
8812 621221410101010 3 7 7 7 63  4  4  4  4  2  3  3  3  30.10149157.70
8812 7212215 3 7 3 71013 0 7 50  2  3  2  3  4  5  0  3  30.00144152.91
8812 82122161020 71010201013100  4  7  3  4  4  7  4  5  50.21111164.10
8812 921221717 3 3 0 7101020 70  6  2  2  0  3  4  4  7  40.10122165.20
88121021221823171327273310 3153  9  6  5 12 12 18  4  2  80.52133161.21
8812112122191723233040374033243  6  9  9 15 27 22 27 18 170.94152176.40
8812122122202750232323231727213 12 48  9  9  9  9  6 12 140.84175173.90
8812132122212337333040334333273  9 22 18 15 27 18 32 18 201.05187181.10
881214212222202013 723304340197  7  7  5  3  9 15 32 27 130.84213204.41
88121521222333403010131310 3153 18 27 15  4  5  5  4  2 100.63225212.00
8812162122243730233340504043297 22 15  9 18 27 48 27 32 251.26226232.10
8812172122252727404737176357313 12 12 27 39 22  6 94 67 351.46232241.70
8812182122264337374347303037303 32 22 22 32 39 15 15 22 251.26222243.50
8812192122274343373027373720273 32 32 22 15 12 22 22  7 201.05223240.20
8812202123 12323201710172013143  9  9  7  6  4  6  7  5  70.31218238.80
8812212123 22033273727202013197  7 18 12 22 12  7  7  5 110.63210245.20
8812222123 33333372313273017213 18 18 22  9  5 12 15  6 130.84255246.60
8812232123 41717 710 7 31310 83  6  6  3  4  3  2  5  4  40.10235234.80
8812242123 513 717131310 713 93  5  3  6  5  5  4  3  5  40.21199221.60
8812252123 62020274343434333273  7  7 12 32 32 32 32 18 221.15183210.50
8812262123 73337375040403033300 18 22 22 48 27 27 15 18 251.26174193.00
8812272123 83740403733372717267 22 27 27 22 18 22 12  6 201.05175201.90
8812282123 91720233037333723220  6  7  9 15 22 18 22  9 140.84196201.60
8812292123104030403737133337267 27 15 27 22 22  5 18 22 201.05194196.70
8812302123112327133723203017190  9 12  5 22  9  7 15  6 110.63178179.50
8812312123121323272327273033203  5  9 12  9 12 12 15 18 120.73172177.60
