94 1 12191 34040434340403330310 27 27 32 32 27 27 18 15 261.26 86143.40
94 1 22191 42733403743373330280 12 18 27 22 32 22 18 15 211.15 77141.40
94 1 32191 53020303330373717233 15  7 15 18 15 22 22  6 150.84 93128.70
94 1 42191 617332010131013 7123  6 18  7  4  5  4  5  3  60.31103124.60
94 1 52191 7 310 71010 71023 80  2  4  3  4  4  3  4  9  40.10104132.40
94 1 62191 83327232023331733210 18 12  9  7  9 18  6 18 120.73101127.70
94 1 72191 9 7 0 31320102320 97  3  0  2  5  7  4  9  7  50.21 94122.10
94 1 82191101323271317131313133  5  9 12  5  6  5  5  5  60.31 81118.90
94 1 9219111 7 0 710 71013 3 57  3  0  3  4  3  4  5  2  30.10 66113.10
94 110219112 3 710 3 7 3 0 0 33  2  3  4  2  3  2  0  0  20.00 47106.50
94 111219113 720302730535343263  3  7 15 12 15 56 56 32 241.26 42 97.80
94 1122191144743373747473040327 39 32 22 22 39 39 15 27 291.36 41 94.60
94 1132191154043303343403347310 27 32 15 18 32 27 18 39 261.26 45 91.90
94 1142191163740333750403337307 22 27 18 22 48 27 18 22 261.26 36 87.30
94 1152191173737272030334737267 22 22 12  7 15 18 39 22 201.05 35 92.60
94 1162191183037373337333730273 15 22 22 18 22 18 22 15 191.05 29 97.00
94 1172191194350433333373737313 32 48 32 18 18 22 22 22 271.26 25102.00
94 1182191203333303350473733297 18 18 15 18 48 39 22 18 241.26 30 97.50
94 1192191214047473037234037300 27 39 39 15 22  9 27 22 251.26 28 99.50
94 1202191223733332330272723233 22 18 18  9 15 12 12  9 140.84 35101.60
94 1212191232323101317233327170  9  9  4  5  6  9 18 12  90.52 53107.30
94 1222191244023131317 72023157 27  9  5  5  6  3  7  9  90.52 65109.50
94 1232191252023131713171723143  7  9  5  6  5  6  6  9  70.31 60114.60
94 12421912623101013 3 0 010 70  9  4  4  5  2  0  0  4  40.10 70125.10
94 125219127132317 3 3 71323103  5  9  6  2  2  3  5  9  50.21 66128.10
94 1262192 12733473040374033287 12 18 39 15 27 22 27 18 221.15 67123.90
94 1272192 23337372733373737277 18 22 22 12 18 22 22 22 201.05 58116.80
94 1282192 34333273733201723233 32 18 12 22 18  7  6  9 160.94 49115.70
94 1292192 41727302333231723193  6 12 15  9 18  9  6  9 100.63 43 98.90
94 1302192 53313172020372723190 18  5  6  7  7 22 12  9 110.63 38 96.10
94 1312192 63320171717201333170 18  7  6  6  6  7  5 18  90.52 26 94.70
94 2 12192 723 7202317 7 7 3107  9  3  7  9  6  3  3  2  50.21 29 91.70
94 2 22192 8 3233340433023 3200  2  9 18 27 32 15  9  2 140.84 31 93.50
94 2 32192 9 317232333333027190  2  6  9  9 18 18 15 12 110.63 38 95.10
94 2 42192102020201327374330210  7  7  7  5 12 22 32 15 130.84 44 92.70
94 2 52192113730375030404757327 22 15 22 48 15 27 39 67 321.36 38 90.60
94 2 62192126043375357636060433 80 32 22 56 67 94 80 80 641.77 40 92.20
94 2 72192134760476063536043433 39 80 39 80 94 56 80 32 621.77 46 93.30
94 2 82192146357575057535353443 94 67 67 48 67 56 56 56 641.77 41 92.60
94 2 92192154337403743535053357 32 22 27 22 32 56 48 56 371.46 40 98.30
94 2102192165350434347474347373 56 48 32 32 39 39 32 39 401.46 32 91.80
94 2112192175050405747535353403 48 48 27 67 39 56 56 56 501.67 29 90.70
94 2122192184743374047434747350 39 32 22 27 39 32 39 39 341.36 36 95.10
94 2132192194737334037536347357 39 22 18 27 22 56 94 39 401.46 46 95.40
94 2142192204743433337604350357 39 32 32 18 22 80 32 48 381.46 39 98.90
94 2152192214033333043404347310 27 18 18 15 32 27 32 39 261.26 34101.30
94 2162192225047303340303327290 48 39 15 18 27 15 18 12 241.26 37102.30
94 2172192232727272327272720203 12 12 12  9 12 12 12  7 110.63 43103.90
94 2182192241713132713 7 330123  6  5  5 12  5  3  2 15  70.31 42103.90
94 2192192254037433743304333307 27 22 32 22 32 15 32 18 251.26 28105.60
94 2202192264740302720233320240 39 27 15 12  7  9 18  7 170.94 16105.20
94 2212192272327337377776070440  9 12 18154179179 80132 951.98 19103.10
94 2222193 17773534747302330380179154 56 39 39 15  9 15 631.77 35104.40
94 2232193 22733272720173323207 12 18 12 12  7  6 18  9 120.73 33105.10
94 2242193 317101313171310 7100  6  4  5  5  6  5  4  3  50.21 34102.90
94 2252193 42027403727273020227  7 12 27 22 12 12 15  7 140.84 29 94.80
94 2262193 5332013132317 7 7133 18  7  5  5  9  6  3  3  70.42 32 92.60
94 2272193 6 72020332717 7 7137  3  7  7 18 12  6  3  3  70.42 38 93.00
94 2282193 7 3 3332720 72340157  2  2 18 12  7  3  9 27 100.63 46 90.80
94 3 12193 84020332317202033207 27  7 18  9  6  7  7 18 120.73 49 92.40
94 3 22193 94023202727234050250 27  9  7 12 12  9 27 48 191.05 56 96.30
94 3 32193103747534330172020267 22 39 56 32 15  6  7  7 231.15 62 99.20
94 3 421931110 71717 7 7 7 7 77  4  3  6  6  3  3  3  3  40.10 54 96.30
94 3 521931217 7 71710 72043127  6  3  3  6  4  3  7 32  80.42 50 94.20
94 3 621931327332320 7132737187 12 18  9  7  3  5 12 22 110.63 60 94.10
94 3 72193145340405750635770430 56 27 27 67 48 94 67132 651.77 52 90.00
94 3 82193155057575047475353413 48 67 67 48 39 39 56 56 521.67 46 89.90
94 3 92193164753634747576360437 39 56 94 39 39 67 94 80 641.77 41 88.70
94 3102193174343504750505057390 32 32 48 39 48 48 48 67 451.57 29 86.80
94 3112193183747504750474353373 22 39 48 39 48 39 32 56 401.57 32 87.00
94 3122193194740534347404743360 39 27 56 32 39 27 39 32 361.46 40 91.70
94 3132193204750273730303050300 39 48 12 22 15 15 15 48 271.26 36 89.10
94 3142193214350403347474743350 32 48 27 18 39 39 39 32 341.46 18 86.20
94 3152193225057434753534737387 48 67 32 39 56 56 39 22 451.57 26 86.50
94 3162193234037372337503737297 27 22 22  9 22 48 22 22 241.26 22 85.30
94 3172193244050534740474333353 27 48 56 39 27 39 32 18 361.46 22 84.30
94 3182193254047372033301740263 27 39 22  7 18 15  6 27 201.05 18 85.90
94 3192193264333333320202327233 32 18 18 18  7  7  9 12 150.94 13 88.30
94 3202193273330201717303730213 18 15  7  6  6 15 22 15 130.73  8 87.90
94 3212194 13050373337504333313 15 48 22 18 22 48 32 18 281.26 17 90.00
94 3222194 25033203047272330260 48 18  7 15 39 12  9 15 201.05 24 90.50
94 3232194 33747373037373023277 22 39 22 15 22 22 15  9 211.15 22 91.20
94 3242194 43333234737272030250 18 18  9 39 22 12  7 15 181.05 32 92.10
94 3252194 54020202333433730247 27  7  7  9 18 32 22 15 170.94 37 90.40
94 3262194 63027203313171710167 15 12  7 18  5  6  6  4  90.52 24 88.10
94 3272194 71713171320132743163  6  5  6  5  7  5 12 32 100.52 15 88.00
94 3282194 81327202733372727210  5 12  7 12 18 22 12 12 120.73 14 87.30
94 3292194 92317201310 71317120  9  6  7  5  4  3  5  6  60.31 14 85.80
94 3302194101310133337373733213  5  4  5 18 22 22 22 18 140.84 26 86.10
94 3312194112723132017 7 7 3117 12  9  5  7  6  3  3  2  60.31 24 84.90
94 4 1219412 320201323232017140  2  7  7  5  9  9  7  6  60.31 17 82.40
94 4 22194133730334750537063383 22 15 18 39 48 56132 94 531.67  0 79.30
94 4 32194145763676057536773497 67 94111 80 67 56111154 921.98  0 77.40
94 4 42194157063504747475043417132 94 48 39 39 39 48 32 591.77  0 77.20
94 4 52194164740434350503760370 39 27 32 32 48 48 22 80 411.57  7 77.20
94 4 62194174743535350535050400 39 32 56 56 48 56 48 48 481.67  0 73.30
94 4 72194184753504747504043377 39 56 48 39 39 48 27 32 411.57  0 73.00
94 4 82194194353534347404747373 32 56 56 32 39 27 39 39 401.46  8 72.90
94 4 92194206050476047505043407 80 48 39 80 39 48 48 32 521.67  8 72.90
94 4102194215047334347475050367 48 39 18 32 39 39 48 48 391.46  9 75.70
94 4112194224357575337434353387 32 67 67 56 22 32 32 56 461.57 11 74.60
94 4122194234740403333375047327 39 27 27 18 18 22 48 39 301.36 10 74.20
94 4132194243340433340534743333 18 27 32 18 27 56 39 32 311.36 13 74.30
94 4142194255333333737403737307 56 18 18 22 22 27 22 22 261.26 12 79.90
94 4152194263737273027373737267 22 22 12 15 12 22 22 22 191.05 19 80.60
94 4162194273050332330306053310 15 48 18  9 15 15 80 56 321.36 12 82.30
94 4172195 16783837047303033443111236236132 39 15 15 181001.98 17 82.50
94 4182195 23333333337334333280 18 18 18 18 22 18 32 18 201.05 17 84.90
94 4192195 35027303320172327227 48 12 15 18  7  6  9 12 160.94 21 86.20
94 4202195 4202730271713 713153  7 12 15 12  6  5  3  5  80.42 28 87.00
94 4212195 52027231313132730167  7 12  9  5  5  5 12 15  90.52 31 87.60
94 4222195 62017132027131323147  7  6  5  7 12  5  5  9  70.42 38 86.30
94 4232195 7 710 72730173343173  3  4  3 12 15  6 18 32 120.73 37 86.10
94 4242195 82017202020271013147  7  6  7  7  7 12  4  5  70.31 40 84.30
94 4252195 92727202010171723160 12 12  7  7  4  6  6  9  80.42 30 83.80
94 426219510101320171713 7 7103  4  5  7  6  6  5  3  3  50.21 30 82.00
94 427219511102010131310 710 93  4  7  4  5  5  4  3  4  40.21 31 79.00
94 4282195122010 3 317 7 7 7 73  7  4  2  2  6  3  3  3  40.10 15 78.40
94 429219513 7202013 3 3 723 97  3  7  7  5  2  2  3  9  50.21  9 78.90
94 430219514 310 7 0 3 3 7 3 37  2  4  3  0  2  2  3  2  20.00 12 76.00
94 5 1219515 320303043577070323  2  7 15 15 32 67132132 501.67 18 76.30
94 5 22195165760433033335067373 67 80 32 15 18 18 48111 491.67 35 77.10
94 5 32195175363503747474333373 56 94 48 22 39 39 32 18 441.57 26 75.60
94 5 42195184040332747433740307 27 27 18 12 39 32 22 27 261.26 12 74.40
94 5 52195194347473747574747370 32 39 39 22 39 67 39 39 401.46  9 74.40
94 5 62195204750473730374060347 39 48 39 22 15 22 27 80 361.46 10 75.30
94 5 72195216047534740334337360 80 39 56 39 27 18 32 22 391.46 14 75.20
94 5 82195224347504740405047363 32 39 48 39 27 27 48 39 371.46 19 75.80
94 5 92195233747374037434033313 22 39 22 27 22 32 27 18 261.26 12 78.80
94 5102195244340533040404747340 32 27 56 15 27 27 39 39 331.36 17 81.40
94 5112195254343333337473340310 32 32 18 18 22 39 18 27 261.26 19 83.60
94 512219526374027171013 727177 22 27 12  6  4  5  3 12 110.73 27 89.20
94 51321952727272010 7131020133 12 12  7  4  3  5  4  7  70.31 32 91.40
94 5142196 12347472733332740277  9 39 39 12 18 18 12 27 221.15 31 92.10
94 5152196 23337505743404743350 18 22 48 67 32 27 39 32 361.46 30 93.40
94 5162196 34337374047504327323 32 22 22 27 39 48 32 12 291.36 33 93.30
94 5172196 44030303323302723237 27 15 15 18  9 15 12  9 150.84 39 97.20
94 5182196 53740302737302040260 22 27 15 12 22 15  7 27 181.05 33 95.80
94 5192196 6273330302717 710180 12 18 15 15 12  6  3  4 110.63 28 92.70
94 5202196 7172317131720 710123  6  9  6  5  6  7  3  4  60.31 25 91.90
94 5212196 8 7 7 71723171310100  3  3  3  6  9  6  5  4  50.21 25 89.80
94 5222196 9 710 71320202723127  3  4  3  5  7  7 12  9  60.31 21 86.70
94 5232196101013 72323271730150  4  5  3  9  9 12  6 15  80.42 19 83.60
94 5242196113747333027333330270 22 39 18 15 12 18 18 15 201.05  9 79.90
94 5252196123747303317302040253 22 39 15 18  6 15  7 27 191.05  9 76.10
94 5262196131323333323171323180  5  9 18 18  9  6  5  9 100.63  0 73.40
94 5272196142013 3 710201010 93  7  5  2  3  4  7  4  4  40.21  0 72.10
94 528219615 3 3 72047706753270  2  2  3  7 39132111 56 441.57  0 71.40
94 5292196165353375047533740370 56 56 22 48 39 56 22 27 411.57  0 71.40
94 5302196174760434353535057407 39 80 32 32 56 56 48 67 511.67  0 71.30
94 5312196183750403737275043320 22 48 27 22 22 12 48 32 291.36  0 71.10
94 6 12196193340434033274040297 18 27 32 27 18 12 27 27 241.15  0 69.60
94 6 22196204327334030434340300 32 12 18 27 15 32 32 27 241.26  0 69.90
94 6 32196213337302737375040290 18 22 15 12 22 22 48 27 231.15  0 70.30
94 6 42196223730333327333043267 22 15 18 18 12 18 15 32 191.05  0 69.50
94 6 52196232730303733374343280 12 15 15 22 18 22 32 32 211.15  0 70.30
94 6 62196243327273330334337263 18 12 12 18 15 18 32 22 181.05 12 72.70
94 6 72196253027333030233033237 15 12 18 15 15  9 15 18 150.84 16 79.40
94 6 82196263020172320231720170 15  7  6  9  7  9  6  7  80.42 43 82.90
94 6 92196272023303013201313163  7  9 15 15  5  7  5  5  80.52 43 85.50
94 6102197 11323273730473333243  5  9 12 22 15 39 18 18 170.94 50 88.00
94 6112197 22727304020232733227 12 12 15 27  7  9 12 18 140.84 63 89.10
94 6122197 33333374340434030300 18 18 22 32 27 32 27 15 241.26 53 89.00
94 6132197 43027132023373730217 15 12  5  7  9 22 22 15 130.84 59 87.70
94 6142197 52730303333302330237 12 15 15 18 18 15  9 15 150.84 58 88.00
94 6152197 62713201717101313130 12  5  7  6  6  4  5  5  60.31 54 91.00
94 6162197 717 7101017101310 93  6  3  4  4  6  4  5  4  40.21 52 90.80
94 6172197 81017132027331313147  4  6  5  7 12 18  5  5  80.42 42 86.60
94 6182197 92740272323271320200 12 27 12  9  9 12  5  7 120.73 37 80.90
94 6192197101720304740273337250  6  7 15 39 27 12 18 22 181.05 30 79.80
94 6202197112733232037303030230 12 18  9  7 22 15 15 15 140.84 19 78.90
94 6212197122320272720172023177  9  7 12 12  7  6  7  9  90.52 12 76.80
94 6222197132323171023101317137  9  9  6  4  9  4  5  6  60.31 15 74.60
94 623219714 7 7 3 0 3 71013 50  3  3  2  0  2  3  4  5  30.00 24 75.50
94 6242197151313 71010 7 3 3 67  5  5  3  4  4  3  2  2  40.10 37 75.20
94 625219716 0 310 313 7 717 60  0  2  4  2  5  3  3  6  30.10 28 75.50
94 6262197172740374343434033307 12 27 22 32 32 32 27 18 251.26 15 76.30
94 6272197184033372727172020220 27 18 22 12 12  6  7  7 140.84 10 75.40
94 6282197192317172320234357223  9  6  6  9  7  9 32 67 181.05 15 76.40
94 6292197203747373733374340310 22 39 22 22 18 22 32 27 261.26 26 81.40
94 6302197213333333333373040273 18 18 18 18 18 22 15 27 191.05 27 85.40
94 7 12197224337403730303747300 32 22 27 22 15 15 22 39 241.26 32 89.70
94 7 22197233350434033403040310 18 48 32 27 18 27 15 27 261.26 43 85.60
94 7 32197242723303023172030200 12  9 15 15  9  6  7 15 110.63 39 89.30
94 7 42197251723201330273027187  6  9  7  5 15 12 15 12 100.63 41 87.40
94 7 5219726171013 7 710 723 93  6  4  5  3  3  4  3  9  50.21 27 86.20
94 7 62197272017231720172343180  7  6  9  6  7  6  9 32 100.63 27 87.10
94 7 72198 13040302333303727250 15 27 15  9 18 15 22 12 170.94 47 91.10
94 7 82198 2131310101710 7 7 87  5  5  4  4  6  4  3  3  40.10 60 88.70
94 7 92198 313 7 7 3203013 7100  5  3  3  2  7 15  5  3  50.21 49 88.80
94 7102198 4 3 313 713131310 77  2  2  5  3  5  5  5  4  40.10 60 88.90
94 7112198 51010 0 317201013 83  4  4  0  2  6  7  4  5  40.10 72 88.50
94 7122198 61710 0 0 310 3 0 43  6  4  0  0  2  4  2  0  20.00 68 85.70
94 7132198 7 31017 3 7101313 77  2  4  6  2  3  4  5  5  40.10 59 84.10
94 7142198 81317174053574050287  5  6  6 27 56 67 27 48 301.36 45 84.60
94 7152198 95027272027272753257 48 12 12  7 12 12 12 56 211.15 43 85.70
94 7162198106040304737373743330 80 27 15 39 22 22 22 32 321.36 54 85.10
94 7172198113727233330232327223 22 12  9 18 15  9  9 12 130.84 53 83.00
94 7182198123330232030172013187 18 15  9  7 15  6  7  5 100.63 48 82.70
94 7192198133327272023102033193 18 12 12  7  9  4  7 18 110.63 27 80.10
94 72021981417 7131317101010 97  6  3  5  5  6  4  4  4  50.21 29 79.40
94 7212198152027232330171720177  7 12  9  9 15  6  6  7  90.52 27 79.80
94 7222198162320131313 710 3103  9  7  5  5  5  3  4  2  50.21 19 80.10
94 7232198171020101317231720130  4  7  4  5  6  9  6  7  60.31 16 78.20
94 7242198181713132013131730137  6  5  5  7  5  5  6 15  70.31 14 77.70
94 7252198193023202030231723187 15  9  7  7 15  9  6  9 100.52 12 77.80
94 7262198201013 71010 71313 83  4  5  3  4  4  3  5  5  40.10 17 76.30
94 7272198212350201010132333183  9 48  7  4  4  5  9 18 130.73 14 76.60
94 7282198223337303330203733253 18 22 15 18 15  7 22 18 170.94 16 77.10
94 7292198233027272020272330203 15 12 12  7  7 12  9 15 110.63  7 78.00
94 7302198243727171320172030180 22 12  6  5  7  6  7 15 100.63 12 77.60
94 7312198252320132320131340167  9  7  5  9  7  5  5 27  90.52 10 76.80
94 8 12198262723171010101317127 12  9  6  4  4  4  5  6  60.31 11 76.20
94 8 221982717 7 310 3 7 713 67  6  3  2  4  2  3  3  5  40.10 10 77.20
94 8 32199 110101013 7101313 87  4  4  4  5  3  4  5  5  40.10 13 78.70
94 8 42199 210 3 3 310 7 3 7 47  4  2  2  2  4  3  2  3  30.00 14 77.40
94 8 52199 313201313 71013 7 97  5  7  5  5  3  4  5  3  50.21 18 77.80
94 8 62199 4 713171010 7 713 83  3  5  6  4  4  3  3  5  40.10 17 77.50
94 8 72199 5 3 3 3 71713 717 70  2  2  2  3  6  5  3  6  40.10 13 77.90
94 8 82199 610 3 0 0 3 7 3 7 33  4  2  0  0  2  3  2  3  20.00 12 75.90
94 8 92199 7 71010 3 7102317 87  3  4  4  2  3  4  9  6  40.21 12 77.40
94 8102199 82013272037273023197  7  5 12  7 22 12 15  9 110.63 15 79.70
94 8112199 93333232727332730233 18 18  9 12 12 18 12 15 140.84 20 78.70
94 8122199103737302730274330260 22 22 15 12 15 12 32 15 181.05 36 82.90
94 8132199113347432747404333313 18 39 32 12 39 27 32 18 271.26 39 86.70
94 8142199124040504327333733303 27 27 48 32 12 18 22 18 261.26 44 91.20
94 8152199134020202030233033217 27  7  7  7 15  9 15 18 130.84 42 83.50
94 8162199142317132317133030167  9  6  5  9  6  5 15 15  90.52 43 78.80
94 8172199151720271717201310140  6  7 12  6  6  7  5  4  70.31 41 79.50
94 818219916 713172323171017127  3  5  6  9  9  6  4  6  60.31 39 79.30
94 819219917171317 7101317 7100  6  5  6  3  4  5  6  3  50.21 43 77.10
94 8202199181023231713172020143  4  9  9  6  5  6  7  7  70.31 30 74.00
94 8212199192317 3 7303010 7127  9  6  2  3 15 15  4  3  70.42 19 72.70
94 8222199202017 71323232343170  7  6  3  5  9  9  9 32 100.63 10 72.20
94 82321992127231010101013 7110 12  9  4  4  4  4  5  3  60.31 25 73.50
94 824219922 71710 710232323120  3  6  4  3  4  9  9  9  60.31 23 73.50
94 82521992320302330302323 7187  7 15  9 15 15  9  9  3 100.63 12 72.50
94 826219924 3172017 7131727120  2  6  7  6  3  5  6 12  60.31 12 73.70
94 8272199253323231713202720177 18  9  9  6  5  7 12  7  90.52 11 72.50
94 82821992623332017 7 713 7127  9 18  7  6  3  3  5  3  70.31 13 72.50
94 82921992710 720131313 317 97  4  3  7  5  5  5  2  6  50.21 16 79.10
94 8302200 1 7 7101010131013 80  3  3  4  4  4  5  4  5  40.10 22 84.70
94 8312200 21010 3 723231027113  4  4  2  3  9  9  4 12  60.31 35 83.80
94 9 12200 34037131710103027183 27 22  5  6  4  4 15 12 120.73 38 87.30
94 9 22200 42330 7 710 7 3 7 93  9 15  3  3  4  3  2  3  50.21 49 94.90
94 9 32200 5172020131713 717123  6  7  7  5  6  5  3  6  60.31 59 98.20
94 9 42200 620 310101013 710 83  7  2  4  4  4  5  3  4  40.10 53 95.80
94 9 52200 71720233027171720170  6  7  9 15 12  6  6  7  80.52 65 95.10
94 9 62200 81333234727272323217  5 18  9 39 12 12  9  9 140.84 57 95.00
94 9 72200 91737435350406050350  6 22 32 56 48 27 80 48 401.46 57 92.10
94 9 82200103347475027374033313 18 39 39 48 12 22 27 18 281.26 47 89.60
94 9 92200113743473753474743353 22 32 39 22 56 39 39 32 351.46 41 87.30
94 9102200124337373333272020250 32 22 22 18 18 12  7  7 170.94 31 82.80
94 9112200133340372730203020237 18 27 22 12 15  7 15  7 150.94 19 82.00
94 9122200142010203723333320197  7  4  7 22  9 18 18  7 120.73 10 78.20
94 9132200151037301317202040187  4 22 15  5  6  7  7 27 120.73  9 76.50
94 914220016272713103313 7 7137 12 12  5  4 18  5  3  3  80.42  9 74.80
94 9152200172013131717171727140  7  5  5  6  6  6  6 12  70.31  8 72.30
94 9162200182730272020272020190 12 15 12  7  7 12  7  7 100.63  8 71.60
94 9172200192027272713231723177  7 12 12 12  5  9  6  9  90.52 12 71.00
94 918220020231713102013 720123  9  6  5  4  7  5  3  7  60.31 22 72.50
94 919220021331017 010171713117 18  4  6  0  4  6  6  5  60.31 14 70.80
94 9202200221720 71010131720113  6  7  3  4  4  5  6  7  50.21  0 70.30
94 9212200232013101020171727133  7  5  4  4  7  6  6 12  60.31  0 70.40
94 922220024301710 7 7 71313103 15  6  4  3  3  3  5  5  60.21 11 71.20
94 9232200251320 3 7 3101017 83  5  7  2  3  2  4  4  6  40.10 12 71.80
94 92422002627301310 317 713120 12 15  5  4  2  6  3  5  60.31 14 73.30
94 925220027231013 313235353193  9  4  5  2  5  9 56 56 181.05 16 76.60
94 9262201 13747403730332017260 22 39 27 22 15 18  7  6 201.05 26 77.40
94 9272201 24037303320332340257 27 22 15 18  7 18  9 27 181.05 28 75.00
94 9282201 34337303713201317210 32 22 15 22  5  7  5  6 140.84 21 74.20
94 9292201 42717231313101020133 12  6  9  5  5  4  4  7  60.31 17 74.70
94 9302201 5 71013101013 717 87  3  4  5  4  4  5  3  6  40.10 17 74.70
9410 12201 617131310 7 3 7 7 77  6  5  5  4  3  2  3  3  40.10 16 74.70
9410 22201 7 310101317403753183  2  4  4  5  6 27 22 56 160.94 18 74.60
9410 32201 86370705767605737480 94132132 67111 80 67 22 881.87 16 74.30
9410 42201 94743473743474037340 39 32 39 22 32 39 27 22 321.36 27 74.70
9410 52201104743405353474743373 39 32 27 56 56 39 39 32 401.46 48 79.40
9410 62201114043474747403750350 27 32 39 39 39 27 22 48 341.36 53 84.20
9410 72201124747473347505350373 39 39 39 18 39 48 56 48 411.57 46 83.70
9410 82201133740374017303723260 22 27 22 27  6 15 22  9 191.05 44 86.00
9410 92201143033301317233720203 15 18 15  5  6  9 22  7 120.73 50 86.90
9410102201153733272720304043257 22 18 12 12  7 15 27 32 181.05 49 86.60
9410112201163040333733304327273 15 27 18 22 18 15 32 12 201.05 48 87.20
9410122201172740372313174037233 12 27 22  9  5  6 27 22 160.94 45 87.70
9410132201182730273320272730220 12 15 12 18  7 12 12 15 130.73 48 92.70
9410142201193023 72017332030180 15  9  3  7  6 18  7 15 100.63 60 92.10
9410152201203740232723132020203 22 27  9 12  9  5  7  7 120.73 57 92.20
9410162201212013172013101010113  7  5  6  7  5  4  4  4  50.21 51 90.90
9410172201221310131310 31320 97  5  4  5  5  4  2  5  7  50.21 39 91.00
94101822012320 3 3 3 3132027 93  7  2  2  2  2  5  7 12  50.21 55 89.80
94101922012413 7 7 020273033137  5  3  3  0  7 12 15 18  80.42 56 89.90
9410202201253310101017272723157 18  4  4  4  6 12 12  9  90.52 49 89.30
94102122012617 7 710 3 3 7 7 60  6  3  3  4  2  2  3  3  30.10 41 87.00
941022220127 7 7203740373763247  3  3  7 22 27 22 22 94 251.26 29 84.70
9410232202 16053635053404740407 80 56 94 48 56 27 39 27 531.67 28 83.30
9410242202 24050473737534037340 27 48 39 22 22 56 27 22 331.36 28 81.30
9410252202 32747431710 717 7173 12 39 32  6  4  3  6  3 130.84 27 88.50
9410262202 43323172017102317160 18  9  6  7  6  4  9  6  80.42 56 91.50
9410272202 5 71713171710 7 7 93  3  6  5  6  6  4  3  3  40.21 57 91.90
9410282202 613 7171013 31020 93  5  3  6  4  5  2  4  7  40.21 57 96.10
9410292202 74030436070673327370 27 15 32 80132111 18 12 531.67 55 96.90
9410302202 83353675750406343407 18 56111 67 48 27 94 32 571.67 59 96.40
9410312202 95037435747404737357 48 22 32 67 39 27 39 22 371.46 51 95.20
9411 12202104043302730372327257 27 32 15 12 15 22  9 12 181.05 45 90.90
9411 22202113737303340332333267 22 22 15 18 27 18  9 18 191.05 48 90.00
9411 32202122027272337303323220  7 12 12  9 22 15 18  9 130.73 34 85.90
9411 42202133353333323274037280 18 56 18 18  9 12 27 22 221.15 28 82.60
9411 52202144030172727274047253 27 15  6 12 12 12 27 39 191.05 31 82.00
9411 62202154757575340504317363 39 67 67 56 27 48 32  6 431.57 24 79.70
9411 72202162330272310172710167  9 15 12  9  4  6 12  4  90.52 17 80.40
9411 822021713 7 7131710 727100  5  3  3  5  6  4  3 12  50.21 16 78.60
9411 92202182320172037404043240  9  7  6  7 22 27 27 32 170.94 23 77.40
9411102202193347403020233023247 18 39 27 15  7  9 15  9 170.94 24 78.50
9411112202202027232717101320157  7 12  9 12  6  4  5  7  80.42 16 77.50
94111222022120131310 7131710103  7  5  5  4  3  5  6  4  50.21 17 78.50
9411132202221020131717231713130  4  7  5  6  6  9  6  5  60.31  8 79.50
9411142202232323201713173033177  9  9  7  6  5  6 15 18  90.52  9 77.00
9411152202242717202320203033190 12  6  7  9  7  7 15 18 100.63  8 77.20
941116220225271713 7102010 3107 12  6  5  3  4  7  4  2  50.21  8 77.20
94111722022610301713 7 72317123  4 15  6  5  3  3  9  6  60.31 10 77.30
941118220227 710 72320231717123  3  4  3  9  7  9  6  6  60.31 19 78.10
9411192203 13347403030403033283 18 39 27 15 15 27 15 18 221.15 15 76.60
9411202203 23040504347302023283 15 27 48 32 39 15  7  9 241.26  9 76.90
9411212203 32727201713101013137 12 12  7  6  5  4  4  5  70.31  7 76.00
9411222203 41023101710172317127  4  9  4  6  4  6  9  6  60.31  8 74.50
9411232203 51013 7 71010 317 77  4  5  3  3  4  4  2  6  40.10  8 75.60
9411242203 6 71720 7 7171010 93  3  6  7  3  3  6  4  4  40.21  8 76.60
9411252203 7 713 3 3 7 31010 57  3  5  2  2  3  2  4  4  30.10 18 79.40
9411262203 81027476360433323307  4 12 39 94 80 32 18  9 361.46 17 81.00
9411272203 93340434747433727317 18 27 32 39 39 32 22 12 281.26 20 78.30
9411282203102320373730302713217  9  7 22 22 15 15 12  5 130.84 23 77.60
9411292203111023202020272727173  4  9  7  7  7 12 12 12  90.52 11 77.40
9411302203123337404733272733277 18 22 27 39 18 12 12 18 211.15 10 76.10
9412 12203132737333337331740257 12 22 18 18 22 18  6 27 181.05 11 76.90
9412 22203143337373047373743300 18 22 22 15 39 22 22 32 241.26  9 76.80
9412 32203154727332333132323223 39 12 18  9 18  5  9  9 150.84  0 79.50
9412 42203162717131713 727 7127 12  6  5  6  5  3 12  3  60.31 10 79.50
9412 52203171013202023231727153  4  5  7  7  9  9  6 12  70.42 15 78.40
9412 62203183030533337434040307 15 15 56 18 22 32 27 27 261.26 12 76.20
9412 72203194033332323372737253 27 18 18  9  9 22 12 22 170.94 20 77.70
9412 82203203327303027273030233 18 12 15 15 12 12 15 15 140.84 25 78.80
9412 92203213317232323202330193 18  6  9  9  9  7  9 15 100.63 42 84.00
9412102203223323171710272727180 18  9  6  6  4 12 12 12 100.63 44 83.80
9412112203232017131317304037187  7  6  5  5  6 15 27 22 120.73 57 92.30
9412122203243730272323273737240 22 15 12  9  9 12 22 22 150.94 51 96.40
9412132203253740402730331717240 22 27 27 12 15 18  6  6 170.94 40 93.80
9412142203262317 31717132730147  9  6  2  6  6  5 12 15  80.42 35 91.70
9412152203272327332747403743277  9 12 18 12 39 27 22 32 211.15 32 90.30
9412162204 13337373340301717243 18 22 22 18 27 15  6  6 170.94 26 90.10
9412172204 21720272013202317157  6  7 12  7  5  7  9  6  70.42 35 88.90
9412182204 3171717 717232020137  6  6  6  3  6  9  7  7  60.31 34 84.60
9412192204 41333172020 7 310123  5 18  6  7  7  3  2  4  60.31 33 82.30
9412202204 52320232323272730197  9  7  9  9  9 12 12 15 100.63 21 79.80
9412212204 62317231017131013127  9  6  9  4  6  5  4  5  60.31 18 79.60
9412222204 72027 3 3 7 3 3 3 70  7 12  2  2  3  2  2  2  40.10 30 79.50
9412232204 830232327 7231327173 15  9  9 12  3  9  5 12  90.52 21 77.20
9412242204 94040474343474747353 27 27 39 32 32 39 39 39 341.46 30 77.00
9412252204104337302733332333260 32 22 15 12 18 18  9 18 181.05 36 78.00
9412262204114030272730373037257 27 15 12 12 15 22 15 22 181.05 43 77.20
9412272204122323171723174740207  9  9  6  6  9  6 39 27 140.84 29 73.40
9412282204133313 71727301327167 18  5  3  6 12 15  5 12 100.52 17 76.30
9412292204143730403327271310217 22 15 27 18 12 12  5  4 140.84 17 77.00
94123022041523332017131313 7140  9 18  7  6  5  5  5  3  70.42 10 74.00
941231220416 713171010101320100  3  5  6  4  4  4  5  7  50.21  9 74.80
