97 1 12231192017 7 710101013 93  7  6  3  3  4  4  4  5  40.21  0 70.00
97 1 22231201310131717171710113  5  4  5  6  6  6  6  4  50.21  0 69.70
97 1 322312113 7 310 3101310 70  5  3  2  4  2  4  5  4  40.10  0 70.80
97 1 422312213101013 3 3 310 67  5  4  4  5  2  2  2  4  40.10 11 71.40
97 1 52231231313 710 713 7 3 73  5  5  3  4  3  5  3  2  40.10 10 71.90
97 1 6223124 7 7 3 713 7 3 3 50  3  3  2  3  5  3  2  2  30.10 12 70.60
97 1 72231252340202327272317200  9 27  7  9 12 12  9  6 110.73  8 70.90
97 1 82231262733131020131317147 12 18  5  4  7  5  5  6  80.42  0 71.30
97 1 922312720132310 7 31320110  7  5  9  4  3  2  5  7  50.21  9 71.30
97 1102232 12747605037334027320 12 39 80 48 22 18 27 12 321.36  9 72.90
97 1112232 24740234037131713230 39 27  9 27 22  5  6  5 181.05  7 71.60
97 1122232 31720472720272320200  6  7 39 12  7 12  9  7 120.73  0 72.10
97 1132232 42027171023171710140  7 12  6  4  9  6  6  4  70.31  0 72.10
97 1142232 5 7 713 713101717 90  3  3  5  3  5  4  6  6  40.21  0 72.40
97 1152232 6 7 71010172010 3 83  3  3  4  4  6  7  4  2  40.10 11 73.30
97 1162232 71010 7 7 3 0 310 50  4  4  3  3  2  0  2  4  30.00 17 72.40
97 1172232 8 0 0 0 0 7101013 40  0  0  0  0  3  4  4  5  20.00  8 71.70
97 1182232 930201313 7 7 7 3100 15  7  5  5  3  3  3  2  50.21 11 72.20
97 11922321010 7 31020301310103  4  3  2  4  7 15  5  4  60.21  0 72.90
97 120223211 7 3131017302027127  3  2  5  4  6 15  7 12  70.31  0 74.30
97 1212232123317172030302010177 18  6  6  7 15 15  7  4 100.52  0 71.80
97 12222321320231010 7171717120  7  9  4  4  3  6  6  6  60.31  0 70.70
97 12322321423 3 7 710 7 7 3 67  9  2  3  3  4  3  3  2  40.10  0 71.10
97 124223215 310 7 7 7131023 80  2  4  3  3  3  5  4  9  40.10  9 71.90
97 1252232162313101010 32327120  9  5  4  4  4  2  9 12  60.31  8 70.90
97 1262232172320 71737374347230  9  7  3  6 22 22 32 39 181.05  8 71.90
97 1272232183037202713333340233 15 22  7 12  5 18 18 27 160.94  9 71.30
97 1282232193347272740404337293 18 39 12 12 27 27 32 22 241.15  0 70.80
97 1292232202720172020173023173 12  7  6  7  7  6 15  9  90.52 10 72.40
97 1302232213023271330403733233 15  9 12  5 15 27 22 18 150.94 11 71.50
97 1312232222730 71010172023143 12 15  3  4  4  6  7  9  80.42 10 70.30
97 2 122322320 7 7102320 7 7100  7  3  3  4  9  7  3  3  50.21  9 69.20
97 2 22232241723231017333330187  6  9  9  4  6 18 18 15 110.63 23 76.20
97 2 32232253710 7 7 3101327113 22  4  3  3  2  4  5 12  70.31 30 77.40
97 2 4223226 7 3102013 7 710 77  3  2  4  7  5  3  3  4  40.10 31 78.40
97 2 5223227 7 0 31023302310107  3  0  2  4  9 15  9  4  60.31 23 73.30
97 2 62233 11337332330101017173  5 22 18  9 15  4  4  6 100.63 18 72.20
97 2 72233 21310 3 3 3 31727 80  5  4  2  2  2  2  6 12  40.21 15 73.70
97 2 82233 32317 72757503723240  9  6  3 12 67 48 22  9 221.15  8 73.20
97 2 92233 42323202333405340257  9  9  7  9 18 27 56 27 201.05  8 71.20
97 2102233 53737403333334037290 22 22 27 18 18 18 27 22 221.15  0 70.40
97 2112233 63033403733303343280 15 18 27 22 18 15 18 32 211.15  0 69.30
97 2122233 733302710 3 0 0 3107 18 15 12  4  2  0  0  2  70.31  0 69.10
97 2132233 8 71310 72013 710 87  3  5  4  3  7  5  3  4  40.10  0 69.30
97 2142233 917132317 7 71310107  6  5  9  6  3  3  5  4  50.21  0 69.60
97 215223310 0 01017172710 0 80  0  0  4  6  6 12  4  0  40.10  0 70.10
97 216223311 313172030132327147  2  5  6  7 15  5  9 12  80.42  9 70.30
97 2172233122327434023 72323210  9 12 32 27  9  3  9  9 140.84  0 71.40
97 218223313272317131017 710123 12  9  6  5  4  6  3  4  60.31  8 71.20
97 21922331417 7 7 3 3 3 310 53  6  3  3  2  2  2  2  4  30.10  8 70.40
97 2202233151017101013 7 7 7 80  4  6  4  4  5  3  3  3  40.10  7 71.00
97 221223316 73330332720 317170  3 18 15 18 12  7  2  6 100.63  0 71.60
97 2222233172720 31017332027157 12  7  2  4  6 18  7 12  80.52  0 71.90
97 2232233182333232723171020177  9 18  9 12  9  6  4  7  90.52  0 73.00
97 224223319 323273030 7 727153  2  9 12 15 15  3  3 12  90.52  7 73.10
97 2252233203013 710 7171313110 15  5  3  4  3  6  5  5  60.31  8 72.60
97 2262233213033233740371710227 15 18  9 22 27 22  6  4 150.94  0 72.40
97 2272233223327201333334070270 18 12  7  5 18 18 27132 301.36  0 72.40
97 2282233235363473330404033340 56 94 39 18 15 27 27 18 371.46  0 71.50
97 3 12233243023232030403317217 15  9  9  7 15 27 18  6 130.84  0 70.52
97 3 22233251037333320331013190  4 22 18 18  7 18  4  5 120.73  0 71.10
97 3 3223326 7 3132017332323140  3  2  5  7  6 18  9  9  70.42  0 72.80
97 3 422332720 3 71010 7 7 7 70  7  2  3  4  4  3  3  3  40.10  0 72.80
97 3 52234 1 3 3 7 723303730140  2  2  3  3  9 15 22 15  90.52  0 73.40
97 3 62234 2333027172020 3 0150 18 15 12  6  7  7  2  0  80.52  8 74.20
97 3 72234 3 0 7202330231323140  0  3  7  9 15  9  5  9  70.42 10 73.10
97 3 82234 41717 7 72323 310107  6  6  3  3  9  9  2  4  50.21 19 73.60
97 3 92234 5 7 0 0 0 0 7 0 3 17  3  0  0  0  0  3  0  2  10.00 18 74.10
97 3102234 6 0 0 0 7 7 7 713 40  0  0  0  3  3  3  3  5  20.00 12 73.80
97 3112234 72310 3 710 3 0 7 63  9  4  2  3  4  2  0  3  30.10 13 73.40
97 3122234 82033333033232717217  7 18 18 15 18  9 12  6 130.73 15 73.40
97 3132234 92720231010232317153 12  7  9  4  4  9  9  6  80.42 14 73.30
97 31422341020171717 7 71020113  7  6  6  6  3  3  4  7  50.21 13 74.70
97 3152234113310201710101313127 18  4  7  6  4  4  5  5  70.31 25 75.00
97 3162234121727271713171310140  6 12 12  6  5  6  5  4  70.42 11 75.00
97 317223413131313 710132323117  5  5  5  3  4  5  9  9  60.31 12 74.40
97 3182234142327131010101013117  9 12  5  4  4  4  4  5  60.31 12 73.70
97 319223415 710 7 717 3 0 0 50  3  4  3  3  6  2  0  0  30.00  0 73.10
97 320223416 313 7 3 3 313 3 50  2  5  3  2  2  2  5  2  30.10  9 71.00
97 321223417 0 013201310 713 77  0  0  5  7  5  4  3  5  40.10  0 70.00
97 322223418303720272317 7 3163 15 22  7 12  9  6  3  2 100.52  0 70.10
97 323223419 0 3 310171310 0 57  0  2  2  4  6  5  4  0  30.10  0 70.30
97 324223420 713 72717103037147  3  5  3 12  6  4 15 22  90.52  0 70.60
97 3252234213023202030272737213 15  9  7  7 15 12 12 22 120.73  0 70.20
97 3262234222733273033333737257 12 18 12 15 18 18 22 22 170.94  0 69.50
97 32722342333 7 3 7 7132310103 18  3  2  3  3  5  9  4  60.31 10 71.90
97 3282234241010 71723505740213  4  4  3  6  9 48 67 27 211.15 14 72.90
97 3292234253340203730303047267 18 27  7 22 15 15 15 39 201.05 18 75.10
97 3302234262337232323202313187  9 22  9  9  9  7  9  5 100.63 20 73.80
97 3312234271017 3 713172317107  4  6  2  3  5  6  9  6  50.21 17 74.60
97 4 12235 13043301017101017167 15 32 15  4  6  4  4  6 110.63 17 76.20
97 4 22235 22030231327173010170  7 15  9  5 12  6 15  4  90.52 31 80.40
97 4 32235 3303710 3 7 317 7113 15 22  4  2  3  2  6  3  70.42 37 78.80
97 4 42235 44033272020172330210 27 18 12  7  7  6  9 15 130.73 27 78.60
97 4 52235 537331013 3202337177 22 18  4  5  2  7  9 22 110.63 25 80.30
97 4 62235 6231027272333 727177  9  4 12 12  9 18  3 12 100.63 20 78.30
97 4 72235 73030131320202023170 15 15  5  5  7  7  7  9  90.52 11 77.00
97 4 82235 813 7 71010 71713 83  5  3  3  4  4  3  6  5  40.10 10 76.30
97 4 92235 91717 3 717171027113  6  6  2  3  6  6  4 12  60.31 21 78.30
97 41022351030 3 0 320303050167 15  2  0  2  7 15 15 48 130.73 24 78.00
97 4112235115067471733373740327 48111 39  6 18 22 22 27 371.46 23 77.40
97 41222351233171730271710 3153 18  6  6 15 12  6  4  2  90.52 12 76.90
97 4132235131033171720201320150  4 18  6  6  7  7  5  7  80.42 22 79.30
97 414223514202010 71317 3 0 90  7  7  4  3  5  6  2  0  40.10 24 77.90
97 41522351520 3 7 7 0 0 0 0 37  7  2  3  3  0  0  0  0  20.00 28 79.20
97 416223516 0 0 0 737374350173  0  0  0  3 22 22 32 48 160.94 26 75.60
97 4172235174753402720233737283 39 56 27 12  7  9 22 22 241.26 13 72.30
97 4182235183723373033172320220 22  9 22 15 18  6  9  7 140.84  9 70.70
97 4192235192730333030172323213 12 15 18 15 15  6  9  9 120.73 11 70.60
97 420223520 31013 3 3 71320 73  2  4  5  2  2  3  5  7  40.10  0 70.40
97 421223521 3 7102347434347223  2  3  4  9 39 32 32 39 201.05  0 70.90
97 4222235225343171710 72320190 56 32  6  6  4  3  9  7 150.94  0 71.50
97 4232235231313 72017173037153  5  5  3  7  6  6 15 22  90.52  9 69.70
97 4242235244733272020171717197 39 18 12  7  7  6  6  6 130.73  9 70.70
97 4252235251723131013131723130  6  9  5  4  5  5  6  9  60.31  8 69.60
97 426223526 710 7 710 710 7 63  3  4  3  3  4  3  4  3  30.10 17 71.80
97 427223527 3 0 3 3 7101017 53  2  0  2  2  3  4  4  6  30.10 11 74.10
97 4282236 1 7 3 010 7 7 7 3 43  3  2  0  4  3  3  3  2  20.00 12 73.40
97 4292236 2 0 0 0 7 7131713 57  0  0  0  3  3  5  6  5  30.00  8 72.90
97 4302236 33033171010103330173 15 18  6  4  4  4 18 15 100.63  0 73.70
97 5 12236 43313171033475063267 18  5  6  4 18 39 48 94 291.36  0 73.40
97 5 22236 55027271727231327210 48 12 12  6 12  9  5 12 140.84  0 73.30
97 5 32236 62017171327273017167  7  6  6  5 12 12 15  6  90.52  0 72.30
97 5 42236 72323171013203017153  9  9  6  4  5  7 15  6  80.42  8 72.10
97 5 52236 83020101313101317127 15  7  4  5  5  4  5  6  60.31  9 73.60
97 5 62236 913 710 71313 7 7 77  5  3  4  3  5  5  3  3  40.10  8 73.40
97 5 722361010 713 0 3 3 717 60  4  3  5  0  2  2  3  6  30.10  8 73.30
97 5 82236111310 3 7 710 717 73  5  4  2  3  3  4  3  6  40.10 10 73.30
97 5 9223612131313 7 7 3 3 3 63  5  5  5  3  3  2  2  2  30.10  9 73.00
97 510223613131313 713 7 713 87  5  5  5  3  5  3  3  5  40.10 17 74.62
97 5112236142317171713 3 0 0 90  9  6  6  6  5  2  0  0  40.10 16 73.80
97 512223615 0 7 0 0 3 3 0 0 13  0  3  0  0  2  2  0  0  10.00 10 73.70
97 513223616 7 3 3 3 3 0 7 3 30  3  2  2  2  2  0  3  2  20.00 12 75.40
97 514223617 7 0 0 710272727103  3  0  0  3  4 12 12 12  60.31 13 75.10
97 5152236184033676763533030383 27 18111111 94 56 15 15 561.67 11 74.70
97 5162236192023201337331027183  7  9  7  5 22 18  4 12 100.63 17 73.90
97 5172236203727 32317132323167 22 12  2  9  6  5  9  9  90.52 17 74.40
97 518223621101313 713101320100  4  5  5  3  5  4  5  7  50.21 21 75.80
97 519223622 7 7 7 7 7 7 3 3 47  3  3  3  3  3  3  2  2  30.00 27 76.00
97 520223623101320 7 710 3 3 73  4  5  7  3  3  4  2  2  40.10 39 81.10
97 521223624 0 7101010101310 70  0  3  4  4  4  4  5  4  40.10 52 86.90
97 52222362510 3 0 3 3131013 57  4  2  0  2  2  5  4  5  30.10 48 83.00
97 523223626 0 3 7 7 7 7 7 7 43  0  2  3  3  3  3  3  3  20.00 40 78.10
97 5242236271310132023202320143  5  4  5  7  9  7  9  7  70.31 30 78.90
97 5252237 1172013 7101310 3 93  6  7  5  3  4  5  4  2  40.21 29 80.10
97 5262237 2 3 3 01327273033137  2  2  0  5 12 12 15 18  80.42 35 82.02
97 5272237 34060402020131323230 27 80 27  7  7  5  5  9 211.15 25 80.40
97 5282237 41710132023 7 3 7100  6  4  5  7  9  3  2  3  50.21 17 79.50
97 5292237 5 7 3 3 3 3 3 313 40  3  2  2  2  2  2  2  5  20.00 14 77.60
97 5302237 610 710 720202027120  4  3  4  3  7  7  7 12  60.31 12 77.20
97 5312237 72013 71320272727153  7  5  3  5  7 12 12 12  80.42 19 74.50
97 6 12237 81310131313202323130  5  4  5  5  5  7  9  9  60.31 20 79.60
97 6 22237 913 7 71013132327113  5  3  3  4  5  5  9 12  60.31 22 79.10
97 6 32237102327301317172023170  9 12 15  5  6  6  7  9  90.52 15 77.40
97 6 42237112013 71010132010103  7  5  3  4  4  5  7  4  50.21 11 76.10
97 6 52237121010 7 7 3 7 710 60  4  4  3  3  2  3  3  4  30.10 11 76.10
97 6 62237133013172020131327153 15  5  6  7  7  5  5 12  80.42 12 76.40
97 6 72237143033172033231317187 15 18  6  7 18  9  5  6 100.63 12 76.90
97 6 8223715 313202723372740190  2  5  7 12  9 22 12 27 120.73 19 75.40
97 6 92237165357504737232727320 56 67 48 39 22  9 12 12 331.36 16 75.30
97 61022371717171710 71717 7107  6  6  6  4  3  6  6  3  50.21  8 74.20
97 61122371817 7 7 3 3 7 313 60  6  3  3  2  2  3  2  5  30.10  8 73.00
97 61222371920101313171010 7100  7  4  5  5  6  4  4  3  50.21 16 71.80
97 613223720 7 3 3 310 7 3 7 43  3  2  2  2  4  3  2  3  30.00 18 72.30
97 614223721 3 3 3 3 7 3 7 7 37  2  2  2  2  3  2  3  3  20.00 19 72.90
97 6152237222017131013131310110  7  6  5  4  5  5  5  4  50.21 19 73.00
97 616223723 713 72020172010113  3  5  3  7  7  6  7  4  50.21 20 74.40
97 617223724 31313101010 7 3 70  2  5  5  4  4  4  3  2  40.10 13 71.80
97 618223725 710 7 313 7 3 3 53  3  4  3  2  5  3  2  2  30.10 18 73.50
97 6192237262017302017201727167  7  6 15  7  6  7  6 12  80.42 10 72.40
97 62022372710 713101313 3 7 77  4  3  5  4  5  5  2  3  40.10  8 72.50
97 6212238 1 0 0 0 7 3 3 7 7 27  0  0  0  3  2  2  3  3  20.00  7 69.80
97 6222238 2 730232023202013157  3 15  9  7  9  7  7  5  80.42  0 71.80
97 6232238 310 7 71323171323113  4  3  3  5  9  6  5  9  60.21  9 71.30
97 6242238 4 710 713 7101010 73  3  4  3  5  3  4  4  4  40.10  9 72.20
97 6252238 51717171720132327150  6  6  6  6  7  5  9 12  70.42 19 74.10
97 6262238 6171310 3 3 31320 83  6  5  4  2  2  2  5  7  40.10 15 74.20
97 6272238 71710174743303723223  6  4  6 39 32 15 22  9 170.94 12 74.10
97 6282238 82330171717101323150  9 15  6  6  6  4  5  9  80.42  8 73.60
97 6292238 93330171710101317147 18 15  6  6  4  4  5  6  80.42  8 72.60
97 63022381020 7 3 3 7101317 80  7  3  2  2  3  4  5  6  40.10  0 72.10
97 7 12238111013 3 313101010 73  4  5  2  2  5  4  4  4  40.10  0 72.40
97 7 222381213 7 3 313 71717 80  5  3  2  2  5  3  6  6  40.10  0 72.40
97 7 3223813201310202317 313120  7  5  4  7  9  6  2  5  60.31  8 71.40
97 7 4223814171713 717271310120  6  6  5  3  6 12  5  4  60.31  9 72.00
97 7 5223815 71313101710 3 3 77  3  5  5  4  6  4  2  2  40.10  8 72.00
97 7 6223816 7171317 7 310 7 80  3  6  5  6  3  2  4  3  40.10 10 70.60
97 7 72238171030232023374040223  4 15  9  7  9 22 27 27 150.84 26 72.60
97 7 82238181310 7 71010 713 77  5  4  3  3  4  4  3  5  40.10 16 72.10
97 7 9223819272717 717333720183 12 12  6  3  6 18 22  7 110.63 17 72.30
97 710223820 713202317171310120  3  5  7  9  6  6  5  4  60.31 13 70.80
97 71122382110 7 71017 71313 83  4  3  3  4  6  3  5  5  40.10  0 70.90
97 71222382210 7 3 0 7 7 7 7 47  4  3  2  0  3  3  3  3  30.00  0 69.60
97 713223823 31010 7 710 7 7 60  2  4  4  3  3  4  3  3  30.10  0 69.30
97 714223824 3 3 3 3 710 7 3 40  2  2  2  2  3  4  3  2  20.00  9 70.30
97 7152238251023203727332723200  4  9  7 22 12 18 12  9 120.73  0 71.50
97 7162238261717101013101010 97  6  6  4  4  5  4  4  4  50.21  0 71.90
97 717223827 310231010172030123  2  4  9  4  4  6  7 15  60.31  7 72.20
97 7182239 1233323232017 717163  9 18  9  9  7  6  3  6  80.52  7 72.30
97 7192239 21730201727231720170  6 15  7  6 12  9  6  7  80.52  0 72.80
97 7202239 3231310202010 7 7110  9  5  4  7  7  4  3  3  50.21 11 73.50
97 7212239 4 710171010171713100  3  4  6  4  4  6  6  5  50.21  0 73.60
97 7222239 513 7 713171317 7 93  5  3  3  5  6  5  6  3  40.21 11 74.50
97 7232239 6 71310 710 71323 90  3  5  4  3  4  3  5  9  40.21 20 78.10
97 7242239 71713232337273027197  6  5  9  9 22 12 15 12 110.63 29 81.20
97 7252239 82313 71010101710100  9  5  3  4  4  4  6  4  50.21 39 83.00
97 7262239 9 7 710 3 7101317 73  3  3  4  2  3  4  5  6  40.10 34 79.00
97 727223910101313131717 717107  4  5  5  5  6  6  3  6  50.21 25 76.80
97 72822391117 713132013 7 7 97  6  3  5  5  7  5  3  3  50.21 11 76.50
97 729223912 71310 710 710 7 70  3  5  4  3  4  3  4  3  40.10 11 75.00
97 7302239133023 710 3 31030117 15  9  3  4  2  2  4 15  70.31  0 73.20
97 7312239144043333323171320223 27 32 18 18  9  6  5  7 150.94  0 72.50
97 8 12239151720101317131323127  6  7  4  5  6  5  5  9  60.31  0 73.20
97 8 22239161710 7 3 7102313 90  6  4  3  2  3  4  9  5  40.21  8 72.90
97 8 32239171310133737504340243  5  4  5 22 22 48 32 27 211.15 13 74.30
97 8 422391827172020 3 72310127 12  6  7  7  2  3  9  4  60.31  9 74.90
97 8 522391910 713 7 310 7 3 60  4  3  5  3  2  4  3  2  30.10 17 76.90
97 8 62239201313 0 0 7 7 7 3 50  5  5  0  0  3  3  3  2  30.00 36 79.00
97 8 7223921 71010102313 723103  3  4  4  4  9  5  3  9  50.21 41 80.10
97 8 82239221317 3172013 710100  5  6  2  6  7  5  3  4  50.21 45 79.90
97 8 9223923 7 3171027272330143  3  2  6  4 12 12  9 15  80.42 38 80.30
97 8102239241717271010 71313113  6  6 12  4  4  3  5  5  60.31 21 80.40
97 8112239252033171720131010140  7 18  6  6  7  5  4  4  70.42 36 81.60
97 81222392610 3101710101330103  4  2  4  6  4  4  5 15  60.21 48 83.00
97 8132239272317272320203337200  9  6 12  9  7  7 18 22 110.63 46 84.20
97 8142240 13047432013131730213 15 39 32  7  5  5  6 15 160.94 39 81.60
97 8152240 2131717232017 7 7120  5  6  6  9  7  6  3  3  60.31 37 79.60
97 8162240 32717201710 7 0 3100 12  6  7  6  4  3  0  2  50.21 21 79.80
97 8172240 42010131723303713163  7  4  5  6  9 15 22  5  90.52 18 77.40
97 8182240 51010131017302010120  4  4  5  4  6 15  7  4  60.31 16 77.70
97 8192240 61713 0 3 7 7 3 3 53  6  5  0  2  3  3  2  2  30.10  9 76.10
97 8202240 71013131713 31023103  4  5  5  6  5  2  4  9  50.21  8 76.30
97 8212240 82733101717 31320140 12 18  4  6  6  2  5  7  80.42  9 76.30
97 8222240 9272013102020 713130 12  7  5  4  7  7  3  5  60.31  8 77.20
97 82322401017 3 0 0 3101010 53  6  2  0  0  2  4  4  4  30.00  9 78.20
97 8242240112310 71713 32023117  9  4  3  6  5  2  7  9  60.31  0 79.40
97 82522401220171010 0 0 7 3 67  7  6  4  4  0  0  3  2  30.10 15 83.70
97 826224013 0 0 3 3 3 7 3 3 23  0  0  2  2  2  3  2  2  20.00 21 85.50
97 827224014 3 317 7 7 7 313 60  2  2  6  3  3  3  2  5  30.10 24 83.50
97 8282240152343432310233033230  9 32 32  9  4  9 15 18 160.94 33 92.30
97 8292240161323304027303023217  5  9 15 27 12 15 15  9 130.84 35 93.30
97 8302240171330232027232723187  5 15  9  7 12  9 12  9 100.52 43 93.80
97 8312240181010 710101010 3 70  4  4  3  4  4  4  4  2  40.10 53 98.20
97 9 122401917171013 310 310 83  6  6  4  5  2  4  2  4  40.10 65 95.10
97 9 22240201713 3 3 7 31020 77  6  5  2  2  3  2  4  7  40.10 59 93.30
97 9 32240213023202730275063270 15  9  7 12 15 12 48 94 261.26 48 94.70
97 9 42240225040302717132013210 48 27 15 12  6  5  7  5 160.94 42 94.60
97 9 52240231313 7 710201313 97  5  5  3  3  4  7  5  5  50.21 50 97.60
97 9 6224024 727172027132020150  3 12  6  7 12  5  7  7  70.42 56 99.10
97 9 7224025 0 7 3 72020 7 3 67  0  3  2  3  7  7  3  2  30.10 68103.60
97 9 8224026 3 0 32337373730170  2  0  2  9 22 22 22 15 120.73 87121.10
97 9 92240271333373323273333233  5 18 22 18  9 12 18 18 150.84 91117.70
97 9102241 13320232333404047260 18  7  9  9 18 27 27 39 191.05 93116.40
97 9112241 23017131723172327167 15  6  5  6  9  6  9 12  80.52 86110.00
97 9122241 34330232030233317220 32 15  9  7 15  9 18  6 140.84 88110.30
97 9132241 43327201010172027163 18 12  7  4  4  6  7 12  90.52 85108.90
97 9142241 53033233330232317213 15 18  9 18 15  9  9  6 120.73 70103.70
97 9152241 63327273020271020193 18 12 12 15  7 12  4  7 110.63 65 99.10
97 9162241 7233020101013 713127  9 15  7  4  4  5  3  5  60.31 61 96.40
97 9172241 8 713 71320273037153  3  5  3  5  7 12 15 22  90.52 49 94.00
97 9182241 95050332327301720250 48 48 18  9 12 15  6  7 201.05 33 89.00
97 919224110 3 0 7 7 3 71713 57  2  0  3  3  2  3  6  5  30.10 16 89.10
97 9202241111717231723 7 310117  6  6  9  6  9  3  2  4  60.31 14 88.40
97 92122411213132323 7234750200  5  5  9  9  3  9 39 48 160.94 26 85.80
97 922224113434013 713 3 7 3130 32 27  5  3  5  2  3  2 100.63 45 89.60
97 923224114101010 713 71320 90  4  4  4  3  5  3  5  7  40.21 42 92.30
97 92422411520 7171010 3 710 83  7  3  6  4  4  2  3  4  40.10 42 93.50
97 925224116 3 7 3 3131310 3 57  2  3  2  2  5  5  4  2  30.10 49 88.90
97 926224117 3 0 71713 71317 77  2  0  3  6  5  3  5  6  40.10 26 89.50
97 9272241182717272020404027217 12  6 12  7  7 27 27 12 140.84 30 88.80
97 9282241194040401717231310200 27 27 27  6  6  9  5  4 140.84 18 87.50
97 92922412030232720 7 31013133 15  9 12  7  3  2  4  5  70.42 16 90.00
97 9302241211333231713203023173  5 18  9  6  5  7 15  9  90.52 19 87.90
9710 12241224037535347704017357 27 22 56 56 39132 27  6 461.57 25 87.30
9710 22241231720 7 713 7 027 97  6  7  3  3  5  3  0 12  50.21 21 86.00
9710 322412413172327272320 7157  5  6  9 12 12  9  7  3  80.42 21 85.80
9710 422412517 3 3132010 310 80  6  2  2  5  7  4  2  4  40.10 21 83.40
9710 522412610 3 0 3 0 3 7 7 33  4  2  0  2  0  2  3  3  20.00 21 84.30
9710 6224127 0 0 0 3 3131320 53  0  0  0  2  2  5  5  7  30.00 18 83.60
9710 72242 11320131320302037167  5  7  5  5  7 15  7 22  90.52 17 83.40
9710 82242 21013302740332037210  4  5 15 12 27 18  7 22 140.84 16 82.70
9710 92242 33037432733233323250 15 22 32 12 18  9 18  9 170.94 20 83.30
9710102242 43037432723334763303 15 22 32 12  9 18 39 94 301.36 22 84.00
9710112242 557633717 3 7 3 3190 67 94 22  6  2  3  2  2 251.26 24 85.80
9710122242 6 72720201310 7 7110  3 12  7  7  5  4  3  3  60.21 25 88.30
9710132242 72720102310 713 7117 12  7  4  9  4  3  5  3  60.31 29 87.80
9710142242 8 010131317 7 3 0 63  0  4  5  5  6  3  2  0  30.10 28 84.30
9710152242 9 0 0 3101017 3 3 47  0  0  2  4  4  6  2  2  20.00 28 86.40
971016224210 3 710 7 0 31017 57  2  3  4  3  0  2  4  6  30.10 34 86.90
971017224211 0 0102320202323120  0  0  4  9  7  7  9  9  60.31 40 87.50
971018224212172010 7 3 7 3 7 73  6  7  4  3  2  3  2  3  40.10 35 85.90
971019224213 3 3 710 710 3 7 50  2  2  3  4  3  4  2  3  30.10 25 84.00
971020224214232023 710 713 3107  9  7  9  3  4  3  5  2  50.21 21 82.10
97102122421513 71010 7 3 0 7 57  5  3  4  4  3  2  0  3  30.10 20 84.20
9710222242161720 3 7 3 71713 87  6  7  2  3  2  3  6  5  40.10  9 79.90
971023224217 0 0172017232337137  0  0  6  7  6  9  9 22  70.42  0 78.80
9710242242182327234353302033253  9 12  9 32 56 15  7 18 201.05 10 77.70
9710252242195047233330232330260 48 39  9 18 15  9  9 15 201.05 11 80.50
9710262242204733 7 323403340227 39 18  3  2  9 27 18 27 181.05 11 81.00
9710272242214740372313203737253 39 27 22  9  5  7 22 22 191.05 23 83.30
9710282242224023202727333730237 27  9  7 12 12 18 22 15 150.94 33 84.40
97102922422327233020 7 71717147 12  9 15  7  3  3  6  6  80.42 30 86.00
97103022422413 0172327132020133  5  0  6  9 12  5  7  7  60.31 38 86.90
971031224225201710 3 7171010 93  7  6  4  2  3  6  4  4  40.21 35 89.20
9711 12242261033272317132017160  4 18 12  9  6  5  7  6  80.52 43 91.60
9711 22242271 1  3 0 0 3 7 0 33  4  5  2  0  0  3  3  0  20.00 53 96.20
9711 32243 1 0 0 0 7 7132023 70  0  0  0  3  3  5  7  9  30.10 54108.00
9711 42243 22023271323232023173  7  9 12  5  9  9  7  9  80.52 59115.90
9711 52243 3 3131723332313 7133  2  5  6  9 18  9  5  3  70.42 51111.90
9711 62243 4 730273027303050230  3 15 12 15 12 15 15 48 170.94 50103.50
9711 72243 56070573030402717330 80132 67 15 15 27 12  6 441.57 43 92.70
9711 82243 61017 710102713 7100  4  6  3  4  4 12  5  3  50.21 37 87.90
9711 92243 72023231710133740183  7  9  9  6  4  5 22 27 110.63 25 84.80
9711102243 84030301723231313190 27 15 15  6  9  9  5  5 110.73 19 87.60
9711112243 9173717171313 3 7123  6 22  6  6  5  5  2  3  70.31 29 89.60
97111222431010 0 710 3 7 3 0 40  4  0  3  4  2  3  2  0  20.00 20 85.40
971113224311 010 31310 713 7 63  0  4  2  5  4  3  5  3  30.10 26 88.20
9711142243121017201723233743190  4  6  7  6  9  9 22 32 120.73 38 91.00
9711152243132330171013202723163  9 15  6  4  5  7 12  9  80.52 30 94.10
9711162243143327132027171027173 18 12  5  7 12  6  4 12 100.52 29 94.10
97111722431540331313 7102030167 27 18  5  5  3  4  7 15 100.63 44 92.00
9711182243163027232040202020200 15 12  9  7 27  7  7  7 110.73 43 89.40
971119224317 7 0 3101017 3 7 57  3  0  2  4  4  6  2  3  30.10 43 96.80
97112022431813 7 3 0 0 3 3 3 33  5  3  2  0  0  2  2  2  20.00 40 86.50
971121224319 3 0 0 0 0 3 713 27  2  0  0  0  0  2  3  5  20.00 41 93.60
9711222243203037435360434360370 15 22 32 56 80 32 32 80 441.57 47 97.70
9711232243217370475347203040380154132 39 56 39  7 15 27 591.77 55 97.30
9711242243223033201727231717183 15 18  7  6 12  9  6  6 100.63 49100.60
97112522432310 7 3 0 310 3 3 40  4  3  2  0  2  4  2  2  20.00 30 99.40
97112622432413 7 3 7 7 7 713 63  5  3  2  3  3  3  3  5  30.10 26105.20
971127224325 3 7 3 010 0 7 0 30  2  3  2  0  4  0  3  0  20.00 31108.20
971128224326 310 0 0 0 0 310 27  2  4  0  0  0  0  2  4  20.00 33113.20
971129224327 0 0 0 0 0 3 3 7 13  0  0  0  0  0  2  2  3  10.00 39109.00
9711302244 110202020131017 7117  4  7  7  7  5  4  6  3  50.21 42109.30
9712 12244 2 3 7 7 013 71327 77  2  3  3  0  5  3  5 12  40.10 46113.70
9712 22244 317 7 01013 31010 70  6  3  0  4  5  2  4  4  40.10 41109.00
9712 32244 42010131323131320127  7  4  5  5  9  5  5  7  60.31 33109.00
9712 42244 517 0 71313171730113  6  0  3  5  5  6  6 15  60.31 36104.20
9712 52244 61317202020272027163  5  6  7  7  7 12  7 12  80.42 32100.70
9712 62244 717101313 3 3 313 77  6  4  5  5  2  2  2  5  40.10 38105.60
9712 72244 8 3 0 0 717 7 010 43  2  0  0  3  6  3  0  4  20.00 40 96.00
9712 82244 9 0 3 3 3 0 0 0 0 10  0  2  2  2  0  0  0  0  10.00 58 95.10
9712 9224410 0 0 0 3 0 710 0 20  0  0  0  2  0  3  4  0  10.00 67 93.80
971210224411 330174037403040237  2 15  6 27 22 27 15 27 181.05 57 92.20
97121122441233332327301720 7190 18 18  9 12 15  6  7  3 110.63 61 93.40
9712122244131310 7 0 0 3 0 3 37  5  4  3  0  0  2  0  2  20.00 68 89.60
971213224414 0 0 7 0 3 0 0 3 13  0  0  3  0  2  0  0  2  10.00 53 86.50
971214224415 0 7 3 3 3 7 710 40  0  3  2  2  2  3  3  4  20.00 42 87.10
971215224416 3 0 010 723 7 3 53  2  0  0  4  3  9  3  2  30.10 41 86.30
971216224417 0 3 3 317101727 80  0  2  2  2  6  4  6 12  40.10 35 82.00
97121722441813 710 710 3 723 80  5  3  4  3  4  2  3  9  40.10 34 82.90
971218224419233720 3 3 71013117  9 22  7  2  2  3  4  5  70.31 20 83.50
97121922442020 7 3 3 7 7 7 3 57  7  3  2  2  3  3  3  2  30.10 15 86.80
971220224421 3 0 710 7 71310 57  2  0  3  4  3  3  5  4  30.10 19 86.70
97122122442227 3 7 3 7 710 7 70 12  2  3  2  3  3  4  3  40.10 22 89.00
971222224423 0 0 710 7 3 7 3 37  0  0  3  4  3  2  3  2  20.00 32 93.80
9712232244241713 0 3 7 7 717 70  6  5  0  2  3  3  3  6  40.10 45100.70
971224224425231710 3 710 7 3 80  9  6  4  2  3  4  3  2  40.10 52104.30
971225224426 710 3 0 0 0 0 0 20  3  4  2  0  0  0  0  0  10.00 42101.30
97122622442710 3 0 0 7 0 3 7 30  4  2  0  0  3  0  2  3  20.00 37101.30
9712272245 1 3 0 0 0 0 0 3 0 07  2  0  0  0  0  0  2  0  00.00 41 92.70
9712282245 2 0 0 3 0 3 0 3 3 13  0  0  2  0  2  0  2  2  10.00 38 98.70
9712292245 3 710 0 0 0 0 313 33  3  4  0  0  0  0  2  5  20.00 41101.00
9712302245 43040233330474713263 15 27  9 18 15 39 39  5 211.15 45 98.00
9712312245 510 7101010 3 3 3 57  4  3  4  4  4  2  2  2  30.10 45101.10
