0601012353122713 71027171317130 12  5  3  4 12  6  5  6  70.31 25 84.50
0601022353131720172010131027133  6  7  6  7  4  5  4 12  60.31 24 81.70
06010323531423 7 0 0 71713 0 67  9  3  0  0  3  6  5  0  30.10 19 82.10
060104235315 310 3 7 3 3 7 0 37  2  4  2  3  2  2  3  0  20.00 17 81.20
060105235316 0 0131313101010 70  0  0  5  5  5  4  4  4  30.10 15 80.60
0601062353171723171330231310147  6  9  6  5 15  9  5  4  70.42 15 79.30
060107235318201717131327 7 3117  7  6  6  5  5 12  3  2  60.31  8 76.60
060108235319 0 317171310 3 7 70  0  2  6  6  5  4  2  3  40.10  7 75.60
060109235320 0 7 0 3 0 0 0 0 10  0  3  0  2  0  0  0  0  10.00  8 75.00
060110235321 0 0 0 0 710 3 3 23  0  0  0  0  3  4  2  2  10.00  8 75.20
060111235322 7 0 0 71013 7 3 47  3  0  0  3  4  5  3  2  20.00  8 74.70
060112235323171310 7 0 3 710 67  6  5  4  3  0  2  3  4  30.10  8 74.00
06011323532410 0 0 3101710 7 57  4  0  0  2  4  6  4  3  30.10  0 74.00
060114235325 7 3 010101317 3 63  3  2  0  4  4  5  6  2  30.10  8 74.90
0601152353262013 7 3 3202717110  7  5  3  2  2  7 12  6  60.21 20 78.30
060116235327 727232730303033207  3 12  9 12 15 15 15 18 120.73 24 81.10
0601172354 13037232017171310167 15 22  9  7  6  6  5  4  90.52 22 79.80
0601182354 22323274013271320187  9  9 12 27  5 12  5  7 110.63 26 82.90
0601192354 32013172027231727163  7  5  6  7 12  9  6 12  80.42 24 85.80
0601202354 420 7 71720273017143  7  3  3  6  7 12 15  6  70.42 16 87.90
0601212354 51723101717 3 0 0 87  6  9  4  6  6  2  0  0  40.10 19 90.90
0601222354 6 0 713202727 310107  0  3  5  7 12 12  2  4  60.31 31 89.90
0601232354 71337333733272337240  5 22 18 22 18 12  9 22 160.94 37 89.60
0601242354 830302713 7 7 010123 15 15 12  5  3  3  0  4  70.42 30 89.80
0601252354 917 7 313 7173037130  6  3  2  5  3  6 15 22  80.42 19 86.30
0601262354104043203330534353317 27 32  7 18 15 56 32 56 301.36 14 84.20
0601272354113317232727232327200 18  6  9 12 12  9  9 12 110.63  9 81.00
0601282354122320171710 32317130  9  7  6  6  4  2  9  6  60.31  7 77.60
0601292354131010 7 3 0 0 0 7 37  4  4  3  2  0  0  0  3  20.00  7 77.20
06013023541410 3 3 7 0 3 0 0 27  4  2  2  3  0  2  0  0  20.00  0 76.50
060131235415 0 3 0 0 713 3 3 30  0  2  0  0  3  5  2  2  20.00  0 75.30
060201235416 0 313 710 7 323 67  0  2  5  3  4  3  2  9  40.10  0 75.30
06020223541717 7 313 7 71717 87  6  3  2  5  3  3  6  6  40.10  0 75.10
060203235418 3 3 717 7133013 93  2  2  3  6  3  5 15  5  50.21  0 76.40
060204235419233013101010 3 3103  9 15  5  4  4  4  2  2  60.31  0 74.90
06020523542010 017 7 3 317 7 63  4  0  6  3  2  2  6  3  30.10  0 74.20
0602062354211737202037233037220  6 22  7  7 22  9 15 22 140.84  0 72.90
060207235422201310 0 3 71317 83  7  5  4  0  2  3  5  6  40.10  7 72.00
06020823542327 713 7 3 0 3 3 63 12  3  5  3  2  0  2  2  40.10  7 72.00
060209235424 0 0 3 710 01313 47  0  0  2  3  4  0  5  5  20.00 14 72.80
06021023542510 3 0 0 0 31730 63  4  2  0  0  0  2  6 15  40.10 10 73.20
060211235426202020 7202713 3130  7  7  7  3  7 12  5  2  60.31  8 74.10
060212235427233017 71013 0 0100  9 15  6  3  4  5  0  0  50.21  0 74.10
0602132355 1 0 0 0 0 7171010 43  0  0  0  0  3  6  4  4  20.00  9 74.40
0602142355 2 0 0 0 0 3 0 013 17  0  0  0  0  2  0  0  5  10.00 11 75.40
0602152355 3 710203020173337173  3  4  7 15  7  6 18 22 100.63 15 76.60
0602162355 43027302313131713167 15 12 15  9  5  5  6  5  90.52 15 77.30
0602172355 5102717 71010 310 93  4 12  6  3  4  4  2  4  50.21  7 77.30
0602182355 6 0 3 0 717 7 7 7 47  0  2  0  3  6  3  3  3  20.00  7 76.70
0602192355 72020201013132317137  7  7  7  4  5  5  9  6  60.31 12 74.80
0602202355 82320273343473333260  9  7 12 18 32 39 18 18 191.05  0 74.50
0602212355 93337304033373027267 18 22 15 27 18 22 15 12 191.05  0 74.20
0602222355104033333327331717233 27 18 18 18 12 18  6  6 150.94  0 74.40
06022323551117201313 3 31010 90  6  7  5  5  2  2  4  4  40.21  0 73.60
0602242355122717102323 7 3 3113 12  6  4  9  9  3  2  2  60.31  0 74.40
06022523551320 7 3 3 0 0 0 0 33  7  3  2  2  0  0  0  0  20.00  0 74.50
0602262355141023 7 313201727120  4  9  3  2  5  7  6 12  60.31  0 75.00
060227235515171317 7 7 0 313 77  6  5  6  3  3  0  2  5  40.10  7 75.50
060228235516 3 0102013 71723 93  2  0  4  7  5  3  6  9  40.21  7 75.70
060301235517302320233013 3 3147 15  9  7  9 15  5  2  2  80.42  0 75.60
060302235518 7 710 7 7 0 310 50  3  3  4  3  3  0  2  4  30.00  0 74.70
06030323551910 0 3 3 71013 3 50  4  0  2  2  3  4  5  2  30.00  0 74.20
060304235520 71013 7 3 0 010 50  3  4  5  3  2  0  0  4  30.00  9 73.80
060305235521 3 0 3 0 0 7 0 7 20  2  0  2  0  0  3  0  3  10.00 16 73.00
060306235522 7 3 71730273737163  3  2  3  6 15 12 22 22 110.63 14 72.50
0603072355234337231313 71717170 32 22  9  5  5  3  6  6 110.63  0 73.30
0603082355241713 3 717 71713 93  6  5  2  3  6  3  6  5  40.21  0 71.30
060309235525 0 7 0 0 3 72713 57  0  3  0  0  2  3 12  5  30.10  0 71.80
0603102355261323233030272347217  5  9  9 15 15 12  9 39 140.84  0 71.20
0603112355273730302310201313177 22 15 15  9  4  7  5  5 100.63  0 73.10
0603122356 1 0131717131013 0 83  0  5  6  6  5  4  5  0  40.10  9 72.30
0603132356 2 3 7 3 7 7 3 710 47  2  3  2  3  3  2  3  4  30.00 10 71.70
0603142356 3 0 0 0 710 3 320 43  0  0  0  3  4  2  2  7  20.00 14 72.80
0603152356 420202023172030 3153  7  7  7  9  6  7 15  2  80.42 14 73.40
0603162356 51723232317231013150  6  9  9  9  6  9  4  5  70.42 13 71.70
0603172356 6 0 3 310 7 3 717 50  0  2  2  4  3  2  3  6  30.00 19 71.30
0603182356 7 317334730505057287  2  6 18 39 15 48 48 67 301.36 16 71.70
0603192356 86353473743304037350 94 56 39 22 32 15 27 22 381.46 16 74.60
0603202356 94340403320234027267 32 27 27 18  7  9 27 12 201.05 19 76.20
0603212356102337171323403330217  9 22  6  5  9 27 18 15 140.84 19 76.10
06032223561130332710 7132723170 15 18 12  4  3  5 12  9 100.52 19 75.40
060323235612172010 7 3 7 3 7 73  6  7  4  3  2  3  2  3  40.10 18 76.10
06032423561313 3 310 7101323 83  5  2  2  4  3  4  5  9  40.10 21 75.40
06032523561417271310101327 3120  6 12  5  4  4  5 12  2  60.31 11 75.20
060326235615 713 01317233323130  3  5  0  5  6  9 18  9  70.31  0 73.30
0603272356163330 3 313271033153 18 15  2  2  5 12  4 18 100.52  0 74.00
060328235617133310 310131710110  5 18  4  2  4  5  6  4  60.31  9 79.00
0603292356181020 710 7 71723100  4  7  3  4  3  3  6  9  50.21 19 81.50
06033023561913 7 3 3 3 31720 70  5  3  2  2  2  2  6  7  40.10 20 83.70
06033123562010 01017171320 7 93  4  0  4  6  6  5  7  3  40.21 24 86.10
060401235621 0 0 0 3 7 3 0 0 13  0  0  0  2  3  2  0  0  10.00 35 86.90
060402235622 0 0 0 310 0 3 3 20  0  0  0  2  4  0  2  2  10.00 39 91.10
060403235623 0 0 0 3 3 7 3 7 23  0  0  0  2  2  3  2  3  20.00 44100.40
060404235624 3 3172017232733143  2  2  6  7  6  9 12 18  80.42 49 99.60
0604052356253747404053473320317 22 39 27 27 56 39 18  7 291.36 50 99.10
0604062356261327371317101317147  5 12 22  5  6  4  5  6  80.42 54 99.10
060407235627 7 310 7 7 3 0 7 43  3  2  4  3  3  2  0  3  20.00 46 94.70
0604082357 113 0 31710101017 80  5  0  2  6  4  4  4  6  40.10 41 91.30
0604092357 24350604343374760383 32 48 80 32 32 22 39 80 461.57 33 89.50
0604102357 33340372030272717230 18 27 22  7 15 12 12  6 150.84 36 89.10
0604112357 42023 71010 7 317 97  7  9  3  4  4  3  2  6  50.21 38 90.10
0604122357 5 0 3 0 0 3 3 3 0 13  0  2  0  0  2  2  2  0  10.00 41 81.60
0604132357 61320203040371730207  5  7  7 15 27 22  6 15 130.73 40 80.50
0604142357 74360677050534043427 32 80111132 48 56 27 32 651.77 36 79.40
0604152357 83740474340504337337 22 27 39 32 27 48 32 22 311.36 23 78.90
0604162357 93730232020231717187 22 15  9  7  7  9  6  6 100.63 15 77.00
060417235710201010 7 3 71333103  7  4  4  3  2  3  5 18  60.31  8 78.50
060418235711403010 7 3 71013120 27 15  4  3  2  3  4  5  80.42  7 76.50
06041923571217 0 7 7 3 3 3 7 47  6  0  3  3  2  2  2  3  30.00 14 76.50
060420235713 010 7233013 7 0 90  0  4  3  9 15  5  3  0  50.21 10 79.30
0604212357141013101020401313130  4  5  4  4  7 27  5  5  80.42  9 80.00
06042223571543433347332010 7237 32 32 18 39 18  7  4  3 191.05 11 83.20
06042323571610303013 713 320127  4 15 15  5  3  5  2  7  70.42  8 87.70
06042423571727201717 7 3 320113 12  7  6  6  3  2  2  7  60.31 11 93.90
06042523571827 7 3 31013 7 0 70 12  3  2  2  4  5  3  0  40.10 28 96.30
0604262357191717 7 3 3 7 3 0 57  6  6  3  2  2  3  2  0  30.10 35101.30
060427235720101310 71313 710 83  4  5  4  3  5  5  3  4  40.10 39102.00
0604282357213027373017 7 713167 15 12 22 15  6  3  3  5 100.63 37101.50
060429235722 7 3 3 7 3 3 3 7 37  3  2  2  3  2  2  2  3  20.00 32102.70
060430235723 0 0 0 0 0 0 0 0 00  0  0  0  0  0  0  0  0  00.00 37101.40
060501235724 0 310 7 0 0 0 3 23  0  2  4  3  0  0  0  2  10.00 33 94.80
06050223572517 010 3 71013 7 67  6  0  4  2  3  4  5  3  30.10 35 90.90
06050323572610 3 3 0 0 71717 57  4  2  2  0  0  3  6  6  30.10 34 90.40
060504235727 717272047332723200  3  6 12  7 39 18 12  9 130.84 36 93.40
0605052358 1403027231310 310157 27 15 12  9  5  4  2  4 100.52 32 88.20
0605062358 21327131337504347243  5 12  5  5 22 48 32 39 211.15 27 88.60
0605072358 33037503327202723247 15 22 48 18 12  7 12  9 181.05 32 87.80
0605082358 423272013 7 3 7 7107  9 12  7  5  3  2  3  3  60.21 31 86.30
0605092358 5 7 31013 310 310 60  3  2  4  5  2  4  2  4  30.10 28 84.20
0605102358 6 0 0 0 3 3 31727 53  0  0  0  2  2  2  6 12  30.10 19 79.80
0605112358 73037373030233337257 15 22 22 15 15  9 18 22 170.94 16 77.90
0605122358 84333332030172023220 32 18 18  7 15  6  7  9 140.84  7 77.30
0605132358 93333201717102323177 18 18  7  6  6  4  9  9 100.52  7 75.00
0605142358103027171313 7 710123 15 12  6  5  5  3  3  4  70.31  0 73.60
0605152358111010 7 3 7 7 713 63  4  4  3  2  3  3  3  5  30.10  0 73.20
060516235812 7 3 0 3 7 3 0 3 27  3  2  0  2  3  2  0  2  20.00  0 73.10
0605172358131317 7 71720 713100  5  6  3  3  6  7  3  5  50.21  0 73.60
0605182358141320302717433723210  5  7 15 12  6 32 22  9 140.84  8 75.00
060519235815172020 710132023130  6  7  7  3  4  5  7  9  60.31  8 77.10
06052023581617131717 7171713117  6  5  6  6  3  6  6  5  50.21 19 78.00
06052123581727 71013 3202713120 12  3  4  5  2  7 12  5  60.31 20 79.40
0605222358182710 71317232037153 12  4  3  5  6  9  7 22  80.52 28 85.10
0605232358193013131013 7 3 0 90 15  5  5  4  5  3  2  0  50.21 30 86.30
060524235820 31313101710 0 0 67  2  5  5  4  6  4  0  0  30.10 26 85.90
060525235821 31310 3 3 31317 67  2  5  4  2  2  2  5  6  40.10 25 85.90
06052623582213 7 7 31010 7 7 63  5  3  3  2  4  4  3  3  30.10 28 83.80
06052723582310 3 3 3 3 3 0 7 33  4  2  2  2  2  2  0  3  20.00 32 85.20
0605282358241017102013 71017103  4  6  4  7  5  3  4  6  50.21 37 87.00
060529235825 7 3 3 3 3 7 713 47  3  2  2  2  2  3  3  5  30.00 35 83.30
0605302358261010 31737232717143  4  4  2  6 22  9 12  6  80.42 32 82.30
060531235827231010 7171017 7100  9  4  4  3  6  4  6  3  50.21 27 80.60
0606012359 12020173020273020183  7  7  6 15  7 12 15  7 100.52  8 79.40
0606022359 223232013101713 7127  9  9  7  5  4  6  5  3  60.31  0 77.50
0606032359 313 713 71710 3 7 77  5  3  5  3  6  4  2  3  40.10  0 78.10
0606042359 4 3 3 3 3 3 3 7 3 30  2  2  2  2  2  2  3  2  20.00 11 77.80
0606052359 5 7 7 3 3 31010 3 47  3  3  2  2  2  4  4  2  30.00 15 80.20
0606062359 62017404737375340290  7  6 27 39 22 22 56 27 261.26 18 80.30
0606072359 74033333033303347280 27 18 18 15 18 15 18 39 211.15 33 85.20
0606082359 84033373030403027267 27 18 22 15 15 27 15 12 191.05 33 82.50
0606092359 93320232317172317173 18  7  9  9  6  6  9  6  90.52 27 80.00
0606102359102320171323202317157  9  7  6  5  9  7  9  6  70.42 28 78.50
0606112359112017101017101017110  7  6  4  4  6  4  4  6  50.21 21 76.70
06061223591210 3 7 31310 710 63  4  2  3  2  5  4  3  4  30.10 17 76.50
06061323591310 3 3 3 7 3 7 7 43  4  2  2  2  3  2  3  3  30.00 16 79.50
06061423591410 7 71310132733120  4  3  3  5  4  5 12 18  70.31  8 77.70
0606152359152333434037373733283  9 18 32 27 22 22 22 18 211.15  8 78.80
0606162359163020231310172720160 15  7  9  5  4  6 12  7  80.42 12 77.70
06061723591720233317232020 7163  7  9 18  6  9  7  7  3  80.42 13 75.60
060618235918 317272710 7 710107  2  6 12 12  4  3  3  4  60.31 10 75.70
06061923591920 7 7 0 3 3 0 3 43  7  3  3  0  2  2  0  2  20.00 12 75.70
06062023592017 3 3 71010 3 3 57  6  2  2  3  4  4  2  2  30.10 12 75.30
060621235921 0 3 3 3 7 7 7 7 37  0  2  2  2  3  3  3  3  20.00 10 75.10
06062223592210201310131020 7103  4  7  5  4  5  4  7  3  50.21  0 74.40
060623235923 0 3 3 3 3 710 3 33  0  2  2  2  2  3  4  2  20.00  0 74.10
060624235924 0 3 3 3101013 7 50  0  2  2  2  4  4  5  3  30.00  0 76.10
0606252359252010 7101010 310 80  7  4  3  4  4  4  2  4  40.10  8 76.50
060626235926 3 3 0 3 7 3 3 0 23  2  2  0  2  3  2  2  0  20.00 10 79.00
060627235927 7 3 3 720172020 97  3  2  2  3  7  6  7  7  50.21 13 81.20
0606282360 12723333040202730230 12  9 18 15 27  7 12 15 140.84 24 86.30
0606292360 22720202323302727197 12  7  7  9  9 15 12 12 100.63 26 88.40
0606302360 32317202030201313157  9  6  7  7 15  7  5  5  80.42 25 89.00
0607012360 4 720101013 3 3 3 70  3  7  4  4  5  2  2  2  40.10 21 88.40
0607022360 5 3 3 3 3 3 7 3 0 27  2  2  2  2  2  3  2  0  20.00 17 90.00
0607032360 6 0 3 7 7 3 710 7 43  0  2  3  3  2  3  4  3  20.00 19 88.80
0607042360 7 310 72037303040177  2  4  3  7 22 15 15 27 120.73 20 95.10
0607052360 84340502017232330247 32 27 48  7  6  9  9 15 191.05 19 87.50
0607062360 93317271713171317153 18  6 12  6  5  6  5  6  80.42 20 87.90
0607072360101710101320231310117  6  4  4  5  7  9  5  4  60.21 20 82.60
060708236011 3 710 3 3 3 3 7 40  2  3  4  2  2  2  2  3  20.00 19 80.00
060709236012 3 3 3 3 3 3 733 60  2  2  2  2  2  2  3 18  40.10 17 77.10
0607102360132713 71730333013170 12  5  3  6 15 18 15  5 100.63  8 75.20
060711236014 3 7 71020232723120  2  3  3  4  7  9 12  9  60.31  8 73.60
0607122360152320234040171313190  9  7  9 27 27  6  5  5 120.73  7 72.90
0607132360162023171310 3 3 7 97  7  9  6  5  4  2  2  3  50.21  0 72.20
060714236017 713 72043403323187  3  5  3  7 32 27 18  9 130.73  8 73.30
060715236018 317131020 7 710 87  2  6  5  4  7  3  3  4  40.10  9 72.60
060716236019 01310 3 310 7 3 50  0  5  4  2  2  4  3  2  30.00 11 73.20
060717236020 710 7 710 710 0 57  3  4  3  3  4  3  4  0  30.10 12 73.30
060718236021 3 7 0 7 3 7 7 3 37  2  3  0  3  2  3  3  2  20.00 12 73.60
060719236022 710 3 0 0 0 3 7 30  3  4  2  0  0  0  2  3  20.00 13 73.40
060720236023 310 3 7 7 3 3 7 43  2  4  2  3  3  2  2  3  30.00  8 74.50
060721236024 7 3 3 3 3 0 3 0 23  3  2  2  2  2  0  2  0  20.00  0 75.00
060722236025 71710 7 3 7 317 70  3  6  4  3  2  3  2  6  40.10  8 75.90
06072323602613101010 7 7 7 7 70  5  4  4  4  3  3  3  3  40.10 10 78.90
060724236027 7 3171317231017107  3  2  6  5  6  9  4  6  50.21 11 79.50
0607252361 1232713 313101023123  9 12  5  2  5  4  4  9  60.31 10 77.90
0607262361 22713 710 710 3 3 80 12  5  3  4  3  4  2  2  40.21 10 77.00
0607272361 3 7 3 7 720203037130  3  2  3  3  7  7 15 22  80.42 10 76.70
0607282361 4605337302320 713243 80 56 22 15  9  7  3  5 251.26  9 74.90
0607292361 520 71010 7 713 7 80  7  3  4  4  3  3  5  3  40.10  9 75.20
0607302361 6101310 7 3 7 317 70  4  5  4  3  2  3  2  6  40.10 17 76.20
0607312361 71727303740232030223  6 12 15 22 27  9  7 15 140.84 15 74.60
0608012361 82730333023301017200 12 15 18 15  9 15  4  6 120.73  7 74.90
0608022361 92727202320171330177 12 12  7  9  7  6  5 15  90.52  7 74.30
0608032361102713 710 7 71313 97 12  5  3  4  3  3  5  5  50.21  9 73.40
060804236111 310 3 0 0 0 7 7 30  2  4  2  0  0  0  3  3  20.00  0 71.60
0608052361121313 7 3 3 3 7 3 53  5  5  3  2  2  2  3  2  30.10  0 71.50
060806236113 7 3 7 31013 3 7 53  3  2  3  2  4  5  2  3  30.10  0 71.50
0608072361143037505743473327323 15 22 48 67 32 39 18 12 321.36  0 71.80
06080823611523273323232023 7180  9 12 18  9  9  7  9  3 100.52  7 73.40
0608092361162033103020131030167  7 18  4 15  7  5  4 15  90.52 16 76.10
060810236117 7 3 3 3 7 3 730 63  3  2  2  2  3  2  3 15  40.10 17 82.50
060811236118131310132017 710103  5  5  4  5  7  6  3  4  50.21 16 86.20
06081223611920231310131710 7113  7  9  5  4  5  6  4  3  50.21 15 87.00
060813236120 0 0 3 7 3 7 3 3 27  0  0  2  3  2  3  2  2  20.00 16 88.10
060814236121 3 0 7 713 7 3 3 43  2  0  3  3  5  3  2  2  20.00 19 88.60
060815236122 3 7 7 7 310 313 53  2  3  3  3  2  4  2  5  30.10 19 87.80
06081623612310 3 3 710 3 3 7 47  4  2  2  3  4  2  2  3  30.00 19103.20
060817236124 0 3201017131720100  0  2  7  4  6  5  6  7  50.21 17 88.00
0608182361252037272323272027203  7 22 12  9  9 12  7 12 110.63 19 90.60
0608192361261710 72757575760290  6  4  3 12 67 67 67 80 381.46 15 90.90
0608202361275360201020232317227 56 80  7  4  7  9  9  6 221.15 10 90.20
0608212362 12030171720273043203  7 15  6  6  7 12 15 32 120.73 16 89.80
0608222362 23323504337433320283 18  9 48 32 22 32 18  7 231.15  9 82.70
0608232362 3172327 3 3 3 310 90  6  9 12  2  2  2  2  4  50.21 12 80.10
0608242362 42010 7 310171013 90  7  4  3  2  4  6  4  5  40.21 12 79.90
0608252362 5 3 0 010 3 3 3 0 23  2  0  0  4  2  2  2  0  20.00 15 78.90
0608262362 6 7 3 7 3 3 31310 50  3  2  3  2  2  2  5  4  30.10 14 77.30
0608272362 71717132740473730227  6  6  5 12 27 39 22 15 160.94 21 80.20
0608282362 83730231717272727203 22 15  9  6  6 12 12 12 120.73 22 78.00
0608292362 927172327132317 7153 12  6  9 12  5  9  6  3  80.42 17 74.40
0608302362101010232013172313130  4  4  9  7  5  6  9  5  60.31 12 75.70
0608312362111010231017272727150  4  4  9  4  6 12 12 12  80.42 22 84.70
0609012362123013202020333743217 15  5  7  7  7 18 22 32 140.84 21 78.30
0609022362132713 71313132323133 12  5  3  5  5  5  9  9  70.31 10 76.90
0609032362141723131313101020120  6  9  5  5  5  4  4  7  60.31  0 77.80
0609042362153757372320272720247 22 67 22  9  7 12 12  7 201.05  0 80.30
0609052362163023172717272013173 15  9  6 12  6 12  7  5  90.52 16 81.70
0609062362171720132023132310140  6  7  5  7  9  5  9  4  60.31 24 85.30
06090723621817233317232313 7157  6  9 18  6  9  9  5  3  80.42 29 88.10
060908236219131313 313 7 313 80  5  5  5  2  5  3  2  5  40.10 29 88.50
0609092362201310 3 0 0 0 0 3 30  5  4  2  0  0  0  0  2  20.00 30 86.70
060910236221101710 7 7171710 93  4  6  4  3  3  6  6  4  40.21 30 88.50
0609112362222330231317 7 3 7123  9 15  9  5  6  3  2  3  60.31 27 85.70
0609122362231710202010 31313107  6  4  7  7  4  2  5  5  50.21 19 85.10
060913236224 727231710 7 7 0 97  3 12  9  6  4  3  3  0  50.21 18 83.90
060914236225 723171310 7 3 3 83  3  9  6  5  4  3  2  2  40.10  9 83.80
060915236226 0 0 3 0 0 0 3 0 07  0  0  2  0  0  0  2  0  00.00  9 81.00
060916236227 7 3 0 3131710 0 53  3  2  0  2  5  6  4  0  30.00  8 80.10
0609172363 11013203737134033203  4  5  7 22 22  5 27 18 140.84 15 78.80
0609182363 24340333330274737290 32 27 18 18 15 12 39 22 231.15  7 75.10
0609192363 33330372320131713187 18 15 22  9  7  5  6  5 110.63  8 74.00
0609202363 4202010 3 3 3 7 0 67  7  7  4  2  2  2  3  0  30.10  8 71.50
0609212363 5 0 3 71010 7 7 7 50  0  2  3  4  4  3  3  3  30.00  8 72.00
0609222363 6 0 3 0 3 3 310 3 27  0  2  0  2  2  2  4  2  20.00 11 72.90
0609232363 7 31010 710173350140  2  4  4  3  4  6 18 48 110.63  8 70.90
0609242363 84750374737201723277 39 48 22 39 22  7  6  9 241.26  9 70.30
0609252363 92017133323101023150  7  6  5 18  9  4  4  9  80.42  8 70.60
0609262363101727171013171723140  6 12  6  4  5  6  6  9  70.31 10 71.00
0609272363112013 010 310 3 0 60  7  5  0  4  2  4  2  0  30.10  7 72.40
06092823631210 3 713 7 31013 67  4  2  3  5  3  2  4  5  40.10  8 73.30
06092923631320 3 7 3101717 0 77  7  2  3  2  4  6  6  0  40.10 22 76.80
060930236314 733404020231327203  3 18 27 27  7  9  5 12 140.84 25 77.90
0610012363154750433730301320270 39 48 32 22 15 15  5  7 231.15 25 78.60
0610022363162013231317171720140  7  5  9  5  6  6  6  7  60.31 23 78.00
0610032363171723131727201017143  6  9  5  6 12  7  4  6  70.31 16 76.70
061004236318 713 7 0 72310 3 70  3  5  3  0  3  9  4  2  40.10 16 76.70
06100523631910 710 710 31313 73  4  3  4  3  4  2  5  5  40.10 17 77.30
061006236320 0 01310 3 0 7 7 40  0  0  5  4  2  0  3  3  20.00 16 76.30
061007236321 31310 317333340153  2  5  4  2  6 18 18 27 100.63 16 76.40
0610082363222713 72017171310123 12  5  3  7  6  6  5  4  60.31 15 75.10
061009236323 32713 7 3 01713 83  2 12  5  3  2  0  6  5  40.21 15 74.80
06101023632410 3 3 3 3 3 3 3 33  4  2  2  2  2  2  2  2  20.00 10 75.00
061011236325101010 3 7 7 3 3 53  4  4  4  2  3  3  2  2  30.10  0 73.30
06101223632620 7 7101713 723103  7  3  3  4  6  5  3  9  50.21  0 73.30
0610132363272330474033305353310  9 15 39 27 18 15 56 56 291.36  0 72.90
0610142364 14340273323434040290 32 27 12 18  9 32 27 27 231.15  0 72.00
0610152364 22333232013202720180  9 18  9  7  5  7 12  7  90.52  0 70.70
0610162364 32017171013132023133  7  6  6  4  5  5  7  9  60.31  0 69.10
0610172364 413 3 310 7 7 7 7 57  5  2  2  4  3  3  3  3  30.10  0 69.10
0610182364 5131710 7 0 01310 70  5  6  4  3  0  0  5  4  30.10  0 69.00
0610192364 6 010 013 7 3 0 0 33  0  4  0  5  3  2  0  0  20.00 10 69.00
0610202364 72010232030303033197  7  4  9  7 15 15 15 18 110.63 10 70.40
0610212364 84330332730433727270 32 15 18 12 15 32 22 12 201.05 11 74.00
0610222364 92740271723273330223 12 27 12  6  9 12 18 15 140.84 16 75.10
06102323641010 0 310 7101017 67  4  0  2  4  3  4  4  6  30.10 27 75.70
061024236411 3 7201313 71710 90  2  3  7  5  5  3  6  4  40.21 21 74.00
06102523641217231310 7 7 7 0 83  6  9  5  4  3  3  3  0  40.10 10 73.90
061026236413 7 7 71010 3 0 0 43  3  3  3  4  4  2  0  0  20.00  0 71.00
061027236414 7 3 0 7 3 32323 70  3  2  0  3  2  2  9  9  40.10  9 71.10
0610282364151017232727303347213  4  6  9 12 12 15 18 39 140.84  9 73.70
0610292364163740372330274340277 22 27 22  9 15 12 32 27 211.15  0 72.30
0610302364173723273313201010173 22  9 12 18  5  7  4  4 100.63  9 74.60
06103123641820 0 3 710131723 93  7  0  2  3  4  5  6  9  40.21 23 78.90
0611012364191720101020201717130  6  7  4  4  7  7  6  6  60.31 32 85.30
0611022364202320101017273023160  9  7  4  4  6 12 15  9  80.42 42 86.80
06110323642120231323331313 3143  7  9  5  9 18  5  5  2  80.42 44 86.00
0611042364222027172013202317157  7 12  6  7  5  7  9  6  70.42 39 84.00
061105236423 01020202013 7 7 97  0  4  7  7  7  5  3  3  40.21 32 83.20
061106236424 0 013 7 0 0 710 37  0  0  5  3  0  0  3  4  20.00 24 82.10
061107236425 0 0 0 0 0 0 0 0 00  0  0  0  0  0  0  0  0  00.00 19 85.60
061108236426 7 0 0 0 0 0 0 0 07  3  0  0  0  0  0  0  0  00.00 26 84.80
061109236427 7 0 3 013303347133  3  0  2  0  5 15 18 39 100.63 18 87.70
0611102365 15050476040234027337 48 48 39 80 27  9 27 12 361.46  9 89.30
0611112365 24037403330403330283 27 22 27 18 15 27 18 15 211.15 11 95.00
0611122365 33027202017 7 3 3127 15 12  7  7  6  3  2  2  70.31 13 94.70
0611132365 4 7 710 0 0 0 0 0 23  3  3  4  0  0  0  0  0  10.00 21 93.20
0611142365 5 01310 710171730103  0  5  4  3  4  6  6 15  50.21 28 92.50
0611152365 62727 31310101327130 12 12  2  5  4  4  5 12  70.42 27 94.00
0611162365 7432317 7 7 7 3 3110 32  9  6  3  3  3  2  2  80.42 31 92.00
0611172365 8202710102313 7 3113  7 12  4  4  9  5  3  2  60.31 28 87.40
0611182365 9 0 0 0 7 3 3 3 3 20  0  0  0  3  2  2  2  2  10.00 28 86.80
06111923651013171720 0 3 0 3 73  5  6  6  7  0  2  0  2  40.10 27 82.90
061120236511 3 3 0 0 7 0 0 0 13  2  2  0  0  3  0  0  0  10.00 18 78.60
061121236512 7 0 0 0 7 0 0 0 13  3  0  0  0  3  0  0  0  10.00  0 75.60
061122236513 0 0 31717102730103  0  0  2  6  6  4 12 15  60.31  0 74.60
0611232365141320303330303340230  5  7 15 18 15 15 18 27 150.84  7 74.90
0611242365153043402733202723243 15 32 27 12 18  7 12  9 160.94  0 75.50
0611252365162730171730404030230 12 15  6  6 15 27 27 15 150.94  8 76.50
0611262365173033332323173330223 15 18 18  9  9  6 18 15 140.84  9 76.20
0611272365182320233013202710167  9  7  9 15  5  7 12  4  80.52 20 80.20
0611282365191313101320171723127  5  5  4  5  7  6  6  9  60.31 23 83.20
061129236520233720 7 3 71717130  9 22  7  3  2  3  6  6  70.42 24 82.70
0611302365212740504753431710287 12 27 48 39 56 32  6  4 281.26 35 81.80
06120123652210 7 710 7102717 93  4  3  3  4  3  4 12  6  50.21 34 81.80
061202236523 7 7 7 0 3 7 3 7 40  3  3  3  0  2  3  2  3  20.00 32 84.80
0612032365241017 7 0 3 71013 67  4  6  3  0  2  3  4  5  30.10 28 84.62
061204236525 0 0 0 0 0 0 3 3 07  0  0  0  0  0  0  2  2  00.00 24 93.62
061205236526 0 0 023 710 717 63  0  0  0  9  3  4  3  6  30.10 28 99.40
0612062365273737334740334737310 22 22 18 39 27 18 39 22 261.26 33 99.72
0612072366 15040433737372333300 48 27 32 22 22 22  9 18 251.26 31 92.92
0612082366 23350433733303730293 18 48 32 22 18 15 22 15 241.15 17 93.10
0612092366 3172013 3 0272737143  6  7  5  2  0 12 12 22  80.42 13 89.60
0612102366 42333202737402737243  9 18  7 12 22 27 12 22 160.94 14 87.30
0612112366 53037372017 72043210 15 22 22  7  6  3  7 32 140.84 17 89.40
0612122366 63053372343404040307 15 56 22  9 32 27 27 27 271.26 17 98.92
0612132366 7333310 7 3101027133 18 18  4  3  2  4  4 12  80.42 16 90.70
0612142366 83023202050535377327 15  9  7  7 48 56 56179 471.57 14 90.50
0612152366 98377675760404037460236179111 67 80 27 27 22 941.98 13 84.40
06121623661030331313 7273333190 15 18  5  5  3 12 18 18 120.73 12 79.70
061217236611301310 3 7132710113 15  5  4  2  3  5 12  4  60.31  9 78.70
0612182366121723102017272343180  6  9  4  7  6 12  9 32 110.63  0 72.30
0612192366133033203333232323220 15 18  7 18 18  9  9  9 130.73  0 70.60
0612202366144033302737374747297 27 18 15 12 22 22 39 39 241.26  0 69.20
0612212366154733373330332320257 39 18 22 18 15 18  9  7 181.05  0 70.00
0612222366163333374330272733263 18 18 22 32 15 12 12 18 181.05  0 70.80
0612232366172727372333403323243 12 12 22  9 18 27 18  9 160.94  0 70.30
0612242366182723232030333020207 12  9  9  7 15 18 15  7 120.73  8 71.10
061225236619332723132020 313153 18 12  9  5  7  7  2  5  80.42 10 73.90
061226236620131017 7201710 0 93  5  4  6  3  7  6  4  0  40.21 13 72.50
061227236621 7 7 3 3 7 7 3 3 40  3  3  2  2  3  3  2  2  20.00 12 70.90
061228236622 3 0 0 3 3 71313 43  2  0  0  2  2  3  5  5  20.00  0 73.80
06122923662310 3 0 3 3 710 7 43  4  2  0  2  2  3  4  3  20.00  0 75.80
06123023662410 3 310 7 710 3 53  4  2  2  4  3  3  4  2  30.10 10 77.40
061231236625 7 0 0 3 3 3 3 7 27  3  0  0  2  2  2  2  3  20.00 17 80.50
