0901012394 1172327202317 717150  6  9 12  7  9  6  3  6  70.42  0 66.60
0901022394 2 7 7 0 3 7201727 87  3  3  0  2  3  7  6 12  40.21  0 67.60
0901032394 3273027372023 720190 12 15 12 22  7  9  3  7 110.63  0 67.20
0901042394 423 7 710 72317 3 97  9  3  3  4  3  9  6  2  50.21  0 66.60
0901052394 51013101010171020100  4  5  4  4  4  6  4  7  50.21  0 66.90
0901062394 62017 3101013 0 0 73  7  6  2  4  4  5  0  0  40.10  0 66.50
0901072394 7 3 710 3 3 7 0 7 40  2  3  4  2  2  3  0  3  20.00  0 66.70
0901082394 8 0 0 3 72013 713 63  0  0  2  3  7  5  3  5  30.10  0 66.50
0901092394 9171310 720171710110  6  5  4  3  7  6  6  4  50.21  7 67.40
09011023941030231010 3 0 310 90 15  9  4  4  2  0  2  4  50.21  9 68.50
09011123941110 0 0 7 0 0 0 0 17  4  0  0  3  0  0  0  0  10.00 10 67.70
090112239412 0 0 0 0 0 0 3 0 03  0  0  0  0  0  0  2  0  00.00  8 67.00
090113239413102017 010101310 90  4  7  6  0  4  4  5  4  40.10  0 68.20
0901142394142320101723 71313127  9  7  4  6  9  3  5  5  60.31  0 68.90
09011523941513201013 7202323130  5  7  4  5  3  7  9  9  60.31  0 68.80
0901162394162020 0 7 71310 0 77  7  7  0  3  3  5  4  0  40.10  0 68.50
090117239417 3 710 3 31310 3 53  2  3  4  2  2  5  4  2  30.10  0 69.60
090118239418 3 0 3 7 3 71010 43  2  0  2  3  2  3  4  4  20.00  0 68.80
090119239419402323 710171723160 27  9  9  3  4  6  6  9  90.52  7 68.60
09012023942020 7 7 3 3 02013 73  7  3  3  2  2  0  7  5  40.10  0 68.10
090121239421 0 0 010 7202010 67  0  0  0  4  3  7  7  4  30.10  0 67.20
090122239422 0 7 3 3 3 3 3 0 23  0  3  2  2  2  2  2  0  20.00  0 66.90
090123239423 0 0 3 3 7 0 0 7 20  0  0  2  2  3  0  0  3  10.00  0 67.80
0901242394241010 0 0 0 3 0 3 27  4  4  0  0  0  2  0  2  20.00  0 66.60
090125239425 7 0 0 0 7 3 317 37  3  0  0  0  3  2  2  6  20.00  0 67.70
09012623942633232720303317 3187 18  9 12  7 15 18  6  2 110.63  0 67.80
090127239427 310 3 3 3172017 77  2  4  2  2  2  6  7  6  40.10  0 67.60
0901282395 1 0 0 010 7 7 3 7 33  0  0  0  4  3  3  2  3  20.00  0 67.40
0901292395 2 020231313 3 3 0 77  0  7  9  5  5  2  2  0  40.10  0 67.30
0901302395 3 313 310 3 31320 70  2  5  2  4  2  2  5  7  40.10  0 67.10
0901312395 41310231727132020143  5  4  9  6 12  5  7  7  70.31  0 67.40
0902012395 5 72310 7 3 3 3 3 60  3  9  4  3  2  2  2  2  30.10  0 67.50
0902022395 6 3 0 0 3 3 3 0 0 13  2  0  0  2  2  2  0  0  10.00  0 67.10
0902032395 7 0 0 3 0 0 02037 60  0  0  2  0  0  0  7 22  40.10  0 67.30
0902042395 83710173330333027217 22  4  6 18 15 18 15 12 140.84  0 67.50
0902052395 93720101013 7 317117 22  7  4  4  5  3  2  6  70.31  0 68.10
09020623951020 3 0 0 0 0 0 3 27  7  2  0  0  0  0  0  2  10.00  0 68.20
090207239511 320 3 0 3 3 0 0 33  2  7  2  0  2  2  0  0  20.00  0 69.20
090208239512 0 0 3 0 0 0 0 3 07  0  0  2  0  0  0  0  2  00.00  0 69.30
09020923951317 3 0 0 0 3 010 33  6  2  0  0  0  2  0  4  20.00  0 68.80
090210239514 3 3 0 3 3 3 3 7 27  2  2  0  2  2  2  2  3  20.00  0 65.80
09021123951517 310 7 7 310 7 63  6  2  4  3  3  2  4  3  30.10  8 68.50
090212239516 7 7 0 71017 7 0 53  3  3  0  3  4  6  3  0  30.00  7 68.00
090213239517 3 0 0 0 71013 7 40  2  0  0  0  3  4  5  3  20.00  7 68.30
0902142395181723373743331337240  6  9 22 22 32 18  5 22 170.94  0 68.40
0902152395192737172030202020190 12 22  6  7 15  7  7  7 100.63  0 67.90
09021623952020 3 0 7 7171010 73  7  2  0  3  3  6  4  4  40.10  0 67.90
090217239521 0 0 0 0 0 0 310 13  0  0  0  0  0  0  2  4  10.00  0 69.00
09021823952220 3 0 0 3 31020 60  7  2  0  0  2  2  4  7  30.10  0 68.20
090219239523 0 0 0 0 013 3 7 23  0  0  0  0  0  5  2  3  10.00  0 67.40
0902202395241010 7 3 7102023 90  4  4  3  2  3  4  7  9  40.21  0 67.60
090221239525 3 3 01310 7 710 53  2  2  0  5  4  3  3  4  30.10  0 69.10
090222239526 3 3132013 3 713 77  2  2  5  7  5  2  3  5  40.10  0 68.80
090223239527 3 0 0 720302023103  2  0  0  3  7 15  7  9  50.21  0 69.30
0902242396 13033231310 7 310130 15 18  9  5  4  3  2  4  80.42  8 69.50
0902252396 21713 710 7 3 7 3 67  6  5  3  4  3  2  3  2  40.10  8 69.30
0902262396 3 710 0 3 7 7 710 50  3  4  0  2  3  3  3  4  30.00  0 68.60
0902272396 41717204033202020187  6  6  7 27 18  7  7  7 110.63  0 67.60
0902282396 5272720 3 0 01013100 12 12  7  2  0  0  4  5  50.21  0 69.30
0903012396 62010 7 3 7 3 0 0 50  7  4  3  2  3  2  0  0  30.00  0 68.10
0903022396 7 0 0 0 3 3 0 3 0 10  0  0  0  2  2  0  2  0  10.00  0 68.00
0903032396 810 7172320232723150  4  3  6  9  7  9 12  9  70.42  0 68.00
0903042396 92027131317102027147  7 12  5  5  6  4  7 12  70.42  0 68.60
0903052396101727 3 3 0 3 3 7 63  6 12  2  2  0  2  2  3  40.10  0 68.10
09030623961113 7 7 3 0 0 0 7 37  5  3  3  2  0  0  0  3  20.00  8 68.00
090307239612 3 3 3 0 0 3 3 3 20  2  2  2  0  0  2  2  2  20.00  8 68.00
090308239613201030273027 7 3153  7  4 15 12 15 12  3  2  90.52  0 67.90
090309239614 3 0 0 7 7 3 3 0 23  2  0  0  3  3  2  2  0  20.00  0 67.20
090310239615 7 3 0 3172017 3 70  3  2  0  2  6  7  6  2  40.10  0 67.80
090311239616 3 3 7 3 3 72327 77  2  2  3  2  2  3  9 12  40.21  0 68.00
0903122396173030 713 7 71727137 15 15  3  5  3  3  6 12  80.42  0 67.80
0903132396184740333027272023247 39 27 18 15 12 12  7  9 170.94  0 67.40
0903142396193020202310272030180 15  7  7  9  4 12  7 15 100.52  0 67.70
090315239620233027171717 320153  9 15 12  6  6  6  2  7  80.42  0 67.70
09031623962123 71017 71717 3100  9  3  4  6  3  6  6  2  50.21  0 68.70
09031723962210 7 7 310171713 83  4  3  3  2  4  6  6  5  40.10  0 68.20
090318239623 3 3 3 3 3 3 3 7 30  2  2  2  2  2  2  2  3  20.00  0 67.80
09031923962417 7 7 317 31013 77  6  3  3  2  6  2  4  5  40.10  0 68.50
09032023962517 0 3 7 3171310 70  6  0  2  3  2  6  5  4  40.10  0 68.20
090321239626 0 7172730102330143  0  3  6 12 15  4  9 15  80.42  0 69.60
090322239627172710 7 3 01017 90  6 12  4  3  2  0  4  6  50.21  0 68.20
0903232397 113 3 7 0 0 010 7 40  5  2  3  0  0  0  4  3  20.00  0 67.60
0903242397 2 727202027201317150  3 12  7  7 12  7  5  6  70.42  0 68.70
0903252397 333372020 7 71017150 18 22  7  7  3  3  4  6  90.52  0 68.20
0903262397 42030271013131010133  7 15 12  4  5  5  4  4  70.42  7 68.80
0903272397 5 3 0 0 310273017 90  2  0  0  2  4 12 15  6  50.21  0 71.40
0903282397 613 0 0 7 7 72013 67  5  0  0  3  3  3  7  5  30.10  0 70.40
0903292397 710 710 7 713 710 70  4  3  4  3  3  5  3  4  40.10  0 70.70
0903302397 81313 31017 713 3 80  5  5  2  4  6  3  5  2  40.10  0 70.80
0903312397 910 710 717 7 3 3 63  4  3  4  3  6  3  2  2  30.10  0 71.10
09040123971010 0 310 7 71320 70  4  0  2  4  3  3  5  7  40.10  0 70.70
090402239711 3 3 7 310 3 3 3 37  2  2  3  2  4  2  2  2  20.00  0 70.60
090403239712 7 0 3 0 313 7 3 37  3  0  2  0  2  5  3  2  20.00  0 70.40
090404239713 0 0 0 3 3 3 3 3 17  0  0  0  2  2  2  2  2  10.00  0 70.10
09040523971413171710 713 7 3 87  5  6  6  4  3  5  3  2  40.10  0 70.50
090406239715 7 3 3131013 3 7 60  3  2  2  5  4  5  2  3  30.10  0 68.90
090407239716 7 710 7 3 3 3 3 43  3  3  4  3  2  2  2  2  30.00  0 70.40
090408239717 313131323132020120  2  5  5  5  9  5  7  7  60.31  0 70.20
0904092397183033302017332323210 15 18 15  7  6 18  9  9 120.73  0 70.30
0904102397192013201317203313150  7  5  7  5  6  7 18  5  80.42  0 69.70
0904112397203327202023271723190 18 12  7  7  9 12  6  9 100.63  0 69.70
090412239721232313 7 7132327137  9  9  5  3  3  5  9 12  70.31  0 69.70
090413239722272010 3 7 3 3 3 77 12  7  4  2  3  2  2  2  40.10  0 68.80
09041423972310 7 010 7 3 0 3 40  4  3  0  4  3  2  0  2  20.00  0 69.90
0904152397241713 3 3131313 7 83  6  5  2  2  5  5  5  3  40.10  0 69.90
090416239725 71013 717231020107  3  4  5  3  6  9  4  7  50.21  0 70.50
09041723972617 7 7132013 720103  6  3  3  5  7  5  3  7  50.21  0 70.40
0904182397271733271317171017150  6 18 12  5  6  6  4  6  80.42  0 70.50
0904192398 1172317 310 31013 97  6  9  6  2  4  2  4  5  50.21  0 70.80
0904202398 2201710 71013 3 3 83  7  6  4  3  4  5  2  2  40.10  0 70.40
0904212398 310102313 7 310 7 83  4  4  9  5  3  2  4  3  40.10  7 71.80
0904222398 41717 31310 3 313 80  6  6  2  5  4  2  2  5  40.10  0 71.90
0904232398 5 7 3 3 3 3 7 3 0 30  3  2  2  2  2  3  2  0  20.00  0 71.40
0904242398 62313171323131710130  9  5  6  5  9  5  6  4  60.31  0 70.50
0904252398 7 710 31310171017 87  3  4  2  5  4  6  4  6  40.10  0 70.30
0904262398 8 710 710 7 7 310 60  3  4  3  4  3  3  2  4  30.10  0 70.10
0904272398 92317 0 7 3 3 7 3 63  9  6  0  3  2  2  3  2  30.10  0 68.60
090428239810 0 7 3 3 7 710 7 43  0  3  2  2  3  3  4  3  20.00  0 69.80
090429239811 0 3 710101013 3 57  0  2  3  4  4  4  5  2  30.10  8 70.50
090430239812 7 7 7 7 7 3 0 3 40  3  3  3  3  3  2  0  2  20.00  8 70.50
090501239813 3 31013 7 7 310 57  2  2  4  5  3  3  2  4  30.10  0 69.60
090502239814 71013 713 3 713 73  3  4  5  3  5  2  3  5  40.10  0 69.40
09050323981517 3 3 71013 0 7 60  6  2  2  3  4  5  0  3  30.10  0 69.70
090504239816 3171010 7 3 3 0 53  2  6  4  4  3  2  2  0  30.10  7 69.20
090505239817 0 3 7 7 3 7 010 37  0  2  3  3  2  3  0  4  20.00  0 69.20
0905062398182010 71017172327130  7  4  3  4  6  6  9 12  60.31  0 70.00
09050723981927231010 7131727133 12  9  4  4  3  5  6 12  70.31  0 70.80
0905082398204030271717132320187 27 15 12  6  6  5  9  7 110.63  0 72.20
090509239821 013172017171013107  0  5  6  7  6  6  4  5  50.21  0 73.70
0905102398221010 7 710 71013 73  4  4  3  3  4  3  4  5  40.10  0 73.20
0905112398232013 71013 7 7 3 80  7  5  3  4  5  3  3  2  40.10  0 73.30
090512239824 0 0 0 0 3 3 3 7 17  0  0  0  0  2  2  2  3  10.00  0 75.50
090513239825 7 3 3 3 313 7 3 43  3  2  2  2  2  5  3  2  30.00  7 75.30
090514239826 713103023233017153  3  5  4 15  9  9 15  6  80.42 10 75.50
09051523982710 7 0 7 3 7 3 3 40  4  3  0  3  2  3  2  2  20.00  9 75.40
0905162399 11010 313 7101013 77  4  4  2  5  3  4  4  5  40.10  8 75.80
0905172399 2 710 0 0 3 0 0 3 23  3  4  0  0  2  0  0  2  10.00  9 75.70
0905182399 310 3 7 3 3 7 320 57  4  2  3  2  2  3  2  7  30.10  8 74.60
0905192399 41010 7 7 7 7 7 3 57  4  4  3  3  3  3  3  2  30.10  7 74.00
0905202399 5131010 7 7102717100  5  4  4  3  3  4 12  6  50.21  0 73.20
0905212399 613 7131010 7 7 7 73  5  3  5  4  4  3  3  3  40.10  0 73.50
0905222399 7 3 71320172010 7 97  2  3  5  7  6  7  4  3  50.21  8 73.90
0905232399 8 3 01013 3101320 73  2  0  4  5  2  4  5  7  40.10  8 72.20
0905242399 91313 710 310 7 7 70  5  5  3  4  2  4  3  3  40.10  0 71.00
090525239910 3 0 3 7 3 3 3 3 27  2  0  2  3  2  2  2  2  20.00  0 70.70
090526239911 3 310 3 7 7 7 3 43  2  2  4  2  3  3  3  2  30.00  0 69.90
090527239912 0 3 0 3 3 0 3 7 20  0  2  0  2  2  0  2  3  10.00  0 68.50
090528239913 02320232013 3 0103  0  9  7  9  7  5  2  0  50.21  0 69.60
090529239914 713 71313131310 90  3  5  3  5  5  5  5  4  40.21  0 70.10
0905302399151017 3 3 3 310 3 53  4  6  2  2  2  2  4  2  30.10  0 70.40
090531239916 3 317 3 31013 7 60  2  2  6  2  2  4  5  3  30.10 10 70.40
090601239917 3 7 7 0 3 3 3 3 30  2  3  3  0  2  2  2  2  20.00 11 74.60
090602239918 3 3 0 7 7 7 310 40  2  2  0  3  3  3  2  4  20.00 12 74.00
09060323991910 3 0 7 7232313 87  4  2  0  3  3  9  9  5  40.21 11 74.60
090604239920 723131010 7 717 93  3  9  5  4  4  3  3  6  50.21  9 73.10
090605239921 71017171017 710 93  3  4  6  6  4  6  3  4  40.21  8 72.20
090606239922 71010 310 7 7 7 60  3  4  4  2  4  3  3  3  30.10  0 71.10
090607239923 3 3 71313231313 90  2  2  3  5  5  9  5  5  40.21  0 71.00
09060823992410 7 7 7 3 7 7 3 50  4  3  3  3  2  3  3  2  30.10  0 71.10
090609239925 0 0 0 7 7 7 3 7 30  0  0  0  3  3  3  2  3  20.00  0 71.20
090610239926 71317 7 7 7 3 0 60  3  5  6  3  3  3  2  0  30.10  0 71.30
090611239927 7 7 310 3 3 3 7 43  3  3  2  4  2  2  2  3  30.00  0 71.40
0906122400 1 3 3 3 3 3 0 0 0 17  2  2  2  2  2  0  0  0  10.00  0 71.20
0906132400 2 0 313 3 710 713 57  0  2  5  2  3  4  3  5  30.10  0 70.40
0906142400 317 7 3 720101717 97  6  3  2  3  7  4  6  6  50.21  0 70.30
0906152400 4 717 7 3 7 7 3 3 53  3  6  3  2  3  3  2  2  30.10  0 69.50
0906162400 5 0 3 3 32010 7 0 47  0  2  2  2  7  4  3  0  20.00  0 70.50
0906172400 6 3 7 7 3 3 7 0 0 30  2  3  3  2  2  3  0  0  20.00  7 70.00
0906182400 7 0 3 3 7 710 720 57  0  2  2  3  3  4  3  7  30.10  0 69.90
0906192400 813 3 3 3 3 3 3 0 33  5  2  2  2  2  2  2  0  20.00  0 69.20
0906202400 9 010171010102013 90  0  4  6  4  4  4  7  5  40.10  0 68.80
090621240010172317172710 7 0117  6  9  6  6 12  4  3  0  60.31  7 69.20
090622240011 310 3 3 7 7 3 3 40  2  4  2  2  3  3  2  2  20.00  8 70.20
090623240012 3 3 710 3 7 733 73  2  2  3  4  2  3  3 18  50.21  7 70.20
0906242400132330401717205027223  9 15 27  6  6  7 48 12 160.94  8 69.10
0906252400142010131020131323123  7  4  5  4  7  5  5  9  60.31  0 70.30
09062624001517 7 3 7 3 3 3 7 50  6  3  2  3  2  2  2  3  30.10  0 69.00
090627240016 3 0 71013201717 87  2  0  3  4  5  7  6  6  40.10  0 69.30
090628240017201010 717304033167  7  4  4  3  6 15 27 18 100.63  0 69.20
090629240018372313172010 7 3130 22  9  5  6  7  4  3  2  70.42  0 70.80
090630240019 7171010 31310 7 77  3  6  4  4  2  5  4  3  40.10  0 70.50
090701240020 71310 7 3 3 3 3 50  3  5  4  3  2  2  2  2  30.10  0 69.80
090702240021 3 7 7 3 3 3 3 0 30  2  3  3  2  2  2  2  0  20.00  0 68.70
090703240022 3 7 310 7 7 713 57  2  3  2  4  3  3  3  5  30.10  0 69.50
09070424002310 7 3 3 710 710 57  4  3  2  2  3  4  3  4  30.10 14 73.40
0907052400242020 3 3 3102017 97  7  7  2  2  2  4  7  6  50.21 16 74.00
0907062400251317 7 3 3 3 710 63  5  6  3  2  2  2  3  4  30.10 14 71.20
090707240026 7 7 310 71713 7 70  3  3  2  4  3  6  5  3  40.10 11 73.70
09070824002710 317131010 7 7 77  4  2  6  5  4  4  3  3  40.10 12 73.10
0907092401 113 71310 3172723113  5  3  5  4  2  6 12  9  60.31 10 71.40
0907102401 2233013131717 713133  9 15  5  5  6  6  3  5  70.31  9 70.10
0907112401 3101313 3 7 3 310 63  4  5  5  2  3  2  2  4  30.10  0 70.50
0907122401 4 7 710 710 3 310 57  3  3  4  3  4  2  2  4  30.10  0 70.30
0907132401 5 7 7 31027332330140  3  3  2  4 12 18  9 15  80.42  0 69.50
0907142401 6372317132010 713140 22  9  6  5  7  4  3  5  80.42  0 68.80
0907152401 7101713101010 3 3 77  4  6  5  4  4  4  2  2  40.10  0 68.70
0907162401 8 7 310 3 3 0 3 3 33  3  2  4  2  2  0  2  2  20.00  0 68.90
0907172401 9 0 3 0 3 0 3 0 0 10  0  2  0  2  0  2  0  0  10.00  0 68.40
090718240110 0 7 3 3 7 0 3 0 23  0  3  2  2  3  0  2  0  20.00  0 69.20
090719240111 0 3 3 3 3 0 0 0 13  0  2  2  2  2  0  0  0  10.00  0 69.90
090720240112 31313201723 3 0 93  2  5  5  7  6  9  2  0  40.21  0 70.40
090721240113 710 710 7101010 70  3  4  3  4  3  4  4  4  40.10  0 69.90
0907222401143057504317172313250 15 67 48 32  6  6  9  5 241.15  0 70.00
0907232401151313201717232320147  5  5  7  6  6  9  9  7  70.31  7 69.90
090724240116201020131320 710113  7  4  7  5  5  7  3  4  50.21  0 70.50
0907252401172020 31010 3 713 87  7  7  2  4  4  2  3  5  40.10  0 71.20
090726240118 7 3 7 3 7 3 3 0 33  3  2  3  2  3  2  2  0  20.00  0 69.80
090727240119 7 7 7 310 7 7 7 53  3  3  3  2  4  3  3  3  30.10  0 70.50
09072824012010131010 710 0 7 67  4  5  4  4  3  4  0  3  30.10  0 70.90
090729240121 710 3 7 7 3 0 0 37  3  4  2  3  3  2  0  0  20.00  0 70.40
090730240122 3 0 013102013 3 63  2  0  0  5  4  7  5  2  30.10  7 70.10
090731240123 0 723171310 7 7 83  0  3  9  6  5  4  3  3  40.10  0 70.80
090801240124 010 7101013 3 7 60  0  4  3  4  4  5  2  3  30.10  0 70.20
090802240125 3 3 0 3 3 31023 50  2  2  0  2  2  2  4  9  30.10  0 70.10
09080324012627202013131017 7127 12  7  7  5  5  4  6  3  60.31  0 69.30
090804240127 710 7 3 7101010 63  3  4  3  2  3  4  4  4  30.10  0 67.80
0908052402 11313132020 7 317107  5  5  5  7  7  3  2  6  50.21  0 68.10
0908062402 22330401323201713180  9 15 27  5  9  7  6  5 100.63  0 68.70
0908072402 31717 71310272027137  6  6  3  5  4 12  7 12  70.31  0 69.70
0908082402 41013 3 3 710 7 3 57  4  5  2  2  3  4  3  2  30.10  0 68.80
0908092402 52020201713 71013120  7  7  7  6  5  3  4  5  60.21  0 69.10
0908102402 620 0 0 3 71013 7 60  7  0  0  2  3  4  5  3  30.10  0 69.00
0908112402 7 3 310 3 3 7 713 50  2  2  4  2  2  3  3  5  30.10  0 68.40
0908122402 8 7 7101317 3 717 80  3  3  4  5  6  2  3  6  40.10  0 68.20
0908132402 920 7101010 3 7 3 70  7  3  4  4  4  2  3  2  40.10  0 68.90
090814240210 310 7 3 0 3 310 40  2  4  3  2  0  2  2  4  20.00  0 69.40
090815240211 7 010 0 3 0 3 0 23  3  0  4  0  2  0  2  0  10.00  0 69.80
090816240212 3 3 3 3 3 0 3 7 27  2  2  2  2  2  0  2  3  20.00  0 70.60
090817240213 0 3 0 3 7 710 3 33  0  2  0  2  3  3  4  2  20.00  0 69.80
090818240214 7 7 3 3 3 7 710 47  3  3  2  2  2  3  3  4  30.00  0 69.10
090819240215 3 3 72030232730143  2  2  3  7 15  9 12 15  80.42  0 68.70
0908202402163337202017 71723173 18 22  7  7  6  3  6  9 100.52  0 69.20
09082124021717 7271327231317143  6  3 12  5 12  9  5  6  70.42  0 67.90
0908222402181020101010 71310 90  4  7  4  4  4  3  5  4  40.21  0 68.10
09082324021913231310 7 3 7 7 83  5  9  5  4  3  2  3  3  40.10  0 68.80
09082424022010 3 0 3 3 3 3 0 27  4  2  0  2  2  2  2  0  20.00  0 69.10
090825240221 310 0 3 7 7 3 7 40  2  4  0  2  3  3  2  3  20.00  0 68.50
09082624022220101710 3 3 3 0 67  7  4  6  4  2  2  2  0  30.10  0 68.70
090827240223 713 71013272310110  3  5  3  4  5 12  9  4  60.31  0 69.10
090828240224 713 3 0 0 3 3 3 33  3  5  2  0  0  2  2  2  20.00  0 69.30
090829240225 0 310 7 3 3 3 0 30  0  2  4  3  2  2  2  0  20.00  0 69.30
0908302402262013272030574333243  7  5 12  7 15 67 32 18 201.05  0 68.50
09083124022723131313131317 7113  9  5  5  5  5  5  6  3  50.21  0 69.60
0909012403 113 3 0 713 7 310 57  5  2  0  3  5  3  2  4  30.10  8 70.40
0909022403 217 7 0 310 7 310 57  6  3  0  2  4  3  2  4  30.10  0 69.40
0909032403 3 3 3 7 710232023 97  2  2  3  3  4  9  7  9  50.21  0 69.80
0909042403 420272020131713 3133  7 12  7  7  5  6  5  2  60.31  0 69.50
0909052403 51010 7 3 0 3 7 3 43  4  4  3  2  0  2  3  2  20.00  0 69.60
0909062403 6 017 317 7 710 7 67  0  6  2  6  3  3  4  3  30.10  0 70.30
0909072403 7 0 0 310 710 7 3 40  0  0  2  4  3  4  3  2  20.00  0 69.80
0909082403 8 7 0 0 0 010 710 33  3  0  0  0  0  4  3  4  20.00  0 70.00
0909092403 910 3 0 3 7 3 7 3 37  4  2  0  2  3  2  3  2  20.00  0 70.20
090910240310 3 0 0 717 3 7 3 40  2  0  0  3  6  2  3  2  20.00  0 70.20
090911240311 0 7 7 710101310 63  0  3  3  3  4  4  5  4  30.10  0 70.20
090912240312 0 7 7 3 7 3 3 7 37  0  3  3  2  3  2  2  3  20.00  0 69.80
0909132403131013 7 710232013103  4  5  3  3  4  9  7  5  50.21  0 69.90
09091424031430101010 3131017103 15  4  4  4  2  5  4  6  60.21  0 69.80
090915240315 32017 71017 723103  2  7  6  3  4  6  3  9  50.21  0 69.90
09091624031620172013 3 7 7 7 93  7  6  7  5  2  3  3  3  40.21  0 69.50
090917240317233320 7 7 71313123  9 18  7  3  3  3  5  5  70.31  0 69.80
0909182403182010 0 3 7 0 3 0 43  7  4  0  2  3  0  2  0  20.00  0 69.60
090919240319 3 0 7 7 3 3 3 0 27  2  0  3  3  2  2  2  0  20.00  0 71.10
090920240320 0 0 3 713102727 87  0  0  2  3  5  4 12 12  50.21  0 71.90
09092124032130172023171010 0127 15  6  7  9  6  4  4  0  60.31  8 72.50
090922240322 7 0101013 7 0 3 50  3  0  4  4  5  3  0  2  30.00 13 75.30
090923240323 3 0 0 0 0 0 0 0 03  2  0  0  0  0  0  0  0  00.00 20 76.60
090924240324 0 0 0 0 3 7 7 3 20  0  0  0  0  2  3  3  2  10.00 20 75.00
090925240325 010 0 3 7 3 3 0 27  0  4  0  2  3  2  2  0  20.00 17 72.80
090926240326 0 0 0 310 71027 57  0  0  0  2  4  3  4 12  30.10  9 72.20
0909272403272033102010 71313127  7 18  4  7  4  3  5  5  70.31  7 72.60
0909282404 12327331710 31320147  9 12 18  6  4  2  5  7  80.42 10 73.50
0909292404 2 3 0 3 3 3 3 0 0 17  2  0  2  2  2  2  0  0  10.00  9 72.50
0909302404 3171313 717 71713103  6  5  5  3  6  3  6  5  50.21  7 72.10
0910012404 4 713 3 3 0 3 3 3 37  3  5  2  2  0  2  2  2  20.00  7 72.20
0910022404 5 7 3 0 7 3 0 3 0 23  3  2  0  3  2  0  2  0  20.00  0 71.70
0910032404 6 3 0 0 0 3 0 7 0 13  2  0  0  0  2  0  3  0  10.00  0 71.70
0910042404 7 023102017 7 3 3 83  0  9  4  7  6  3  2  2  40.10  0 71.10
0910052404 8 710 0 3 310 7 7 47  3  4  0  2  2  4  3  3  30.00  0 69.90
0910062404 9 0 7 3 3 7 3 0 3 27  0  3  2  2  3  2  0  2  20.00  0 68.80
091007240410 0 0 3 7 3 7 3 3 27  0  0  2  3  2  3  2  2  20.00  0 68.40
091008240411 710 3 0 0 0 013 33  3  4  2  0  0  0  0  5  20.00  0 68.60
091009240412 0 7 7 7 0 3 3 3 30  0  3  3  3  0  2  2  2  20.00  0 69.00
091010240413 0 0 0 7 3 0 0 0 10  0  0  0  3  2  0  0  0  10.00  0 69.80
0910112404142023331313171010140  7  9 18  5  5  6  4  4  70.42  7 70.10
091012240415 0 3 7 0 3 0 7 3 23  0  2  3  0  2  0  3  2  20.00  0 69.80
091013240416 7 010 7 7 31010 53  3  0  4  3  3  2  4  4  30.10  0 69.40
091014240417 0 0 0 3 0 0 3 3 10  0  0  0  2  0  0  2  2  10.00  0 70.50
091015240418 0 0201317172310100  0  0  7  5  6  6  9  4  50.21  0 70.00
0910162404192320 7 3 3 0 0 0 57  9  7  3  2  2  0  0  0  30.10  0 69.20
091017240420 0 0 0 7 0 0 0 3 10  0  0  0  3  0  0  0  2  10.00  0 70.20
091018240421 0 0 3 3 3 7 0 0 17  0  0  2  2  2  3  0  0  10.00  0 69.50
091019240422 0 0 7 01010 3 0 30  0  0  3  0  4  4  2  0  20.00  0 70.30
091020240423 7 0 0 0 0 0 0 0 07  3  0  0  0  0  0  0  0  00.00  0 70.30
091021240424 0 0 0 310 3 0 3 20  0  0  0  2  4  2  0  2  10.00  0 70.60
0910222404253027203020173737217 15 12  7 15  7  6 22 22 130.84  0 70.90
0910232404263733173713 7 3 7153 22 18  6 22  5  3  2  3 100.63 10 72.10
091024240427 7 3131317204027140  3  2  5  5  6  7 27 12  80.52 16 74.70
0910252405 1301313132010 3 0103 15  5  5  5  7  4  2  0  50.21 19 74.70
0910262405 2 3 0 713 3171710 70  2  0  3  5  2  6  6  4  40.10 19 80.30
0910272405 3 7 3 71010 313 0 53  3  2  3  4  4  2  5  0  30.10 19 80.40
0910282405 4 7 31013 3 3 3 3 47  3  2  4  5  2  2  2  2  30.00 19 78.90
0910292405 5 710 7 320132317100  3  4  3  2  7  5  9  6  50.21 16 75.60
0910302405 630333327 7 7 7 7150 15 18 18 12  3  3  3  3  90.52 11 74.20
0910312405 7 3 0 0 3 7 31013 40  2  0  0  2  3  2  4  5  20.00  0 74.00
0911012405 81013 7 7 0 7 7 0 50  4  5  3  3  0  3  3  0  30.00  0 71.20
0911022405 9 0 32013 3 7 3 0 50  0  2  7  5  2  3  2  0  30.00  0 70.30
091103240510 0 0 0 0 3 0 3 0 07  0  0  0  0  2  0  2  0  00.00  0 70.30
091104240511 0 0 0 0 0 0 7 0 07  0  0  0  0  0  0  3  0  00.00  0 70.20
091105240512 0 3 3 0 3 0 0 0 10  0  2  2  0  2  0  0  0  10.00  7 69.30
091106240513 0 0 0 0 0 0 0 0 00  0  0  0  0  0  0  0  0  00.00  8 69.60
091107240514 0 0 0 0 0 0 010 10  0  0  0  0  0  0  0  4  00.00  0 69.30
0911082405151013 71723232723143  4  5  3  6  9  9 12  9  70.42  0 69.60
09110924051617201713 3 7 0 3 80  6  7  6  5  2  3  0  2  40.10  8 70.70
091110240517 7 3 0 0 0 0 3 3 17  3  2  0  0  0  0  2  2  10.00  7 71.30
091111240518 7 0 0 0 0 0 0 0 07  3  0  0  0  0  0  0  0  00.00  7 71.00
091112240519 0 0 0 0 0 0 010 10  0  0  0  0  0  0  0  4  00.00  0 71.70
091113240520 0 3 0 0 3 31310 33  0  2  0  0  2  2  5  4  20.00  7 72.60
0911142405211310172017101020117  5  4  6  7  6  4  4  7  50.21  8 73.20
091115240522231013 3172710 3107  9  4  5  2  6 12  4  2  60.21  7 73.50
091116240523 0 0 0 0 0 0 7 0 07  0  0  0  0  0  0  3  0  00.00  8 74.50
09111724052410 0 0 0 0 7 7 0 23  4  0  0  0  0  3  3  0  10.00  0 75.40
091118240525 0 010 7 3 3 0 7 30  0  0  4  3  2  2  0  3  20.00  9 74.40
091119240526 0 3 0 3 3 7 320 40  0  2  0  2  2  3  2  7  20.00 17 74.90
09112024052713 0 0 3 7 713 3 47  5  0  0  2  3  3  5  2  20.00 15 74.40
0911212406 13020201713 32327153 15  7  7  6  5  2  9 12  80.42  9 74.00
0911222406 227 717 31020 7 3 93 12  3  6  2  4  7  3  2  50.21  8 74.40
0911232406 3 0 0 0 0 3 0 0 0 03  0  0  0  0  2  0  0  0  00.00  0 73.80
0911242406 4 3 0 0 727303727130  2  0  0  3 12 15 22 12  80.42  0 72.80
0911252406 52327171017 3 310110  9 12  6  4  6  2  2  4  60.31  0 72.30
0911262406 613 7132010231713117  5  3  5  7  4  9  6  5  60.21  0 72.70
0911272406 7 310 7 3 0 3 3 0 30  2  4  3  2  0  2  2  0  20.00  0 71.70
0911282406 8 0 01310 3 7 3 3 40  0  0  5  4  2  3  2  2  20.00  0 70.90
0911292406 9 0 0 3 0 0 0 0 0 03  0  0  2  0  0  0  0  0  00.00  0 70.10
091130240610 0 0 3 3 3 0 0 0 10  0  0  2  2  2  0  0  0  10.00  0 70.40
091201240611 0 0 0 0 0 0 0 0 00  0  0  0  0  0  0  0  0  00.00  0 70.20
091202240612 0 0 3 3 3 0 3 0 13  0  0  2  2  2  0  2  0  10.00  0 69.40
091203240613 0 0 0 0 0 0 0 0 00  0  0  0  0  0  0  0  0  00.00  0 69.60
091204240614 0 0 0 0 0 0 0 0 00  0  0  0  0  0  0  0  0  00.00  0 69.40
091205240615 0 010 7 7 72320 73  0  0  4  3  3  3  9  7  40.10  0 69.60
0912062406162317 7 3 0 0 3 3 57  9  6  3  2  0  0  2  2  30.10  0 69.80
09120724061713 0 3 3101013 3 57  5  0  2  2  4  4  5  2  30.10  0 69.00
091208240618 0 0 0 0 0 3 0 3 07  0  0  0  0  0  2  0  2  00.00  0 70.00
091209240619 0 0 0 3 0 0 0 0 03  0  0  0  2  0  0  0  0  00.00  0 70.80
091210240620 0 0 3 3 3 3 3 0 17  0  0  2  2  2  2  2  0  10.00  8 71.60
091211240621 0 0 0 0 0 0 0 0 00  0  0  0  0  0  0  0  0  00.00  7 69.90
091212240622 0 0 7 3 3 71010 40  0  0  3  2  2  3  4  4  20.00  8 72.20
091213240623 0 0 7 710 3 7 7 40  0  0  3  3  4  2  3  3  20.00  9 73.10
09121424062413302013 710 7 3103  5 15  7  5  3  4  3  2  60.21 20 76.20
091215240625 0 0 3 0 3 0 710 23  0  0  2  0  2  0  3  4  10.00 24 79.00
0912162406262017 7101717 7 3 97  7  6  3  4  6  6  3  2  50.21 23 80.60
091217240627 0 3 0101010 7 3 43  0  2  0  4  4  4  3  2  20.00 20 84.20
0912182407 1 0 010171013 3 0 53  0  0  4  6  4  5  2  0  30.00 15 81.60
0912192407 2 7 3 3 7 0 0 0 3 23  3  2  2  3  0  0  0  2  20.00 15 79.10
0912202407 3 7 0 0 7 713 3 0 37  3  0  0  3  3  5  2  0  20.00 30 81.00
0912212407 410 7 0 3 0 320 7 50  4  3  0  2  0  2  7  3  30.00 29 80.00
0912222407 5 3 0 3 3 3 71713 50  2  0  2  2  2  3  6  5  30.00 23 79.50
0912232407 6 31013 7 7 7 713 67  2  4  5  3  3  3  3  5  40.10 16 75.90
0912242407 7 710 7 3 3 3 0 3 37  3  4  3  2  2  2  0  2  20.00 12 74.60
0912252407 8 0 0 3 310102023 70  0  0  2  2  4  4  7  9  40.10  0 73.50
0912262407 9172010 7 317 3 0 77  6  7  4  3  2  6  2  0  40.10  9 73.40
091227240710 0 3 3101310 3 0 43  0  2  2  4  5  4  2  0  20.00 10 74.30
091228240711 0 0 0 7 0 7 3 0 17  0  0  0  3  0  3  2  0  10.00 12 73.30
091229240712 0 0 3 0 0 0 0 0 03  0  0  2  0  0  0  0  0  00.00 13 72.70
091230240713 0 0 0 0 0 0 0 0 00  0  0  0  0  0  0  0  0  00.00 11 74.30
091231240714 0 0 0 0 3 0 0 0 03  0  0  0  0  2  0  0  0  00.00 14 77.20
