140101246118 713202037303030187  3  5  7  7 22 15 15 15 110.63 87154.30
1401022461193343332327334323260 18 32 18  9 12 18 32  9 181.05 93155.20
1401032461202017202030272710170  7  6  7  7 15 12 12  4  90.52107176.30
140104246121 7 7102023202013120  3  3  4  7  9  7  7  5  60.31 95253.30
140105246122 31013 710 7 0 3 53  2  4  5  3  4  3  0  2  30.10 94210.30
140106246123 0 310 3 7 71313 57  0  2  4  2  3  3  5  5  30.10117197.20
140107246124 317 0 7 7332327117  2  6  0  3  3 18  9 12  70.31 98229.30
14010824612530331010 7 71013120 15 18  4  4  3  3  4  5  70.42 75188.20
1401092461263027131710102717150 15 12  5  6  4  4 12  6  80.42 84178.10
1401102461272017 7 71017 7 3 87  7  6  3  3  4  6  3  2  40.10 96169.40
1401112462 1 0 0 0 3 7 72317 57  0  0  0  2  3  3  9  6  30.10 99160.70
1401122462 210 7101013102733120  4  3  4  4  5  4 12 18  70.31 93150.20
1401132462 32030201010 7 010107  7 15  7  4  4  3  0  4  60.21 82138.70
1401142462 43327171033231327183 18 12  6  4 18  9  5 12 100.63 67132.60
1401152462 517 710 7 310 3 3 60  6  3  4  3  2  4  2  2  30.10 65122.10
1401162462 6 0 010 7 3 3 0 3 27  0  0  4  3  2  2  0  2  20.00 56117.10
1401172462 7 0 0 3 010 7 317 40  0  0  2  0  4  3  2  6  20.00 52124.70
1401182462 8 7 0 0 0 3 010 0 20  3  0  0  0  2  0  4  0  10.00 81125.50
1401192462 9 0 0 0 0 3 3 0 0  7  0  0  0  0  2  2  0  0  00.00 77123.40
140120246210 0 0 7 3 3 7 7 3 30  0  0  3  2  2  3  3  2  20.00 93133.00
1401212462112710171723272017157 12  4  6  6  9 12  7  6  80.42 90141.40
1401222462122020273323171727183  7  7 12 18  9  6  6 12 100.52108138.90
14012324621323172013 7132017130  9  6  7  5  3  5  7  6  60.31102132.10
1401242462143017 0 3 7 3 0 3 63 15  6  0  2  3  2  0  2  40.10 81131.30
140125246215231710 310171730127  9  6  4  2  4  6  6 15  60.31 70129.10
14012624621627271710 0171313123 12 12  6  4  0  6  5  5  60.31 68133.70
140127246217 7 7 3 3 710 717 60  3  3  2  2  3  4  3  6  30.10 53139.60
140128246218 0 0 7 7 7172023 80  0  0  3  3  3  6  7  9  40.10 59152.50
1401292462192020201710201313133  7  7  7  6  4  7  5  5  60.31 66151.80
1401302462202023 7 3 0 0 3 0 57  7  9  3  2  0  0  2  0  30.10 69155.80
140131246221 0 0 0 7 3 0 0 3 13  0  0  0  3  2  0  0  2  10.00 65160.90
140201246222 0 0 3 3 7101327 63  0  0  2  2  3  4  5 12  40.10 66171.60
140202246223 72010 0 7 3 7 7 60  3  7  4  0  3  2  3  3  30.10 83184.40
140203246224202317131313 713120  7  9  6  5  5  5  3  5  60.31 96183.00
1402042462251713 7 7 7 7 710 73  6  5  3  3  3  3  3  4  40.10108182.90
140205246226 7 7 3 020 71013 67  3  3  2  0  7  3  4  5  30.10117188.10
1402062462272030172023201013153  7 15  6  7  9  7  4  5  80.42120186.10
1402072463 1 3 0101013232740127  2  0  4  4  5  9 12 27  80.42103173.20
1402082463 24747402023203743277 39 39 27  7  9  7 22 32 231.15103167.20
1402092463 3373030 730274033233 22 15 15  3 15 12 27 18 160.94103164.60
1402102463 430231320 7133733177 15  9  5  7  3  5 22 18 100.63 96156.80
1402112463 5201717 3 3 01327100  7  6  6  2  2  0  5 12  50.21111167.80
1402122463 63030131013171010133 15 15  5  4  5  6  4  4  70.42113156.10
1402132463 7 0 0 3 7 0 0 0 0 10  0  0  2  3  0  0  0  0  10.00103162.50
1402142463 8 0 3 71017 7 0 3 47  0  2  3  4  6  3  0  2  20.00 91162.50
1402152463 9 3 0 0 030272743130  2  0  0  0 15 12 12 32  90.52 79158.10
1402162463105030232033333730257 48 15  9  7 18 18 22 15 191.05 72150.20
14021724631117 3 3 7 3 71723 80  6  2  2  3  2  3  6  9  40.10 74148.90
14021824631210 0171310232723123  4  0  6  5  4  9 12  9  60.31 89147.90
1402192463134360635057232023340 32 80 94 48 67  9  7  9 431.57 88154.20
1402202463141360605047372030317  5 80 80 48 39 22  7 15 371.46 93153.00
1402212463153020202327231730190 15  7  7  9 12  9  6 15 100.63 95153.40
1402222463164333232320271717203 32 18  9  9  7 12  6  6 120.73102159.70
1402232463172020332733404337253  7  7 18 12 18 27 32 22 181.05111168.20
14022424631810101320201717 3110  4  4  5  7  7  6  6  2  50.21107167.20
140225246319 7 0 0 710 7 320 53  3  0  0  3  4  3  2  7  30.00120170.40
14022624632017 0 3 3 0 3 3 7 37  6  0  2  2  0  2  2  3  20.00145174.70
140227246321 710 3 727405353200  3  4  2  3 12 27 56 56 201.05154172.40
14022824632240273327132013 7180 27 12 18 12  5  7  5  3 110.63137167.50
1403012463231710171713 71727123  6  4  6  6  5  3  6 12  60.31111161.60
1403022463243313 3 3 3 3 0 3 63 18  5  2  2  2  2  0  2  40.10113158.50
1403032463252317201020 7 313113  9  6  7  4  7  3  2  5  50.21115158.30
1403042463262010 32023201023130  7  4  2  7  9  7  4  9  60.31101155.40
14030524632713 7131720202020130  5  3  5  6  7  7  7  7  60.31110146.70
1403062464 1 7 0 71020172713100  3  0  3  4  7  6 12  5  50.21 91146.50
1403072464 2 3 0 3 010 7 7 7 37  2  0  2  0  4  3  3  3  20.00 96146.00
1403082464 3 7 3 7 7 7 7 0 7 43  3  2  3  3  3  3  0  3  20.00 83139.50
1403092464 4 7 0 3 3 0 3 7 7 30  3  0  2  2  0  2  3  3  20.00 79143.80
1403102464 5 3 3 72010 710 7 67  2  2  3  7  4  3  4  3  40.10 81149.50
1403112464 6 0 3 7 7 710 7 7 47  0  2  3  3  3  4  3  3  30.00 79162.50
1403122464 717 7 3 7 7131327 93  6  3  2  3  3  5  5 12  50.21 94145.80
1403132464 840373017201013 7173 27 22 15  6  7  4  5  3 110.63 80145.90
1403142464 9102020101717 7 7107  4  7  7  4  6  6  3  3  50.21 78142.10
14031524641020 7 7 3 0 31310 63  7  3  3  2  0  2  5  4  30.10 79137.50
140316246411 0 3 7 3 0 3 0 0 17  0  2  3  2  0  2  0  0  10.00 87134.20
140317246412 0 0 3 3 3 3 313 30  0  0  2  2  2  2  2  5  20.00 90135.10
140318246413 7171710171717 7107  3  6  6  4  6  6  6  3  50.21 97137.00
14031924641417 717 7 7 7 3 7 70  6  3  6  3  3  3  2  3  40.10101147.90
140320246415 717172310 71010100  3  6  6  9  4  3  4  4  50.21 99150.10
1403212464162323232323301313173  9  9  9  9  9 15  5  5  90.52 90151.40
14032224641717 3 7132010 710 87  6  2  3  5  7  4  3  4  40.10104153.80
1403232464181017171017132017120  4  6  6  4  6  5  7  6  60.21108156.00
14032424641917 0 7101013 7 0 63  6  0  3  4  4  5  3  0  30.10 98157.70
140325246420 3 3 31717133033120  2  2  2  6  6  5 15 18  70.42 97152.00
14032624642137133713 7 71710140 22  5 22  5  3  3  6  4  90.52 80152.50
14032724642210101317201717 3107  4  4  5  6  7  6  6  2  50.21 82144.20
140328246423 7 7131320132330127  3  3  5  5  7  5  9 15  60.31 87145.90
1403292464243023 713 7101027127 15  9  3  5  3  4  4 12  70.31 84142.30
14033024642520 71010 71010 7 80  7  3  4  4  3  4  4  3  40.10 79148.10
140331246426 0 71013232723 3107  0  3  4  5  9 12  9  2  60.21 84152.10
