    dgrf2005 
 13  6371.2 2005.0
-29554.63
-1669.05
5077.99
-2337.24
3047.69
-2594.50
1657.76
-515.43
1336.30
-2305.83
-198.86
1246.39
269.72
672.51
-524.72
920.55
797.96
282.07
210.65
-225.23
-379.86
145.15
100.00
-305.36
-227.00
354.41
42.72
208.95
180.25
-136.54
-123.45
-168.05
-19.57
-13.55
103.85
73.60
69.56
-20.33
76.74
54.75
-151.34
63.63
-14.58
-63.53
14.58
0.24
-86.36
50.94
79.88
-74.46
-61.14
-1.65
-22.57
38.73
6.82
12.30
25.35
9.37
10.93
5.42
-26.32
1.94
-4.64
24.80
7.62
11.20
-11.73
-20.88
-6.88
9.83
-18.11
-19.71
10.17
16.22
9.36
7.61
-11.25
-12.76
-4.87
-0.06
5.58
9.76
-20.11
3.58
12.69
-6.94
12.67
5.01
-6.72
-10.76
-8.16
-1.25
8.10
8.76
2.92
-6.66
-7.73
-9.22
6.01
-2.17
-6.12
2.19
1.42
0.10
-2.35
4.46
-0.15
4.76
3.06
-6.58
0.29
-1.01
2.06
-3.47
3.77
-0.86
-0.21
-2.31
-2.09
-7.93
2.95
-1.60
0.26
-1.88
1.44
1.44
-0.77
-0.31
-2.27
0.29
0.90
-0.79
-0.58
0.53
-2.69
1.80
-1.08
0.16
-1.58
0.96
-1.90
3.99
-1.39
-2.15
-0.29
-0.55
0.21
0.23
0.89
2.38
-0.38
-2.63
0.96
0.61
-0.30
0.40
0.46
0.01
-0.35
0.02
-0.36
0.28
0.08
-0.87
-0.49
-0.34
-0.08
0.88
-0.16
-0.88
-0.76
0.30
0.33
0.28
1.72
-0.43
-0.54
1.18
-1.07
-0.37
-0.04
0.75
0.63
-0.26
0.21
0.35
0.53
-0.05
0.38
0.41
-0.22
-0.10
-0.57
-0.18
-0.82
