    dgrf2010 
 13  6371.2 2010.0
-29496.57
-1586.42
4944.26
-2396.06
3026.34
-2708.54
1668.17
-575.73
1339.85
-2326.54
-160.40
1232.10
251.75
633.73
-537.03
912.66
808.97
286.48
166.58
-211.03
-356.83
164.46
89.40
-309.72
-230.87
357.29
44.58
200.26
189.01
-141.05
-118.06
-163.17
-0.01
-8.03
101.04
72.78
68.69
-20.90
75.92
44.18
-141.40
61.54
-22.83
-66.26
13.10
3.02
-78.09
55.40
80.44
-75.00
-57.80
-4.55
-21.20
45.24
6.54
14.00
24.96
10.46
7.03
1.64
-27.61
4.92
-3.28
24.41
8.21
10.84
-14.50
-20.03
-5.59
11.83
-19.34
-17.41
11.61
16.71
10.85
6.96
-14.05
-10.74
-3.54
1.64
5.50
9.45
-20.54
3.45
11.51
-5.27
12.75
3.13
-7.14
-12.38
-7.42
-0.76
7.97
8.43
2.14
-8.42
-6.08
-10.08
7.01
-1.94
-6.24
2.73
0.89
-0.10
-1.07
4.71
-0.16
4.44
2.45
-7.22
-0.33
-0.96
2.13
-3.95
3.09
-1.99
-1.03
-1.97
-2.80
-8.31
3.05
-1.48
0.13
-2.03
1.67
1.65
-0.66
-0.51
-1.76
0.54
0.85
-0.79
-0.39
0.37
-2.51
1.79
-1.27
0.12
-2.11
0.75
-1.94
3.75
-1.86
-2.12
-0.21
-0.87
0.30
0.27
1.04
2.13
-0.63
-2.49
0.95
0.49
-0.11
0.59
0.52
0.00
-0.39
0.13
-0.37
0.27
0.21
-0.86
-0.77
-0.23
0.04
0.87
-0.09
-0.89
-0.87
0.31
0.30
0.42
1.66
-0.45
-0.59
1.08
-1.14
-0.31
-0.07
0.78
0.54
-0.18
0.10
0.38
0.49
0.02
0.44
0.42
-0.25
-0.26
-0.53
-0.26
-0.79
